0.5365422368049622
0.5424611568450928
0.624188244342804
0.6634066700935364
0.6187165379524231
0.7285445332527161
0.6794441342353821
0.6019613742828369
0.6514738202095032
0.6108638644218445
0.6040659546852112
0.7358348369598389
0.663417398929596
0.6702299118041992
0.6901111602783203
0.7067237496376038
0.7502952814102173
0.8161306977272034
0.6761834621429443
0.6930419206619263
0.6603136658668518
0.5888758301734924
0.6340146660804749
0.6124765872955322
0.6555386185646057
0.5807689428329468
0.5614410042762756
0.6661317944526672
0.66065913438797
0.6032944917678833
0.49372217059135437
0.43963950872421265
0.5120185017585754
0.5970391035079956
0.7062495946884155
0.4549334943294525
0.6261828541755676
0.6629107594490051
0.644594132900238
0.6002882719039917
0.7326070070266724
0.7469229698181152
0.739993691444397
0.5159657001495361
0.7687968611717224
0.5715934038162231
0.47716304659843445
0.3784668445587158
0.2768229842185974
0.6056193113327026
0.522878885269165
0.49723783135414124
0.6563114523887634
0.5908780694007874
0.5691933035850525
0.6624250411987305
0.7300636172294617
0.6657575368881226
0.498069703578949
0.6566231846809387
0.5765851140022278
0.6238434910774231
0.6355495452880859
0.5346761345863342
0.27682018280029297
0.4862460494041443
0.5682703256607056
0.38738495111465454
0.3518262207508087
0.5985220670700073
0.5621569156646729
0.42846331000328064
0.4917598366737366
0.5865495204925537
0.6492582559585571
0.528556764125824
0.37604478001594543
0.4942801296710968
0.679983913898468
0.6713511943817139
0.6597617268562317
0.808573842048645
0.8050970435142517
0.7144120335578918
0.7805933952331543
0.7126279473304749
0.7731015086174011
0.6603491902351379
0.5736752152442932
0.6983767747879028
0.6624701023101807
0.5793542861938477
0.6756438612937927
0.5965482592582703
0.5708596110343933
0.5935866236686707
0.6735404133796692
0.6074727773666382
0.42377448081970215
0.5891463160514832
0.23624396324157715
0.5025885701179504
0.2568344473838806
0.3087606132030487
0.44014665484428406
0.24494849145412445
0.7575502395629883
0.7433071732521057
0.4722888767719269
0.6703951358795166
0.7228270173072815
0.7685765027999878
0.5755355358123779
0.4453001022338867
0.5664785504341125
0.4238846004009247
0.4969099462032318
0.46545282006263733
0.6254615783691406
0.5850641131401062
0.7476615309715271
0.6976572275161743
0.6371002793312073
0.6305111050605774
0.6349034309387207
0.3406384587287903
0.3085173964500427
0.6890226006507874
0.6432576775550842
0.46086207032203674
0.6898138523101807
0.8379658460617065
0.5766447186470032
0.5229030847549438
0.6826046109199524
0.6779221296310425
0.22968599200248718
0.4607541263103485
0.6172230243682861
0.5257243514060974
0.30356931686401367
0.3781067430973053
0.737272322177887
0.6142843961715698
0.7135043144226074
