0.18822820484638214
0.1825384795665741
0.2321266382932663
0.20018549263477325
0.19160060584545135
0.2747344672679901
0.20735105872154236
0.2638171315193176
0.27423712611198425
0.31230977177619934
0.24747835099697113
0.3165105879306793
0.29958927631378174
0.32537323236465454
0.3129596710205078
0.13413658738136292
0.30359503626823425
0.18097355961799622
0.3581593930721283
0.4360981285572052
0.6346001029014587
0.6830373406410217
0.45749643445014954
0.40012386441230774
0.6670477986335754
0.6161456108093262
0.3528588116168976
0.20419476926326752
0.6723979115486145
0.4231283962726593
0.3711463212966919
0.45020022988319397
0.6400470733642578
0.41416820883750916
0.4711301624774933
0.5949790477752686
0.3617432713508606
0.41552820801734924
0.7453362345695496
0.7035190463066101
0.7465311884880066
0.6313924789428711
0.22017481923103333
0.4977269172668457
0.29280149936676025
0.3173799216747284
0.3076590895652771
0.04987897723913193
0.3458479344844818
0.314170777797699
0.4876318573951721
0.27556535601615906
0.18421359360218048
0.14020684361457825
0.06061072647571564
0.05258030444383621
0.1345633715391159
0.12851856648921967
0.30843010544776917
0.2745758593082428
0.47726908326148987
0.5539363622665405
0.5321157574653625
0.23894868791103363
0.4977443516254425
0.29945066571235657
0.1301756501197815
0.2914709448814392
0.6391831636428833
0.32773780822753906
0.15291738510131836
0.43629997968673706
0.5443804264068604
0.2504046559333801
0.3177282512187958
0.6922529339790344
0.5615693926811218
0.2776060104370117
0.44754326343536377
0.2172994762659073
0.40123462677001953
0.45405545830726624
0.5654657483100891
0.16059789061546326
0.13155455887317657
0.11364498734474182
0.13798649609088898
0.2958064675331116
0.2065998762845993
0.2346004992723465
0.5185970067977905
0.3964015543460846
0.7032303214073181
0.5954790711402893
0.6519312262535095
0.6931540369987488
0.6799651384353638
0.7642726898193359
0.861789882183075
0.6898140907287598
0.6550226807594299
0.20353269577026367
0.2555508017539978
0.08791182190179825
0.030636562034487724
0.04825754836201668
0.17903366684913635
0.21805734932422638
0.15634314715862274
0.3083135485649109
0.19956238567829132
0.09477680176496506
0.07394551485776901
0.036538735032081604
0.19433540105819702
0.17486323416233063
0.09864778071641922
0.06969068944454193
0.2503795027732849
0.2424551099538803
0.28222328424453735
0.1521519124507904
0.1405787169933319
0.28963127732276917
0.3052023947238922
0.46754181385040283
0.17801184952259064
0.12058666348457336
0.21206852793693542
0.4083460867404938
0.09424973279237747
0.0738314539194107
0.451960951089859
0.20997200906276703
0.03235515207052231
0.08392582088708878
0.36317387223243713
0.03772078827023506
0.041156988590955734
0.22892703115940094
0.4733095169067383
0.12572729587554932
0.18001389503479004
0.6016117930412292
0.5015294551849365
0.5310905575752258
0.5688009262084961
0.42563730478286743
0.42326757311820984
0.3928665220737457
0.2812315821647644
0.37901607155799866
0.36843180656433105
0.1398198902606964
0.16789264976978302
0.03512340784072876
0.08376827090978622
0.29375341534614563
0.21532008051872253
0.0774279311299324
0.1933666318655014
0.12528350949287415
0.4162338972091675
0.19274374842643738
0.03736121207475662
0.1467592418193817
0.06019757315516472
0.2415429800748825
0.32554396986961365
0.4919184148311615
0.27191755175590515
0.2334270477294922
0.056220464408397675
0.06546024233102798
0.048950232565402985
0.13011610507965088
0.21063947677612305
0.07228896766901016
0.07793378084897995
0.17694339156150818
0.08164457231760025
0.13013213872909546
0.31592366099357605
0.13013362884521484
0.26013270020484924
0.23673823475837708
0.3148627281188965
0.507607638835907
0.5512039065361023
0.5161815285682678
0.3351520895957947
0.5186879634857178
0.5808722972869873
0.4827718138694763
0.6512764692306519
0.38193225860595703
0.6527047753334045
0.44658994674682617
0.5605525374412537
0.3735765218734741
0.45221275091171265
0.47689178586006165
0.33250534534454346
0.3784608244895935
0.338593065738678
0.26021337509155273
0.28205740451812744
0.32100334763526917
0.38684868812561035
0.3290780484676361
0.4676530063152313
0.6089125871658325
0.564100444316864
0.4581649601459503
0.6179518699645996
0.6339422464370728
0.5492549538612366
0.546417236328125
0.2715685963630676
0.313698410987854
0.15904192626476288
0.2099967747926712
0.1297074258327484
0.44884347915649414
0.12119243294000626
0.06440390646457672
0.1391153782606125
0.4562129080295563
0.09422234445810318
0.06660478562116623
0.04586200416088104
0.1309380680322647
0.03936605155467987
0.0642838403582573
0.23236677050590515
0.14874611794948578
0.05655207112431526
0.09247058629989624
0.28273454308509827
0.0768255665898323
0.1090218648314476
0.19016607105731964
0.3805158734321594
0.3719511032104492
0.37164735794067383
0.4125225841999054
0.18942761421203613
0.23521900177001953
0.3187512755393982
0.4024023413658142
0.2014949917793274
0.3714221715927124
0.18753913044929504
0.20550337433815002
0.4015149772167206
0.3753454089164734
0.27020394802093506
0.18569450080394745
0.4376433491706848
0.4988904595375061
0.6267709136009216
0.2978586256504059
0.4936404228210449
0.5797702670097351
0.44463077187538147
0.263541579246521
0.12830118834972382
0.37571898102760315
0.2807776629924774
0.11456464231014252
0.10302344709634781
0.25451746582984924
0.3504932224750519
0.2115456610918045
0.35183101892471313
0.34246891736984253
0.4600444436073303
0.27705472707748413
0.29078543186187744
0.34372708201408386
0.32646608352661133
0.39289113879203796
0.5543497800827026
0.2055816352367401
0.3698970377445221
0.3558599054813385
0.2888459265232086
0.3332853615283966
0.20552900433540344
0.13250309228897095
0.31154605746269226
0.34567001461982727
0.10857025533914566
0.13849586248397827
0.5758182406425476
0.3539925217628479
0.13711853325366974
0.540424644947052
0.6542301177978516
0.32785096764564514
0.5772736072540283
0.6526103019714355
0.40533095598220825
0.7369289994239807
0.3856731355190277
0.6067355871200562
0.6606748104095459
0.592377781867981
0.6481007933616638
0.6539701223373413
0.14631551504135132
0.7218382358551025
0.8271292448043823
0.30505624413490295
0.5070179104804993
0.6709127426147461
0.584553062915802
0.27630487084388733
0.49567684531211853
0.36613285541534424
0.24900200963020325
0.26478973031044006
0.37566274404525757
0.30832862854003906
0.2879868149757385
0.35354137420654297
