0.6503573060035706
0.6362038850784302
0.6023061871528625
0.5078994631767273
0.5389915704727173
0.44034549593925476
0.5578709840774536
0.5781725645065308
0.6720305681228638
0.639373779296875
0.5516818165779114
0.6203242540359497
0.6562283039093018
0.6913014054298401
0.6503947973251343
0.7472625970840454
0.6771183013916016
0.7242529988288879
0.6879330277442932
0.49591413140296936
0.7384386658668518
0.781991720199585
0.7763466238975525
0.7843478322029114
0.7439387440681458
0.36381277441978455
0.6551898121833801
0.7452177405357361
0.5864227414131165
0.32775962352752686
0.7723289132118225
0.7128921151161194
0.7156352996826172
0.6859394907951355
0.5181892514228821
0.5353244543075562
0.7084438800811768
0.7743285298347473
0.8370941281318665
0.584115743637085
0.6723576188087463
0.7441406846046448
0.7933953404426575
0.568207323551178
0.6709669232368469
0.6831787824630737
0.594428300857544
0.7427881360054016
0.7054229378700256
0.7245630025863647
0.790184497833252
0.7615349888801575
0.7574051022529602
0.5909036993980408
0.6676907539367676
0.6906450390815735
0.44362330436706543
0.5166069865226746
0.8080505728721619
0.6594192385673523
0.6496984958648682
0.7115148305892944
0.696550190448761
0.6454707384109497
0.46417665481567383
0.750583291053772
0.8275601267814636
0.7821741700172424
0.755386471748352
0.7914197444915771
0.7584589719772339
0.41295117139816284
0.43721556663513184
0.45116907358169556
0.40785831212997437
0.7618913650512695
0.608838677406311
0.7282899022102356
0.5988156199455261
0.6227483749389648
0.5760875940322876
0.5455036163330078
0.7901571989059448
0.37419214844703674
0.8006195425987244
0.6465319395065308
0.7233307957649231
0.7505972385406494
0.7854228019714355
0.4982222616672516
0.8282987475395203
0.8590419888496399
0.8798537254333496
0.8453333973884583
0.5300030708312988
0.6087506413459778
0.4947598874568939
0.7932232022285461
0.5447450280189514
0.6783035397529602
0.6063010096549988
0.4873315095901489
0.6179236173629761
0.5815136432647705
0.6186497807502747
0.4160948097705841
0.3488680422306061
0.42213281989097595
0.5484068393707275
0.3420175611972809
0.6848423480987549
0.6643574237823486
0.8237670660018921
0.722960889339447
0.7568916082382202
0.6338260769844055
0.5028026103973389
0.5317948460578918
0.7849987149238586
0.7013483643531799
0.6266475319862366
0.6315248608589172
0.5342592597007751
0.6045549511909485
