0.14525099098682404
0.17163585126399994
0.12777210772037506
0.2600320279598236
0.20844021439552307
0.3465980887413025
0.33821943402290344
0.4195609390735626
0.3900764584541321
0.26073452830314636
0.7521479725837708
0.564509928226471
0.8818970918655396
0.4537539482116699
0.8793262839317322
0.5332469344139099
0.38287389278411865
0.5967065691947937
0.16998738050460815
0.2826367914676666
0.26275092363357544
0.11263113468885422
0.15442414581775665
0.37237969040870667
0.3624124825000763
0.3750014901161194
0.34964942932128906
0.3861411213874817
0.07638992369174957
0.4063183665275574
0.06920120865106583
0.6355602145195007
0.12574629485607147
0.7114130854606628
0.1848851442337036
0.6937054395675659
0.5626013278961182
0.21150653064250946
0.20125016570091248
0.44713327288627625
0.27614906430244446
0.20837926864624023
0.18417733907699585
0.2661267817020416
0.10947390645742416
0.2506144642829895
0.15082107484340668
0.13057735562324524
0.1441730409860611
0.20828388631343842
0.11364880949258804
0.20183394849300385
0.18438437581062317
0.2661662995815277
0.22183378040790558
0.2651938199996948
0.4609208106994629
0.39651939272880554
0.205982506275177
0.5216382145881653
0.5578813552856445
0.6603655815124512
0.6556105613708496
0.447118878364563
0.6573144793510437
0.5730968117713928
0.668110191822052
0.7858173251152039
0.5724461674690247
0.37410736083984375
0.31567689776420593
0.304721474647522
0.7756134867668152
0.28529635071754456
0.6683646440505981
0.10802745074033737
0.473086953163147
0.13123053312301636
0.5393243432044983
0.16027121245861053
0.3793065547943115
0.3598858118057251
0.4028491675853729
0.21551363170146942
0.16580578684806824
0.34989815950393677
0.23175576329231262
0.1518927663564682
0.18259641528129578
0.30057644844055176
0.13381582498550415
0.13744743168354034
0.06011447682976723
0.1856534481048584
0.09934566169977188
0.2625335156917572
0.16766421496868134
0.38057610392570496
0.2431173026561737
0.46543440222740173
0.49691787362098694
0.5573824048042297
0.3737447261810303
0.4694131314754486
0.35034769773483276
0.5176809430122375
0.29031723737716675
0.3446718752384186
0.23538295924663544
0.2365172952413559
0.19934691488742828
0.3146003484725952
0.2975008487701416
0.40100371837615967
0.2067057341337204
0.30478984117507935
0.378886342048645
0.07068295776844025
0.23957403004169464
0.0943857803940773
0.18056096136569977
0.15534089505672455
0.5342180132865906
0.4748941957950592
0.4961804449558258
0.5635951161384583
0.46543025970458984
0.33923014998435974
0.2419537752866745
0.341686874628067
0.14958184957504272
0.13952986896038055
0.1459781527519226
0.3514595925807953
0.19394971430301666
0.48112139105796814
0.2317064106464386
0.5661274194717407
0.18923570215702057
0.5124595761299133
0.09746430814266205
0.30171138048171997
0.34973251819610596
0.13204360008239746
0.28876054286956787
0.16199564933776855
0.1265166997909546
0.17225153744220734
0.0924878716468811
0.17440791428089142
0.08033546805381775
0.3470698893070221
0.30818313360214233
0.18271496891975403
0.13177502155303955
0.16268929839134216
0.18811430037021637
0.23842287063598633
0.2634197473526001
0.17489232122898102
0.35351037979125977
0.3720194697380066
0.40505993366241455
0.3539898097515106
0.41985297203063965
0.2325662523508072
0.367450475692749
0.23014946281909943
0.4014739692211151
0.3615158200263977
0.2477090060710907
0.26438918709754944
0.3710859417915344
0.3627021014690399
0.3326803147792816
0.16816498339176178
0.4603825807571411
0.16899564862251282
0.4270422160625458
0.169113427400589
0.396788626909256
0.15951581299304962
0.43910375237464905
0.1886795312166214
0.2773939073085785
0.17683537304401398
0.13339641690254211
0.21137195825576782
0.17124977707862854
0.15312780439853668
0.14869819581508636
0.11010561138391495
0.08629483729600906
0.11756176501512527
0.06188900023698807
0.09017210453748703
0.03152645379304886
0.1276453733444214
0.030629873275756836
0.11532530933618546
0.10610423237085342
0.24434958398342133
0.1824382096529007
0.23713800311088562
0.41688376665115356
0.36131051182746887
0.2897733747959137
0.3495084345340729
0.16320428252220154
0.16698403656482697
0.057880476117134094
0.10873495787382126
0.08252004534006119
0.1770767718553543
0.24081580340862274
0.18521834909915924
0.11070958524942398
0.12857340276241302
0.0643012523651123
0.0838363915681839
0.1160188764333725
0.1528652012348175
0.1936313509941101
0.2701025903224945
0.23706908524036407
0.14379601180553436
0.10434389859437943
0.07006972283124924
0.14480701088905334
0.04614856094121933
0.15921349823474884
0.0470975786447525
0.02998250350356102
0.04280156269669533
0.06669367104768753
0.09327194094657898
0.03843522444367409
0.03848375752568245
0.13517506420612335
0.05740371719002724
0.09883532673120499
0.0860590711236
0.0690479651093483
0.02826192043721676
0.015942038968205452
0.06285078078508377
0.009699368849396706
0.058001644909381866
0.03839860484004021
0.10437490046024323
0.02781122364103794
0.07740575075149536
0.04913819953799248
0.03828028589487076
0.024180814623832703
0.05241961404681206
0.05845755338668823
0.038579124957323074
0.030123863369226456
0.035317208617925644
0.0383414551615715
0.053178220987319946
0.03676721826195717
0.045117758214473724
0.06192314624786377
0.07016253471374512
0.03996565565466881
0.05072220042347908
0.0469207838177681
0.05332622304558754
0.053418803960084915
0.05186806619167328
0.09926737844944
0.037770241498947144
0.010773182846605778
0.027445925399661064
0.026077816262841225
0.03491273149847984
0.07168764621019363
0.10357531905174255
0.04790167510509491
0.04420629143714905
0.054202064871788025
0.17124760150909424
0.057640545070171356
0.042498327791690826
0.027222326025366783
0.0944557934999466
0.09411895275115967
0.053277742117643356
0.06449950486421585
0.025241293013095856
0.026844333857297897
0.03086632490158081
0.04770265892148018
0.026117347180843353
0.05784561112523079
0.06151248514652252
0.082728810608387
0.04485775902867317
0.05802628770470619
0.05375957116484642
0.056376710534095764
0.02569718100130558
0.03257649764418602
0.06415896117687225
0.06501615047454834
0.05053865164518356
0.01182146742939949
0.057399023324251175
0.041527047753334045
0.06351581960916519
0.079600028693676
0.09239435195922852
0.04866819456219673
0.08982667326927185
0.1607993245124817
0.10028990358114243
0.12250545620918274
0.11104003340005875
0.0808810442686081
0.08207390457391739
0.06912163645029068
0.03656543791294098
0.05581594258546829
0.09528107196092606
0.0713902935385704
0.13344474136829376
0.08252282440662384
0.2594890594482422
0.10059612989425659
0.14124175906181335
0.1949993222951889
0.12147996574640274
0.20769836008548737
0.1865280717611313
0.23744578659534454
0.16317084431648254
0.3468182682991028
0.21273329854011536
0.0864814892411232
0.11044247448444366
0.1596224009990692
0.03967537358403206
0.04351011663675308
0.05080273002386093
0.028532342985272408
0.022499989718198776
0.01806395687162876
0.02151636965572834
0.05259395390748978
0.10946180671453476
0.04454075172543526
0.23629160225391388
0.08180089294910431
0.23462067544460297
0.12990564107894897
0.20555506646633148
0.13274647295475006
0.15781007707118988
0.24413271248340607
0.11903313547372818
0.16967377066612244
0.09917669743299484
0.13901419937610626
0.09044154733419418
0.0934281200170517
0.17964845895767212
0.15000520646572113
0.1758173406124115
0.11632414907217026
0.21812601387500763
0.25180214643478394
0.2525729238986969
0.25962409377098083
0.11123190075159073
0.13024142384529114
0.07982227951288223
0.24540382623672485
0.13792599737644196
0.13248483836650848
0.12381604313850403
0.23450759053230286
0.23763103783130646
0.17706194519996643
0.2564171552658081
0.13451756536960602
0.1941595822572708
0.20061469078063965
0.17080967128276825
0.1524319350719452
0.21950846910476685
0.26339176297187805
0.15474893152713776
0.3673008978366852
0.07623912394046783
0.17977437376976013
0.07161178439855576
0.06186830997467041
0.10268022865056992
0.14889991283416748
0.05176972970366478
0.05048786476254463
0.16132819652557373
0.08026693016290665
0.06949405372142792
0.12166856229305267
0.11308249086141586
0.08079268038272858
0.14000847935676575
0.12190423905849457
0.11911523342132568
0.08906642347574234
0.16276875138282776
0.11034911125898361
0.1273559182882309
0.12663288414478302
0.17481979727745056
0.21118642389774323
0.25903016328811646
0.3648281991481781
0.28545621037483215
0.2065398395061493
0.3171030282974243
0.2474956065416336
0.20381303131580353
0.20400764048099518
0.17859366536140442
0.19269917905330658
0.1201702356338501
0.17869240045547485
0.3051389753818512
