0.1637170910835266
0.3354642391204834
0.2568347752094269
0.28347763419151306
0.09054563194513321
0.2875179052352905
0.13351939618587494
0.4055209457874298
0.20316286385059357
0.32490918040275574
0.3702749013900757
0.4728452265262604
0.5325812101364136
0.49362146854400635
0.38991108536720276
0.18709492683410645
0.36339110136032104
0.25178489089012146
0.3759933114051819
0.31221023201942444
0.20844027400016785
0.05889905244112015
0.09308838099241257
0.039942026138305664
0.16880153119564056
0.050058577209711075
0.3259649872779846
0.13319720327854156
0.16215744614601135
0.11529455333948135
0.0996035635471344
0.1526026725769043
0.11059225350618362
0.06362667679786682
0.08599275350570679
0.052467722445726395
0.03787105157971382
0.16222809255123138
0.0739700049161911
0.20136995613574982
0.25967997312545776
0.25968214869499207
0.2871320843696594
0.17342129349708557
0.243148535490036
0.20801864564418793
0.10275930166244507
0.08355843275785446
0.08512302488088608
0.04990650713443756
0.06848446279764175
0.10511432588100433
0.06921792775392532
0.22189652919769287
0.09983842819929123
0.21014483273029327
0.27063265442848206
0.14540638029575348
0.24007484316825867
0.3313330411911011
0.3779503405094147
0.16965490579605103
0.21214696764945984
0.1584140658378601
0.2787798047065735
0.11599741131067276
0.20472915470600128
0.05862490460276604
0.16739444434642792
0.06698307394981384
0.09586451202630997
0.11790484935045242
0.06412142515182495
0.26621168851852417
0.3435337543487549
0.09458138048648834
0.3782123327255249
0.3220834732055664
0.24890610575675964
0.3867531716823578
0.11965788900852203
0.36883339285850525
0.2125672549009323
0.45923444628715515
0.5953322649002075
0.4412909150123596
0.4400276839733124
0.18529736995697021
0.3762674927711487
0.24899666011333466
0.4540852904319763
0.41267240047454834
0.453237920999527
0.46004852652549744
0.47482743859291077
0.36177292466163635
0.20452965795993805
0.32174116373062134
0.2257550060749054
0.18584735691547394
0.21329998970031738
0.2753574252128601
0.10018447786569595
0.3623247444629669
0.1383146345615387
0.5564073920249939
0.10956970602273941
0.5261057019233704
0.39896875619888306
0.5686900019645691
0.46912088990211487
0.5356568098068237
0.47182008624076843
0.38242167234420776
0.1946963518857956
0.36097636818885803
0.40055838227272034
0.07386478036642075
0.15758457779884338
0.13178355991840363
0.13502903282642365
0.11144748330116272
0.20849022269248962
0.21209941804409027
0.19079749286174774
0.26524147391319275
0.25479140877723694
0.2097831517457962
0.5190950632095337
0.40151622891426086
0.477163165807724
0.45399412512779236
0.36675795912742615
0.34884342551231384
0.3906876742839813
0.14183247089385986
0.379745215177536
0.10791630297899246
0.2324732393026352
0.24292278289794922
0.07018373161554337
0.11646620184183121
0.13603708148002625
0.16791348159313202
0.11291861534118652
0.13101863861083984
0.1300731897354126
0.20835085213184357
0.06479380279779434
0.17047221958637238
0.07599588483572006
0.32688796520233154
0.13177283108234406
0.3973604142665863
0.4014520049095154
0.4362260401248932
0.4960693418979645
0.5489581227302551
0.41900259256362915
0.2889833152294159
0.29718834161758423
0.16276834905147552
0.4228452146053314
0.30702707171440125
0.25073063373565674
0.30145734548568726
0.1150883212685585
0.24611051380634308
0.09011721611022949
0.25318074226379395
0.2672981321811676
0.2514621317386627
