0.09795983880758286
0.24626561999320984
0.09108678996562958
0.09975943714380264
0.04360562935471535
0.24983830749988556
0.19877465069293976
0.4146634638309479
0.3932265341281891
0.8385413289070129
0.5731587409973145
0.3859521448612213
0.3765123188495636
0.26165080070495605
0.2694847285747528
0.2283417135477066
0.18136028945446014
0.23301036655902863
0.05397065356373787
0.4281475245952606
0.3122725188732147
0.5809026956558228
0.6456683278083801
0.6567874550819397
0.32626307010650635
0.8023290038108826
0.8252670168876648
0.17307478189468384
0.3507833182811737
0.8837544322013855
0.746035635471344
0.5084428787231445
0.7856796383857727
0.5292525887489319
0.7384288311004639
0.7726544737815857
0.9201790690422058
0.9386121034622192
0.8844616413116455
0.8173189163208008
0.9504920244216919
0.9568561911582947
0.9745001196861267
0.888074517250061
0.9661148190498352
0.9106912612915039
0.9467613697052002
0.8952988386154175
0.8181737065315247
0.9088925123214722
0.6569010019302368
0.7821568846702576
0.6064070463180542
0.4657128155231476
0.28801336884498596
0.36320510506629944
0.29426538944244385
0.20438152551651
0.2227051854133606
0.42525121569633484
0.3173004686832428
0.5352585911750793
0.7613511681556702
0.7650595903396606
0.6876298785209656
0.8909832835197449
0.8035104274749756
0.854167640209198
0.9129412174224854
0.7478470206260681
0.8620491623878479
0.9162739515304565
0.8986914157867432
0.7836984992027283
0.9066860675811768
0.954436719417572
0.7972284555435181
0.8697584271430969
0.6091142296791077
0.8907360434532166
0.6815522909164429
0.6904918551445007
0.4912194609642029
0.6433915495872498
0.819567859172821
0.8007741570472717
0.6581509709358215
0.6490246057510376
0.7879846692085266
0.5848996043205261
0.8180959224700928
0.1722143590450287
0.3698791563510895
0.3568803369998932
0.2675047516822815
0.2620163559913635
0.17469458281993866
0.2051207423210144
0.16523680090904236
0.26645031571388245
0.3254040479660034
0.679368257522583
0.7529855370521545
0.7921744585037231
0.7279335260391235
0.854483425617218
0.8822550177574158
0.776427686214447
0.8886422514915466
0.847545325756073
0.902019202709198
0.8545528054237366
0.858765184879303
