0.11426010727882385
0.15335309505462646
0.12678197026252747
0.2037913203239441
0.0797640010714531
0.07561065256595612
0.06877745687961578
0.06498342007398605
0.08200376480817795
0.13301435112953186
0.12881095707416534
0.07190634310245514
0.1680970937013626
0.2665591537952423
0.16134612262248993
0.23675282299518585
0.2638767659664154
0.27923378348350525
0.2085680365562439
0.21299082040786743
0.11358054727315903
0.20003922283649445
0.2120106965303421
0.3171454966068268
0.4762701988220215
0.7174535989761353
0.5908581018447876
0.28150099515914917
0.13242322206497192
0.24682866036891937
0.035574041306972504
0.09060735255479813
0.08266332745552063
0.10918533802032471
0.12803201377391815
0.0678015798330307
0.05933159589767456
0.12047930806875229
0.14638468623161316
0.11246030777692795
0.1297084093093872
0.08323055505752563
0.26254257559776306
0.13692942261695862
0.17304034531116486
0.08170776069164276
0.12641330063343048
0.043538738042116165
0.19863158464431763
0.21767497062683105
0.6130837798118591
0.6497389078140259
0.7204365730285645
0.6563704013824463
0.5560065507888794
0.38654884696006775
0.3825724124908447
0.29777613282203674
0.30520716309547424
0.1264531910419464
0.32769230008125305
0.18935270607471466
0.40971362590789795
0.28637227416038513
0.3458864986896515
0.29220500588417053
0.14579080045223236
0.13501830399036407
0.1842442899942398
0.1699872761964798
0.11181754618883133
0.12110873311758041
0.18374784290790558
0.23005539178848267
0.20703251659870148
0.044409189373254776
0.34383684396743774
0.1584581881761551
0.37393665313720703
0.5130944848060608
0.5625233054161072
0.45555558800697327
0.42440369725227356
0.7624588012695312
0.7871170043945312
0.9303731918334961
0.8164461255073547
0.810164749622345
0.5702210664749146
0.6281858086585999
0.07053076475858688
0.37643328309059143
0.03135838359594345
0.15240378677845
0.09933624416589737
0.1481076031923294
0.20078545808792114
0.18097220361232758
0.20923565328121185
0.2894306182861328
0.24026723206043243
0.25067585706710815
0.550970733165741
0.6094620227813721
0.7374220490455627
0.618918240070343
0.8321864008903503
0.5211472511291504
0.7147887945175171
0.7355961203575134
0.39984166622161865
0.2751806378364563
0.15612974762916565
0.1761580854654312
0.23085066676139832
0.07457391172647476
0.0260757002979517
0.09198227524757385
0.057926859706640244
0.018926646560430527
0.07360408455133438
0.03672591224312782
0.16339492797851562
0.1312001496553421
0.1100771576166153
0.07845546305179596
0.04425227269530296
0.06376495957374573
0.0923173651099205
0.1255430281162262
0.032552048563957214
0.06055458262562752
0.007517260033637285
0.0768548846244812
0.018053503707051277
0.06955835968255997
0.07898934930562973
0.05859561264514923
0.26518791913986206
0.4384097754955292
0.38272014260292053
0.6840121746063232
0.7820731997489929
0.5876982808113098
0.7108852863311768
0.7725294828414917
0.33698806166648865
0.5796481370925903
0.1398293673992157
0.20053903758525848
0.02477051503956318
0.13642951846122742
0.0597180537879467
0.09570591896772385
0.12044443190097809
0.11203784495592117
0.2235935479402542
0.17976313829421997
0.18777480721473694
0.19501283764839172
0.2588254511356354
0.2834170162677765
0.31878039240837097
0.3483527898788452
0.2959795594215393
0.4583398103713989
0.15013587474822998
0.45785078406333923
0.5485327243804932
0.3486616313457489
0.3065481185913086
0.08395440876483917
0.12948527932167053
0.07324586063623428
0.20068015158176422
0.11467099189758301
0.1510387808084488
0.17257389426231384
0.24653516709804535
0.2068212777376175
0.07027515023946762
0.09741310030221939
0.12413263320922852
0.2873404026031494
0.08007729798555374
0.0513216108083725
0.02297297678887844
0.0368853434920311
0.00932889711111784
0.12228809297084808
0.04480792582035065
0.49742385745048523
0.6345745325088501
0.6393366456031799
0.827442467212677
0.8689749836921692
0.8491946458816528
0.7908207774162292
0.4515426456928253
0.5567472577095032
0.34578749537467957
0.42276301980018616
0.05316023528575897
0.13216160237789154
0.1127348244190216
0.024196499958634377
0.11620783805847168
0.07228776067495346
0.037223655730485916
0.08369263261556625
0.043869104236364365
0.15565738081932068
0.08043472468852997
0.06007203832268715
0.03069634549319744
0.01986352726817131
0.06358601152896881
0.0179983451962471
0.009644255973398685
0.007973608560860157
0.010075571946799755
0.019739607349038124
0.02355332486331463
0.020518137142062187
0.025846948847174644
0.04440580680966377
0.04942809045314789
0.043704401701688766
0.07361305505037308
0.06460027396678925
0.07378321141004562
0.0785120502114296
0.05598225072026253
0.02375868894159794
0.03804691135883331
0.02541709877550602
0.019696572795510292
0.07045423984527588
0.0520465224981308
0.054048437625169754
0.022332502529025078
0.048869695514440536
0.06895381212234497
0.0545884408056736
0.0989937111735344
0.09181294590234756
0.05180341750383377
0.054985154420137405
0.020410986617207527
0.02439689077436924
0.01098033506423235
0.021119052544236183
0.02559182420372963
0.04091200605034828
0.0346270427107811
0.10444466769695282
0.03515205904841423
0.09466620534658432
0.0840727910399437
0.06087358668446541
0.03778621554374695
0.054393474012613297
0.09932319074869156
0.07157828658819199
0.05498482286930084
0.07910121977329254
0.05626967176795006
0.03125790134072304
0.03746491298079491
0.06193871796131134
0.033658336848020554
0.04154740273952484
0.04975651577115059
0.07433799654245377
0.07208328694105148
0.046931613236665726
0.04560842737555504
0.029065297916531563
0.0394621416926384
0.029993627220392227
0.03432168811559677
0.06225169450044632
0.03241906687617302
0.03872856870293617
0.07129373401403427
0.07666654139757156
0.15915052592754364
0.07111182063817978
0.04510210454463959
0.04430456832051277
0.0340883806347847
0.019839279353618622
0.03478161618113518
0.039101626724004745
0.04084017127752304
0.037220947444438934
0.034749969840049744
0.034407392144203186
0.09971050918102264
0.07284341007471085
0.05810310319066048
0.06582897901535034
0.054355423897504807
0.04919291287660599
0.07857750356197357
0.02457207441329956
0.025023477151989937
0.04639927297830582
0.04096435755491257
0.048338983207941055
0.053451426327228546
0.056781165301799774
0.08718302100896835
0.11162147670984268
0.13618594408035278
0.1249513104557991
0.14019116759300232
0.05982771888375282
0.08303187042474747
0.08242536336183548
0.05981358513236046
0.04872049763798714
0.05519820749759674
0.04207004979252815
0.04369841516017914
0.026874586939811707
0.05395668372511864
0.035813089460134506
0.0793159082531929
0.08633281290531158
0.1195981353521347
0.11662981659173965
0.057409338653087616
0.09750337153673172
0.07752911746501923
0.16873179376125336
0.12978419661521912
0.07403635233640671
0.10871107876300812
0.17589174211025238
0.1266525834798813
0.05706843361258507
0.12912105023860931
0.06940069049596786
0.19663022458553314
0.07488863170146942
0.22461117804050446
0.1785479336977005
0.1587216705083847
0.19477495551109314
0.12070754915475845
0.1076171025633812
0.08680616319179535
0.06810951977968216
0.07494201511144638
0.11388090252876282
0.29178518056869507
0.18290568888187408
0.20766966044902802
0.20107991993427277
0.11580707132816315
0.10958963632583618
0.09631339460611343
0.046384669840335846
0.07477448135614395
0.05782071873545647
0.049582336097955704
0.07207251340150833
0.06574697047472
0.15890724956989288
0.15879109501838684
0.20746858417987823
0.14099828898906708
0.163511261343956
0.16111251711845398
0.19242194294929504
0.13036984205245972
0.21344555914402008
0.2150115817785263
0.15661242604255676
0.25045549869537354
0.1351543813943863
0.2299417406320572
0.21501106023788452
0.24724192917346954
0.240609273314476
0.14590024948120117
0.128311887383461
0.10639126598834991
0.23372192680835724
0.30118855834007263
0.163564071059227
0.2233717441558838
0.13609102368354797
0.20217569172382355
0.07040153443813324
0.12199670821428299
0.08146985620260239
0.08931227773427963
0.06313963979482651
0.10880646109580994
0.08549231290817261
0.16584105789661407
0.09725255519151688
0.21991784870624542
0.11667156219482422
0.16586671769618988
0.2257423996925354
0.181548610329628
0.11742658168077469
0.19432754814624786
0.11609019339084625
0.14430946111679077
0.09485308080911636
0.23159244656562805
0.1488560140132904
0.07713044434785843
0.1262436956167221
0.10461876541376114
0.2071160227060318
0.1265680342912674
0.0811508521437645
0.12246326357126236
0.07308164983987808
0.21559889614582062
0.10765150189399719
