0.2333800494670868
0.38984960317611694
0.467056542634964
0.7583064436912537
0.7356570363044739
0.42281872034072876
0.436787873506546
0.6818932294845581
0.5785631537437439
0.7254623174667358
0.6359682083129883
0.4704119861125946
0.5695940256118774
0.7535415887832642
0.6558125615119934
0.5059311985969543
0.5278011560440063
0.5992390513420105
0.23756058514118195
0.474022775888443
0.4762839376926422
0.2658438980579376
0.34930726885795593
0.49775925278663635
0.5026825070381165
0.17770129442214966
0.48050349950790405
0.49602752923965454
0.43827956914901733
0.5230656862258911
0.5375288128852844
0.6129859685897827
0.3449486494064331
0.45951932668685913
0.38866695761680603
0.59904944896698
0.5956115126609802
0.6303361654281616
0.515742301940918
0.7364608645439148
0.44660207629203796
0.6417722105979919
0.6809824109077454
0.5705778002738953
0.7074552178382874
0.6375820636749268
0.7464044690132141
0.8103521466255188
0.8191512823104858
0.5986433625221252
0.6826767325401306
0.6368274092674255
0.7743965983390808
0.599299967288971
0.5122774243354797
0.6055364608764648
0.2702656686306
0.4632700979709625
0.31893157958984375
0.2533515989780426
0.31044164299964905
0.5385550856590271
0.3797134459018707
0.654714822769165
0.7371166348457336
0.3945481479167938
0.5698917508125305
0.8250396847724915
0.7692583203315735
0.5809967517852783
0.7757387161254883
0.8176143765449524
0.45398345589637756
0.586384117603302
0.8163971304893494
0.764391303062439
0.3838232159614563
0.7296251654624939
0.5361436009407043
0.6273855566978455
0.5597882866859436
0.6579260230064392
0.6220138669013977
0.6325094103813171
0.5850093364715576
0.4916853904724121
0.6980581879615784
0.5866537690162659
0.5756025314331055
0.6486635208129883
0.6011338233947754
0.7413699626922607
0.6596609950065613
0.5947168469429016
0.5348389148712158
0.6873829960823059
0.7156094312667847
0.481073796749115
0.7226690053939819
0.7355501651763916
0.49890655279159546
0.6102603077888489
0.8906916379928589
0.7904643416404724
0.5904867053031921
0.7402967810630798
0.8503295183181763
0.6172014474868774
0.47258248925209045
0.8413010239601135
0.7503485679626465
0.5423353314399719
0.5380859375
0.2091629058122635
0.6382617354393005
0.5640600323677063
0.31589698791503906
0.07450901716947556
0.3900502622127533
0.3427940607070923
0.23353250324726105
0.25952693819999695
0.3093520998954773
0.19573228061199188
0.24322663247585297
0.17188890278339386
0.20388418436050415
0.2725210189819336
0.37534523010253906
0.5600267052650452
0.7431203126907349
0.5130664706230164
0.740689218044281
0.5174115300178528
0.19338111579418182
0.39993101358413696
0.4510769844055176
0.4841674268245697
0.43343842029571533
0.54450923204422
0.47268787026405334
0.34419089555740356
0.6978145241737366
0.4855917990207672
0.6589739918708801
0.3424971401691437
0.5602642297744751
0.5567350387573242
0.424816370010376
0.7325171232223511
0.3230297863483429
0.4229026734828949
0.4746575355529785
0.6016556024551392
0.5763643383979797
0.513171374797821
0.4401019513607025
0.44343534111976624
0.6297045350074768
0.4212571084499359
0.5122518539428711
0.567251980304718
0.25177478790283203
0.3033306300640106
0.255007803440094
0.2639930248260498
