0.5857552886009216
0.6457282304763794
0.5746195912361145
0.6764897108078003
0.462347149848938
0.8738189339637756
0.9142934083938599
0.7644380331039429
0.8731629848480225
0.7915543913841248
0.7163923978805542
0.8779770731925964
0.7651724219322205
0.6275164484977722
0.81337970495224
0.7589540481567383
0.4547587037086487
0.5293858647346497
0.6939598917961121
0.672598659992218
0.7457502484321594
0.4829804003238678
0.39989107847213745
0.4487605094909668
0.24972815811634064
0.5474652051925659
0.6755151748657227
0.7620478272438049
0.6809127330780029
0.6827181577682495
0.8417884111404419
0.8610648512840271
0.7956727147102356
0.897614061832428
0.9299221038818359
0.7794415950775146
0.688971221446991
0.2288379967212677
0.5106948018074036
0.2310788929462433
0.46974489092826843
0.30984944105148315
0.2903502881526947
0.3575246334075928
0.44483599066734314
0.5145509839057922
0.5004535913467407
0.8656978607177734
0.6045866012573242
0.8683385848999023
0.8797152638435364
0.9425063729286194
0.89656662940979
0.7317376732826233
0.8090860247612
0.7859326004981995
0.6940668225288391
