0.9307271242141724
0.9214090704917908
0.893665611743927
0.8822723627090454
0.9101001024246216
0.9074946641921997
0.9114000797271729
0.9105611443519592
0.8133977055549622
0.8593261241912842
0.9286797046661377
0.8729422092437744
0.596184253692627
0.41240358352661133
0.7558911442756653
0.8132411241531372
0.7403357625007629
0.5398033857345581
0.8455713987350464
0.8398827314376831
0.727595865726471
0.8224489688873291
0.8731387257575989
0.9002607464790344
0.8543796539306641
0.80818110704422
0.7271354794502258
0.8739778399467468
0.784706175327301
0.8815320134162903
0.8764895796775818
0.6724225878715515
0.8319978713989258
0.8904856443405151
0.9177951812744141
0.8592261672019958
0.7596656680107117
0.8603787422180176
0.8845261335372925
0.8077002763748169
0.6983259916305542
0.875808835029602
0.888947069644928
0.6710593104362488
0.7573469281196594
0.8964098691940308
0.8481006622314453
0.8434898853302002
0.5109010338783264
0.750519335269928
0.9035717844963074
0.8345361351966858
0.9138848185539246
0.8509492874145508
0.8452738523483276
0.8927858471870422
0.8406522274017334
0.6368374824523926
0.8919659852981567
0.8779003620147705
0.9255669713020325
0.7738938331604004
0.88239985704422
0.6008528470993042
0.6371131539344788
0.5273165106773376
0.768013060092926
0.7304030656814575
0.8786001801490784
0.47461965680122375
0.7078651785850525
0.5863372683525085
0.843008279800415
0.7385210990905762
0.6118724942207336
0.8233487010002136
0.8859516978263855
0.9547064900398254
0.9448822140693665
0.8913640975952148
0.9431228637695312
0.652002215385437
0.7602944374084473
0.77283775806427
0.8693518042564392
0.895198404788971
0.8659597039222717
0.9175245761871338
0.9652026295661926
0.7389947175979614
0.8854332566261292
0.9731789827346802
0.9420192837715149
0.9139345288276672
0.8353570699691772
0.5494648814201355
0.876663863658905
0.9023823142051697
0.8425968885421753
0.7991141080856323
0.8834059238433838
0.9073971509933472
0.8732144236564636
0.9043574929237366
