0.35828378796577454
0.4467548429965973
0.3343571126461029
0.1514335423707962
0.027892082929611206
0.06534252315759659
0.1310315877199173
0.1609434187412262
0.3624824583530426
0.5852255821228027
0.4612359404563904
0.46035057306289673
0.3401913642883301
0.1899632215499878
0.19146810472011566
0.2858571410179138
0.18140089511871338
0.14680279791355133
0.2550896108150482
0.11787596344947815
0.39338162541389465
0.5626046061515808
0.7913246750831604
0.8220841884613037
0.8853189945220947
0.24478687345981598
0.5896448493003845
0.8383191823959351
0.2320859730243683
0.10744986683130264
0.7215102910995483
0.7709373831748962
0.43531671166419983
0.568962037563324
0.5975468754768372
0.8643466234207153
0.7645899653434753
0.9047678112983704
0.9210155606269836
0.9567484259605408
0.9480159878730774
0.9503384828567505
0.9484577178955078
0.8137708902359009
0.9502684473991394
0.913015604019165
0.9042767286300659
0.8890771865844727
0.48349878191947937
0.5586909651756287
0.2705570459365845
0.48142221570014954
0.3251921534538269
0.3798832297325134
0.22072607278823853
0.1793784201145172
0.43983975052833557
0.5534644722938538
0.8571574091911316
0.8802364468574524
0.9403504133224487
0.947012186050415
0.8992932438850403
0.962691605091095
0.9601357579231262
0.9279122948646545
0.8554891347885132
0.8664427995681763
0.7406325340270996
0.7539307475090027
0.7364606857299805
0.46015283465385437
0.40309277176856995
0.4131878912448883
0.5575236082077026
0.500291109085083
0.8699176907539368
0.5743495225906372
0.6212852597236633
0.8369409441947937
0.6245399117469788
0.8435938358306885
0.18809591233730316
0.4661165773868561
0.3383012115955353
0.20530742406845093
0.056855712085962296
0.13357046246528625
0.1803707778453827
0.46296384930610657
0.5383325815200806
0.7481741309165955
0.5348820090293884
0.8469379544258118
0.8703321218490601
0.7781887054443359
0.8283538222312927
0.9409515857696533
