0.10606322437524796
0.0862673670053482
0.22649478912353516
0.23039937019348145
0.21888548135757446
0.5206897854804993
0.7136362791061401
0.5817617177963257
0.6205282807350159
0.52845299243927
0.2525945007801056
0.28799834847450256
0.48652908205986023
0.17110294103622437
0.10486874729394913
0.3065272569656372
0.46593013405799866
0.47042402625083923
0.18164604902267456
0.22200123965740204
0.08946660906076431
0.20781481266021729
0.016381148248910904
0.06179586425423622
0.010921929962933064
0.10994115471839905
0.11459668725728989
0.057890184223651886
0.21630866825580597
0.25099068880081177
0.2652131915092468
0.17413301765918732
0.21630240976810455
0.5560159683227539
0.3358728587627411
0.1682872325181961
0.4309247136116028
0.41520872712135315
0.27636387944221497
0.13012003898620605
0.04588508978486061
0.1683489829301834
0.023394126445055008
0.045332033187150955
0.09275192767381668
0.03833949938416481
0.04439583420753479
0.07217923551797867
0.07810855656862259
0.06144188717007637
0.12368261814117432
0.07389160990715027
0.1471746414899826
0.10830894112586975
0.25346699357032776
0.17784114181995392
0.1267886608839035
0.16916058957576752
0.26055824756622314
0.09859278798103333
0.12160811573266983
0.15110258758068085
0.28979018330574036
0.39884525537490845
0.5708926916122437
0.5092317461967468
0.5962827801704407
0.7127053141593933
0.5766777992248535
0.5770159959793091
0.5362504124641418
0.5842719078063965
0.46223360300064087
0.35749366879463196
0.6938899755477905
0.5589578151702881
0.5958288311958313
0.7204053401947021
0.4096401631832123
0.4419136047363281
0.20000039041042328
0.1724122017621994
0.1576722264289856
0.1432250291109085
0.28122395277023315
0.10142389684915543
0.03651914745569229
0.14187569916248322
0.2326587587594986
0.2054823487997055
0.2012721300125122
0.11916787177324295
0.09714297950267792
0.04175673797726631
0.04741431027650833
0.10087546706199646
0.06751600652933121
0.11205510050058365
0.054798755794763565
0.6609647274017334
0.2516888678073883
0.6204395294189453
0.43698590993881226
0.7900794148445129
0.4839104115962982
0.49198293685913086
0.5774199366569519
0.4016670882701874
0.28371942043304443
0.22016386687755585
0.45738521218299866
0.42312657833099365
0.5423409938812256
0.5848315358161926
0.3778492212295532
0.6066905856132507
0.25311771035194397
0.1682131290435791
0.3384012281894684
0.49428054690361023
0.07628075033426285
0.11095409840345383
0.46864059567451477
0.07289883494377136
0.130830317735672
0.13845431804656982
0.06752711534500122
0.07126834988594055
0.25772058963775635
0.14519736170768738
0.3010033667087555
0.11317677050828934
0.19302256405353546
0.0969952866435051
0.09549029171466827
0.5778842568397522
0.3189389109611511
0.7220141291618347
0.8456569910049438
0.39685267210006714
0.7255633473396301
0.4425465166568756
0.5149289965629578
0.33348268270492554
0.19904926419258118
0.10854893922805786
0.15597061812877655
0.1678186058998108
0.24144159257411957
0.08622658252716064
0.12046674638986588
0.041566405445337296
0.09051629900932312
0.045051269233226776
0.25674906373023987
0.18368284404277802
0.5666834115982056
0.16369391977787018
0.2254759967327118
0.22362934052944183
0.24320557713508606
0.1527279019355774
0.44765546917915344
0.1637924760580063
0.27060842514038086
0.13434000313282013
0.4143242835998535
0.21389169991016388
0.1140688955783844
0.10093588382005692
0.35178425908088684
0.49150002002716064
0.12818914651870728
0.08358751982450485
0.22738361358642578
0.17844992876052856
0.10073450952768326
0.1209808886051178
0.2442886084318161
0.1733030527830124
0.22003215551376343
0.19333137571811676
0.12462339550256729
0.2925005555152893
0.0649864450097084
0.3356948792934418
0.03939542919397354
0.11886874586343765
0.04875016584992409
0.027914905920624733
0.088311105966568
0.053353067487478256
0.10600987821817398
0.3098626434803009
0.13176721334457397
0.3255136013031006
0.21268737316131592
0.1371036022901535
0.21278850734233856
0.33040788769721985
0.5075607895851135
0.1965273767709732
0.3230747580528259
0.4004320502281189
0.059476859867572784
0.11036290228366852
0.22989773750305176
0.07219469547271729
0.07012227177619934
0.17816057801246643
0.25337520241737366
0.09489952027797699
0.15910370647907257
0.22550374269485474
0.07394856214523315
0.03775728493928909
0.2504130005836487
0.1204717680811882
0.17729856073856354
0.2232486456632614
0.04771406576037407
0.15122175216674805
0.26790013909339905
0.5880685448646545
0.4990115761756897
0.16633817553520203
0.29522785544395447
0.11320333927869797
0.23694340884685516
0.24590802192687988
0.3119579553604126
0.16261300444602966
0.5279721021652222
0.13408660888671875
0.4731352627277374
0.06504277884960175
0.18423615396022797
0.08914413303136826
0.10758093744516373
0.029667343944311142
0.05629287287592888
0.08753879368305206
0.1392868161201477
0.023450078442692757
0.08179860562086105
0.15970613062381744
0.0769881159067154
0.06220836192369461
0.228555366396904
0.3320423662662506
0.17456761002540588
0.20355598628520966
0.2453663945198059
0.37866029143333435
0.33430036902427673
0.20683042705059052
0.2940360903739929
0.1548553854227066
0.2769623100757599
0.15034671127796173
0.2385389357805252
0.2538836598396301
0.8552101254463196
0.8447938561439514
0.6263687014579773
0.3229222595691681
0.6014785170555115
0.5958097577095032
0.17030282318592072
0.18006056547164917
0.3740350008010864
0.19263115525245667
0.048049744218587875
0.0553014911711216
0.07423770427703857
0.08929144591093063
0.04956405237317085
0.035634029656648636
0.10113894939422607
0.1788204312324524
0.3176771104335785
0.12666375935077667
0.11390362679958344
0.11015147715806961
0.20418599247932434
0.28307580947875977
0.1544686108827591
0.3195493221282959
0.3780604898929596
0.473945677280426
0.341181218624115
0.2769224941730499
0.689012348651886
0.545409083366394
0.2764109671115875
0.3661513328552246
0.4137881100177765
0.47867658734321594
0.396019846200943
0.5822062492370605
0.543182373046875
0.5653402805328369
0.8282802104949951
