0.41428840160369873
0.06641397625207901
0.178731307387352
0.1809709221124649
0.49122074246406555
0.1965784728527069
0.698480486869812
0.4405820071697235
0.8623639941215515
0.8537871241569519
0.7005599141120911
0.8998296856880188
0.823331892490387
0.5878310799598694
0.5189339518547058
0.20410758256912231
0.45397934317588806
0.10987213999032974
0.04426359012722969
0.13108289241790771
0.034171510487794876
0.15794327855110168
0.2377973198890686
0.08572276681661606
0.15401825308799744
0.25909164547920227
0.20992982387542725
0.4246451258659363
0.16290074586868286
0.4353555738925934
0.3790029287338257
0.3177555501461029
0.17000997066497803
0.20565874874591827
0.39252257347106934
0.190326988697052
0.32705309987068176
0.14679725468158722
0.47009891271591187
0.14479751884937286
0.18944674730300903
0.10089295357465744
0.43245479464530945
0.43689191341400146
0.3060879111289978
0.6077387928962708
0.4230811297893524
0.7041042447090149
0.3414174020290375
0.29011109471321106
0.6777393817901611
0.7536031603813171
0.6270779967308044
0.422670841217041
0.4010879099369049
0.1909211128950119
0.22582827508449554
0.18161813914775848
0.3049946427345276
0.22693583369255066
0.116123728454113
0.3173590302467346
0.20556551218032837
0.22865420579910278
0.26558196544647217
0.3018198609352112
0.3227009177207947
0.327053040266037
0.32918715476989746
0.3284679651260376
0.5363729596138
0.510607123374939
0.8191267848014832
0.8698490262031555
0.8422060012817383
0.8374104499816895
0.6224319934844971
0.6048305630683899
0.3711230158805847
0.3546244204044342
0.08993640542030334
0.3599364459514618
0.16341277956962585
0.04565180093050003
0.3188120424747467
0.13401448726654053
0.1097601056098938
0.04594840109348297
0.1327364146709442
0.09962014853954315
0.09795685857534409
0.17958350479602814
0.2056942731142044
0.12644299864768982
0.06725358217954636
0.11179065704345703
0.215814471244812
0.09593072533607483
0.25268813967704773
0.22141914069652557
0.11906846612691879
0.14478826522827148
0.15153317153453827
0.2994338572025299
0.4105522334575653
0.37643852829933167
0.6973236799240112
0.6838259696960449
0.8041043281555176
0.9081676602363586
0.6501737833023071
0.7934528589248657
0.8920205235481262
0.8010988831520081
0.8179877400398254
0.75368332862854
0.5647028088569641
0.30264610052108765
0.44247162342071533
0.2825716733932495
0.16612066328525543
0.2995541989803314
0.2359286993741989
0.29748907685279846
0.4588702619075775
0.6549137234687805
0.6425557732582092
0.299663245677948
0.4942474961280823
0.5188575983047485
0.3977656066417694
0.3702241778373718
0.4752275049686432
0.20296770334243774
0.12320666760206223
0.09122297912836075
0.3111650049686432
0.09258465468883514
0.048503369092941284
0.17444480955600739
0.21937792003154755
0.21402211487293243
0.1103329062461853
0.14613258838653564
0.07428743690252304
0.26242795586586
0.16803069412708282
0.14258243143558502
0.06915999948978424
0.12468262761831284
0.04416920989751816
0.0678609311580658
0.17526428401470184
0.28135228157043457
0.3200196623802185
0.473452091217041
0.5350204706192017
0.5673277974128723
0.5037419199943542
0.49644502997398376
0.253775417804718
0.10544821619987488
0.08792878687381744
0.02524670585989952
0.06529799848794937
0.05447476729750633
0.06086483225226402
0.06678786873817444
0.31147921085357666
0.31571847200393677
0.2380845546722412
0.2591577470302582
0.16097475588321686
0.12314379215240479
0.2748814821243286
0.27905452251434326
0.29601868987083435
0.2127535045146942
0.17297255992889404
0.3538118898868561
0.11988862603902817
0.15207220613956451
0.1499854177236557
0.18327651917934418
0.20001518726348877
0.24654513597488403
0.20000146329402924
0.43016237020492554
0.16648371517658234
0.13421940803527832
0.11169596761465073
0.16908620297908783
0.09521990269422531
0.15796826779842377
0.06598281860351562
0.08390796929597855
0.091506727039814
0.13298004865646362
0.2572997212409973
0.14920416474342346
0.20576238632202148
0.22299377620220184
0.1915857344865799
0.2225288301706314
0.14373037219047546
0.25202736258506775
0.2949661910533905
0.1947692185640335
0.22570951282978058
0.179930180311203
0.10669814795255661
0.18773970007896423
0.1621112823486328
0.30419158935546875
0.3348095417022705
0.5487602949142456
0.6108613610267639
0.7562721967697144
0.7563108801841736
0.3763801157474518
0.3748396933078766
0.14120332896709442
0.3826276957988739
0.3963664472103119
0.35019636154174805
0.23719583451747894
0.2604849636554718
0.23051616549491882
0.26134079694747925
0.18204505741596222
0.22531059384346008
0.250135600566864
0.20463648438453674
0.16158509254455566
0.23341934382915497
0.13582375645637512
0.34440937638282776
0.4744803011417389
0.3974207937717438
0.4538492262363434
0.5213869214057922
0.4311210811138153
0.5167630314826965
0.2825426161289215
0.34315672516822815
0.23501835763454437
0.17678344249725342
0.22786296904087067
0.2535586357116699
0.13189701735973358
0.18401144444942474
0.22782856225967407
0.19702984392642975
0.1472034901380539
0.14197438955307007
0.07858356833457947
0.04885827749967575
0.03639847785234451
0.11413926631212234
0.04681571200489998
0.04516671225428581
0.13926668465137482
0.11529967933893204
0.14717574417591095
0.12396853417158127
0.16105473041534424
0.1588105410337448
0.16188263893127441
0.17046836018562317
0.11533399671316147
0.2543855905532837
0.29959407448768616
0.30694708228111267
0.22501426935195923
0.6040279865264893
0.37713462114334106
0.5794106721878052
0.5013387799263
0.3736334443092346
0.3130599856376648
0.13943862915039062
0.2842532694339752
0.21109241247177124
0.4110868275165558
0.30347999930381775
0.6499010920524597
0.47853031754493713
0.757891833782196
0.5954059362411499
0.5268656611442566
0.7073132395744324
0.4454062879085541
0.6043142676353455
0.33840036392211914
0.3640931248664856
0.3349412977695465
0.37154966592788696
0.2293466180562973
0.3493025600910187
0.30135679244995117
0.1110478863120079
0.3483218848705292
0.3973607122898102
0.272895872592926
0.24796059727668762
0.5771840214729309
0.33031052350997925
0.3044756352901459
0.1223740205168724
0.05884909629821777
0.06827917695045471
0.11505484580993652
0.05109236761927605
0.19451765716075897
0.16289789974689484
0.15679512917995453
0.11318657547235489
0.10710930079221725
0.05539625510573387
0.03659156337380409
0.07530995458364487
0.1084471270442009
0.1907784640789032
0.19423024356365204
0.12422607839107513
