0.22580678761005402
0.5233933329582214
0.491869181394577
0.45068359375
0.5293883681297302
0.6169256567955017
0.7167933583259583
0.767874538898468
0.6782670021057129
0.7852441072463989
0.7873997092247009
0.8656380772590637
0.5131023526191711
0.6078991889953613
0.1933956891298294
0.5906492471694946
0.3143104612827301
0.27910318970680237
0.5307115316390991
0.2967074513435364
0.6456292867660522
0.5407793521881104
0.7909029722213745
0.8347814679145813
0.7339457273483276
0.7313345074653625
0.6281084418296814
0.5757864117622375
0.5754521489143372
0.29557767510414124
0.4470379054546356
0.288274347782135
0.40103983879089355
0.3042914569377899
0.3438664376735687
0.3165924847126007
0.3879050016403198
0.17221936583518982
0.33437785506248474
0.3483428657054901
0.33030444383621216
0.2804790437221527
0.2750185430049896
0.4430067241191864
0.45943397283554077
0.34263965487480164
0.2980545163154602
0.27462464570999146
0.44039157032966614
0.47784730792045593
0.6442479491233826
0.4529974162578583
0.6162262558937073
0.45576122403144836
0.6747775673866272
0.6373459100723267
0.5750515460968018
0.5466535687446594
0.3817192018032074
0.2308901697397232
0.3764680027961731
0.4751288592815399
0.5548439025878906
0.6842131018638611
0.61260986328125
0.5924145579338074
0.5214430689811707
0.6325902938842773
0.583210289478302
0.7414074540138245
0.7232632040977478
0.7419434785842896
0.6572098731994629
0.6286597847938538
0.78158038854599
0.746444046497345
0.7606109380722046
0.7605145573616028
0.7090352773666382
0.700483500957489
0.5789889097213745
0.5837877988815308
0.3629359006881714
0.5687927603721619
0.5287183523178101
0.5274444222450256
0.7003883719444275
0.7559778094291687
0.8849530816078186
0.8787628412246704
0.6995822191238403
0.7491702437400818
0.7748644948005676
0.7799138426780701
0.5315494537353516
0.6036191582679749
0.5422361493110657
0.33700451254844666
0.4451904296875
0.3731933832168579
0.5852262377738953
0.31006351113319397
0.5920355916023254
0.6653710603713989
0.49668705463409424
0.4508056640625
0.6310956478118896
0.6209313273429871
0.4489361345767975
0.6696780920028687
0.6654685139656067
0.40851709246635437
0.3600137531757355
0.5719348192214966
0.561776340007782
0.2617882490158081
0.41015222668647766
0.47709888219833374
0.38442230224609375
0.26069390773773193
0.31124481558799744
0.4154599905014038
0.2945583760738373
0.2414226531982422
0.26014700531959534
0.39277854561805725
0.4626407027244568
0.3848719298839569
0.40964263677597046
0.4904005229473114
0.5687502026557922
0.6343067288398743
0.5924413204193115
0.5355194211006165
0.674343466758728
0.5578299164772034
0.6676725149154663
0.6783952116966248
