0.8584789037704468
0.6265975832939148
0.3761330842971802
0.4461393356323242
0.6196575164794922
0.76530921459198
0.6505401730537415
0.6206305623054504
0.8224066495895386
0.8834865093231201
0.7810643315315247
0.6003320813179016
0.8600950837135315
0.9068664908409119
0.8057592511177063
0.8121103048324585
0.8098388910293579
0.6705889701843262
0.7308745384216309
0.6934208869934082
0.711384117603302
0.8197165727615356
0.728218674659729
0.7100850343704224
0.7489924430847168
0.8365570306777954
0.7757890820503235
0.7264904379844666
0.7966272234916687
0.7220737934112549
0.8125884532928467
0.7536757588386536
0.794677197933197
0.6720985174179077
0.6669096350669861
0.7358338236808777
0.5531934499740601
0.7603718638420105
0.7153432965278625
0.7925884127616882
0.884706437587738
0.7091121077537537
0.7762405276298523
0.7494816184043884
