0.5561980605125427
0.6077501773834229
0.784837543964386
0.7678710222244263
0.771021842956543
0.657470166683197
0.5984750986099243
0.608393132686615
0.27594080567359924
0.8332849740982056
0.8467838764190674
0.7080569267272949
0.6734248399734497
0.7916500568389893
0.6079278588294983
0.8617536425590515
0.8000914454460144
0.7542237043380737
0.599245011806488
0.7142156958580017
0.7162424921989441
0.7750071883201599
0.8470290303230286
0.679061770439148
0.7454919815063477
0.7526294589042664
0.4531717896461487
0.5330019593238831
0.3214761018753052
0.4138130247592926
0.4970170259475708
0.448549747467041
0.33139923214912415
0.5393368005752563
0.19259805977344513
0.5306128263473511
0.6462700366973877
0.7301123738288879
0.8190266489982605
0.7102981805801392
0.844190239906311
0.8794180154800415
0.8987144827842712
0.8335381746292114
0.8391497731208801
0.9192497730255127
0.8283067345619202
0.7473066449165344
0.23337718844413757
0.5269069671630859
0.16872696578502655
0.492805540561676
0.27201053500175476
0.31819868087768555
0.4867279827594757
0.4191879332065582
0.5668293833732605
0.5739294290542603
0.8049454092979431
0.7031980752944946
0.7807509303092957
0.8292141556739807
0.8746565580368042
0.8199976086616516
0.7012752294540405
0.8207510709762573
0.8511075973510742
0.7943444848060608
0.8064471483230591
