0.604478120803833
0.7443332672119141
0.3936011493206024
0.5989208221435547
0.2536380887031555
0.8248065114021301
0.868121325969696
0.6896244883537292
0.8273958563804626
0.6837260127067566
0.7372605800628662
0.8364248275756836
0.8358712792396545
0.7614105939865112
0.7025123238563538
0.7886037826538086
0.47850683331489563
0.33298033475875854
0.5056703686714172
0.6950439214706421
0.7535372376441956
0.4987606108188629
0.49353471398353577
0.7207869291305542
0.28039291501045227
0.7459685206413269
0.5654647946357727
0.7363389730453491
0.6804051995277405
0.7152854204177856
0.8399124145507812
0.8567492365837097
0.8269959092140198
0.9000008702278137
0.9193810224533081
0.7523505091667175
0.688808023929596
0.30260923504829407
0.6240647435188293
0.42566028237342834
0.6336579918861389
0.6774048805236816
0.7085008025169373
0.6180995106697083
0.4780992865562439
0.8028221130371094
0.7356417775154114
0.8353562951087952
0.8663378357887268
0.9208276867866516
0.8831901550292969
0.6400413513183594
0.7068269848823547
0.707879364490509
0.7483739852905273
0.6831700205802917
0.7743147611618042
