0.5066364407539368
0.6039339303970337
0.4483380913734436
0.3798385262489319
0.37842994928359985
0.4875434339046478
0.46774059534072876
0.5095449686050415
0.5859835743904114
0.6275046467781067
0.6259027719497681
0.7013766765594482
0.6200990080833435
0.8290364146232605
0.7949676513671875
0.760761559009552
0.9049363732337952
0.7937699556350708
0.7123292088508606
0.6383900046348572
0.6737645864486694
0.48016002774238586
0.6301644444465637
0.6936997771263123
0.6791558265686035
0.5767862200737
0.8497114777565002
0.46289438009262085
0.8659490346908569
0.627659022808075
0.791753888130188
0.5986321568489075
0.7147939801216125
0.7180483937263489
0.7220925092697144
0.6326955556869507
0.6654669046401978
0.6553874611854553
0.5112612247467041
0.4699181914329529
0.6835733652114868
0.734119176864624
0.8139991760253906
0.5847697854042053
0.8635291457176208
0.3209598958492279
0.7479037046432495
0.6151108145713806
0.7682926058769226
0.710972249507904
0.7619631886482239
0.6824867725372314
0.7141835689544678
0.5196951031684875
0.6670120358467102
0.7047247290611267
0.7749804258346558
0.7275403141975403
0.5299757122993469
0.5270227789878845
0.38813579082489014
0.4855109751224518
0.4286858141422272
0.3744446337223053
0.6576574444770813
0.5454431176185608
0.3819040358066559
0.5333777070045471
0.5414080023765564
0.21222515404224396
0.3862987756729126
0.21672125160694122
0.5232416987419128
0.545161247253418
0.4572336971759796
0.6548082232475281
0.5070017576217651
0.5018900036811829
0.2921489179134369
0.34930863976478577
0.7694547772407532
0.7690092325210571
0.792407214641571
0.7932092547416687
0.5697386860847473
0.561424970626831
0.501970112323761
0.5768173336982727
0.47128793597221375
0.5343896150588989
0.36285272240638733
0.36037513613700867
0.4799964725971222
0.6589916944503784
0.34318459033966064
0.6901441216468811
0.46712854504585266
0.5982545018196106
0.3253736197948456
0.4900452196598053
0.505815327167511
0.4738379716873169
0.3990217447280884
0.4045623540878296
0.31347981095314026
0.3659859001636505
0.35306164622306824
0.48662716150283813
0.48468896746635437
0.5377621054649353
0.5026499629020691
0.75115567445755
0.28458261489868164
0.45574018359184265
0.3213464021682739
0.5343087911605835
0.47508710622787476
0.5134903192520142
0.5269622802734375
0.4551387429237366
0.4845457077026367
0.4054489731788635
0.5330703854560852
0.4354046881198883
0.27659842371940613
0.25526484847068787
0.12280981987714767
0.31294625997543335
0.2732784152030945
