0.05579305440187454
0.1547917127609253
0.13242124021053314
0.026192093268036842
0.11274753510951996
0.19230681657791138
0.07276253402233124
0.03362002223730087
0.25741609930992126
0.2581406533718109
0.21893084049224854
0.428413063287735
0.3767116963863373
0.4220964014530182
0.29311540722846985
0.3410039246082306
0.14475953578948975
0.24739333987236023
0.2203562706708908
0.1882232278585434
0.07865909487009048
0.533710777759552
0.1887395679950714
0.43493035435676575
0.4501008987426758
0.3118983209133148
0.3982751667499542
0.4244344234466553
0.2466098815202713
0.5789993405342102
0.48873552680015564
0.6203890442848206
0.6911891102790833
0.3599017262458801
0.32956400513648987
0.6078818440437317
0.6053215861320496
0.8024550676345825
0.7107437252998352
0.2545190751552582
0.4975229501724243
0.1968444287776947
0.3660062849521637
0.23675642907619476
0.26129499077796936
0.5433074831962585
0.2279806137084961
0.30004775524139404
0.11936734616756439
0.14399626851081848
0.12331695109605789
0.08566144853830338
0.18608231842517853
0.04894699528813362
0.21872113645076752
0.24452124536037445
0.45644909143447876
0.1314702332019806
0.3548559546470642
0.05669212341308594
0.35449790954589844
0.8153669834136963
0.21727842092514038
0.6819118857383728
0.6654362082481384
0.3686918616294861
0.17888794839382172
0.3763810992240906
0.37199774384498596
0.2810329496860504
0.5418158769607544
0.2907381057739258
0.6760650277137756
0.3731476068496704
0.6140204668045044
0.47058936953544617
0.545430600643158
0.3132690489292145
0.6183298230171204
0.31029608845710754
0.6414740085601807
0.30459973216056824
0.5725566148757935
0.3051132261753082
0.14392346143722534
0.4578758776187897
0.6279028654098511
0.20107851922512054
0.6215095520019531
0.5423170328140259
0.3212907016277313
0.46984365582466125
0.19282640516757965
0.24350564181804657
0.09793609380722046
0.10645636171102524
0.09017661958932877
0.2950444519519806
0.16463419795036316
0.0625527873635292
0.2712509334087372
0.41529354453086853
0.19772054255008698
0.15824979543685913
0.43539878726005554
0.07134459167718887
0.10843300819396973
0.17075224220752716
0.08328428864479065
0.11175905168056488
0.05668475851416588
0.028415394946932793
0.037094537168741226
0.034156493842601776
0.06085925176739693
0.13404633104801178
0.1619166135787964
0.09321088343858719
0.15242215991020203
0.0959797203540802
0.2588156759738922
0.1250576227903366
0.1444825679063797
0.14783182740211487
0.4876420795917511
0.26660090684890747
0.405623197555542
0.32049861550331116
0.3044854700565338
0.36269649863243103
0.26402631402015686
0.3403879702091217
0.3338930308818817
0.8079108595848083
0.6227920651435852
0.5442153811454773
0.646415650844574
0.6394709348678589
0.4885627329349518
0.5257994532585144
0.528631329536438
0.5087229609489441
0.5053033828735352
0.5545303225517273
0.3982108533382416
0.44205421209335327
0.247197687625885
0.3693861663341522
0.17263531684875488
0.30446869134902954
0.15381614863872528
0.162213996052742
0.47419336438179016
0.2725273668766022
0.4540165364742279
0.22056029736995697
0.1956631988286972
0.3624397814273834
0.14928193390369415
0.39006006717681885
0.43776991963386536
