0.15078355371952057
0.10338220745325089
0.01091326866298914
0.007227640133351088
0.004020676016807556
0.008625737391412258
0.005356690380722284
0.005044741090387106
0.014419429935514927
0.14462797343730927
0.27271610498428345
0.10039414465427399
0.06520120054483414
0.07900408655405045
0.015079771168529987
0.02966107614338398
0.024421272799372673
0.03108036145567894
0.13299696147441864
0.08924386650323868
0.07678834348917007
0.03791284188628197
0.1916254758834839
0.28683534264564514
0.2437918782234192
0.12699685990810394
0.2830280661582947
0.18228554725646973
0.6018311977386475
0.5363720059394836
0.5846375226974487
0.24091365933418274
0.542384684085846
0.4874371588230133
0.5265684723854065
0.844636082649231
0.6084297299385071
0.7041292786598206
0.8024566173553467
0.48082488775253296
0.3949296176433563
0.21564656496047974
0.2607746124267578
0.14509700238704681
0.3692103326320648
0.1352541744709015
0.5460048913955688
0.3392893373966217
0.0285788644105196
0.3583322763442993
0.7190980911254883
0.19351932406425476
0.0639244094491005
0.749980628490448
0.7926549911499023
0.06983482092618942
0.24676036834716797
0.866448700428009
0.6861341595649719
0.05329924076795578
0.4549349844455719
0.7949658036231995
0.6883470416069031
0.4081729054450989
0.6807828545570374
0.49802860617637634
0.5019749999046326
0.680679976940155
0.5496392250061035
0.28567981719970703
0.22183188796043396
0.0844079926609993
0.03730994090437889
0.05275087431073189
0.007088302168995142
0.008557704277336597
0.006080175284296274
0.006989656947553158
0.016669562086462975
0.04808671772480011
0.013832087628543377
0.006258389446884394
0.0015870131319388747
0.0049249837175011635
0.003387394594028592
0.021276559680700302
0.03798362612724304
0.08178919553756714
0.0839652493596077
0.10119040310382843
0.08058413863182068
0.19962087273597717
0.0477902926504612
0.06999359279870987
0.36641326546669006
0.29949745535850525
0.015214932151138783
0.04936010390520096
0.07809893786907196
0.28034743666648865
0.34832707047462463
0.14874032139778137
0.4337274730205536
0.4374407231807709
0.056378815323114395
0.09158719331026077
0.19973669946193695
0.10649118572473526
0.09405652433633804
0.18488441407680511
0.2522318363189697
0.09078297764062881
0.3474736511707306
0.30725350975990295
0.12585748732089996
0.20607908070087433
0.12464216351509094
0.2419673353433609
0.27628952264785767
0.37575477361679077
0.048388369381427765
0.37025588750839233
0.2860738933086395
0.12387692928314209
0.03988221287727356
0.05036376789212227
0.05723508074879646
0.2738172709941864
0.17646417021751404
0.34984061121940613
0.1192249208688736
0.252482533454895
0.08182824403047562
0.0037111814599484205
0.005370063241571188
0.019562894478440285
0.02824772149324417
0.0032767050433903933
0.07125097513198853
0.1338154524564743
0.03947294503450394
0.04190691187977791
0.12588371336460114
0.3932953476905823
0.14335571229457855
0.2222096174955368
0.04132992774248123
0.03135594353079796
0.1523142158985138
0.03871120885014534
0.043559685349464417
0.01572226919233799
0.08665592968463898
0.0361984521150589
0.01286917831748724
0.042099978774785995
0.022245682775974274
0.012173228897154331
0.00370335322804749
0.0011170214274898171
0.002065336098894477
0.002706031547859311
0.0019737654365599155
0.00222424091771245
0.012444233521819115
0.009082322008907795
0.016018301248550415
0.03194255009293556
0.324758380651474
0.3606174886226654
0.22388501465320587
0.3788377046585083
0.0321001335978508
0.2508895993232727
0.10737117379903793
0.024730471894145012
0.007953048683702946
0.0025036470033228397
0.01107696257531643
0.053503599017858505
0.029283149167895317
0.0061867013573646545
0.006651280913501978
0.018331345170736313
0.05847375467419624
0.004090392030775547
0.02167990431189537
0.011559230275452137
0.028452608734369278
0.05487370863556862
0.1046934574842453
0.431963711977005
0.23408807814121246
0.2566560208797455
0.07991499453783035
0.053696177899837494
0.02011975087225437
0.027023548260331154
0.14759093523025513
0.018465889617800713
0.010466580279171467
0.08875439316034317
0.15374387800693512
0.049910593777894974
0.07420405000448227
0.028880516067147255
0.012654748745262623
0.05063600838184357
0.031875088810920715
0.01142823789268732
0.011254419572651386
0.004461762961000204
0.0333862341940403
0.010027146898210049
0.0869349017739296
0.08336888253688812
0.02850867249071598
0.012879417277872562
0.06949328631162643
0.29317066073417664
0.1220753863453865
0.36269131302833557
0.7854189276695251
0.5293888449668884
0.7898962497711182
0.7509101629257202
0.6746294498443604
0.2671486437320709
0.11888505518436432
0.013446307741105556
0.005655027460306883
0.0073579759337008
0.006622808985412121
0.015374932438135147
0.07190165668725967
0.15191064774990082
0.07216278463602066
0.0149519182741642
0.04794137552380562
0.15860149264335632
0.08838532119989395
0.06436605006456375
0.2985014319419861
0.22260496020317078
0.1596747487783432
0.21229392290115356
0.384780615568161
0.20693500339984894
0.07785812020301819
0.230416402220726
0.058284562081098557
0.10022381693124771
0.04023807868361473
0.10841488093137741
0.12127016484737396
0.07037113606929779
0.30720916390419006
0.08704116940498352
0.0548078715801239
0.16650010645389557
0.023493371903896332
0.05248488113284111
0.04464041069149971
0.05811113864183426
0.08635371923446655
0.089730404317379
0.36099115014076233
0.264805406332016
0.20538003742694855
0.17660976946353912
0.3557066321372986
0.11504426598548889
0.3817882537841797
0.3374568521976471
0.27336448431015015
0.12195903807878494
0.12446098774671555
0.05685878545045853
0.05015994608402252
0.05973111465573311
0.05913208797574043
0.11707598716020584
0.051013972610235214
0.19047784805297852
0.10234837979078293
0.027838876470923424
0.09824027866125107
0.12384627014398575
0.1324065923690796
0.1452304571866989
0.019739815965294838
0.03570010885596275
0.09900972247123718
0.062061555683612823
0.2589418888092041
0.17889906466007233
0.5319326519966125
0.29470768570899963
0.1012488454580307
0.15756180882453918
0.49163204431533813
0.28547725081443787
0.38523387908935547
0.6690227389335632
0.8465203046798706
0.49465444684028625
0.6789982914924622
0.7853915691375732
0.8750579357147217
0.8879993557929993
0.921904444694519
0.838320791721344
0.5298490524291992
0.8176261186599731
0.697502851486206
0.6327479481697083
0.7107811570167542
0.5399946570396423
0.18978656828403473
0.31473129987716675
0.7094491124153137
0.5922625660896301
0.2952670156955719
0.38014155626296997
0.7051378488540649
0.7081443667411804
0.689291775226593
0.7275450825691223
0.5620509386062622
0.803795337677002
0.7460497617721558
0.5497452616691589
0.4764103293418884
0.45649996399879456
0.3933745324611664
0.38119423389434814
0.42078304290771484
0.797230064868927
0.46454620361328125
0.2701852321624756
0.3912328779697418
0.28031983971595764
0.2768327295780182
0.4268570840358734
0.6905623078346252
0.5290157198905945
0.6303473711013794
0.44179731607437134
0.6483928561210632
0.33336135745048523
0.8481510281562805
0.7724940180778503
0.8628931045532227
0.8965879082679749
0.8327448964118958
0.8905429840087891
0.9539278149604797
0.9375144243240356
0.9769759774208069
0.9208812713623047
0.8369143605232239
0.8702125549316406
0.834299623966217
0.5984262228012085
0.6764863133430481
0.7768058776855469
0.36973801255226135
0.5008786916732788
0.4453229010105133
0.3432074785232544
0.251239150762558
0.46443191170692444
0.23982660472393036
0.12112811952829361
0.08349002152681351
0.42068567872047424
0.4287842810153961
0.07673961669206619
0.36663001775741577
0.30019327998161316
0.061301443725824356
0.10003829002380371
0.39893537759780884
0.0734228640794754
0.032051220536231995
0.16094215214252472
0.13383905589580536
0.10581526160240173
0.15069976449012756
0.18871410191059113
0.27904582023620605
0.26919540762901306
0.16985806822776794
0.1691369265317917
0.08137247711420059
0.038574960082769394
0.22384575009346008
0.035289399325847626
0.07357335835695267
0.11262186616659164
0.2326408177614212
0.11749699711799622
0.07765856385231018
0.28957414627075195
0.20355957746505737
0.30418500304222107
0.5156521201133728
0.1052323654294014
0.035603396594524384
0.23526443541049957
0.42465999722480774
0.07921415567398071
0.02351680025458336
0.1443689912557602
0.2166188359260559
0.1692701280117035
0.16453218460083008
0.18172240257263184
0.1379363238811493
0.03394239395856857
0.10495983064174652
0.12108664959669113
0.14453823864459991
0.29344141483306885
0.3200511038303375
0.32313618063926697
0.3736201822757721
0.1479504257440567
0.05931760370731354
0.010043133050203323
0.06246902421116829
0.008421015925705433
0.003554760245606303
0.006774948909878731
0.0298836138099432
0.005184061825275421
0.0012164771324023604
0.00166006397921592
0.010662701912224293
0.004279760643839836
0.014282220043241978
0.020372796803712845
0.04607025161385536
0.02488093264400959
0.05413296818733215
0.09138771146535873
0.09733948111534119
0.14054644107818604
0.10201755911111832
0.09525968879461288
0.3749813139438629
0.1560109555721283
0.2639991044998169
0.33275681734085083
0.31267085671424866
0.24258653819561005
0.16188032925128937
0.16706474125385284
0.13223914802074432
0.07998383045196533
0.26056045293807983
0.14236900210380554
0.2354755401611328
0.7237213253974915
0.3440442681312561
0.16301147639751434
0.6070589423179626
0.567141592502594
0.28796669840812683
0.6882944107055664
0.8700999021530151
0.8023173213005066
0.4542219340801239
0.5964177250862122
0.6036914587020874
0.5345787405967712
0.600483775138855
0.7700290679931641
0.45698827505111694
0.5420269966125488
0.6846799254417419
0.8939196467399597
0.43706679344177246
0.5551112294197083
0.6716529726982117
0.9076771140098572
0.6543909907341003
0.6722530126571655
0.5031665563583374
