0.2118440717458725
0.26257434487342834
0.39882758259773254
0.3857986629009247
0.22102090716362
0.340740829706192
0.6851842999458313
0.4448385238647461
0.15614119172096252
0.7260156869888306
0.6941851377487183
0.2952541708946228
0.631227970123291
0.8497695326805115
0.7734717130661011
0.7521193027496338
0.7012277841567993
0.4861210882663727
0.5276927947998047
0.4873632490634918
0.1627102643251419
0.20566490292549133
0.2049453854560852
0.1660715490579605
0.09542074799537659
0.21366555988788605
0.23940981924533844
0.12103564292192459
0.0841497927904129
0.12565219402313232
0.3076663315296173
0.09947296977043152
0.15170502662658691
0.20236314833164215
0.24279114603996277
0.4216972887516022
0.543860673904419
0.6622276902198792
0.3027893304824829
0.6550467610359192
0.7307286858558655
0.37430277466773987
0.17183731496334076
0.6753292083740234
0.5567581653594971
0.13694486021995544
0.31073862314224243
0.6667168736457825
0.5170380473136902
0.3754061162471771
0.20728500187397003
0.3172760605812073
0.5097894668579102
0.22507765889167786
0.4711049497127533
0.5823476910591125
0.41192522644996643
0.35052862763404846
0.7324110865592957
0.6553063988685608
0.31083598732948303
0.42953410744667053
0.5994142889976501
0.5146325826644897
0.23645628988742828
0.5578203201293945
0.6360782980918884
0.29350849986076355
0.3562602400779724
0.35885173082351685
0.36383524537086487
0.31338992714881897
0.39836016297340393
0.5575502514839172
0.28808504343032837
0.2267576903104782
0.5054582953453064
0.23385313153266907
0.25327226519584656
0.2978476583957672
0.5194295048713684
0.3218291401863098
0.23044279217720032
0.36011090874671936
0.2982690930366516
0.22384704649448395
0.07546097040176392
0.3140043616294861
0.13697780668735504
0.22018693387508392
0.10789978504180908
0.18081356585025787
0.11918466538190842
0.08890943974256516
0.15822653472423553
0.17129984498023987
0.13229767978191376
0.056487634778022766
0.13609206676483154
0.13978774845600128
0.16435647010803223
0.14688438177108765
0.12424816191196442
0.09658316522836685
0.16378188133239746
0.15263862907886505
0.14838750660419464
0.1298278123140335
0.24492409825325012
0.26367446780204773
0.2549775242805481
0.5280659794807434
0.28890374302864075
0.3055812418460846
0.2592402994632721
0.6913096904754639
0.30725112557411194
0.2054397463798523
0.5601810812950134
0.40720266103744507
0.1269041895866394
0.13274507224559784
0.6480979919433594
0.23171751201152802
0.1327083706855774
0.5941597819328308
0.4568747580051422
0.28415805101394653
0.20877905189990997
0.6922586560249329
0.3409005105495453
0.21633826196193695
0.36152440309524536
0.3055400848388672
0.3005684018135071
0.3108329474925995
0.48204341530799866
0.42588043212890625
0.10791525989770889
0.23792940378189087
0.3585166931152344
0.2711564600467682
0.24021108448505402
0.08706898987293243
0.4020768404006958
0.2210821509361267
0.23278900980949402
0.348357230424881
0.36147817969322205
0.3295057713985443
0.17643706500530243
0.4811910092830658
0.19087432324886322
0.37809625267982483
0.164992555975914
0.25961002707481384
0.19203899800777435
0.41356441378593445
0.4737270176410675
0.4747789204120636
0.35534611344337463
0.34367895126342773
0.5823531746864319
0.6547876000404358
0.7237575054168701
0.3498417139053345
0.4755428731441498
0.56318598985672
0.45232152938842773
0.3357238173484802
0.5681150555610657
0.7188736796379089
0.45667701959609985
0.2551133632659912
0.5557884573936462
0.4012735188007355
0.37845340371131897
0.3052036464214325
0.6875881552696228
0.5893629789352417
0.6009928584098816
0.32855024933815
0.3060580790042877
0.2690877914428711
0.2794596254825592
0.3913983404636383
0.16525180637836456
0.2943485379219055
0.3692559003829956
0.5078871846199036
0.22351594269275665
0.45993730425834656
0.4130003750324249
0.3499961495399475
0.6267513632774353
0.5733181834220886
0.5067774653434753
0.4230285882949829
0.743466854095459
0.3882678747177124
0.6132841110229492
0.8069377541542053
0.7104868292808533
0.4702749252319336
0.6172496676445007
0.5536260008811951
0.5495344996452332
0.577329695224762
0.5609294176101685
0.7543683052062988
0.6347697377204895
0.617513120174408
0.4432986080646515
0.6720166802406311
0.7039320468902588
0.6095300316810608
0.5193837285041809
0.6867630481719971
0.6560357213020325
0.29379335045814514
0.5302520394325256
0.36984148621559143
0.25768184661865234
0.2654467523097992
0.10514820367097855
0.13568055629730225
0.14970093965530396
0.040715593844652176
0.04512876272201538
0.047548048198223114
0.027952024713158607
0.05260617285966873
0.022365564480423927
0.051423508673906326
0.0749996080994606
0.020385442301630974
0.05444004759192467
0.08073467761278152
0.06098037213087082
0.054467279464006424
0.10202101618051529
0.11632789671421051
0.08108021318912506
0.09733541309833527
0.08160927146673203
0.05088822543621063
0.0607847236096859
0.04547886922955513
0.06538315117359161
0.02494868077337742
0.04268934577703476
0.03371381759643555
0.02456364966928959
0.03449360653758049
0.06726421415805817
0.029748493805527687
0.00952842179685831
0.08398616313934326
0.0437060184776783
0.018527111038565636
0.02272212877869606
0.09112734347581863
0.04778095707297325
0.07328876107931137
0.0593506284058094
0.08981306850910187
0.09433869272470474
0.07539965957403183
0.09380348771810532
0.06456353515386581
0.07083825021982193
0.06254152208566666
0.01982617937028408
0.04504271224141121
0.03788306936621666
0.040585409849882126
0.030945146456360817
0.019428951665759087
0.010187742300331593
0.011716296896338463
0.015075125731527805
0.01917780376970768
0.015558896586298943
0.022961381822824478
0.03687576577067375
0.03372357040643692
0.04874797537922859
0.03690649941563606
0.025655589997768402
0.02172902226448059
0.04307570680975914
0.01746889390051365
0.01654459722340107
0.04284365102648735
0.009656770154833794
0.008568481542170048
0.015463029034435749
0.026088228449225426
0.013185575604438782
0.026304421946406364
0.05244988948106766
0.01696678064763546
0.014218447729945183
0.048986393958330154
0.040262553840875626
0.03860994055867195
0.028220094740390778
0.09704801440238953
0.054515182971954346
0.01776188425719738
0.036473311483860016
0.03876747563481331
0.024685479700565338
0.007617420516908169
0.020265020430088043
0.029859354719519615
0.025817209854722023
0.011873018927872181
0.014681513421237469
0.018266459926962852
0.007268819492310286
0.006327793933451176
0.00985642895102501
0.00809660367667675
0.004191182553768158
0.02497255615890026
0.010553463362157345
0.013259529136121273
0.019997837021946907
0.016341229900717735
0.03586661070585251
0.013371365144848824
0.012011288665235043
0.010675736702978611
0.03005264513194561
0.02231592871248722
0.0393318347632885
0.06405237317085266
0.09913620352745056
0.02970981039106846
0.09189391881227493
0.07095836102962494
0.0621296688914299
0.036371372640132904
0.045280952006578445
0.07276921719312668
0.022627361118793488
0.018867192789912224
0.009484144859015942
0.06770827621221542
0.020910026505589485
0.031046416610479355
0.05409839004278183
0.0223995391279459
0.017768995836377144
0.01941247470676899
0.027633996680378914
0.025879928842186928
0.02001623809337616
0.029112303629517555
0.020336294546723366
0.031400758773088455
0.035790879279375076
0.055445171892642975
0.075726218521595
0.029276225715875626
0.04985514655709267
0.08527011424303055
0.024531276896595955
0.036219727247953415
0.02992887608706951
0.035437390208244324
0.017745282500982285
0.03640791401267052
0.06643421947956085
0.0652606412768364
0.04903777316212654
0.11583755910396576
0.09627889841794968
0.06357833743095398
0.12462307512760162
0.06817832589149475
0.0856047123670578
0.10741720348596573
0.13971635699272156
0.12603242695331573
0.16610123217105865
0.10979874432086945
0.1564541608095169
0.2219058722257614
0.24430248141288757
0.2597585618495941
0.1526455283164978
0.22769124805927277
0.10759194195270538
0.1104106530547142
0.07945583015680313
0.16940942406654358
0.10695508867502213
0.07380476593971252
0.09281142055988312
0.09010837227106094
0.05466277524828911
0.10662192106246948
0.12216935306787491
0.10473626106977463
0.08359207957983017
0.09415457397699356
0.08758263289928436
0.08658391237258911
0.11672704666852951
0.13526391983032227
0.12713292241096497
0.05205183103680611
0.15050096809864044
0.10064321011304855
0.1410512775182724
0.12121294438838959
0.17812666296958923
0.1415092945098877
0.0685514509677887
0.19627033174037933
0.14768338203430176
0.22220471501350403
0.1724935621023178
0.2318229377269745
0.10436557233333588
0.185138538479805
0.32432255148887634
0.27169787883758545
0.14704428613185883
0.24497158825397491
0.21641215682029724
0.2132585048675537
0.15435601770877838
0.22351278364658356
0.32974088191986084
0.20365890860557556
0.29448091983795166
0.1809578835964203
0.2313808649778366
0.29868629574775696
0.23416757583618164
0.17372237145900726
0.3083973526954651
0.357982337474823
0.20076213777065277
0.22026099264621735
0.25767678022384644
0.2196483165025711
0.1309177577495575
0.23401764035224915
0.3704359829425812
0.2558898329734802
