0.24119268357753754
0.4307282269001007
0.367686003446579
0.21383847296237946
0.438806414604187
0.30865538120269775
0.43431100249290466
0.43087324500083923
0.22766871750354767
0.15943729877471924
0.3020137846469879
0.17438329756259918
0.2605559527873993
0.2282886505126953
0.2759331166744232
0.3036043643951416
0.314997136592865
0.29492008686065674
0.37507158517837524
0.4733182191848755
0.43680137395858765
0.46437326073646545
0.6147993206977844
0.4683373272418976
0.3767390549182892
0.16264519095420837
0.23733025789260864
0.22288934886455536
0.06090420484542847
0.21225832402706146
0.20677456259727478
0.15970724821090698
0.1978069245815277
0.11539620906114578
0.18677927553653717
0.10648863762617111
0.12913993000984192
0.12700499594211578
0.3479198217391968
0.20687712728977203
0.23913823068141937
0.502217710018158
0.3167763352394104
0.4170812964439392
0.2721009850502014
0.48181307315826416
0.4480198919773102
0.6310299038887024
0.5324946641921997
0.4508683979511261
0.839445948600769
0.5313310623168945
0.4733146131038666
0.5086765885353088
0.6678627133369446
0.532362699508667
0.46530231833457947
0.7303819060325623
0.5228322148323059
0.47625309228897095
0.4233066737651825
0.5087771415710449
0.613271176815033
0.6033333539962769
0.5443053841590881
0.40053078532218933
0.4460516571998596
0.5517552495002747
0.568178653717041
0.3054843544960022
0.5380006432533264
0.6764249205589294
0.6054011583328247
0.4356604218482971
0.6497339606285095
0.8465253114700317
0.6745975613594055
0.5563359260559082
0.8000869154930115
0.6047109961509705
0.5660889744758606
0.36657848954200745
0.48652368783950806
0.5265073180198669
0.3119072914123535
0.41227084398269653
0.4519496560096741
0.24345490336418152
0.3772468864917755
0.6823480725288391
0.29840102791786194
0.38172540068626404
0.4868524372577667
0.4485769271850586
0.6239408254623413
0.5127140283584595
0.26627466082572937
0.42046546936035156
0.4820846617221832
0.32488033175468445
0.4406907260417938
0.47508156299591064
0.38961783051490784
0.3984706699848175
0.5899330973625183
0.3891897201538086
0.44780948758125305
0.6945562958717346
0.5440406799316406
0.34144681692123413
0.28357994556427
0.5611269474029541
0.39666613936424255
0.36482954025268555
0.6264132857322693
0.5924785137176514
0.4300176799297333
0.6862110495567322
0.6187000274658203
0.5811852216720581
0.6488484740257263
0.7000282406806946
0.49161869287490845
0.42043793201446533
0.6271920800209045
0.6727199554443359
0.3948470950126648
0.20200689136981964
0.25691741704940796
0.4729125201702118
0.11685049533843994
0.41886723041534424
0.4905364215373993
0.41628387570381165
0.3649422526359558
0.18776388466358185
0.2764979600906372
0.26879826188087463
0.16408659517765045
0.1822032779455185
0.1946076899766922
0.16589413583278656
0.13991589844226837
0.18708916008472443
0.4300200045108795
0.1933310627937317
0.5075594782829285
0.2681650221347809
0.3446788489818573
0.2843664884567261
0.6537279486656189
0.5326478481292725
0.8123888373374939
0.5800812840461731
0.8575595617294312
0.6987279653549194
0.47351279854774475
0.4966471493244171
0.46829754114151
0.5397743582725525
0.36255040764808655
0.38811632990837097
0.20995451509952545
0.644595205783844
0.383468359708786
0.30545035004615784
0.5618319511413574
0.6027806997299194
0.35529202222824097
0.2212636023759842
0.7030948400497437
0.46322739124298096
0.2705621123313904
0.3201545774936676
0.6225983500480652
0.5171985030174255
0.4046538174152374
0.19462250173091888
0.5357502102851868
0.6167920827865601
0.420820415019989
0.36361852288246155
0.3729444146156311
0.31459367275238037
0.3184249699115753
0.5902402997016907
0.5522330403327942
0.33796146512031555
0.6222842335700989
0.7762218117713928
0.6314340233802795
0.23812562227249146
0.7643953561782837
0.8659746646881104
0.7166498899459839
0.7174133062362671
0.847886323928833
0.6234785914421082
0.4898395538330078
0.8691126108169556
0.7608334422111511
0.5146859288215637
0.4490036368370056
0.8802350163459778
0.7898330688476562
0.6849726438522339
0.8681381344795227
0.89613938331604
0.8153558373451233
0.7629898190498352
0.8816824555397034
0.8857693076133728
0.6368805766105652
0.7622544169425964
0.9093283414840698
0.8518654704093933
0.7222155332565308
0.6588575839996338
0.48782819509506226
0.5907040238380432
0.7215726971626282
0.703629732131958
0.7109478116035461
0.7155279517173767
0.5471685528755188
0.8075452446937561
0.6753178834915161
0.8196946382522583
0.8605578541755676
0.8244003653526306
0.8355916142463684
0.7986211776733398
0.7003659605979919
0.5146149396896362
0.6089159250259399
0.5078169703483582
0.40288105607032776
0.49478256702423096
0.5339213013648987
0.36577698588371277
0.24724970757961273
0.30080661177635193
