0.2222597599029541
0.3425709307193756
0.33398231863975525
0.29363372921943665
0.3751668632030487
0.29591187834739685
0.4291178286075592
0.2583109438419342
0.4685470163822174
0.16550977528095245
0.34074801206588745
0.5421258807182312
0.2755831778049469
0.24705123901367188
0.31154921650886536
0.32868072390556335
0.22623474895954132
0.30470260977745056
0.42687055468559265
0.4175528585910797
0.37117400765419006
0.2912142872810364
0.25884392857551575
0.18120741844177246
0.0695459246635437
0.08880637586116791
0.1885894387960434
0.11048810929059982
0.22037042677402496
0.0913006067276001
0.14516018331050873
0.23631927371025085
0.13192738592624664
0.088119275867939
0.1391277015209198
0.0824454128742218
0.14457523822784424
0.08564672619104385
0.17826949059963226
0.15245385468006134
0.1615416258573532
0.2316882610321045
0.22597286105155945
0.09974559396505356
0.17351657152175903
0.15848751366138458
0.2171168029308319
0.11018910259008408
0.07874458283185959
0.1176784560084343
0.15642566978931427
0.13150539994239807
0.05599331110715866
0.09916603565216064
0.13558344542980194
0.1560325175523758
0.1439538598060608
0.22209356725215912
0.22238633036613464
0.30792364478111267
0.18306563794612885
0.15407931804656982
0.14823861420154572
0.14600418508052826
0.24666783213615417
0.1858823299407959
0.0799708217382431
0.14036788046360016
0.24096859991550446
0.16870473325252533
0.18050622940063477
0.21263886988162994
0.15426945686340332
0.22337354719638824
0.1590873748064041
0.2968449294567108
0.5156607031822205
0.20841728150844574
0.1525833159685135
0.3337286710739136
0.3657390773296356
0.28622567653656006
0.4100254774093628
0.3207555115222931
0.3462653160095215
0.36864233016967773
0.296930730342865
0.4247466027736664
0.6954442858695984
0.3819921910762787
0.2549442946910858
0.6310044527053833
0.5260483026504517
0.4723489582538605
0.34764575958251953
0.695912778377533
0.5241667628288269
0.4308529794216156
0.6526654362678528
0.5090541839599609
0.5183069705963135
0.595394492149353
0.5109797716140747
0.43768078088760376
0.5405612587928772
0.6901306509971619
0.6445004343986511
0.3164450526237488
0.5952182412147522
0.7221383452415466
0.45733901858329773
0.3585202097892761
0.578728973865509
0.7932718992233276
0.8485903739929199
0.32343006134033203
0.4031948149204254
0.6394270658493042
0.3487836420536041
0.14387348294258118
0.31278711557388306
0.3743863105773926
0.13978415727615356
0.19916792213916779
0.2612541615962982
0.1553574502468109
0.17814333736896515
0.33030611276626587
0.1799008548259735
0.3531419336795807
0.34898990392684937
0.2681460976600647
0.16034704446792603
0.33443790674209595
0.24293099343776703
0.2349160760641098
0.29426711797714233
0.43303778767585754
0.16924861073493958
0.19544696807861328
0.16663192212581635
0.22085607051849365
0.24137242138385773
0.14413833618164062
0.2078046053647995
0.22240419685840607
0.16916610300540924
0.17386765778064728
0.1927364617586136
0.2089875191450119
0.19158576428890228
0.5121042728424072
0.38747015595436096
0.3118831217288971
0.32624366879463196
0.12579546868801117
0.28378188610076904
0.4407805800437927
0.23679561913013458
0.20461052656173706
0.32025066018104553
0.4318133592605591
0.1978439837694168
0.3831283748149872
0.26019689440727234
0.11034111678600311
0.2960755228996277
0.6003875136375427
0.3080052137374878
0.2409936636686325
0.34516641497612
0.4081505537033081
0.2528611719608307
0.09921598434448242
0.17169037461280823
0.06579943746328354
0.14880096912384033
0.12738485634326935
0.1168273314833641
0.10646805912256241
0.08659479767084122
0.20720551908016205
0.1161508858203888
0.13417834043502808
0.2874933183193207
0.31507420539855957
0.20146611332893372
0.23646020889282227
0.617118775844574
0.4744693338871002
0.8538548946380615
0.6451644897460938
0.8047764301300049
0.6993117332458496
0.5289768576622009
0.5808956623077393
0.4866877794265747
0.5738269090652466
0.3723074495792389
0.2921840250492096
0.2886456847190857
0.6628307104110718
0.5501314997673035
0.43008795380592346
0.5376479029655457
0.6605436205863953
0.5233922600746155
0.23500479757785797
0.6712773442268372
0.6467947959899902
0.3092741072177887
0.2995719909667969
0.7417826056480408
0.5027607083320618
0.2699376940727234
0.2088005095720291
0.5353868007659912
0.4523657262325287
0.2078409492969513
0.28810158371925354
0.3385806679725647
0.2891629636287689
0.33520781993865967
0.5569307208061218
0.6613884568214417
0.3811263144016266
0.6830416917800903
0.7796134948730469
0.6373475790023804
0.37720122933387756
0.8210720419883728
0.7932303547859192
0.6066275238990784
0.6465533971786499
0.8091318607330322
0.6684749722480774
0.37763211131095886
0.8625559210777283
0.7282236814498901
0.47237831354141235
0.5828664302825928
0.7445462942123413
0.6839908957481384
0.7294581532478333
0.8350318670272827
0.7095181345939636
0.5349817276000977
0.6980832815170288
0.7152191400527954
0.6042235493659973
0.5932100415229797
0.6366163492202759
0.7446620464324951
0.539010226726532
0.4104189872741699
0.5233495235443115
0.5117853283882141
0.4635383188724518
0.560932457447052
0.6854682564735413
0.5005303621292114
0.5721230506896973
0.7029545903205872
0.5737017393112183
0.6525291204452515
0.5161209106445312
0.7583828568458557
0.9030750393867493
0.6429250836372375
0.815233588218689
0.8525024652481079
0.8703768849372864
0.5472259521484375
0.7748962044715881
0.5276451110839844
0.3886449337005615
0.472696989774704
0.44597551226615906
0.3329090178012848
0.4078620374202728
0.4436389207839966
0.37979793548583984
0.2513057291507721
0.19102568924427032
0.19745056331157684
0.1933562308549881
0.12663130462169647
0.12338883429765701
