0.14971762895584106
0.1449311524629593
0.16915413737297058
0.08093960583209991
0.13504347205162048
0.03208145871758461
0.17736005783081055
0.19441591203212738
0.5377537608146667
0.7262014150619507
0.3430444002151489
0.4525403380393982
0.8762461543083191
0.9465927481651306
0.953266441822052
0.6380375027656555
0.7831094264984131
0.9306581616401672
0.8117774724960327
0.3330313265323639
0.8229560256004333
0.8805245757102966
0.3844817578792572
0.3263050317764282
0.795597493648529
0.6265996098518372
0.23622973263263702
0.5118665099143982
0.20873112976551056
0.4865538775920868
0.2391299456357956
0.3646296262741089
0.26980796456336975
0.19640707969665527
0.35398897528648376
0.3390449583530426
0.42424049973487854
0.734765350818634
0.5590866804122925
0.7207426428794861
0.8340039253234863
0.4117358922958374
0.8135889172554016
0.9103660583496094
0.9323737025260925
0.965381920337677
0.8248488903045654
0.7261666059494019
0.9292816519737244
0.9421506524085999
0.7896175384521484
0.8198976516723633
0.5432870984077454
0.4593178927898407
0.4582165777683258
0.15860339999198914
0.08605077117681503
0.18417736887931824
0.11629054695367813
0.1191067025065422
0.0392187125980854
0.14874763786792755
0.05059608072042465
0.3752344250679016
0.2900680601596832
0.3272867202758789
0.1625596433877945
0.23541612923145294
0.1893772929906845
0.1535828709602356
0.05199876055121422
0.09469649195671082
0.12278793752193451
0.09484444558620453
0.17852099239826202
0.07874587923288345
0.09155698865652084
0.4085825979709625
0.11183386296033859
0.1579335480928421
0.29975059628486633
0.5779470801353455
0.4960325062274933
0.17764684557914734
0.05645950511097908
0.1490917205810547
