0.16909703612327576
0.29974356293678284
0.34744131565093994
0.31187501549720764
0.237415611743927
0.44110894203186035
0.07745704799890518
0.09376255422830582
0.06332340836524963
0.13198423385620117
0.2303306609392166
0.3123817443847656
0.8578498959541321
0.37214338779449463
0.30435287952423096
0.025788431987166405
0.017792338505387306
0.027377119287848473
0.01572047919034958
0.06951042264699936
0.049404315650463104
0.1681114286184311
0.31472644209861755
0.180422842502594
0.12460578978061676
0.057914819568395615
0.06294283270835876
0.2367745041847229
0.16521745920181274
0.0788864940404892
0.05941550061106682
0.35066133737564087
0.433461457490921
0.2973023056983948
0.32746851444244385
0.5611487030982971
0.8176926970481873
0.6767905354499817
0.6360328793525696
0.6221376061439514
0.2706562876701355
0.13850481808185577
0.08042316883802414
0.13832512497901917
0.241756409406662
0.3516228497028351
0.07299850881099701
0.15702597796916962
0.07223383337259293
0.1910867542028427
0.10842842608690262
0.16005289554595947
0.1419631689786911
0.12249570339918137
0.1320546716451645
0.14324645698070526
0.0451752133667469
0.07520759105682373
0.014002697542309761
0.12350218743085861
0.07984421402215958
0.24724841117858887
0.23252983391284943
0.3927285373210907
0.23104998469352722
0.17465656995773315
0.25682535767555237
0.24663777649402618
0.2571244239807129
0.45754820108413696
0.15244007110595703
0.36486947536468506
0.1076996847987175
0.18514172732830048
0.26514649391174316
0.31735482811927795
0.15883037447929382
0.11437908560037613
0.1018393337726593
0.24987204372882843
0.26142674684524536
0.25834137201309204
0.464592307806015
0.48995745182037354
0.6319940090179443
0.5604088306427002
0.3112807869911194
0.27391359210014343
0.3662507236003876
0.40491384267807007
0.17852182686328888
0.11727024614810944
0.16549989581108093
0.031499940901994705
0.09774039685726166
0.030452290549874306
0.027554670348763466
0.012256256304681301
0.04954787716269493
0.03859405592083931
0.058973006904125214
0.15218016505241394
0.23868949711322784
0.07789381593465805
0.07413607835769653
0.10834529995918274
0.13098007440567017
0.13657960295677185
0.11109508574008942
0.1362694650888443
0.17082421481609344
0.11110721528530121
0.21919478476047516
0.17587392032146454
0.12112315744161606
0.11791743338108063
0.08234834671020508
0.1304008513689041
0.07107244431972504
0.13580107688903809
0.08449873328208923
0.06820946931838989
0.16660605370998383
0.15386046469211578
0.19301052391529083
0.1720682829618454
0.11923985928297043
0.3774386942386627
0.35590413212776184
0.22963841259479523
0.4438624083995819
0.5415251851081848
0.18140867352485657
0.09385175257921219
0.6075819134712219
0.3318960964679718
0.2254001647233963
0.16148081421852112
0.44416895508766174
0.22860482335090637
0.40635591745376587
0.6518219709396362
0.1996362805366516
0.4529355466365814
0.444440633058548
0.607916533946991
0.3956131637096405
0.3627875745296478
0.23290647566318512
0.08042333275079727
0.32251685857772827
0.22595252096652985
0.08049823343753815
0.2312583178281784
0.2807275354862213
0.08647394180297852
0.10892317444086075
0.1668883115053177
0.1757700890302658
0.08164487034082413
0.14069508016109467
0.13886283338069916
0.06166261434555054
0.08418353646993637
0.07038938999176025
0.066681869328022
0.05947902426123619
0.09593378007411957
0.1120385229587555
0.14469383656978607
0.16339176893234253
0.1517781913280487
0.38090071082115173
0.09027615934610367
0.08861488848924637
0.050404321402311325
0.05246695876121521
0.0683041661977768
0.06714377552270889
0.3921891152858734
0.06516788899898529
0.08526098728179932
0.01209015678614378
0.012151439674198627
0.04348381236195564
0.017483055591583252
0.07215727120637894
0.05320347473025322
0.13006582856178284
0.2397935390472412
0.17658188939094543
0.1353585571050644
0.08099072426557541
0.09957532584667206
0.12279028445482254
0.17537906765937805
0.03203107789158821
0.018501725047826767
0.26161840558052063
0.18450908362865448
0.062390174716711044
0.08935742825269699
0.37622541189193726
0.41548478603363037
0.13865694403648376
0.1889938861131668
0.1676294356584549
0.12059785425662994
0.042285025119781494
0.04389355331659317
0.0979144424200058
0.16372396051883698
0.17580409348011017
0.06656903773546219
0.11558208614587784
0.08448643237352371
0.07919768244028091
0.034798283129930496
0.03601447865366936
0.028118792921304703
0.03531079739332199
0.03773196041584015
0.02718871273100376
0.018762364983558655
0.0166773721575737
0.01721859909594059
0.07447806745767593
0.03754503279924393
0.07833877950906754
0.05961945280432701
0.10904715210199356
0.08602361381053925
0.03905808925628662
0.04814915731549263
0.08694074302911758
0.06803048402070999
0.18614059686660767
0.08975183963775635
0.310859352350235
0.1250067949295044
0.19590283930301666
0.16829568147659302
0.16954883933067322
0.11423495411872864
0.054095108062028885
0.05746309831738472
0.0888005867600441
0.12937629222869873
0.1957218497991562
0.1595730036497116
0.07129901647567749
0.1502082794904709
0.10090133547782898
0.05989047512412071
0.07423350214958191
0.07519946992397308
0.11790142953395844
0.04446922615170479
0.020906828343868256
0.025533897802233696
0.02047816291451454
0.04159827530384064
0.02399127557873726
0.01315032597631216
0.011202283203601837
0.033854976296424866
0.02694733999669552
0.027983451262116432
0.0879288911819458
0.18127773702144623
0.048851508647203445
0.050311945378780365
0.027363233268260956
0.07883409410715103
0.07896909862756729
0.1127079576253891
0.05699213966727257
0.14266237616539001
0.08627969771623611
0.1325468271970749
0.11238162964582443
0.09522559493780136
0.09364132583141327
0.02230980060994625
0.04503965377807617
0.023572424426674843
0.03143802657723427
0.048810284584760666
0.030725615099072456
0.047534629702568054
0.08387509733438492
0.1152917817234993
0.11307845264673233
0.06535173952579498
0.09761829674243927
0.09899217635393143
0.05994895473122597
0.05967412516474724
0.0883837342262268
0.04441630840301514
0.016083482652902603
0.12184541672468185
0.08013419061899185
0.02730349265038967
0.016650984063744545
0.06904704868793488
0.048094917088747025
0.056420762091875076
0.12588296830654144
0.04951648414134979
0.17991597950458527
0.20307959616184235
0.30640166997909546
0.16978859901428223
0.16265492141246796
0.09465069323778152
0.042116958647966385
0.14933602511882782
0.15111573040485382
0.049733150750398636
0.11567424237728119
0.14624659717082977
0.09546378254890442
0.08035056293010712
0.13044646382331848
0.1698673516511917
0.12382172048091888
0.11939186602830887
0.1607781946659088
0.10473217070102692
0.11591223627328873
0.1404714733362198
0.13484740257263184
0.0640765130519867
0.1643107682466507
0.12620759010314941
0.30640703439712524
0.2257714569568634
0.14842048287391663
0.3284304141998291
0.059223055839538574
0.054598987102508545
0.05050637945532799
0.05529668554663658
0.05016093701124191
0.12463830411434174
0.44632115960121155
0.11694435030221939
0.14560966193675995
0.0504596009850502
0.07903800159692764
0.08486907184123993
0.06205696612596512
0.1302868127822876
0.07488837093114853
0.1864425241947174
0.2399294078350067
0.1259654015302658
0.10402362048625946
0.045087773352861404
0.07954955101013184
0.07892967015504837
0.07241319864988327
0.03180495277047157
0.020702118054032326
0.08259746432304382
0.08129773288965225
0.07730403542518616
0.0725565031170845
0.11244717240333557
0.32638534903526306
0.1629922240972519
0.23855826258659363
0.1723051816225052
0.0813172236084938
0.0650787279009819
0.05642988160252571
0.0801292434334755
0.11263816803693771
0.16475477814674377
0.05278650298714638
0.059913523495197296
0.07348204404115677
0.11265185475349426
0.07564658671617508
0.10737479478120804
0.07696962356567383
0.07842836529016495
0.1211794912815094
0.10251322388648987
0.07462221384048462
0.05961405113339424
0.024784067645668983
0.07428854703903198
0.04577257111668587
0.12367942929267883
0.06819383800029755
0.0894661694765091
0.08200551569461823
0.04336525872349739
0.05782422050833702
0.0830736756324768
0.039056167006492615
0.11151279509067535
0.05283452197909355
0.18571172654628754
0.05078646540641785
0.08369630575180054
0.08223191648721695
0.0842389464378357
0.05317874625325203
0.03642132133245468
0.03636070340871811
0.04573714733123779
0.09436292201280594
0.07988593727350235
0.11335909366607666
0.07006600499153137
0.13215719163417816
0.07211840897798538
0.04343917593359947
0.042551130056381226
0.04573001340031624
0.10503242164850235
0.05595800653100014
0.028955169022083282
0.08056361228227615
0.10365904867649078
0.11841116845607758
0.06155066937208176
0.11625093966722488
0.06880851089954376
0.08815234154462814
0.08006130158901215
0.0877724215388298
0.1111840158700943
0.2562981843948364
0.11020825058221817
0.13484427332878113
0.10784456133842468
0.14074060320854187
0.24620485305786133
0.17941775918006897
0.2020765095949173
0.19157175719738007
0.17740321159362793
0.2542221248149872
0.156638965010643
0.137681782245636
0.17525289952754974
0.1823255568742752
0.2272130697965622
0.17109495401382446
0.15630649030208588
0.10987311601638794
0.06477433443069458
0.177413672208786
0.10200274735689163
0.1580880582332611
0.1757044643163681
0.09651622921228409
0.21467407047748566
0.1828792840242386
0.11599686741828918
0.14959822595119476
0.2169751673936844
0.05895942449569702
0.06930063664913177
0.23256641626358032
0.1725609302520752
0.13945791125297546
0.0904126837849617
0.23796258866786957
0.0929403007030487
0.13832275569438934
0.25889748334884644
0.09313476085662842
0.2568056881427765
0.2593715488910675
0.5029288530349731
0.30901870131492615
0.2789403200149536
0.2457859069108963
0.13840994238853455
0.4138035476207733
0.2692408859729767
0.11198002845048904
0.4192228317260742
0.34384045004844666
0.19098185002803802
0.22384002804756165
0.431220680475235
0.29300442337989807
0.1594119668006897
0.31416022777557373
0.36043936014175415
0.14844582974910736
0.17350232601165771
0.21178756654262543
0.1552313268184662
0.13283759355545044
