0.6180696487426758
0.5852351784706116
0.686500072479248
0.2329266369342804
0.3053892254829407
0.6014748215675354
0.6552238464355469
0.8655426502227783
0.8800565600395203
0.7973968982696533
0.840744137763977
0.45175495743751526
0.7319657206535339
0.6125458478927612
0.6461674571037292
0.6461854577064514
0.6472365260124207
0.5503588914871216
0.4513433873653412
0.5332254767417908
0.7449617981910706
0.2857424318790436
0.7763836979866028
0.6037743091583252
0.8745744824409485
0.8018085956573486
0.7255949378013611
0.6738035082817078
0.8614667654037476
0.4898329973220825
0.7682546973228455
0.671352744102478
0.6902052760124207
0.6148557662963867
0.4729374945163727
0.32273247838020325
0.16224433481693268
0.25446343421936035
0.26842692494392395
0.5798276662826538
0.6688511371612549
0.6427503228187561
0.5569475889205933
0.5513756275177002
0.5791904926300049
0.5791252255439758
0.6831915974617004
0.6693017482757568
0.649092435836792
0.4909609258174896
0.7087818384170532
0.27843230962753296
0.6828567981719971
0.4163334369659424
0.6694604158401489
0.6132643222808838
0.46497058868408203
0.7253786325454712
0.7815200090408325
0.7867798209190369
0.7930969595909119
0.8663451671600342
0.8318958878517151
0.8411701917648315
0.8007664084434509
0.4992124140262604
0.7482175827026367
0.5683595538139343
0.5169647336006165
0.7144320011138916
0.553106963634491
0.6694155931472778
0.5371072888374329
0.2388422191143036
0.45909103751182556
0.4896461069583893
0.7670151591300964
0.7314923405647278
0.7324752807617188
0.7759360074996948
0.6127769947052002
0.6831437945365906
0.5823906660079956
0.6535595655441284
0.7207803726196289
0.7017002701759338
0.5965038537979126
0.4984097480773926
0.29897934198379517
0.2595064342021942
0.24198225140571594
0.4927596151828766
0.5366204380989075
0.6245998740196228
0.6085647344589233
0.2764531373977661
0.16876253485679626
0.4634362459182739
0.6324598789215088
0.308742880821228
0.27990999817848206
0.5931566953659058
0.5152207612991333
0.48743757605552673
0.42029061913490295
0.5720882415771484
