0.5581539273262024
0.7847243547439575
0.4889291226863861
0.7993162274360657
0.6891151070594788
0.7778642773628235
0.819264829158783
0.8368633389472961
0.8867612481117249
0.8343422412872314
0.9236249923706055
0.8686478137969971
0.9146397113800049
0.9075620770454407
0.822157084941864
0.8359224796295166
0.5623884201049805
0.5752910375595093
0.7468995451927185
0.6533785462379456
0.4578247666358948
0.29710713028907776
0.2709764242172241
0.4558243155479431
0.5053718686103821
0.6347110271453857
0.810716450214386
0.8287134170532227
0.8296036124229431
0.8616440892219543
0.8206246495246887
0.8333806991577148
0.8881633281707764
0.8554008603096008
0.8165897727012634
0.5781904458999634
0.7389600872993469
0.39610064029693604
0.7190929651260376
0.4347887635231018
0.5931336283683777
0.6395346522331238
0.6846974492073059
0.6171343922615051
0.7055234313011169
0.8109557032585144
0.8266904354095459
0.7122901082038879
0.7210589647293091
0.563045859336853
0.7176465392112732
0.5144538879394531
0.6821257472038269
0.6829050779342651
0.6421123743057251
0.7478333711624146
0.7201613187789917
0.8204736709594727
0.6645007729530334
0.46797698736190796
0.8407140374183655
