0.15343597531318665
0.20602905750274658
0.1473001092672348
0.20118078589439392
0.11839999258518219
0.2045263946056366
0.16944460570812225
0.38775956630706787
0.21689294278621674
0.3386590778827667
0.18645301461219788
0.13489605486392975
0.25904136896133423
0.06331933289766312
0.16112440824508667
0.046733759343624115
0.44864973425865173
0.4746055603027344
0.45703983306884766
0.4381874203681946
0.1791139841079712
0.33844906091690063
0.44636106491088867
0.17105792462825775
0.30709484219551086
0.12366632372140884
0.10971226543188095
0.11366324871778488
0.04660646989941597
0.18948446214199066
0.03598393499851227
0.10369405150413513
0.15075364708900452
0.09556403756141663
0.07999566197395325
0.2659255564212799
0.24955780804157257
0.1060027927160263
0.2817399799823761
0.12775833904743195
0.25172823667526245
0.3815564215183258
0.23943482339382172
0.18776710331439972
0.32027795910835266
0.4277271628379822
0.15707360208034515
0.403702974319458
0.4093445837497711
0.2609448730945587
0.3995154798030853
0.386802613735199
0.4395466148853302
0.3891235888004303
0.2906339764595032
0.26178136467933655
0.22488774359226227
0.31790852546691895
0.051110826432704926
0.32964378595352173
0.4274987280368805
0.4106476306915283
0.2138814777135849
0.13649140298366547
0.09806913882493973
0.08997893333435059
0.2871510684490204
0.3511556088924408
0.5455522537231445
0.5213363766670227
0.4835015833377838
0.6409955620765686
0.46692726016044617
0.35536858439445496
0.5557748675346375
0.44978708028793335
0.33814287185668945
0.4258710443973541
0.09716286510229111
0.18624696135520935
0.38468077778816223
0.3718976080417633
0.49536028504371643
0.33574119210243225
0.14469921588897705
0.21836596727371216
0.2540511190891266
0.3568068742752075
0.28639844059944153
0.18372641503810883
0.20868784189224243
0.22949276864528656
0.09477218240499496
0.05266343429684639
0.1475566029548645
0.018171528354287148
0.06831154972314835
0.026399973779916763
0.07664193212985992
0.05008198320865631
0.2415008842945099
0.2827257513999939
0.3147522509098053
0.09396029263734818
0.059721436351537704
0.09925398975610733
0.09952010214328766
0.06021171063184738
0.05758952349424362
0.05925587937235832
0.002512371866032481
0.008199309930205345
0.002809489145874977
0.02266848087310791
0.013345961458981037
0.20133335888385773
0.04761417210102081
0.15425778925418854
0.15413892269134521
0.09312910586595535
0.2534908354282379
0.19104458391666412
0.07772115617990494
0.051041800528764725
0.09934969991445541
0.11193712800741196
0.20237410068511963
0.4346812963485718
0.20141488313674927
0.18394829332828522
0.17150196433067322
0.05843640863895416
0.2656468451023102
0.12449145317077637
0.08681949228048325
0.04281002655625343
0.15623576939105988
0.2899121046066284
0.25826677680015564
0.08491801470518112
0.05427699163556099
0.008815756067633629
0.018906528130173683
0.010245895013213158
0.014997386373579502
0.005723729729652405
0.04980120435357094
0.16484995186328888
0.24027119576931
0.13990285992622375
0.10357103496789932
0.10338274389505386
0.22398649156093597
0.04965820908546448
0.10207731276750565
0.11320691555738449
0.04978005960583687
0.06523735076189041
0.04194098711013794
0.11447703838348389
0.08766598999500275
0.37233248353004456
0.13680319488048553
0.06465183198451996
0.16232195496559143
0.11374545097351074
0.08221793919801712
0.1277761608362198
0.050959259271621704
0.1480141580104828
0.2701393663883209
0.065595842897892
0.03844403475522995
0.32077735662460327
0.11807344108819962
0.009976204484701157
0.014282260090112686
0.3835752010345459
0.19191387295722961
0.02282760851085186
0.22713671624660492
0.30442991852760315
0.2247215360403061
0.05006939545273781
0.07454517483711243
0.15963943302631378
0.15368886291980743
0.02828115224838257
0.026824234053492546
0.0698734000325203
0.10428334027528763
0.15088267624378204
0.037818048149347305
0.019425129517912865
0.016655409708619118
0.008281194604933262
0.032519079744815826
0.01066884770989418
0.05779692158102989
0.16267837584018707
0.14645354449748993
0.016670355573296547
0.02680901810526848
0.09151716530323029
0.04759320616722107
0.010194094851613045
0.032924968749284744
0.08538148552179337
0.044344935566186905
0.05859209969639778
0.09103461354970932
0.17010793089866638
0.28302812576293945
0.34209445118904114
0.10430920124053955
0.26627111434936523
0.31298962235450745
0.28489336371421814
0.1021656021475792
0.2890501618385315
0.08185885101556778
0.014448813162744045
0.00963225495070219
0.028366291895508766
0.055652398616075516
0.024143287912011147
0.03936949744820595
0.15518854558467865
0.07220134139060974
0.19978013634681702
0.18769550323486328
0.6485609412193298
0.46532413363456726
0.18798768520355225
0.17052960395812988
0.174142986536026
0.13737326860427856
0.09617726504802704
0.06445978581905365
0.2074311077594757
0.04576219990849495
0.14008590579032898
0.297330766916275
0.195230171084404
0.048445966094732285
0.09447124600410461
0.27102401852607727
0.0490802526473999
0.04695306345820427
0.2881828546524048
0.25154343247413635
0.07601550966501236
0.09261760860681534
0.1030554324388504
0.14344371855258942
0.06398534029722214
0.0802001878619194
0.13883069157600403
0.06365957856178284
0.041776418685913086
0.057107891887426376
0.12002255022525787
0.05141888186335564
0.1931382268667221
0.1203286275267601
0.1463865339756012
0.14003702998161316
0.22652727365493774
0.38095277547836304
0.10846766829490662
0.07388973981142044
0.3307514488697052
0.31104016304016113
0.18720658123493195
0.14995905756950378
0.530745267868042
0.35278135538101196
0.1445266604423523
0.3190838098526001
0.4733160436153412
0.5809639692306519
0.5445535182952881
0.18959955871105194
0.20766650140285492
0.31854915618896484
0.5967440009117126
0.4543863832950592
0.1251760870218277
0.08882631361484528
0.08795235306024551
0.10222679376602173
0.035368356853723526
0.04900791868567467
0.05862711742520332
0.10712873935699463
0.26748543977737427
0.1241459846496582
0.056401293724775314
0.22898896038532257
0.20527489483356476
0.10521610826253891
0.0508202500641346
0.38907015323638916
0.16761158406734467
0.09357515722513199
0.16217581927776337
0.39844948053359985
0.2292335331439972
0.1365862339735031
0.3318078815937042
0.1262686848640442
0.2484368234872818
0.21223005652427673
0.06687856465578079
0.03408372774720192
0.011964382603764534
0.007059059105813503
0.009813305921852589
0.02813005819916725
0.026825910434126854
0.025714213028550148
0.22831851243972778
0.07925929874181747
0.07285407930612564
0.023334721103310585
0.03358243778347969
0.15881159901618958
0.12070471793413162
0.058239176869392395
0.22004730999469757
0.48761945962905884
0.32740288972854614
0.1961822211742401
0.2840026617050171
0.12201894819736481
0.1432381123304367
0.1560429185628891
0.17883136868476868
0.3146950900554657
0.27602800726890564
0.21568454802036285
0.05703134089708328
0.3040408790111542
0.1452275812625885
0.23135368525981903
0.4967774450778961
0.3706270158290863
0.2216828614473343
0.17253477871418
0.4786182641983032
0.33247485756874084
0.07565588504076004
0.16075168550014496
0.6291225552558899
0.3291075825691223
0.12009797990322113
0.27624213695526123
0.3583149313926697
0.5865162014961243
0.4657100737094879
0.582099974155426
0.724969208240509
0.84462571144104
0.49852338433265686
0.4321792423725128
0.8423821330070496
0.7572322487831116
0.4085412919521332
0.4904334843158722
0.9012989401817322
0.8715198636054993
0.531020998954773
0.6309624314308167
0.6850876212120056
0.8844325542449951
0.6967561841011047
0.5093897581100464
0.47299903631210327
0.38685837388038635
0.2874809503555298
0.2619474530220032
0.37231186032295227
0.41117992997169495
0.1429247409105301
0.19224612414836884
0.33876147866249084
0.2516503930091858
0.062421765178442
0.051496997475624084
0.20935127139091492
0.09337661415338516
0.051957350224256516
0.04516535624861717
0.16541850566864014
0.41869989037513733
0.21976175904273987
0.08352909237146378
0.14936384558677673
0.2041080743074417
0.19222404062747955
0.054929718375205994
0.2727181017398834
0.3693876266479492
0.08485720306634903
0.08465877175331116
0.23477108776569366
0.5012779831886292
0.07636824995279312
0.13690200448036194
0.2503950893878937
0.1911347359418869
0.06297580152750015
0.05542922392487526
0.11586810648441315
0.02256726287305355
0.014445419423282146
0.021064892411231995
0.017979124560952187
0.08817605674266815
0.03312736749649048
0.14136914908885956
0.1895713359117508
0.26429033279418945
0.17405688762664795
0.3877865672111511
0.3281993865966797
0.26358896493911743
0.3080558776855469
0.25917813181877136
0.1737165004014969
0.3309684991836548
0.2328106313943863
0.07212284952402115
0.06071353703737259
0.03176948055624962
0.0181144867092371
0.0372280515730381
0.03258906677365303
0.10352186858654022
0.024273524060845375
0.041647881269454956
0.21285374462604523
0.08774824440479279
0.07127033174037933
0.09592468291521072
0.08798559010028839
0.1722141057252884
0.18090637028217316
0.30603957176208496
0.384472519159317
0.5198293328285217
0.4821610450744629
0.4562984108924866
0.4655192792415619
0.31380340456962585
0.33602944016456604
0.4671570062637329
0.40532317757606506
0.2250564694404602
0.459566593170166
0.5256661176681519
0.1816118359565735
0.07685536891222
0.42664971947669983
0.4371696412563324
0.06765031069517136
0.08358857780694962
0.27403172850608826
0.2043047398328781
0.03901054337620735
0.05086994171142578
0.07138393819332123
0.027187244966626167
0.03028002753853798
0.25346842408180237
0.1921502649784088
0.026291362941265106
0.0805148035287857
0.026182791218161583
0.0813581794500351
0.13269729912281036
0.19250689446926117
0.3131743371486664
0.26137906312942505
0.09473884850740433
0.1328713595867157
0.19153332710266113
0.1068422719836235
0.11222324520349503
0.03291715681552887
0.050084833055734634
0.07496966421604156
0.07931680232286453
0.12469373643398285
0.30342260003089905
0.37320518493652344
0.20942693948745728
0.2001158595085144
0.06627415120601654
0.07106731086969376
0.031760167330503464
0.05432450771331787
0.08150116354227066
0.11046180129051208
0.35476043820381165
0.251470148563385
0.1646556556224823
0.09939902275800705
0.13150325417518616
0.12892548739910126
0.29590845108032227
0.34914344549179077
0.2755332589149475
0.2700173258781433
0.484805703163147
0.527063250541687
0.8085847496986389
0.6232010722160339
0.24024616181850433
0.5908438563346863
0.6896065473556519
0.5079785585403442
0.35524919629096985
0.7539337873458862
0.8360462188720703
0.49465125799179077
0.541815996170044
0.7422847747802734
0.5800154209136963
0.5894330143928528
0.6339520812034607
0.6797817349433899
0.5014467835426331
