0.8340031504631042
0.8644949197769165
0.8613040447235107
0.8011206388473511
0.7094892859458923
0.9125047326087952
0.8255722522735596
0.7784811854362488
0.7489627003669739
0.7698601484298706
0.8676518797874451
0.7438839673995972
0.8237860202789307
0.8268557786941528
0.7396848797798157
0.844645619392395
0.8742455840110779
0.742956817150116
0.7598398327827454
0.832026481628418
0.771827220916748
0.9320417046546936
0.8865063786506653
0.8546187877655029
0.8501095175743103
0.7835844159126282
0.8652247786521912
0.8858075737953186
0.8258074522018433
0.841424286365509
0.819333553314209
0.7523140907287598
0.6475154161453247
0.5739566683769226
0.8015411496162415
0.6171497702598572
0.7668206691741943
0.797019362449646
0.8444226384162903
0.8430138230323792
0.8006964921951294
0.8781664967536926
0.8528331518173218
0.8892899751663208
0.7949149012565613
0.5594370365142822
0.5464445948600769
0.6318894624710083
0.6045675277709961
0.4995863139629364
0.4737054407596588
0.7779452204704285
0.4651297628879547
0.5422141551971436
0.6700885891914368
0.6836541891098022
0.6897966861724854
0.5459920167922974
0.7637484073638916
0.706719160079956
0.662865400314331
0.6262233853340149
0.7054053544998169
0.6388998031616211
