0.24374018609523773
0.20268574357032776
0.12906141579151154
0.03895789757370949
0.09065801650285721
0.13051067292690277
0.09260336309671402
0.4446934759616852
0.38558903336524963
0.39814478158950806
0.3678448498249054
0.36175811290740967
0.33617112040519714
0.3978659212589264
0.38249507546424866
0.2840316891670227
0.29807329177856445
0.08417429029941559
0.30642959475517273
0.2770532965660095
0.13387389481067657
0.39499351382255554
0.35846638679504395
0.4113861620426178
0.27212369441986084
0.38156652450561523
0.6637713313102722
0.4427798092365265
0.4119209349155426
0.6663782596588135
0.7922941446304321
0.697374701499939
0.6115100979804993
0.7172946333885193
0.5724453926086426
0.3422934114933014
0.4450472891330719
0.3210286796092987
0.24346770346164703
0.2556312680244446
0.657749354839325
0.48560830950737
0.24644629657268524
0.33984610438346863
0.5349951386451721
0.5375189781188965
0.469032883644104
0.6483292579650879
0.7410193681716919
0.2497154325246811
0.553899347782135
0.6960254907608032
0.28710293769836426
0.4784345030784607
0.35557180643081665
0.23684051632881165
0.18709801137447357
0.2509811818599701
0.09364716708660126
0.23446255922317505
0.19895410537719727
0.062308959662914276
0.1973157674074173
0.28067103028297424
0.3426241874694824
0.4613143503665924
0.37622228264808655
0.49634674191474915
0.6907094120979309
0.7202622294425964
0.7360243797302246
0.3152211010456085
0.3114747107028961
0.21073143184185028
0.29513564705848694
0.1432972252368927
0.2836800217628479
0.15722665190696716
0.6561324000358582
0.43959441781044006
0.4621821641921997
0.38948625326156616
0.3407914936542511
0.24875684082508087
0.4554605484008789
0.1647852510213852
0.17929154634475708
0.40150824189186096
0.5982056260108948
0.49518516659736633
0.3425309956073761
0.5213240385055542
0.5540016889572144
0.2072652280330658
0.4126392602920532
0.18284915387630463
0.3949809670448303
0.21771426498889923
0.3356933295726776
0.12844206392765045
0.25667694211006165
0.12500396370887756
0.33344766497612
0.32853013277053833
0.2627374827861786
0.43664488196372986
0.3193470537662506
0.3275182545185089
0.2395840734243393
0.35873767733573914
0.3126283884048462
0.5010721683502197
0.3290172815322876
0.6395973563194275
0.24166403710842133
0.6697729229927063
0.1024441048502922
0.457353800535202
0.2468700408935547
0.49686935544013977
0.4381866455078125
0.7922122478485107
0.7833238840103149
0.7920812964439392
0.6465069055557251
0.6028739809989929
0.48632150888442993
0.3624313175678253
0.6502733826637268
0.7070841789245605
0.7831954956054688
0.3587622046470642
0.5516260266304016
0.26913848519325256
0.333644300699234
0.6188896894454956
0.5322948098182678
0.49582353234291077
0.41292014718055725
0.3656443953514099
0.3441433012485504
0.37478479743003845
0.3105500340461731
0.45486825704574585
0.4623662531375885
0.651932418346405
0.38267555832862854
0.44171062111854553
0.2799665331840515
0.33699190616607666
0.61107337474823
0.24029333889484406
0.5464423298835754
0.6381389498710632
0.5117806792259216
0.31237486004829407
0.5953510403633118
0.18240366876125336
0.463969349861145
0.0940268486738205
0.3286063075065613
0.21669800579547882
0.4155747592449188
0.37926292419433594
0.46281030774116516
0.20348739624023438
0.3238758444786072
0.2780649662017822
0.1323932558298111
0.24511660635471344
0.0727011039853096
0.34059518575668335
0.21862559020519257
0.27845239639282227
0.336541086435318
0.4520961344242096
0.4438600242137909
0.6620768308639526
0.6398172378540039
0.6802559494972229
0.40055766701698303
0.3868340849876404
0.3224565088748932
0.2404671311378479
0.1287047415971756
0.2313469797372818
0.11094021797180176
0.1315956711769104
0.1748822033405304
0.2764388620853424
0.2786422669887543
0.36911049485206604
0.44783127307891846
0.22317272424697876
0.49997150897979736
0.3700982630252838
0.2569018602371216
0.4092525541782379
0.13009124994277954
0.44910573959350586
0.1306949108839035
0.5353218913078308
0.6526068449020386
0.5209017992019653
0.5140493512153625
0.4869593679904938
0.25559917092323303
0.6914781928062439
0.6972610950469971
0.5845173001289368
0.7187097668647766
0.7896794676780701
0.5987130999565125
0.5968679189682007
0.5375158190727234
0.3840983808040619
0.6135607957839966
0.7678287625312805
0.43025389313697815
0.680353045463562
0.7565016150474548
0.5939024090766907
0.41864487528800964
0.30616694688796997
0.4125305712223053
0.5063230395317078
0.6268492937088013
0.6267163753509521
0.4001936912536621
0.32914263010025024
0.5994518399238586
0.5426746010780334
0.6553983688354492
0.7185505032539368
0.7245277166366577
0.4144611656665802
0.5576351284980774
0.7865867614746094
0.8856277465820312
0.7731770277023315
0.6071918606758118
0.4806787669658661
0.48810875415802
0.2302611917257309
0.5128071904182434
0.13948793709278107
0.3931736946105957
0.3961126506328583
0.36376819014549255
0.6985361576080322
0.4032253324985504
0.5247418880462646
0.4426305890083313
0.483081191778183
0.48373737931251526
0.552553653717041
0.5562223792076111
0.3831019401550293
0.6926982402801514
0.5154726505279541
0.579777717590332
0.5043002367019653
0.5088484287261963
0.6199776530265808
0.6151673793792725
0.8264122605323792
0.7280842661857605
0.514653205871582
0.5029810070991516
0.4771924614906311
0.19242499768733978
0.3736289143562317
0.21449515223503113
0.40190181136131287
0.17708784341812134
0.3209017217159271
0.4999491274356842
0.43486353754997253
0.344551146030426
0.4192188084125519
0.3383760154247284
0.21154989302158356
0.12587769329547882
0.3285248577594757
0.17533864080905914
0.14148147404193878
0.2299756556749344
0.2770390510559082
0.3493005633354187
0.6587438583374023
0.5501936078071594
0.47813883423805237
0.4502825140953064
0.570676326751709
0.4767320454120636
0.48320716619491577
0.5488021969795227
0.5211573243141174
0.49185678362846375
0.3770343065261841
0.3754654824733734
0.4825053811073303
0.2944318950176239
0.29894524812698364
0.6289036273956299
0.4959835410118103
0.2005806565284729
0.2570033073425293
0.2532550096511841
0.4279087483882904
0.2869097590446472
0.42515093088150024
0.3891696333885193
0.5826577544212341
0.5108354687690735
0.4069352447986603
0.4871255159378052
0.39396122097969055
0.4089304506778717
0.47095340490341187
0.6019209623336792
0.5441544651985168
0.5657981634140015
0.6634889841079712
0.6351531147956848
0.4600593149662018
0.5312491655349731
0.3716046214103699
0.682563304901123
0.31379029154777527
0.4423809051513672
0.47317421436309814
0.28687992691993713
0.5646883845329285
0.3098093569278717
0.40543562173843384
0.35757747292518616
0.22979027032852173
0.1622426062822342
0.43747442960739136
0.24741731584072113
0.5764211416244507
0.4430418312549591
0.8037732839584351
0.6098702549934387
0.7893267273902893
0.4991491734981537
0.5399631261825562
0.760942280292511
0.5838508009910583
0.48420366644859314
0.4392041563987732
0.1738724410533905
0.13793712854385376
0.26357871294021606
0.1377774477005005
0.19964943826198578
0.1535768061876297
0.22460037469863892
0.09513818472623825
0.10542616993188858
0.10401356965303421
0.34695523977279663
0.40323787927627563
0.33258238434791565
0.4587462842464447
0.4991821348667145
0.7100169062614441
0.42681509256362915
0.5304630398750305
0.6428456902503967
