0.014524221420288086
0.10301385074853897
0.10612265020608902
0.1041654720902443
0.10707203298807144
0.1086108610033989
0.1513194739818573
0.18941134214401245
0.27093103528022766
0.3541579246520996
0.3992137014865875
0.42542749643325806
0.35742682218551636
0.4368724822998047
0.33732637763023376
0.2369852066040039
0.37349557876586914
0.09009716659784317
0.3571113049983978
0.35107243061065674
0.12981905043125153
0.44932377338409424
0.41960158944129944
0.3293832838535309
0.4439457952976227
0.42394760251045227
0.4062167704105377
0.28134801983833313
0.15811562538146973
0.15162593126296997
0.08236793428659439
0.024230336770415306
0.08425496518611908
0.11029340326786041
0.18366435170173645
0.09781473875045776
0.12001440674066544
0.14768783748149872
0.021043414250016212
0.15514080226421356
0.30055418610572815
0.20766526460647583
0.05595443770289421
0.22903816401958466
0.05120336264371872
0.4217929542064667
0.5016892552375793
0.45378923416137695
0.34833085536956787
0.4176205098628998
0.12569794058799744
0.0586831159889698
0.2831154763698578
0.2941502034664154
0.2639505863189697
0.2913948595523834
0.4049546718597412
0.14318595826625824
0.2505270540714264
0.08608181029558182
0.3585284948348999
0.2994946837425232
0.05638130009174347
0.07837489247322083
0.3191434144973755
0.3020944893360138
0.3498532772064209
0.2394438534975052
0.37620192766189575
0.37149500846862793
0.36957189440727234
0.45593491196632385
0.3793969750404358
0.382059782743454
0.3132403790950775
0.3609333634376526
0.3240417242050171
0.1334773749113083
0.264818012714386
0.23573210835456848
0.1774994432926178
0.26635414361953735
0.4765210747718811
0.4406866729259491
0.5136497616767883
0.44023534655570984
0.6231338381767273
0.5322578549385071
0.7051498293876648
0.7974319458007812
0.4781540334224701
0.4713023602962494
0.762538731098175
0.18041042983531952
0.4378484785556793
0.18203599750995636
0.3931666612625122
0.18846149742603302
0.08449701964855194
0.05559270828962326
0.24609756469726562
0.166185200214386
0.05708708241581917
0.08309490978717804
0.357689768075943
0.4903114140033722
0.6472644805908203
0.503606379032135
0.6844819188117981
0.514795184135437
0.46103107929229736
0.31371432542800903
0.2666412889957428
0.4475114643573761
0.3621037006378174
0.6634324193000793
0.6188143491744995
0.7481223940849304
0.4000093638896942
0.5215003490447998
0.7762911915779114
0.8124195337295532
0.46657997369766235
0.20077651739120483
0.3807182312011719
0.4755033552646637
0.3635372817516327
0.06804320216178894
0.13398905098438263
0.27495110034942627
0.1542472392320633
0.017982762306928635
0.20005173981189728
0.19108472764492035
0.2008599191904068
0.24093879759311676
0.13995149731636047
0.2764151990413666
0.5570204854011536
0.08457425981760025
0.10565868020057678
0.22571887075901031
0.19396927952766418
0.09187053143978119
0.028013629838824272
0.11594615876674652
0.024258604273200035
0.11724487692117691
0.12134426087141037
0.44993019104003906
0.3263568878173828
0.31156042218208313
0.34659650921821594
0.4171670079231262
0.665149450302124
0.6667335629463196
0.5962182283401489
0.3827958405017853
0.5941650867462158
0.13517089188098907
0.48118311166763306
0.5126202702522278
0.11975198239088058
0.0205512885004282
0.329114705324173
0.24979986250400543
0.08281122148036957
0.026638200506567955
0.10516345500946045
0.22727015614509583
0.14917096495628357
0.1719912439584732
0.25327616930007935
0.15828880667686462
0.06602982431650162
0.12080176919698715
0.21583299338817596
0.1510763019323349
0.7120873928070068
0.19136011600494385
0.3806763291358948
0.22295314073562622
0.3403409719467163
0.5884587168693542
0.42581087350845337
0.5410155057907104
0.18128380179405212
0.2639901638031006
0.18901903927326202
0.33658263087272644
0.04051857069134712
0.19205467402935028
0.49888840317726135
0.24177278578281403
0.05313284322619438
0.18866723775863647
0.26375892758369446
0.09443579614162445
0.15243421494960785
0.1568370908498764
0.32533130049705505
0.23238441348075867
0.09654146432876587
0.036385681480169296
0.02688760682940483
0.08066902309656143
0.05945291742682457
0.02145816572010517
0.05644017457962036
0.01751832477748394
0.06646422296762466
0.038766223937273026
0.03367495909333229
0.03614649176597595
0.0228138230741024
0.03125731274485588
0.043059397488832474
0.028932495042681694
0.022458944469690323
0.010651158168911934
0.013654055073857307
0.01764746569097042
0.022324543446302414
0.047277968376874924
0.15428809821605682
0.5772058963775635
0.20860756933689117
0.3272506892681122
0.052459996193647385
0.06162795051932335
0.09454075247049332
0.0736164078116417
0.20401740074157715
0.04006887972354889
0.04765117168426514
0.09282398223876953
0.031203756108880043
0.04861573874950409
0.02855851873755455
0.012515672482550144
0.04668569564819336
0.006533539388328791
0.01664588786661625
0.01808064617216587
0.0614030547440052
0.026365740224719048
0.027604490518569946
0.03697030618786812
0.17630314826965332
0.22091692686080933
0.36879032850265503
0.26716184616088867
0.21162159740924835
0.172093465924263
0.1663055121898651
0.2431914061307907
0.15231375396251678
0.12532417476177216
0.20892097055912018
0.056824248284101486
0.050389211624860764
0.04158179834485054
0.03781384974718094
0.02475808374583721
0.019405124709010124
0.026498163118958473
0.026003554463386536
0.006971762515604496
0.01900245063006878
0.022122766822576523
0.07887030392885208
0.08393890410661697
0.3226586580276489
0.2837692201137543
0.19635291397571564
0.1482028365135193
0.34668490290641785
0.4605073034763336
0.07869020849466324
0.022937174886465073
0.4097331464290619
0.2325359433889389
0.012702328152954578
0.06238134205341339
0.2780834138393402
0.1541110873222351
0.06392394006252289
0.0413137748837471
0.026053154841065407
0.055021751672029495
0.08173403888940811
0.12494664639234543
0.20381954312324524
0.1372840404510498
0.04472069814801216
0.037343043833971024
0.024561384692788124
0.0038980687968432903
0.027449319139122963
0.03613372519612312
0.022524261847138405
0.01721610315144062
0.050859060138463974
0.08391791582107544
0.023264070972800255
0.012751467525959015
0.04262930154800415
0.05595299229025841
0.010506161488592625
0.006950568873435259
0.03357839956879616
0.08717358112335205
0.02709396742284298
0.05309540033340454
0.0292521920055151
0.020490914583206177
0.00882063340395689
0.016340894624590874
0.020249903202056885
0.025233954191207886
0.008136649616062641
0.033524733036756516
0.03883906453847885
0.019443225115537643
0.05290664732456207
0.028098830953240395
0.07674338668584824
0.04662695899605751
0.11480898410081863
0.09357067942619324
0.05749265477061272
0.045588742941617966
0.11250611394643784
0.019517891108989716
0.017016055062413216
0.037699103355407715
0.017513345927000046
0.024612266570329666
0.011981871910393238
0.02502928487956524
0.023583877831697464
0.012784197926521301
0.006574954837560654
0.018959658220410347
0.012704274617135525
0.008924391120672226
0.02976911887526512
0.0017727602971717715
0.003948580473661423
0.0025661797262728214
0.03445477783679962
0.021863777190446854
0.05711958929896355
0.08520480990409851
0.13924714922904968
0.1338832974433899
0.014042329974472523
0.05960803106427193
0.053591471165418625
0.0025843249168246984
0.004514759872108698
0.004827684257179499
0.002038330305367708
0.0017854643519967794
0.01679462566971779
0.008835668675601482
0.005402997601777315
0.00464748265221715
0.0018165031215175986
0.017004504799842834
0.0031897893641144037
0.010940734297037125
0.005893847439438105
0.010446254163980484
0.017761124297976494
0.06869634985923767
0.17928703129291534
0.1435886174440384
0.10714929550886154
0.2941344976425171
0.12806463241577148
0.1987541764974594
0.06304599344730377
0.06539773941040039
0.05371864512562752
0.15524941682815552
0.021417826414108276
0.036989741027355194
0.09876712411642075
0.04907087981700897
0.021313954144716263
0.013811435550451279
0.13236045837402344
0.06718394160270691
0.022483263164758682
0.059488821774721146
0.060058463364839554
0.0851251408457756
0.13018816709518433
0.2691227197647095
0.30561134219169617
0.27223125100135803
0.18018120527267456
0.3752058148384094
0.23457975685596466
0.07657498866319656
0.15291979908943176
0.1480446457862854
0.17677809298038483
0.018542936071753502
0.08371284604072571
0.22458846867084503
0.04218469560146332
0.031635820865631104
0.012174524366855621
0.02281138300895691
0.004809975158423185
0.013934584334492683
0.004054308403283358
0.0087873674929142
0.025191601365804672
0.11500542610883713
0.20037230849266052
0.046376120299100876
0.08423496037721634
0.12809355556964874
0.0878119245171547
0.00445827329531312
0.07107184082269669
0.03753109648823738
0.024329060688614845
0.013072873465716839
0.0338214710354805
0.01566312275826931
0.031435687094926834
0.08800224214792252
0.10753510147333145
0.028389956802129745
0.21245461702346802
0.17516601085662842
0.15483960509300232
0.10148836672306061
0.17275996506214142
0.044042009860277176
0.03623565658926964
0.015814105048775673
0.03642318397760391
0.1450149118900299
0.013793688267469406
0.011219237931072712
0.01812293753027916
0.002128327963873744
0.003835630603134632
0.007155268453061581
0.006066182628273964
0.004648163449019194
0.0029953273478895426
0.019121678546071053
0.016239013522863388
0.005170801654458046
0.014482920058071613
0.027231929823756218
0.02040133625268936
0.017565449699759483
0.018904870375990868
0.03888271376490593
0.022744759917259216
0.020607301965355873
0.0437559112906456
0.014221252873539925
0.014606250450015068
0.024243542924523354
0.03157171234488487
0.024591531604528427
0.015876445919275284
0.046213023364543915
0.015185347758233547
0.00482873385772109
0.0047302283346652985
0.016751212999224663
0.008338838815689087
0.005451928824186325
0.013198711909353733
0.018505210056900978
0.003881254233419895
0.002956978278234601
0.00415461603552103
0.016659263521432877
0.022343819960951805
0.028473027050495148
0.008135512471199036
0.007439330220222473
0.02911880612373352
0.005693660583347082
0.00259542278945446
0.0069740936160087585
0.0070988330990076065
0.007411179598420858
0.0038240598514676094
0.0015188517281785607
0.0028870105743408203
0.0020771108102053404
0.0028075287118554115
0.029549134895205498
0.009641067124903202
0.004787883255630732
0.005554417613893747
0.046795208007097244
0.01951906643807888
0.013492579571902752
0.011470946483314037
0.020989524200558662
0.005313320551067591
0.007900727912783623
0.0038218237459659576
0.005533874034881592
0.00640061404556036
0.006453451234847307
0.010718939825892448
0.019208874553442
0.026965085417032242
0.007970795966684818
0.024067040532827377
0.016596609726548195
0.014477592892944813
0.019211003556847572
0.03457855433225632
0.019319897517561913
0.020778566598892212
0.02377679944038391
0.023376114666461945
0.061197832226753235
0.08671994507312775
0.11886189132928848
0.19416259229183197
0.2266690731048584
0.4200027287006378
0.23050376772880554
0.24239566922187805
0.24613220989704132
0.25546008348464966
0.348609060049057
0.2537701725959778
0.26509180665016174
0.379916787147522
0.3413770794868469
0.14850196242332458
0.04641563445329666
0.03249986097216606
0.11970899254083633
0.019122084602713585
0.0058730789460241795
0.016945820301771164
0.07678702473640442
0.02611403353512287
0.015208953060209751
0.06156925484538078
0.026167400181293488
0.037335384637117386
0.055733151733875275
0.08024673163890839
0.015142006799578667
0.013835933990776539
0.010423409752547741
0.014937902800738811
0.012153918854892254
0.05316390097141266
0.011652718298137188
0.056520700454711914
0.11686763912439346
0.153535395860672
0.11271262168884277
0.06616240739822388
0.22386808693408966
0.36302849650382996
0.03800944611430168
0.18520791828632355
0.27122262120246887
0.49023279547691345
0.12774543464183807
0.14757388830184937
0.30839309096336365
0.32938122749328613
0.23993553221225739
0.36212408542633057
0.1339639276266098
0.14536809921264648
0.1022249236702919
0.1382908821105957
0.056701820343732834
0.10045138746500015
0.10251805186271667
0.11869043856859207
0.17716912925243378
0.09136036038398743
0.21630269289016724
0.659730076789856
0.4973888397216797
0.1189136654138565
0.3063669800758362
0.7101500034332275
0.6905922889709473
0.17240355908870697
0.05258048698306084
0.22643251717090607
0.21566621959209442
0.06463483721017838
0.010245143435895443
0.029500195756554604
0.12121129035949707
0.026318823918700218
0.004514152649790049
0.0202332716435194
0.05182843282818794
0.02107914350926876
0.02384430728852749
0.03493080288171768
0.1385374814271927
0.13271299004554749
0.03144783899188042
0.01667029596865177
0.028354592621326447
0.00489862309768796
0.002692491514608264
0.0036148997023701668
0.004427315667271614
0.0078854039311409
0.029256582260131836
0.06489244848489761
0.19066864252090454
0.1498941332101822
0.06334145367145538
0.21345095336437225
0.4733482897281647
0.47993093729019165
0.3470272719860077
0.1315614879131317
0.37404876947402954
0.032883938401937485
0.20921564102172852
0.2350122183561325
0.06095631793141365
0.014522007666528225
0.08944046497344971
0.09331641346216202
0.015614060685038567
0.025905124843120575
0.0762663409113884
0.09153971821069717
0.0312822051346302
0.03117206133902073
0.008753840811550617
0.03457458317279816
0.03558250144124031
0.03827489912509918
0.024096999317407608
0.016008062288165092
0.011682435870170593
0.011253716424107552
0.06435570865869522
0.028711233288049698
0.1896427869796753
0.04842470958828926
0.15331412851810455
0.17741984128952026
0.363046795129776
0.5351091027259827
0.2725999653339386
0.15694120526313782
0.12663476169109344
0.053775444626808167
0.06751801818609238
0.015302060171961784
0.022288186475634575
0.02688695304095745
0.03678840026259422
0.004814206622540951
0.01828502118587494
0.046074237674474716
0.009020152501761913
0.009431898593902588
0.010655884630978107
0.05983565375208855
0.018752306699752808
0.01208693627268076
0.006149166729301214
0.015515708364546299
0.017958439886569977
0.0054948278702795506
0.004550467245280743
0.00594172440469265
0.008592633530497551
0.005146203562617302
0.007256392855197191
0.007346572820097208
0.001167076057754457
0.009534013457596302
0.006233534310013056
0.01693892851471901
0.00901302695274353
0.0031843369361013174
0.0023569033946841955
0.0021444654557853937
0.0024952769745141268
0.012253724969923496
0.012989739887416363
0.06585515290498734
0.18040406703948975
0.2564399242401123
0.2773922383785248
0.1738319844007492
0.11694014072418213
0.06633862107992172
0.03531963378190994
0.2849632501602173
0.06875013560056686
0.0037145602982491255
0.02242702804505825
0.127748504281044
0.018698420375585556
0.0012907130876556039
0.015850506722927094
0.023457087576389313
0.006942175328731537
0.007938717491924763
0.006917780730873346
0.005714600905776024
0.013489973731338978
0.012305540032684803
0.027221763506531715
0.013533546589314938
0.021197013556957245
0.050292156636714935
0.054766297340393066
0.09602759033441544
0.15790067613124847
0.1294281929731369
0.10101238638162613
0.08319657295942307
0.08774547278881073
0.07274791598320007
0.04306723177433014
0.051939960569143295
0.03830988332629204
0.12738297879695892
0.21151059865951538
0.27399396896362305
0.18096783757209778
0.17937634885311127
0.1148362010717392
0.1058134064078331
0.0504806824028492
0.04475865513086319
0.07665476948022842
0.03070327639579773
0.0960635095834732
0.035265177488327026
0.013250544667243958
0.019799770787358284
0.009236169047653675
0.006466078571975231
0.0094231516122818
0.01597127690911293
0.002968794433400035
0.008641604334115982
0.007049651816487312
0.0012479802826419473
0.0008012006874196231
0.0014233877882361412
0.007945602759718895
0.018623674288392067
0.01943238265812397
0.06915558874607086
0.04753296449780464
0.009768021292984486
0.022673388943076134
0.03008861653506756
0.002925874898210168
0.0034679588861763477
0.010243608616292477
0.017278367653489113
0.0024371780455112457
0.010605718940496445
0.00852974969893694
0.011986111290752888
0.004109449218958616
0.014618931338191032
0.01943109557032585
0.022293487563729286
0.002418921561911702
0.021948762238025665
0.04416223242878914
0.012467018328607082
0.0442887507379055
0.04727357253432274
0.031559765338897705
0.09308871626853943
0.029345810413360596
0.1313183754682541
0.15072563290596008
0.0578937791287899
0.031338632106781006
0.06548856943845749
0.045819155871868134
0.005701020825654268
0.021418100222945213
0.035022009164094925
0.01877659745514393
0.002411155728623271
0.007724309805780649
0.030735518783330917
0.010435056872665882
0.006460903212428093
0.0107731306925416
0.018074559047818184
0.01727835275232792
0.05349232256412506
0.032965779304504395
0.09221092611551285
0.13073720037937164
0.06456635892391205
0.16232149302959442
0.14563988149166107
0.24111300706863403
0.1717676967382431
0.0972052812576294
0.2681867182254791
0.31135931611061096
0.16278570890426636
0.14876531064510345
0.24645641446113586
0.12831886112689972
0.13407523930072784
0.19454868137836456
0.1053488627076149
0.045140959322452545
0.048122506588697433
0.15761105716228485
0.016903897747397423
0.03282612934708595
0.009716165252029896
0.04725375398993492
0.04231733828783035
0.02009018324315548
0.015849169343709946
0.007811913266777992
0.1018543392419815
0.06858637928962708
0.088886559009552
0.06929432600736618
0.06321211159229279
0.2341216653585434
0.02664310671389103
0.07972774654626846
0.08621106296777725
0.0442693792283535
0.007738979998975992
0.07999392598867416
0.11713960766792297
0.004869624972343445
0.008141414262354374
0.05194363743066788
0.02148524671792984
0.0024071617517620325
0.00675554433837533
0.008905031718313694
0.004211667459458113
0.01493068691343069
0.02889075316488743
0.00979010108858347
0.037190038710832596
0.04249101132154465
0.27815866470336914
0.1335282027721405
0.18202464282512665
0.25021639466285706
0.3054172098636627
0.22239600121974945
0.12456472963094711
0.040228910744190216
0.06899875402450562
0.05900426581501961
0.012126011773943901
0.020124830305576324
0.019322769716382027
0.036809951066970825
0.016236480325460434
0.01768423244357109
0.02412009797990322
0.01821616105735302
0.02160501666367054
0.02816033735871315
0.008013811893761158
0.027624981477856636
0.016601771116256714
0.014461517333984375
0.06651417911052704
0.044459033757448196
0.14272533357143402
0.1990855485200882
0.26956048607826233
0.20138995349407196
0.20547913014888763
0.25892749428749084
0.2833949327468872
0.1218266487121582
0.06087651476264
0.12742340564727783
0.02659805864095688
0.029902951791882515
0.01850426010787487
0.053345561027526855
0.024535993114113808
0.057508766651153564
0.07688260823488235
0.05568120256066322
0.17220686376094818
0.10714370012283325
0.015702996402978897
0.03781555965542793
0.029232872650027275
0.3508552312850952
0.23250623047351837
0.6565032601356506
0.06985936313867569
0.3012096881866455
0.4805505573749542
0.12535357475280762
0.09118171036243439
0.2117813378572464
0.08870864659547806
0.01839406229555607
0.04529919475317001
0.07013681530952454
0.06439637392759323
0.029783794656395912
0.13397985696792603
0.1036609336733818
0.05980091169476509
0.08918287605047226
0.04539624601602554
0.25663453340530396
0.22916282713413239
0.26439347863197327
0.4938456118106842
0.3283710479736328
0.1450527459383011
0.5114583969116211
0.4830566644668579
0.313027024269104
0.3117821514606476
0.3092087507247925
0.43342918157577515
0.25197309255599976
0.22243264317512512
0.5646349787712097
0.3926636278629303
0.31079766154289246
0.49589914083480835
0.25796347856521606
0.23243196308612823
0.07367434352636337
0.04634639620780945
0.18413801491260529
0.34184184670448303
0.09909176081418991
0.07178876549005508
0.29878100752830505
0.5680984854698181
0.15765632688999176
0.09863897413015366
0.3689684569835663
0.6581584215164185
0.09703662246465683
0.11869902163743973
0.29327717423439026
0.3785654306411743
0.14088983833789825
0.2395346462726593
0.35615435242652893
0.2767575979232788
0.1729133576154709
0.23222064971923828
0.2497132122516632
0.22490252554416656
0.1501651406288147
0.13151247799396515
0.08225706219673157
0.11718347668647766
0.10668342560529709
0.18668021261692047
0.21191182732582092
0.1224876269698143
0.20953811705112457
0.15962383151054382
0.104267917573452
0.05243370682001114
0.04141232371330261
0.010454547591507435
0.013054472394287586
0.008368199691176414
0.011662505567073822
0.08051560819149017
0.03585800155997276
0.052718255668878555
0.056680917739868164
0.1489860564470291
0.042557306587696075
0.06089528277516365
0.18209923803806305
0.19366832077503204
0.17738984525203705
0.1440693587064743
0.23340871930122375
0.14677093923091888
0.06582286208868027
0.09979293495416641
0.03053906187415123
0.19053491950035095
0.08546671271324158
0.04346891865134239
0.22624850273132324
0.23586715757846832
0.14271998405456543
0.06395706534385681
0.20258985459804535
0.24793659150600433
0.13254807889461517
0.15653187036514282
0.07069479674100876
0.12648530304431915
0.11479261517524719
0.07743070274591446
0.08971942216157913
0.08405279368162155
0.06458299607038498
0.09227828681468964
0.11815313249826431
0.1175946369767189
0.13927192986011505
0.11790183931589127
0.15605756640434265
0.10172853618860245
0.13086390495300293
0.11479351669549942
0.04101826250553131
0.042087163776159286
0.059766631573438644
0.04694857448339462
0.06888780742883682
0.045162420719861984
0.02572428435087204
0.12433043867349625
0.08511883020401001
0.06869292259216309
0.09585745632648468
0.12709744274616241
0.06107060983777046
0.06206928566098213
0.023160601034760475
0.06289593875408173
0.027666980400681496
0.027203064411878586
0.02387884072959423
0.023479357361793518
0.03116637095808983
0.025934088975191116
0.06707188487052917
0.027484307065606117
0.022714579477906227
0.024493420496582985
0.021597592160105705
0.0471864677965641
0.08412337303161621
0.01392484363168478
0.023298019543290138
0.008161015808582306
0.01623646356165409
0.016656266525387764
0.023526592180132866
0.03883253410458565
0.11024964600801468
0.08442232012748718
0.05261198803782463
0.051645971834659576
0.0386534258723259
0.09592033922672272
0.13971702754497528
0.05944887176156044
0.04850958287715912
0.03886954113841057
0.030567582696676254
0.04400932416319847
0.1022149920463562
0.04392819106578827
0.11779240518808365
0.01633467897772789
0.04806508868932724
0.007643622811883688
0.011959760449826717
0.01397073082625866
0.03105897642672062
0.0460936613380909
0.02307976223528385
0.03882059454917908
0.09924279898405075
0.017182543873786926
0.026044046506285667
0.07652807980775833
0.024626675993204117
0.023203367367386818
0.02452901192009449
0.040010008960962296
0.057869382202625275
0.02190769650042057
0.03157453611493111
0.024461524561047554
0.027846701443195343
0.022026030346751213
0.04823370650410652
0.03414209187030792
0.07767895609140396
0.032599031925201416
0.06917838007211685
0.052084341645240784
0.0334349051117897
0.02682836912572384
0.020893050357699394
0.0068385484628379345
0.06155296787619591
0.01669136807322502
0.0830775573849678
0.0684877410531044
0.0456819050014019
0.05678277462720871
0.07818996161222458
0.013835418038070202
0.06154591590166092
0.08629569411277771
0.0765814259648323
0.05645013600587845
0.09412512928247452
0.06911837309598923
0.02092406339943409
0.03160730376839638
0.0035093724727630615
0.006975794211030006
0.016051681712269783
0.01837928034365177
0.0628943219780922
0.07995828986167908
0.05665828287601471
0.0442911796271801
0.03794707730412483
0.12354433536529541
0.03747155889868736
0.029623594135046005
0.0566154308617115
0.07224372029304504
0.03913171961903572
0.020386988297104836
0.02860100008547306
0.03569742664694786
0.016076259315013885
0.036524396389722824
0.06596056371927261
0.0954117700457573
0.034320004284381866
0.07751435786485672
0.05359577387571335
0.08530253916978836
0.03269265219569206
0.0690879374742508
0.027612794190645218
0.059720832854509354
0.013352004811167717
0.05090321972966194
0.030827505514025688
0.067509725689888
0.04961669072508812
0.03953717648983002
0.03714345023036003
0.05016963928937912
0.08038018643856049
0.041299279779195786
0.06965093314647675
0.05169180408120155
0.05924830213189125
0.07330799102783203
0.04027435928583145
0.051967740058898926
0.09377077966928482
0.08755053579807281
0.07287255674600601
0.05431314557790756
0.09882199019193649
0.04119959473609924
0.029420554637908936
0.04346926882863045
0.08787248283624649
0.05137220397591591
0.08026108145713806
0.06707433611154556
0.13384076952934265
0.1638449877500534
0.1349349170923233
0.05274937301874161
0.08900455385446548
0.18767991662025452
0.11110476404428482
0.07565069943666458
0.09396491944789886
0.06116323545575142
0.06580828875303268
0.0433175303041935
0.054762955754995346
0.018881844356656075
0.03310900926589966
0.014217888005077839
0.007682769559323788
0.017935235053300858
0.013357192277908325
0.00750834820792079
0.02063884399831295
0.03801489248871803
0.10480604320764542
0.05818883702158928
0.11772666126489639
0.10650820285081863
0.07685048878192902
0.09309246391057968
0.025472348555922508
0.09395120292901993
0.04046780243515968
0.009934896603226662
0.034407053142786026
0.034536320716142654
0.03028739243745804
0.08738613873720169
0.15820063650608063
0.13070128858089447
0.00961541011929512
0.00926185492426157
0.013573870994150639
0.0756862685084343
0.015354974195361137
0.03436565026640892
0.04947209358215332
0.010042688809335232
0.045214518904685974
0.023253347724676132
0.032289471477270126
0.04042375460267067
0.01805518940091133
0.05913272127509117
0.05573277920484543
0.06525149196386337
0.024979259818792343
0.05235038325190544
0.051856622099876404
0.09444378316402435
0.01748194918036461
0.1096319928765297
0.07560271769762039
0.019809076562523842
0.0064555988647043705
0.015997612848877907
0.014097454026341438
0.006436301860958338
0.0049618822522461414
0.016248971223831177
0.028826773166656494
0.028462886810302734
0.13032396137714386
0.06365971267223358
0.056650836020708084
0.08973667770624161
0.0861525908112526
0.06552305072546005
0.051966894418001175
0.13858753442764282
0.11826751381158829
0.03962196782231331
0.09374923259019852
0.07069744169712067
0.1966080218553543
0.1565551459789276
0.16927027702331543
0.1107550859451294
0.11706435680389404
0.025125492364168167
0.017078474164009094
0.021186018362641335
0.04671776294708252
0.06509982794523239
0.06174309551715851
0.1372508555650711
0.07207106798887253
0.06552628427743912
0.042094580829143524
0.01276650931686163
0.05556382238864899
0.024163156747817993
0.022244570776820183
0.015337958931922913
0.017213383689522743
0.05861710384488106
0.008638189174234867
0.01157822273671627
0.006542474031448364
0.005670776125043631
0.010418610647320747
0.0319136306643486
0.016094984486699104
0.005448939744383097
0.009377003647387028
0.019037295132875443
0.007721621077507734
0.008947762660682201
0.04850908741354942
0.053546030074357986
0.027231868356466293
0.03175670653581619
0.14577209949493408
0.05026083439588547
0.015873068943619728
0.07968869060277939
0.09840036183595657
0.03322392702102661
0.03256714716553688
0.05746598541736603
0.03126240149140358
0.02846675179898739
0.028982659801840782
0.13311949372291565
0.02200201340019703
0.014467873610556126
0.04348926618695259
0.041934654116630554
0.027748730033636093
0.019548773765563965
0.062219202518463135
0.02308625541627407
0.10344740748405457
0.033822376281023026
0.07234503328800201
0.0390215665102005
0.010901401750743389
0.010865267366170883
0.014630458317697048
0.024679476395249367
0.020224876701831818
0.024089660495519638
0.03686125949025154
0.07140886783599854
0.06926883012056351
0.03326389566063881
0.08370821923017502
0.02700881101191044
0.016353312879800797
0.06156058609485626
0.023134347051382065
0.046943794935941696
0.019179048016667366
0.03501587361097336
0.028852084651589394
0.04127701371908188
0.008670606650412083
0.0211472250521183
0.027244161814451218
0.021776700392365456
0.04193110764026642
0.020808978006243706
0.026700837537646294
0.027229443192481995
0.05544830486178398
0.03392994776368141
0.1349838674068451
0.06837847083806992
0.10419094562530518
0.07409302890300751
0.11807449907064438
0.04733095318078995
0.10776422172784805
0.0589108020067215
0.037740834057331085
0.02852076292037964
0.1562034636735916
0.12102671712636948
0.06736937165260315
0.08578398823738098
0.11757976561784744
0.16855426132678986
0.13654761016368866
0.13059328496456146
0.1323234736919403
0.17459307610988617
0.17231132090091705
0.1668747514486313
0.09752221405506134
0.09216705709695816
0.0733175054192543
0.029539400711655617
0.0894990861415863
0.10920605063438416
0.014451149851083755
0.10399047285318375
0.0560973696410656
0.08218811452388763
0.02248852141201496
0.10925039649009705
0.03685807064175606
0.06534257531166077
0.007792631164193153
0.014750717207789421
0.020723355934023857
0.018109532073140144
0.009718194603919983
0.005822581239044666
0.009206224232912064
0.01423328835517168
0.05080103874206543
0.03201097622513771
0.02928948402404785
0.03578488528728485
0.03876190260052681
0.04671674221754074
0.062437012791633606
0.04975946992635727
0.0287611223757267
0.1251111775636673
0.020995410159230232
0.03520039841532707
0.015527081675827503
0.01895136386156082
0.05545109882950783
0.03915279358625412
0.017998244613409042
0.022971292957663536
0.015918251127004623
0.14180369675159454
0.04539501667022705
0.09193417429924011
0.0887427031993866
0.1190846785902977
0.10842183232307434
0.09867590665817261
0.11051415652036667
0.07604134827852249
0.03707195818424225
0.09115065634250641
0.04184112697839737
0.06733782589435577
0.030485322698950768
0.08447904139757156
0.04388083517551422
0.012762855738401413
0.07378760725259781
0.031032860279083252
0.012309095822274685
0.07500423491001129
0.06104316934943199
0.02270697057247162
0.028621800243854523
0.09261549264192581
0.02005462534725666
0.02321285381913185
0.05514652281999588
0.08358855545520782
0.06970030069351196
0.0635250061750412
0.07858660817146301
0.09213937819004059
0.07881038635969162
0.08768382668495178
0.05677925795316696
0.05466283857822418
0.11704185605049133
0.12158413976430893
0.04209565371274948
0.10115887224674225
0.10521900653839111
0.0354006327688694
0.02606644481420517
0.09682758152484894
0.1269947588443756
0.0805731788277626
0.11106380820274353
0.12430036067962646
0.12268462777137756
0.14236408472061157
0.14143013954162598
0.14623087644577026
0.12841759622097015
0.2443384826183319
0.11371269822120667
0.13127338886260986
0.16107499599456787
0.20147006213665009
0.1073373481631279
0.16508127748966217
0.1488109976053238
0.18933311104774475
0.04251355305314064
0.14301951229572296
0.17417509853839874
0.051713187247514725
0.1318158656358719
0.11707813292741776
0.19515247642993927
0.13511915504932404
0.16093623638153076
0.052901316434144974
0.056851524859666824
0.05691750347614288
0.09303441643714905
0.062017131596803665
0.07470986992120743
0.13193699717521667
0.12981700897216797
0.12986434996128082
0.1092975065112114
0.23818087577819824
0.09844401478767395
0.062427181750535965
0.06680452823638916
0.11397544294595718
0.061010316014289856
0.11255457997322083
0.06416267901659012
0.05082445219159126
0.11917698383331299
0.09913797676563263
0.10119633376598358
0.10893691331148148
0.11305509507656097
0.09606155753135681
0.04596937075257301
0.07703215628862381
0.03362075611948967
0.06294359266757965
0.08250383287668228
0.07779568433761597
0.12010888010263443
0.20676858723163605
0.12016091495752335
0.09244589507579803
0.11630986630916595
0.08665876090526581
0.151772141456604
0.07093065232038498
0.03952059894800186
0.02632744610309601
0.0837736651301384
0.05731387808918953
0.1269054263830185
0.047018636018037796
0.030788348987698555
0.12513484060764313
0.034449756145477295
0.12300454080104828
0.07448159903287888
0.07997887581586838
0.017204979434609413
0.031992245465517044
0.024925487115979195
0.09616991132497787
0.02038724534213543
0.02448640950024128
0.05894925817847252
0.08392585068941116
0.07451386749744415
0.05026654899120331
0.07469189912080765
0.119502954185009
0.049612995237112045
0.09464989602565765
0.05968208983540535
0.1276199221611023
0.06575997173786163
0.058304138481616974
0.08904669433832169
0.09549739211797714
0.08171329647302628
0.10784968733787537
0.05193911865353584
0.1922488957643509
0.09339173138141632
0.12474196404218674
0.0741274431347847
0.03229625150561333
0.0506012924015522
0.1355471909046173
0.0688348039984703
0.07897800952196121
0.04742399603128433
0.08106719702482224
0.10407522320747375
0.08116652816534042
0.10758076608181
0.1914331316947937
0.24541933834552765
0.1724618673324585
0.12319894880056381
0.16578254103660583
0.11735156923532486
0.0774809718132019
0.054875247180461884
0.07588648051023483
0.11532894521951675
0.07838728278875351
0.013747187331318855
0.10718341916799545
0.05536371096968651
0.02484246715903282
0.024140767753124237
0.03374883159995079
0.06174766272306442
0.14257891476154327
0.05643748119473457
0.14332729578018188
0.06482391059398651
0.06577891111373901
0.09738357365131378
0.08541480451822281
0.03904018551111221
0.020226553082466125
0.05209435150027275
0.11028318107128143
0.09043734520673752
0.07177071273326874
0.06735190749168396
0.16986320912837982
0.1506015807390213
0.2246679812669754
0.1628391444683075
0.18393972516059875
0.20916299521923065
0.1052061915397644
0.1739487200975418
0.24202285706996918
0.21422450244426727
0.10245644301176071
0.08631403744220734
0.12146464735269547
0.09140747785568237
0.0715247392654419
0.06273388117551804
0.08775172382593155
0.10142002254724503
0.09270375221967697
0.09285211563110352
0.13994100689888
0.1101837158203125
0.12374643236398697
0.16021110117435455
0.12699583172798157
0.12177956104278564
0.11312256753444672
0.17703743278980255
0.11614762246608734
0.19754774868488312
0.08204583078622818
0.16242024302482605
0.08192072063684464
0.17456093430519104
0.15373621881008148
0.11639256030321121
0.1418498307466507
0.20662780106067657
0.10943518579006195
0.17131909728050232
0.060148000717163086
0.09756302833557129
0.1283637285232544
0.08293507993221283
0.11660495400428772
0.04731235280632973
0.1362578421831131
0.13255111873149872
0.11728840321302414
0.07075480371713638
0.16303785145282745
0.12964612245559692
0.109775610268116
0.08818820118904114
0.09975920617580414
0.10457823425531387
0.04456310346722603
0.04312114790081978
0.072514109313488
0.06508652120828629
0.03408714756369591
0.048604272305965424
0.08369714766740799
0.023408370092511177
0.08132591098546982
0.07214539498090744
0.050706345587968826
0.050797633826732635
0.02757454663515091
0.029356691986322403
0.017351461574435234
0.04855047166347504
0.057158954441547394
0.030744250863790512
0.11763506382703781
0.07943185418844223
0.11549127101898193
0.15473046898841858
0.062367942184209824
0.03446986526250839
0.06884287297725677
0.03559734299778938
0.07800780981779099
0.04292763024568558
0.010167159140110016
0.028307029977440834
0.09124306589365005
0.02922680974006653
0.05261281132698059
0.024003366008400917
0.038828615099191666
0.0268053337931633
0.013184926472604275
0.02776116319000721
0.017003094777464867
0.05060731992125511
0.1136152371764183
0.04000892490148544
0.03697209805250168
0.02669464983046055
0.031888410449028015
0.03788420557975769
0.04257851094007492
0.11260015517473221
0.09202108532190323
0.05474301055073738
0.017826950177550316
0.09129178524017334
0.07711014151573181
0.04050733149051666
0.09802251309156418
0.03704239800572395
0.22522187232971191
0.12688975036144257
0.10387138277292252
0.08416544646024704
0.22181309759616852
0.1931748390197754
0.06608901917934418
0.05394109711050987
0.05883382633328438
0.0709991306066513
0.11081214994192123
0.06940887868404388
0.0749526396393776
0.0969613566994667
0.08817104250192642
0.09679899364709854
0.054571475833654404
0.06326686590909958
0.08468826860189438
0.08301790803670883
0.07829395681619644
0.08849738538265228
0.05516694858670235
0.02070300467312336
0.045744773000478745
0.03365185484290123
0.0681762844324112
0.036632291972637177
0.08301152288913727
0.07887796312570572
0.038736674934625626
0.08286682516336441
0.13599200546741486
0.042720623314380646
0.08648017793893814
0.06393604725599289
0.1298312097787857
0.07825302332639694
0.06933705508708954
0.06691671907901764
0.09380324929952621
0.07472067326307297
0.05462351813912392
0.10583872348070145
0.12063680589199066
0.05777869001030922
0.07321495562791824
0.0917195975780487
0.0541008785367012
0.054822348058223724
0.0804513543844223
0.10923459380865097
0.06005224213004112
0.11221291124820709
0.1420307159423828
0.08609797805547714
0.06560508161783218
0.05723126605153084
0.05509303882718086
0.10899711400270462
0.08537457138299942
0.04785759001970291
0.038748640567064285
0.11932093650102615
0.014878862537443638
0.034487996250391006
0.05856328085064888
0.06111361086368561
0.02637072093784809
0.032625190913677216
0.052763983607292175
0.0537271611392498
0.08777876198291779
0.0649397224187851
0.07661733776330948
0.08799903094768524
0.12751038372516632
0.0805942490696907
0.08067816495895386
0.10509810596704483
0.11661999672651291
0.0468585379421711
0.13606038689613342
0.13707038760185242
0.08524869382381439
0.08297219127416611
0.10768256336450577
0.06316830217838287
0.047660164535045624
0.09700214862823486
0.06455899775028229
0.036339472979307175
0.033390775322914124
0.07835175096988678
0.03453850373625755
0.01534917950630188
0.024547623470425606
0.07414248585700989
0.05153830721974373
0.01695885695517063
0.01715577393770218
0.012633240781724453
0.03313382714986801
0.07788167148828506
0.14212089776992798
0.09008071571588516
0.09734471142292023
0.1556324064731598
0.03819380700588226
0.09332459419965744
0.08508450537919998
0.06935446709394455
0.02392471209168434
0.06485819816589355
0.10589463263750076
0.011121118441224098
0.050524454563856125
0.05710054188966751
0.013799007050693035
0.009016573429107666
0.02133357711136341
0.021618880331516266
0.023681841790676117
0.033304937183856964
0.048358481377363205
0.014263820834457874
0.039526719599962234
0.05739518627524376
0.09566278755664825
0.1501123309135437
0.10594652593135834
0.0900377556681633
0.15749378502368927
0.07863620668649673
0.08473315089941025
0.043087299913167953
0.05558276176452637
0.05397666618227959
0.029180414974689484
0.03398868069052696
0.07241687923669815
0.07457522302865982
0.052727121859788895
0.049594130367040634
0.1421811729669571
0.06567543745040894
0.03344940394163132
0.07958640903234482
0.06671132147312164
0.05248035117983818
0.06455989181995392
0.06954274326562881
0.05876952409744263
0.05219818279147148
0.06321650743484497
0.17013868689537048
0.09665621072053909
0.12571574747562408
0.11543141305446625
0.08075282722711563
0.13556207716464996
0.08728865534067154
0.023774800822138786
0.182477205991745
0.05829339101910591
0.033748868852853775
0.02119753323495388
0.08792582154273987
0.10630884021520615
0.06857899576425552
0.04533701390028
0.04802274703979492
0.08910194784402847
0.045598290860652924
0.005142207257449627
0.014290799386799335
0.012628517113626003
0.1155688539147377
0.12810947000980377
0.2046339064836502
0.07984987646341324
0.08954421430826187
0.18114978075027466
0.09032761305570602
0.05023874342441559
0.06842434406280518
0.0592464879155159
0.04011119157075882
0.029411133378744125
0.048859693109989166
0.09110139310359955
0.05143880471587181
0.07383358478546143
0.05451035127043724
0.08353075385093689
0.03869929164648056
0.038469068706035614
0.04368845373392105
0.03902702406048775
0.0398295521736145
0.07851759344339371
0.039035480469465256
0.03692489117383957
0.1594020426273346
0.10035575926303864
0.11439099907875061
0.16996987164020538
0.12697835266590118
0.2052527666091919
0.1371217668056488
0.0993068665266037
0.12298064678907394
0.08317055553197861
0.07426805049180984
0.04172832518815994
0.061532989144325256
0.07682932168245316
0.08100835233926773
0.07825352996587753
0.13863889873027802
0.09342684596776962
0.0599297359585762
0.11734139919281006
0.06383908540010452
0.09622350335121155
0.06406103819608688
0.051622796803712845
0.09722510725259781
0.14370855689048767
0.040261317044496536
0.026919938623905182
0.10259316861629486
0.10658823698759079
0.049628645181655884
0.06508290022611618
0.29970231652259827
0.13571515679359436
0.09370642155408859
0.10690396279096603
0.10574616491794586
0.12274997681379318
0.07229316234588623
0.13200794160366058
0.05353570356965065
0.09936448186635971
0.16491098701953888
0.08030727505683899
0.027162278071045876
0.08450345695018768
0.12274722009897232
0.04271147400140762
0.09730754047632217
0.08366047590970993
0.2206781655550003
0.08967436850070953
0.15963055193424225
