0.14204780757427216
0.15466706454753876
0.2114083468914032
0.09278867393732071
0.0437760166823864
0.01153429877012968
0.014611956663429737
0.21692240238189697
0.08879861235618591
0.5535041689872742
0.6401816606521606
0.5849688053131104
0.24686720967292786
0.09631045162677765
0.05085142329335213
0.30604976415634155
0.4048501253128052
0.04955613613128662
0.033998310565948486
0.33743545413017273
0.10551372170448303
0.05241556093096733
0.07275597006082535
0.07395721971988678
0.035505522042512894
0.03903695195913315
0.06718312948942184
0.29094135761260986
0.1342397928237915
0.062027230858802795
0.09131085127592087
0.06626676768064499
0.009557322598993778
0.019413843750953674
0.026789451017975807
0.030077364295721054
0.020048072561621666
0.0623791366815567
0.26935768127441406
0.4946402609348297
0.6961752772331238
0.40978774428367615
0.6772301197052002
0.16870544850826263
0.3167572617530823
0.6966004967689514
0.42816996574401855
0.29828983545303345
0.5009649395942688
0.6816433072090149
0.6820123791694641
0.8516760468482971
0.7341157793998718
0.4256860911846161
0.5074335932731628
0.25672778487205505
0.2055022269487381
0.34080594778060913
0.4677402079105377
0.40119969844818115
0.1824975311756134
0.6183673739433289
0.5800168514251709
0.44021812081336975
0.5973106622695923
0.6637254357337952
0.5756116509437561
0.7766752243041992
0.6769053936004639
0.46316152811050415
0.6697902083396912
0.46742814779281616
0.4584314525127411
0.47537961602211
0.28049367666244507
0.3333689272403717
0.356182724237442
0.3117307126522064
0.2317376434803009
0.4646596312522888
0.09832407534122467
0.10905226320028305
0.09183179587125778
0.08416470140218735
0.06969363242387772
0.09432730823755264
0.13421602547168732
0.06080816313624382
0.07677348703145981
0.23203690350055695
0.5875460505485535
0.7703906893730164
0.8206978440284729
0.8247584700584412
0.8294197916984558
0.6903084516525269
0.719883918762207
0.3693018853664398
0.22488784790039062
0.8525600433349609
0.13565969467163086
0.14207547903060913
0.584976315498352
0.568349301815033
0.113155297935009
0.18246299028396606
0.5665878057479858
0.4615263342857361
0.26144495606422424
0.39743876457214355
0.6782728433609009
0.5889604091644287
0.2518443763256073
0.21046039462089539
0.3123888075351715
0.18719233572483063
0.16319137811660767
0.12222349643707275
0.07430978864431381
0.06087803840637207
0.04700009897351265
0.022083302959799767
0.02509712241590023
0.016973229125142097
0.028042295947670937
0.054789211601018906
0.4571181833744049
0.21894462406635284
0.6440675854682922
0.8786126375198364
0.48621395230293274
0.8331331610679626
0.6044830083847046
0.18181003630161285
0.45402994751930237
0.4205441176891327
0.25554224848747253
0.09952834993600845
0.17620953917503357
0.6688272953033447
0.5726582407951355
0.28283101320266724
0.1799202263355255
0.037648703902959824
0.15330004692077637
0.13360780477523804
0.10702350735664368
0.1393583118915558
0.09979164600372314
0.033252932131290436
0.09948306530714035
0.18710550665855408
0.19920562207698822
0.5538656711578369
0.789321780204773
0.8849415183067322
0.33799442648887634
0.5118737816810608
0.925719141960144
0.5371299386024475
0.26248693466186523
0.6573008894920349
0.8425535559654236
0.4439469873905182
0.2925652265548706
0.867692768573761
0.5595082640647888
0.26232531666755676
0.5303727388381958
0.7990343570709229
0.6425665020942688
0.2531854212284088
0.6191855072975159
0.45628616213798523
0.2486545741558075
0.2825312316417694
0.1582445204257965
0.24168260395526886
0.1217450276017189
0.07371643930673599
0.05217244103550911
0.07308579236268997
0.04822680354118347
0.04654380679130554
0.09224865585565567
0.19537965953350067
0.6058576107025146
0.4826143682003021
0.25558993220329285
0.1806463748216629
0.2716224789619446
0.14342835545539856
0.2872682511806488
0.32855191826820374
0.2090848982334137
0.07388146221637726
0.25452369451522827
0.32669273018836975
0.3909662365913391
0.09182915836572647
0.407460480928421
0.5062646269798279
0.2786065638065338
0.25117430090904236
0.2070493847131729
0.3336387276649475
0.17974016070365906
0.14150814712047577
0.19422952830791473
0.4319874346256256
0.16617260873317719
0.2957780957221985
0.7021010518074036
0.3740116059780121
0.5000441670417786
0.27781689167022705
0.32937341928482056
0.7593067288398743
0.5896676182746887
0.09329305589199066
0.5522189736366272
0.7659240961074829
0.6943749189376831
0.6723799705505371
0.38761571049690247
0.16290634870529175
0.09894409030675888
0.1519612818956375
0.3136158585548401
0.32945147156715393
0.309781014919281
0.3898378610610962
0.3855871856212616
0.19338977336883545
0.2713395059108734
0.1319207102060318
0.050824787467718124
0.13414959609508514
0.20466981828212738
0.11162932962179184
0.18950650095939636
0.08525571972131729
0.0943385511636734
0.042567167431116104
0.19640494883060455
0.2354975789785385
0.15802080929279327
0.2370571792125702
0.21585139632225037
0.2856464087963104
0.46081867814064026
0.305071085691452
0.296421080827713
0.30170807242393494
0.5391986966133118
0.290303498506546
0.6068236231803894
0.5242140889167786
0.6320280432701111
0.5825151205062866
0.6677412986755371
0.3758549094200134
0.3180922567844391
0.39687588810920715
0.38282516598701477
0.17816628515720367
0.17392003536224365
0.20561355352401733
0.11108085513114929
0.17629730701446533
0.12646938860416412
0.07187726348638535
0.10242153704166412
0.028765132650732994
0.05176599323749542
0.04158981516957283
0.062022674828767776
0.06229158118367195
0.007678357418626547
0.00599568011239171
0.011689424514770508
0.059877149760723114
0.030964970588684082
0.14671766757965088
0.1121186837553978
0.09669294208288193
0.07024785131216049
0.01660429872572422
0.0162992924451828
0.04267304390668869
0.06815726310014725
0.036747388541698456
0.011209691874682903
0.06804507970809937
0.07001768797636032
0.021428383886814117
0.026584235951304436
0.03006288781762123
0.054273445159196854
0.035580918192863464
0.09377948939800262
0.052245814353227615
0.05401955917477608
0.08595487475395203
0.06266597658395767
0.054157186299562454
0.023431653156876564
0.00486926082521677
0.00967008899897337
0.017572393640875816
0.00956135056912899
0.01643986627459526
0.03653474152088165
0.08657316863536835
0.07574240118265152
0.046110864728689194
0.07227446138858795
0.031815823167562485
0.04730289429426193
0.0921706110239029
0.04004842787981033
0.04649534076452255
0.06606870144605637
0.07314106076955795
0.03270512446761131
0.0753050222992897
0.040961287915706635
0.030679358169436455
0.03324150666594505
0.02004789561033249
0.03435452654957771
0.05176125839352608
0.04242343828082085
0.05242612585425377
0.05297664552927017
0.07298921048641205
0.07853428274393082
0.0906730592250824
0.09417487680912018
0.07097569108009338
0.13408298790454865
0.12162967771291733
0.05297659710049629
0.09993109852075577
0.08293723315000534
0.054306283593177795
0.020835336297750473
0.03095385432243347
0.02801591157913208
0.1140885204076767
0.017480922862887383
0.01793508417904377
0.016902025789022446
0.07744397968053818
0.009839561767876148
0.015054017305374146
0.020060280337929726
0.005009972490370274
0.010386250913143158
0.009540533646941185
0.015113849192857742
0.010751721449196339
0.01949223317205906
0.021011952310800552
0.04403676465153694
0.08452800661325455
0.10727410763502121
0.17348073422908783
0.12760141491889954
0.0744498074054718
0.09653609991073608
0.11299112439155579
0.0765901580452919
0.1821284145116806
0.018287066370248795
0.022848768159747124
0.10312019288539886
0.030960461124777794
0.014476746320724487
0.030975332483649254
0.0401308499276638
0.07694186270236969
0.02362957037985325
0.02490897849202156
0.038699641823768616
0.09862007200717926
0.013676546514034271
0.015303526073694229
0.029484612867236137
0.028961602598428726
0.03125853091478348
0.02921389602124691
0.015231856144964695
0.06771491467952728
0.016861479729413986
0.0022494387812912464
0.0031001849565654993
0.01911323517560959
0.00535593694075942
0.01747877337038517
0.04038577526807785
0.02692309208214283
0.06828973442316055
0.0911215990781784
0.04330354183912277
0.11468647420406342
0.06230701878666878
0.04034854844212532
0.09025830775499344
0.06769201159477234
0.07037384808063507
0.042436257004737854
0.052874382585287094
0.1006607785820961
0.06029575318098068
0.028337985277175903
0.03021063096821308
0.009967583231627941
0.020208245143294334
0.016349053010344505
0.022410044446587563
0.04435376450419426
0.03729625418782234
0.027161048725247383
0.10838000476360321
0.0957874059677124
0.03470933437347412
0.1337938904762268
0.1651601791381836
0.2654995322227478
0.08007274568080902
0.1674525886774063
0.3445531725883484
0.12711018323898315
0.08405396342277527
0.17916935682296753
0.17087075114250183
0.07139215618371964
0.05815865471959114
0.14392763376235962
0.08728435635566711
0.06770673394203186
0.04651442915201187
0.0670812651515007
0.10315045714378357
0.030137503519654274
0.041154343634843826
0.07345929741859436
0.036118585616350174
0.03320420905947685
0.07164359092712402
0.07811810076236725
0.06768910586833954
0.04035640507936478
0.06057533249258995
0.06948567926883698
0.0371294803917408
0.042681556195020676
0.018476689234375954
0.050456780940294266
0.1001710519194603
0.09209028631448746
0.046757884323596954
0.03799858316779137
0.0702161192893982
0.04499112814664841
0.03475608304142952
0.04426475614309311
0.05478053167462349
0.035590510815382004
0.03818788379430771
0.023563722148537636
0.0784546285867691
0.024107778444886208
0.0420231930911541
0.07372304797172546
0.05730774626135826
0.03334654122591019
0.04292135685682297
0.07019416242837906
0.0396292619407177
0.06637030094861984
0.05266440287232399
0.10354005545377731
0.09727094322443008
0.08911560475826263
0.13330991566181183
0.0743355005979538
0.15190882980823517
0.060502756386995316
0.043851543217897415
0.0674566850066185
0.1162668988108635
0.050496965646743774
0.048076093196868896
0.07918598502874374
0.05820991471409798
0.041256699711084366
0.02715480327606201
0.01684350147843361
0.04145008698105812
0.031374018639326096
0.04525640606880188
0.12511825561523438
0.12294251471757889
0.06585297733545303
0.0893290564417839
0.06411505490541458
0.056517694145441055
0.07055679708719254
0.04118887335062027
0.04037420451641083
0.06631320714950562
0.050909481942653656
0.05330364406108856
0.024894269183278084
0.05187607184052467
0.026364313438534737
0.062434639781713486
0.07532001286745071
0.06541789323091507
0.11417631059885025
0.050363827496767044
0.07177805155515671
0.06549397855997086
0.0818404108285904
0.08015628159046173
0.08257896453142166
0.09234322607517242
0.0790053978562355
0.11182589083909988
0.1336464136838913
0.21630865335464478
0.17550864815711975
0.23410871624946594
0.18154270946979523
0.17370566725730896
0.21250218152999878
0.23202119767665863
0.1468435674905777
0.21498411893844604
0.17665234208106995
0.15807993710041046
0.12181166559457779
0.15423819422721863
0.1697910875082016
0.10810083150863647
0.12746430933475494
