0.6193386316299438
0.6298627257347107
0.6515918374061584
0.8078940510749817
0.7532411217689514
0.9206047058105469
0.38603320717811584
0.7705289125442505
0.6015444397926331
0.6747525334358215
0.4282499849796295
0.5972535014152527
0.4703702926635742
0.612224817276001
0.5227673649787903
0.7301870584487915
0.46203386783599854
0.7350230813026428
0.4450797438621521
0.6446691155433655
0.6256914138793945
0.5673097372055054
0.5446252226829529
0.7312281727790833
0.7679703235626221
0.5082033276557922
0.6951250433921814
0.46508440375328064
0.6226021647453308
0.5779369473457336
0.6300497651100159
0.7078174948692322
0.7707532048225403
0.8100183606147766
0.4417646527290344
0.4543093740940094
0.7444127798080444
0.6806172132492065
0.8634641766548157
0.8134896159172058
0.7513353824615479
0.8235150575637817
0.8153570294380188
0.8051164746284485
0.6102970242500305
0.7724330425262451
0.6083635687828064
0.49459853768348694
0.4839923083782196
0.6991241574287415
0.6517664194107056
0.5190921425819397
0.4443168044090271
0.6660773158073425
0.6525360345840454
0.5032983422279358
0.641636312007904
0.5519017577171326
0.5415768623352051
0.30182525515556335
0.3751239478588104
0.29320064187049866
0.47553887963294983
0.19656987488269806
0.650836706161499
0.507468581199646
0.2165279984474182
0.508186936378479
0.3899376094341278
0.5092032551765442
0.3081200420856476
0.6010435223579407
0.6441642642021179
0.7365697026252747
0.35963621735572815
0.5391537547111511
0.43085870146751404
0.8427318930625916
0.7017518877983093
0.8224928975105286
0.7427980303764343
0.8201364874839783
0.7650864720344543
0.8243839144706726
0.7684401869773865
0.6814310550689697
0.7536746263504028
0.6294613480567932
0.809441328048706
0.4275796711444855
0.8900296092033386
0.5751386880874634
0.7684605121612549
0.8284248113632202
0.8195967674255371
