0.475725919008255
0.6105434894561768
0.5166427493095398
0.472723126411438
0.44613373279571533
0.38511422276496887
0.45908206701278687
0.45862048864364624
0.5423722863197327
0.3025988042354584
0.07686475664377213
0.04359173774719238
0.16132277250289917
0.1671239137649536
0.05066000297665596
0.0836518183350563
0.06583939492702484
0.08067753165960312
0.252428263425827
0.13521817326545715
0.1613389253616333
0.0946941152215004
0.46276500821113586
0.10223672538995743
0.35107937455177307
0.11737097799777985
0.3336886167526245
0.2574092745780945
0.4384058117866516
0.5039411783218384
0.766394853591919
0.7039788365364075
0.806736946105957
0.7989048957824707
0.8616906404495239
0.8142462372779846
0.6630773544311523
0.7226257920265198
0.41877007484436035
0.2832184433937073
0.24325759708881378
0.30641472339630127
0.15493591129779816
0.31971803307533264
0.11533121019601822
0.16364401578903198
0.0993562713265419
0.18673112988471985
0.18636704981327057
0.22764550149440765
0.0921771377325058
0.1521608829498291
0.04928117245435715
0.11650869995355606
0.09180400520563126
0.4677232801914215
0.32574328780174255
0.4821457862854004
0.21117398142814636
0.5585816502571106
0.6163893938064575
0.7849872708320618
0.7993234395980835
0.8728547692298889
0.7941282987594604
0.8263134360313416
0.8836397528648376
0.7287830710411072
0.7423743605613708
0.7095274925231934
0.5335496068000793
0.6418783068656921
0.4119974672794342
0.6349032521247864
0.16519100964069366
0.42951905727386475
0.14113885164260864
0.2616666853427887
0.13152402639389038
0.1449810415506363
0.2039964348077774
0.09228969365358353
0.10633546113967896
0.024261558428406715
0.143543541431427
0.048054322600364685
0.23530299961566925
0.2166803777217865
0.49727746844291687
0.5938243865966797
0.6802675724029541
0.5262665152549744
0.8387964963912964
0.7975179553031921
0.8583152890205383
0.8907086253166199
0.7276204824447632
0.7265418171882629
0.8300418257713318
0.5898253321647644
0.5263240933418274
0.42540550231933594
0.26244035363197327
0.13800737261772156
0.13804200291633606
0.023550264537334442
0.06345338374376297
0.056377146393060684
0.01838170364499092
0.19283011555671692
0.1259334236383438
0.17918847501277924
0.10849867016077042
0.07562661170959473
0.042792126536369324
0.04686545580625534
0.24483747780323029
0.3069198727607727
0.31066274642944336
0.5636981129646301
0.7650371193885803
0.801150918006897
0.7724522948265076
0.6716892719268799
0.8101718425750732
0.7304295897483826
0.5503392815589905
0.5382845997810364
0.44025087356567383
0.6286396384239197
0.7041752338409424
0.3993198871612549
0.5991040468215942
0.14451034367084503
0.3918454349040985
0.09721127897500992
0.13814355432987213
0.19778890907764435
0.2974356710910797
0.4173913300037384
0.5060539841651917
0.602948009967804
0.3469479978084564
0.3048471212387085
0.36622264981269836
0.38769784569740295
0.31999635696411133
0.1247095912694931
0.429334819316864
0.38403573632240295
0.29808568954467773
0.1139492467045784
0.6108517646789551
0.419891357421875
0.2624487280845642
0.2415298968553543
0.5248059630393982
0.3981299102306366
0.36018627882003784
0.6759443879127502
0.46071311831474304
0.5216342210769653
0.7412030696868896
0.7136771082878113
0.5687562823295593
0.7934817671775818
0.7255086898803711
0.34784308075904846
0.5557498931884766
0.5830196142196655
0.6673662662506104
0.5769172310829163
0.6627558469772339
0.612417995929718
