0.054854314774274826
0.05980461835861206
0.09839186817407608
0.07317380607128143
0.12396325170993805
0.13993245363235474
0.09636113792657852
0.04690343886613846
0.12388437241315842
0.019856136292219162
0.19072744250297546
0.03927814960479736
0.29225000739097595
0.2268897145986557
0.4279734492301941
0.4146846830844879
0.5467774868011475
0.4157073497772217
0.4393426477909088
0.2639404535293579
0.08818231523036957
0.19241228699684143
0.10561249405145645
0.01795785315334797
0.04633339121937752
0.010751742869615555
0.14061295986175537
0.04448757320642471
0.1516537219285965
0.23083443939685822
0.18661601841449738
0.1931954175233841
0.21031038463115692
0.2701888978481293
0.21284063160419464
0.23169656097888947
0.32086217403411865
0.2787814140319824
0.28294697403907776
0.2572430968284607
0.1301334649324417
0.17061251401901245
0.06582461297512054
0.152076855301857
0.03171464055776596
0.18292999267578125
0.2439848929643631
0.2602878212928772
0.05603655055165291
0.20623250305652618
0.046645354479551315
0.1648934930562973
0.1007041335105896
0.0792718380689621
0.11774325370788574
0.15381650626659393
0.1409248411655426
0.21232673525810242
0.1784183233976364
0.16209609806537628
0.1735118180513382
0.17494286596775055
0.10544806718826294
0.311328262090683
0.13483940064907074
0.18495474755764008
0.034393712878227234
0.15599888563156128
0.018828315660357475
0.07116156816482544
0.029158251360058784
0.07610134035348892
0.0964927077293396
0.15385712683200836
0.13906781375408173
0.15852050483226776
0.15201671421527863
0.2654217779636383
0.17379309237003326
0.2697223126888275
0.1830446869134903
0.0550202913582325
0.25761210918426514
0.1470823585987091
0.18666581809520721
0.14172840118408203
0.041137486696243286
0.16822612285614014
0.07726523280143738
0.24111302196979523
0.19248589873313904
0.24401699006557465
0.06489747762680054
0.09477787464857101
0.12607675790786743
0.07155421376228333
0.048320528119802475
0.06670217216014862
0.10102393478155136
0.17546159029006958
0.18034805357456207
0.21108247339725494
0.03639726713299751
0.13444192707538605
0.027908140793442726
0.2256431132555008
0.06310564279556274
0.1653556376695633
0.12216293811798096
0.23009483516216278
0.1952168047428131
0.06852416694164276
0.12972383201122284
0.08835948258638382
0.18264159560203552
0.09295552968978882
0.131058931350708
0.0776282474398613
0.06762725859880447
0.026653196662664413
0.041331514716148376
0.042520929127931595
0.043205466121435165
0.04054449498653412
0.03812815621495247
0.03716764971613884
0.06974537670612335
0.06922648847103119
0.07445356994867325
0.023767521604895592
0.1254725158214569
0.03391401842236519
0.18858882784843445
0.16205616295337677
0.2461685687303543
0.25957190990448
0.35490885376930237
0.28821244835853577
0.24435730278491974
0.18977196514606476
0.0626518502831459
0.11785475164651871
0.09971385449171066
0.036950305104255676
0.06629567593336105
0.02612931840121746
0.11654406040906906
0.05237988755106926
0.15298683941364288
0.18991485238075256
0.15389838814735413
0.11121722310781479
0.1552339345216751
0.20206519961357117
0.16100069880485535
0.13095246255397797
0.24400533735752106
0.2284783273935318
0.18095842003822327
0.15267126262187958
0.09948889911174774
0.16051392257213593
0.11384329944849014
0.1760614663362503
0.05462732911109924
0.07353504747152328
0.07093647867441177
0.10552523285150528
0.045208342373371124
0.10083575546741486
0.04354843497276306
0.04769667237997055
0.041414741426706314
0.06952230632305145
0.055279094725847244
0.04899829626083374
0.06927136331796646
0.05924394354224205
0.07954547554254532
0.11348073929548264
0.09358548372983932
0.11226110905408859
0.10509388893842697
0.22067366540431976
0.08332613855600357
0.1475052386522293
0.05098136141896248
0.12567274272441864
0.04132409393787384
0.09648530930280685
0.05101881921291351
0.1058100238442421
0.09483080357313156
0.13285036385059357
0.14602477848529816
0.15349990129470825
0.12641924619674683
0.18470925092697144
0.16308601200580597
0.24974089860916138
0.16862359642982483
0.10792950540781021
0.1782716065645218
0.1449018269777298
0.12681551277637482
0.17563994228839874
0.0979807898402214
0.15826350450515747
0.1411697417497635
0.18107326328754425
0.10260903090238571
0.09169673174619675
0.06634709984064102
0.08537856489419937
0.08481095731258392
0.039452847093343735
0.03630621358752251
0.05139380693435669
0.08347469568252563
0.10860912501811981
0.12938664853572845
0.12116624414920807
0.06063147261738777
0.07828996330499649
0.07376679033041
0.1753152757883072
0.12081534415483475
0.1403622180223465
0.13392257690429688
0.21752166748046875
0.16735537350177765
0.15104947984218597
0.16616691648960114
0.09247934073209763
0.12429007142782211
0.08945850282907486
0.09573560208082199
0.07562453299760818
0.023320281878113747
0.014299432747066021
0.008623060770332813
0.024885324761271477
0.0228691678494215
0.012963580898940563
0.013404491357505322
0.01977924071252346
0.02147396095097065
0.04392046481370926
0.02599126659333706
0.05245847627520561
0.05245691537857056
0.05599330738186836
0.04551565274596214
0.080510713160038
0.02992182970046997
0.10029105842113495
0.1581324338912964
0.20055676996707916
0.2684730589389801
0.32188665866851807
0.1637042611837387
0.147971972823143
0.16391621530056
0.07810313999652863
0.1081102266907692
0.11712776124477386
0.05715097486972809
0.05847998335957527
0.0376133918762207
0.11470339447259903
0.05058293417096138
0.10034170001745224
0.10449520498514175
0.10224484652280807
0.06917677819728851
0.09668389707803726
0.16050657629966736
0.11278132349252701
0.09641852974891663
0.2016582041978836
0.1481585055589676
0.18836328387260437
0.1369570642709732
0.10147576034069061
0.17087998986244202
0.1587853729724884
0.20745797455310822
0.07418910413980484
0.14597953855991364
0.06402171403169632
0.08477116376161575
0.06222750246524811
0.08968746662139893
0.05102590098977089
0.08261286467313766
0.07953185588121414
0.06126903370022774
0.058997076004743576
0.06038258597254753
0.07439032196998596
0.04406707361340523
0.06063012406229973
0.12093785405158997
0.07979556173086166
0.10450542718172073
0.06583452224731445
0.1398659497499466
0.08596745878458023
0.097577303647995
0.062301233410835266
0.12956275045871735
0.06257227808237076
0.12250644713640213
0.08466895669698715
0.18095064163208008
0.1320742964744568
0.14525313675403595
0.18143804371356964
0.20794351398944855
0.1498180627822876
0.24250377714633942
0.24911218881607056
0.3091198801994324
0.24505120515823364
0.17780135571956635
0.30339473485946655
0.21818554401397705
0.1763051301240921
0.15093491971492767
0.08177807182073593
0.14799588918685913
0.08393055945634842
0.13683612644672394
0.10066673904657364
0.09593280404806137
0.058725398033857346
0.08044827729463577
0.0809302031993866
0.050118621438741684
0.03464377671480179
0.0501212403178215
0.09911886602640152
0.12357822060585022
0.1330527812242508
0.10741861909627914
0.046320851892232895
0.07284768670797348
0.06176285073161125
0.11706884950399399
0.07923025637865067
0.15801973640918732
0.17262938618659973
0.24487201869487762
0.2314060777425766
0.2774781286716461
0.16412749886512756
0.085060715675354
0.1341596245765686
0.05954219773411751
0.05875211954116821
0.03274041786789894
0.06119726225733757
0.04631819576025009
0.0399768091738224
0.04799404367804527
0.028417404741048813
0.035395581275224686
0.0330001525580883
0.05134924128651619
0.10520058870315552
0.10389229655265808
0.09207950532436371
0.06809099018573761
0.11602693051099777
0.020435728132724762
0.11258057504892349
0.1156863272190094
0.30549439787864685
0.25338447093963623
0.31737518310546875
0.1455988734960556
0.1540682166814804
0.0824769139289856
0.06393454223871231
0.0778859481215477
0.08092235028743744
0.0400528758764267
0.04929675906896591
0.01863558031618595
0.052568040788173676
0.03829941526055336
0.07383745908737183
0.09829141199588776
0.0956546738743782
0.08856838196516037
0.12316424399614334
0.13628868758678436
0.11545588076114655
0.11545798927545547
0.17456547915935516
0.12844853103160858
0.13925860822200775
0.13659462332725525
0.08811358362436295
0.13439753651618958
0.07395736128091812
0.11701849102973938
0.06461308151483536
0.078508660197258
0.082671158015728
0.09732580184936523
0.05401693657040596
0.10604223608970642
0.03400008752942085
0.07634343206882477
0.042374663054943085
0.07421354949474335
0.06939955055713654
0.08182767033576965
0.1694878190755844
0.09669283032417297
0.09809555858373642
0.16569967567920685
0.13871274888515472
0.16357837617397308
0.1083928719162941
0.1713826209306717
0.10575410723686218
0.0871448889374733
0.059755921363830566
0.08396248519420624
0.08506762981414795
0.1116926446557045
0.08746284246444702
0.17967361211776733
0.12782540917396545
0.13669034838676453
0.2145051658153534
0.1658353954553604
0.15891292691230774
0.2394215315580368
0.23655305802822113
0.3113110661506653
0.27017176151275635
0.21028195321559906
0.3560501039028168
0.3242092430591583
0.24702461063861847
0.1717613935470581
0.09534905105829239
0.1291196197271347
0.13233081996440887
0.14213241636753082
0.16856485605239868
0.17986376583576202
0.1547630876302719
0.190689817070961
0.2147064357995987
0.2251829355955124
0.17172183096408844
0.18249276280403137
0.22390778362751007
0.28025010228157043
0.28973281383514404
0.2163688689470291
0.06790249794721603
0.12812836468219757
0.08846161514520645
0.2558126151561737
0.16364288330078125
0.3628978133201599
0.3570035696029663
0.44171231985092163
0.4004717767238617
0.43717893958091736
0.41162633895874023
0.2936970293521881
0.37235385179519653
0.2467709332704544
0.34710654616355896
0.31580832600593567
0.24236685037612915
0.2276826649904251
0.18916532397270203
0.12836498022079468
0.15730519592761993
