0.41151872277259827
0.17155371606349945
0.41315746307373047
0.3587624132633209
0.2564884424209595
0.20528487861156464
0.227845698595047
0.22813360393047333
0.23086020350456238
0.2910187542438507
0.40049487352371216
0.32551586627960205
0.2323819249868393
0.29271847009658813
0.26968541741371155
0.2919778823852539
0.3393618166446686
0.31439322233200073
0.1973179429769516
0.1578555554151535
0.31995806097984314
0.39314350485801697
0.3825865387916565
0.3482207655906677
0.7087309956550598
0.7673672437667847
0.7360342741012573
0.768308162689209
0.30174246430397034
0.17914608120918274
0.1904582530260086
0.6504923105239868
0.3159593641757965
0.41010183095932007
0.7090981602668762
0.45291081070899963
0.81977778673172
0.8515656590461731
0.5898362398147583
0.3934829831123352
0.20794840157032013
0.2969715893268585
0.18868528306484222
0.11031894385814667
0.1652568131685257
0.027935611084103584
0.008345101028680801
0.02169209159910679
0.029022647067904472
0.04829377681016922
0.0209498330950737
0.1733843833208084
0.07165270298719406
0.07422756403684616
0.10385722666978836
0.1892862468957901
0.4467466175556183
0.42141908407211304
0.2756417393684387
0.6308467984199524
0.3264893591403961
0.5983279943466187
0.27131590247154236
0.26147332787513733
0.1134735643863678
0.07311795651912689
0.1315188854932785
0.35266703367233276
0.21107910573482513
0.08873245120048523
0.516956090927124
0.678653359413147
0.4442484378814697
0.3418966829776764
0.8350552916526794
0.7081360220909119
0.4727030396461487
0.922369122505188
0.3967621922492981
0.7227916717529297
0.9068675637245178
0.638834536075592
0.5405948162078857
0.6681952476501465
0.14120492339134216
0.453910768032074
0.417911171913147
0.060770247131586075
0.09295070916414261
0.5213971734046936
0.19558048248291016
0.04412832111120224
0.3523177206516266
0.3251064121723175
0.14877858757972717
0.15896828472614288
0.0991193950176239
0.06966403871774673
0.09550593793392181
0.16220450401306152
0.2886464297771454
0.43595775961875916
0.21652808785438538
0.32452619075775146
0.6333619356155396
0.6435865163803101
0.7567183375358582
0.7036014199256897
0.801794171333313
0.7471267580986023
0.7125325202941895
0.6194059252738953
0.7665399312973022
0.5466946363449097
0.42377540469169617
0.41436928510665894
0.39027783274650574
0.283952534198761
0.13427704572677612
0.3346835672855377
0.23578660190105438
0.11861924082040787
0.12264364212751389
0.10804906487464905
0.04765034094452858
0.28883814811706543
0.28273868560791016
0.20223943889141083
0.26265087723731995
0.4672918915748596
0.1851595789194107
0.38863274455070496
0.17757289111614227
0.21973702311515808
0.28524887561798096
0.03197230026125908
0.06696412712335587
0.21819989383220673
0.11748374998569489
0.05350341275334358
0.33404555916786194
0.34344983100891113
0.3519061207771301
0.09892542660236359
0.038057222962379456
0.034016504883766174
0.048472508788108826
0.021178172901272774
0.14854483306407928
0.1414305418729782
0.24312634766101837
0.5151854753494263
0.49121609330177307
0.7674230933189392
0.5152431726455688
0.4243156909942627
0.7684184312820435
0.8626333475112915
0.5524283051490784
0.7659929990768433
0.727787435054779
0.4374134838581085
0.3877556324005127
0.42869675159454346
0.6272549629211426
0.4494961202144623
0.5216637253761292
0.4447747468948364
0.42929187417030334
0.7032122015953064
0.7342658638954163
0.5264459848403931
0.7494659423828125
0.432425856590271
0.1021062508225441
0.04664988815784454
0.018351800739765167
0.008871544152498245
0.047970253974199295
0.04147431254386902
0.10784599184989929
0.0821055993437767
0.18952545523643494
0.2883610725402832
0.2611750662326813
0.3599807620048523
0.4126817286014557
0.41378989815711975
0.5592778921127319
0.6290218830108643
0.45031601190567017
0.4204860329627991
0.29887792468070984
0.28372353315353394
0.19034600257873535
0.10534202307462692
0.12258381396532059
0.0837593749165535
0.1045706570148468
0.0495719276368618
0.1400112509727478
0.04900823161005974
0.11839110404253006
0.14535696804523468
0.16902440786361694
0.7309563755989075
0.4562340974807739
0.6929486989974976
0.8042374849319458
0.6993127465248108
0.47386640310287476
0.6229275465011597
0.740757405757904
0.3028377294540405
0.4561767578125
0.14309075474739075
0.2194860577583313
0.14807671308517456
0.2180609554052353
0.08820561319589615
0.18514122068881989
0.21032190322875977
0.09747431427240372
0.03982727229595184
0.16700267791748047
0.17303046584129333
0.2899552881717682
0.3256191313266754
0.19978764653205872
0.21795865893363953
0.0791240930557251
0.06399532407522202
0.41490763425827026
0.3299747109413147
0.10036174952983856
0.2031998485326767
0.15607911348342896
0.08790098130702972
0.15062233805656433
0.1278914213180542
0.18719275295734406
