0.09180963039398193
0.06179143860936165
0.060369864106178284
0.0629529282450676
0.06911885738372803
0.07623469084501266
0.03501204773783684
0.07276174426078796
0.04310494288802147
0.07607124000787735
0.05421377718448639
0.15666420757770538
0.18296273052692413
0.09966274350881577
0.2564806044101715
0.40766727924346924
0.3092905580997467
0.23442766070365906
0.4669835865497589
0.3592633903026581
0.32675066590309143
0.6109299659729004
0.4893287122249603
0.3769146800041199
0.2698686420917511
0.35116609930992126
0.45202675461769104
0.2019638866186142
0.6460248827934265
0.35776370763778687
0.44383329153060913
0.42876380681991577
0.40047165751457214
0.2695813477039337
0.47164323925971985
0.6397432088851929
0.454410195350647
0.6430628299713135
0.4892890155315399
0.2622665464878082
0.6425403356552124
0.5056856274604797
0.2973443567752838
0.3228280544281006
0.6481324434280396
0.32926300168037415
0.13263680040836334
0.39446255564689636
0.7095533013343811
0.5079153776168823
0.5395477414131165
0.6711164116859436
0.2926076650619507
0.3757439851760864
0.5813390612602234
0.34753409028053284
0.2517782747745514
0.18206782639026642
0.1390060931444168
0.2377597540616989
0.12680001556873322
0.030271882191300392
0.2369757443666458
0.22519022226333618
0.10908329486846924
0.1171533390879631
0.22669659554958344
0.2489398568868637
0.10465742647647858
0.11969970166683197
0.27827930450439453
0.2392738163471222
0.49692144989967346
0.4943819046020508
0.09745512902736664
0.17445531487464905
0.5104745030403137
0.26329174637794495
0.04814143478870392
0.4709901213645935
0.43573230504989624
0.12748874723911285
0.125650554895401
0.3436145782470703
0.2698206603527069
0.13309593498706818
0.24225595593452454
0.3962397575378418
0.17724257707595825
0.10684432089328766
0.2607715427875519
0.40209662914276123
0.24063678085803986
0.12266271561384201
0.21439702808856964
0.4177744686603546
0.44392111897468567
0.11942251771688461
0.5628764033317566
0.4002171456813812
0.09891650825738907
0.29281818866729736
0.6868886947631836
0.4514128267765045
0.05407189950346947
0.35768094658851624
0.5736933350563049
0.38452011346817017
0.25660791993141174
0.6521655321121216
0.6982068419456482
0.295764297246933
0.5479486584663391
0.3029092848300934
0.36314254999160767
0.40564242005348206
0.5413973331451416
0.5646090507507324
0.3646639585494995
0.4095153212547302
0.6455052495002747
0.6125521659851074
0.5818805694580078
0.44140854477882385
0.6387287378311157
0.33355942368507385
0.7129857540130615
0.7021945118904114
0.3895184099674225
0.14347654581069946
0.2825718820095062
0.5746850371360779
0.2992536127567291
0.14491672813892365
0.47291767597198486
0.6112504005432129
0.5395002365112305
0.6163423657417297
0.6394994854927063
0.6726402044296265
0.5740717053413391
0.6216918230056763
0.37933140993118286
0.5090602040290833
0.5874325633049011
0.12824305891990662
0.178158238530159
0.32862764596939087
0.27134042978286743
0.19799412786960602
0.18627597391605377
0.19916971027851105
0.3446814715862274
0.1646362543106079
0.04529065266251564
0.15468792617321014
0.26125603914260864
0.056558795273303986
0.12923915684223175
0.14818443357944489
0.08110731840133667
0.08126036077737808
0.21285514533519745
0.13962604105472565
0.08464553952217102
0.1659635603427887
0.19158720970153809
0.07500116527080536
0.09361232817173004
0.06855616718530655
0.15809865295886993
0.05220188573002815
0.019760621711611748
0.3472611606121063
0.15377648174762726
0.24778777360916138
0.4438161849975586
0.29222044348716736
0.2656835615634918
0.10971952229738235
0.10288874059915543
0.055474575608968735
0.1322752684354782
0.2953428626060486
0.3521787226200104
0.28288713097572327
0.28936871886253357
0.42142656445503235
0.3497990369796753
0.40536579489707947
0.43455401062965393
0.56812983751297
0.5157462954521179
0.499336838722229
0.5037491321563721
0.33257773518562317
0.2192385494709015
0.30960822105407715
0.31231799721717834
0.41447773575782776
0.3748074471950531
0.224699467420578
0.2486402988433838
0.20901791751384735
0.34548473358154297
0.1673741191625595
0.0891328752040863
0.03669287636876106
0.09672503173351288
0.06001501530408859
0.010030752047896385
0.015438437461853027
0.03934503346681595
0.0545591302216053
0.008892943151295185
0.06486199796199799
0.05602729320526123
0.01771392859518528
0.01984363980591297
0.09179225564002991
0.04639172554016113
0.02721388079226017
0.12537387013435364
0.07124080508947372
0.2375420480966568
0.03353419899940491
0.28724732995033264
0.35180801153182983
0.30724936723709106
0.12116745114326477
0.5159375667572021
0.5470066070556641
0.30429840087890625
0.49132606387138367
0.6094481348991394
0.4823917746543884
0.5492167472839355
0.45782026648521423
0.46652084589004517
0.5089899897575378
0.5016730427742004
0.09516943246126175
0.18428224325180054
0.24147053062915802
0.23255319893360138
0.34152868390083313
0.3427709639072418
0.4717642068862915
0.41847163438796997
0.18997907638549805
0.343899667263031
0.19395811855793
0.5103506445884705
0.21812015771865845
0.44401660561561584
0.34434911608695984
0.143588587641716
0.5012743473052979
0.47318288683891296
0.2764023244380951
0.6592972278594971
0.6245125532150269
0.43754974007606506
0.21312136948108673
0.45998823642730713
0.3658545911312103
0.6049497723579407
0.47080904245376587
0.6170624494552612
0.46967023611068726
0.6661232709884644
0.6632752418518066
0.615872323513031
0.4605354368686676
0.152775838971138
0.1491057425737381
0.2900543510913849
0.1564399152994156
0.04348785802721977
0.13152866065502167
0.20289252698421478
0.18395636975765228
0.12844286859035492
0.08080678433179855
0.04042869806289673
0.018885159865021706
0.05767853930592537
0.046244312077760696
0.018011802807450294
0.015508923679590225
0.03459656238555908
0.05845549330115318
0.0030916810501366854
0.024947160854935646
0.06591197103261948
0.027058066800236702
0.01572292484343052
0.04700204357504845
0.02801581658422947
0.030408108606934547
0.02342056855559349
0.054066430777311325
0.08642527461051941
0.04078024998307228
0.031563058495521545
0.043272148817777634
0.0905776098370552
0.06588875502347946
0.03690160810947418
0.08795393258333206
0.17654621601104736
0.1780228167772293
0.04752730950713158
0.1257075071334839
0.05496429279446602
0.0703335776925087
0.08184130489826202
0.13206112384796143
0.10096420347690582
0.2597973942756653
0.37607860565185547
0.2809900939464569
0.3262422978878021
0.10824614763259888
0.48069244623184204
0.17565937340259552
0.5295224785804749
0.24910160899162292
0.3080691695213318
0.06043746694922447
0.3532516062259674
0.26770856976509094
0.33014941215515137
0.229629784822464
0.5355470776557922
0.1707450896501541
0.1187194362282753
0.058179087936878204
0.11134646087884903
0.0277390219271183
0.06823495775461197
0.016939036548137665
0.07230955362319946
0.025309914723038673
0.10643637925386429
0.10362634807825089
0.11062644422054291
0.27583280205726624
0.39070412516593933
0.0801161676645279
0.08107003569602966
0.2267112284898758
0.17012305557727814
0.014412322081625462
0.026382865384221077
0.13664965331554413
0.0956738293170929
0.026610638946294785
0.024860456585884094
0.10107992589473724
0.04331141337752342
0.058922894299030304
0.0722002312541008
0.0860770046710968
0.09150343388319016
0.040046267211437225
0.0931694358587265
0.2591533958911896
0.30193790793418884
0.23927362263202667
0.3782655596733093
0.5714349746704102
0.3261602520942688
0.2995159924030304
0.4965333342552185
0.3868596851825714
0.09010405838489532
0.13815085589885712
0.18589027225971222
0.32218968868255615
0.08422377705574036
0.0906326174736023
0.22323812544345856
0.20880818367004395
0.02225729450583458
0.04902395233511925
0.015153580345213413
0.17716434597969055
0.03887925669550896
0.027742253616452217
0.08772026002407074
0.15612037479877472
0.11183682829141617
0.14245711266994476
0.4315357506275177
0.2971170246601105
0.4526616334915161
0.2547353208065033
0.14022521674633026
0.2034631371498108
0.2610577344894409
0.23838867247104645
0.17036934196949005
0.08508957922458649
0.15858571231365204
0.2137371003627777
0.16660138964653015
0.23472976684570312
0.26192691922187805
0.5256543755531311
0.46138468384742737
0.3446594774723053
0.5358847379684448
0.4721364378929138
0.4138292968273163
0.39016520977020264
0.44905558228492737
0.3148793876171112
0.37055742740631104
0.6810105443000793
0.17865565419197083
0.1691078245639801
0.6577105522155762
0.3533365726470947
0.02630600333213806
0.10174975544214249
0.26898112893104553
0.09571496397256851
0.014746657572686672
0.03115360252559185
0.1188386008143425
0.050357747822999954
0.05018008127808571
0.20973271131515503
0.14915210008621216
0.09067673236131668
0.07105860859155655
0.175852432847023
0.29052987694740295
0.26781463623046875
0.11139534413814545
0.329402357339859
0.26376429200172424
0.1273251324892044
0.13487128913402557
0.16242733597755432
0.3409712314605713
0.22085490822792053
0.2714881896972656
0.13311907649040222
0.22932346165180206
0.2883377969264984
0.18950319290161133
0.09730380773544312
0.13376976549625397
0.059125106781721115
0.11239908635616302
0.10845965892076492
0.10511236637830734
0.15910206735134125
0.15924766659736633
0.0395515002310276
0.08778495341539383
0.10902174562215805
0.14534568786621094
0.05995744466781616
0.07649605721235275
0.04533454775810242
0.1855582892894745
0.1027427539229393
0.20026282966136932
0.1969640851020813
0.2811625599861145
0.21203218400478363
0.1623460203409195
0.212924063205719
0.11977583914995193
0.20923630893230438
0.1507502645254135
0.05089787766337395
0.10390903055667877
0.1308884620666504
0.0983516126871109
0.1186094656586647
0.2448207587003708
0.5603858232498169
0.40873652696609497
0.16773121058940887
0.07675148546695709
0.38097336888313293
0.415601521730423
0.5867084860801697
0.3464525640010834
0.23681065440177917
0.1399238407611847
0.18787157535552979
0.2185802012681961
0.05578330531716347
0.07755828648805618
0.08816917985677719
0.033389147371053696
0.019370287656784058
0.04471983015537262
0.020698022097349167
0.030934231355786324
0.03705529496073723
0.026847325265407562
0.0650520771741867
0.06407754123210907
0.046148911118507385
0.019829947501420975
0.054130569100379944
0.08739147335290909
0.04315917193889618
0.018877867609262466
0.08150427043437958
0.11785238236188889
0.2094719111919403
0.1628616452217102
0.18493273854255676
0.09730426222085953
0.36951616406440735
0.33182817697525024
0.09503436088562012
0.08271072804927826
0.06562060117721558
0.07808301597833633
0.09951779246330261
0.02065759152173996
0.0356038473546505
0.026731397956609726
0.013520930893719196
0.009699839167296886
0.048707861453294754
0.043340690433979034
0.0561828687787056
0.05356484279036522
0.042455170303583145
0.036221131682395935
0.05691486597061157
0.14068275690078735
0.08234679698944092
0.054760150611400604
0.4292556047439575
0.36609023809432983
0.3401185870170593
0.2467648684978485
0.2534770667552948
0.06743716448545456
0.08584786206483841
0.05314433574676514
0.07043173909187317
0.061127860099077225
0.07999110221862793
0.04107162728905678
0.08356795459985733
0.08294177055358887
0.12426391988992691
0.16702646017074585
0.12484065443277359
0.08039946109056473
0.0334322527050972
0.013112959451973438
0.0660809725522995
0.02381015755236149
0.014455101452767849
0.05005355551838875
0.053416598588228226
0.14328758418560028
0.053595107048749924
0.07547497004270554
0.15641780197620392
0.07612839341163635
0.045609720051288605
0.06098748743534088
0.311152845621109
0.059855375438928604
0.09751326590776443
0.08968684822320938
0.13113495707511902
0.06941436231136322
0.2314569652080536
0.4129956364631653
0.1587323397397995
0.5706992149353027
0.2192358523607254
0.20958323776721954
0.3826398253440857
0.4846259653568268
0.31896620988845825
0.6157137751579285
0.5393665432929993
0.2456016093492508
0.28910914063453674
0.5373979806900024
0.39099130034446716
0.460622638463974
