0.6566969752311707
0.6816679239273071
0.6453337073326111
0.6143017411231995
0.2764819264411926
0.6441419720649719
0.2587537467479706
0.5376013517379761
0.6749184131622314
0.6834574937820435
0.5816430449485779
0.6122603416442871
0.5386615991592407
0.5065167546272278
0.6081374287605286
0.3827234208583832
0.38794615864753723
0.37021124362945557
0.28178977966308594
0.310278981924057
0.43309924006462097
0.302009254693985
0.30867186188697815
0.550680935382843
0.47027477622032166
0.09488429874181747
0.4382360279560089
0.7147534489631653
0.2289862185716629
0.4405685067176819
0.5248228907585144
0.6139870285987854
0.2466479390859604
0.44638633728027344
0.7012473344802856
0.5305588841438293
0.2725898027420044
0.4965382218360901
0.20124608278274536
0.5661035180091858
0.10069270431995392
0.26731470227241516
0.28557300567626953
0.2764900028705597
0.6009047627449036
0.7440882325172424
0.8169350028038025
0.7872418165206909
0.7742211222648621
0.8989381790161133
0.9238203763961792
0.511264443397522
0.8306657075881958
0.8514329195022583
0.5541917085647583
0.12982885539531708
0.8234347701072693
0.8114602565765381
0.28645601868629456
0.11563331633806229
0.7911539673805237
0.4977097511291504
0.265249639749527
0.4868963658809662
0.7645159363746643
0.6174221634864807
0.1347775012254715
0.5510877966880798
0.566774845123291
0.49778905510902405
0.30660685896873474
0.19480252265930176
0.19718579947948456
0.45197349786758423
0.42439955472946167
0.22697292268276215
0.2828637361526489
0.7121769785881042
0.7369560599327087
0.8246869444847107
0.4553612172603607
0.7935785055160522
0.30753740668296814
0.48413029313087463
0.7836559414863586
0.7999414205551147
0.5272690057754517
0.6596344709396362
0.6141269207000732
0.6710034608840942
0.43326130509376526
0.6766033172607422
0.504211962223053
0.46585550904273987
0.3545914888381958
0.14644435048103333
0.36686384677886963
0.30003824830055237
0.43760910630226135
0.1732904613018036
0.2906700670719147
0.325502872467041
0.08831978589296341
0.5949261784553528
0.422674298286438
0.760851263999939
0.7870962619781494
0.8115919828414917
