0.2950146794319153
0.17094922065734863
0.18828709423542023
0.19414621591567993
0.17463964223861694
0.2113236039876938
0.3956836760044098
0.27359500527381897
0.4227184057235718
0.2878181040287018
0.4398222267627716
0.7244412302970886
0.662312388420105
0.1964433193206787
0.6423004269599915
0.7373058795928955
0.6677995920181274
0.4543759524822235
0.594048798084259
0.7338002324104309
0.639458179473877
0.7353899478912354
0.8215342164039612
0.5982524752616882
0.5287970900535583
0.7821676731109619
0.7468703389167786
0.3297421336174011
0.5123599171638489
0.8549845814704895
0.6381688117980957
0.5005089044570923
0.5355079174041748
0.417721152305603
0.23958219587802887
0.36246156692504883
0.5090135335922241
0.18241654336452484
0.28655263781547546
0.05596218630671501
0.12081297487020493
0.32003381848335266
0.4212208390235901
0.08064334094524384
0.4874993860721588
0.7774448394775391
0.14501222968101501
0.46633753180503845
0.7650629281997681
0.6556285619735718
0.4703841805458069
0.8884967565536499
0.9064813256263733
0.7503142356872559
0.9110202789306641
0.5760388970375061
0.396627277135849
0.3971942663192749
0.750081479549408
0.4684438705444336
0.8859158158302307
0.7743226885795593
0.5479749441146851
0.3794972002506256
0.450709730386734
0.24912352859973907
0.32379353046417236
0.11518096923828125
0.237838476896286
0.08938417583703995
0.15084046125411987
0.10176761448383331
0.058575842529535294
0.03982922062277794
0.1226339191198349
0.05043105036020279
0.05820030719041824
0.07287684828042984
0.14908510446548462
0.0823618471622467
0.18753427267074585
0.20978470146656036
0.21353772282600403
0.12522558867931366
0.22477149963378906
0.39803487062454224
0.24057793617248535
0.27645143866539
0.3564934730529785
0.3714219331741333
0.12080267071723938
0.43655845522880554
0.6411767601966858
0.41570737957954407
0.36209407448768616
0.7907412648200989
0.7098701596260071
0.10896553099155426
0.39867812395095825
0.9590116143226624
0.562408447265625
0.081267811357975
0.6158779263496399
0.9070532321929932
0.21100296080112457
0.3251117169857025
0.7684585452079773
0.7596246600151062
0.30490678548812866
0.6542829871177673
0.2767266035079956
0.41385337710380554
0.3624001145362854
0.3793031573295593
0.24541105329990387
0.22335632145404816
0.1671481877565384
0.2845369875431061
0.3959556519985199
0.4103745222091675
0.5792553424835205
