0.42568787932395935
0.5581222176551819
0.5765742063522339
0.2926058769226074
0.3902208209037781
0.5099823474884033
0.45106416940689087
0.2467164546251297
0.3516460061073303
0.5038912892341614
0.4082091748714447
0.4439123272895813
0.6273771524429321
0.5385854840278625
0.4837466776371002
0.519944429397583
0.4912916421890259
0.5671774744987488
0.5897469520568848
0.5886167287826538
0.7982395887374878
0.791706383228302
0.8447433114051819
0.762472927570343
0.5394065976142883
0.2501658797264099
0.42721229791641235
0.276183545589447
0.09921920299530029
0.1806151121854782
0.056898243725299835
0.1345939338207245
0.2391868233680725
0.2056482583284378
0.1815214455127716
0.1525370180606842
0.19868285953998566
0.35987743735313416
0.3958432674407959
0.6950638890266418
0.9014911651611328
0.9127821326255798
0.8307338356971741
0.9006900787353516
0.8957244157791138
0.4980243742465973
0.7102380990982056
0.2716262638568878
0.5410053730010986
0.3111328184604645
0.31079256534576416
0.21372142434120178
0.14543962478637695
0.31178513169288635
0.509801983833313
0.4132455885410309
0.7292399406433105
0.798454761505127
0.5851069092750549
0.6179687976837158
0.89909827709198
0.7621006369590759
0.9056393504142761
0.6242435574531555
0.440289705991745
0.8081324100494385
0.6988653540611267
0.4558722674846649
0.2671392261981964
0.14384734630584717
0.08944080024957657
0.08315783739089966
0.07045522332191467
0.0486614815890789
0.09122047573328018
0.07668577879667282
0.19580566883087158
0.14275296032428741
0.08954516798257828
0.07792545855045319
0.17959852516651154
0.1301436424255371
0.41208919882774353
0.5888565182685852
0.8395001888275146
0.8651509881019592
0.9127081036567688
0.9508501887321472
0.9289816617965698
0.8821924328804016
0.9404678344726562
0.872168242931366
0.8641777038574219
0.8552919030189514
0.7050086259841919
0.3667296767234802
0.5014522671699524
0.049384914338588715
0.4735943078994751
0.11791613698005676
0.3970339298248291
0.3211269974708557
0.23135657608509064
0.4095425605773926
0.5917637944221497
0.6675888895988464
0.8575623035430908
0.8283960819244385
0.663417637348175
0.2298010140657425
0.760694682598114
0.15856309235095978
0.6172555088996887
0.3110736608505249
0.4647541046142578
0.6850170493125916
0.6623891592025757
0.404246985912323
0.6591506600379944
0.6640053391456604
0.8467631936073303
0.8519337773323059
0.7009403109550476
0.4617806673049927
0.5967186689376831
0.32471808791160583
0.20079167187213898
0.2701095938682556
0.0652361512184143
0.04517360031604767
0.045594844967126846
0.021116137504577637
0.0644795149564743
0.07544839382171631
0.03172881901264191
0.05616122484207153
0.03265845775604248
0.013035287149250507
0.020629890263080597
0.03734075650572777
0.43080657720565796
0.32657933235168457
0.8357970714569092
0.8076910972595215
0.8013888001441956
0.688687801361084
0.54444819688797
0.2789517939090729
0.027384663000702858
0.021880410611629486
0.027754228562116623
0.02989422343671322
0.07328563928604126
0.05950264260172844
0.23517060279846191
0.25761207938194275
0.4473503530025482
0.2063266783952713
0.27557963132858276
0.2123321145772934
0.15886838734149933
0.2900902330875397
0.06271771341562271
0.2772779166698456
0.11318967491388321
0.3200840353965759
0.8001194596290588
0.31927815079689026
0.7947049140930176
0.359041303396225
0.03903678059577942
0.06452570110559464
0.023410044610500336
0.03135263919830322
0.017672935500741005
0.03027278557419777
0.03976559266448021
0.02558283321559429
0.019162772223353386
0.04460278898477554
0.029962625354528427
0.34514325857162476
0.11935985088348389
0.7735542058944702
0.4329492151737213
0.058732204139232635
0.09915399551391602
0.04699750617146492
0.020021142438054085
0.015318344347178936
0.013562885113060474
0.01743837259709835
0.03920641168951988
0.043254703283309937
0.1092914491891861
0.14538359642028809
0.10414087772369385
0.17731118202209473
0.05003199726343155
0.10657351464033127
0.0942845344543457
0.13572798669338226
0.18793708086013794
0.07956108450889587
0.293885201215744
0.3725995421409607
0.2643599212169647
0.22455531358718872
0.5690606832504272
0.528285801410675
0.603508710861206
0.30738985538482666
0.5386960506439209
0.2784270644187927
0.12103358656167984
0.5356541872024536
0.19516035914421082
0.03370514512062073
0.019063884392380714
0.06878356635570526
0.01827424392104149
0.062114086002111435
0.04206669330596924
0.023628439754247665
0.015071132220327854
0.02304348722100258
0.01423974335193634
0.008854313753545284
0.04827021807432175
0.02609257772564888
0.08103211969137192
0.4206816256046295
0.13066774606704712
0.03276471048593521
0.08456843346357346
0.026720331981778145
0.097809799015522
0.035842590034008026
0.0410497710108757
0.05067051947116852
0.0390920452773571
0.059282898902893066
0.16078467667102814
0.03612588346004486
0.11542866379022598
0.06815224885940552
0.17542020976543427
0.17322340607643127
0.16460129618644714
0.19195833802223206
0.11275362968444824
0.046889010816812515
0.04316620156168938
0.02590894140303135
0.03390556201338768
0.03231394290924072
0.07858695834875107
0.0627124086022377
0.02194768749177456
0.07901948690414429
0.10869738459587097
0.16433455049991608
0.0694422796368599
0.06525713950395584
0.22245502471923828
0.10710424929857254
0.07755172997713089
0.06116439402103424
0.39406275749206543
0.045710042119026184
0.02385454624891281
0.007265269756317139
0.005540682002902031
0.012780402787029743
0.017594745382666588
0.02067636512219906
0.02452961541712284
0.06035121902823448
0.05131329596042633
0.02495495043694973
0.004958589095622301
0.014096679165959358
0.007754234131425619
0.02530437335371971
0.02093023806810379
0.10056722164154053
0.16314615309238434
0.1754978448152542
0.4343467354774475
0.5456812977790833
0.7235395312309265
0.5891024470329285
0.2937607765197754
0.4456084072589874
0.28252530097961426
0.1926518827676773
0.04038156196475029
0.21498127281665802
0.06076028570532799
0.009270725771784782
0.02530396357178688
0.018048172816634178
0.013849715702235699
0.06104867905378342
0.03652056306600571
0.11906404048204422
0.13261349499225616
0.03753676638007164
0.04587291181087494
0.10539773106575012
0.18041519820690155
0.0645216554403305
0.13505062460899353
0.08888319879770279
0.1374555379152298
0.04479106888175011
0.16974864900112152
0.2945990562438965
0.5067220330238342
0.09807105362415314
0.1495138704776764
0.05924403667449951
0.011242903769016266
0.021940911188721657
0.018139775842428207
0.035031095147132874
0.017302177846431732
0.03199568763375282
0.06638390570878983
0.10396109521389008
0.018758423626422882
0.06298334151506424
0.014375196769833565
0.07032925635576248
0.03988038748502731
0.23313194513320923
0.240056574344635
0.5644354224205017
0.7078595757484436
0.5314348936080933
0.6510266065597534
0.2951047122478485
0.19764725863933563
0.14840880036354065
0.0809929221868515
0.08143720030784607
0.07867018133401871
0.025348035618662834
0.10543141514062881
0.12732495367527008
0.04353758320212364
0.07741839438676834
0.20789889991283417
0.2609594762325287
0.3319531977176666
0.27384182810783386
0.37869760394096375
0.6409675478935242
0.829094409942627
0.4678286612033844
0.6578812599182129
0.8468096256256104
0.38042616844177246
0.2287873774766922
0.40427419543266296
0.17302294075489044
0.06441852450370789
0.0866277739405632
0.05299825966358185
0.05864381045103073
0.04324187710881233
0.041662149131298065
0.037873219698667526
0.05783670023083687
0.1769535094499588
0.204213947057724
0.4821073114871979
0.3264935314655304
0.3498325049877167
0.5611603856086731
0.4739200174808502
0.22787518799304962
0.4143315553665161
0.3959616720676422
0.5892336964607239
0.49725088477134705
0.6638482809066772
0.6383779048919678
0.48874369263648987
0.5321329832077026
0.5225992798805237
0.5413848161697388
0.4548344016075134
0.5689753293991089
0.39428767561912537
0.2798902988433838
0.16073255240917206
0.3296661078929901
0.4309791028499603
0.2986055314540863
0.35580509901046753
0.41972509026527405
0.4864415228366852
0.6325860619544983
0.6048891544342041
0.5149481892585754
0.6578043699264526
0.5358647704124451
0.7072331309318542
0.7561153769493103
0.7908957600593567
0.7516174912452698
0.46574461460113525
0.44452720880508423
0.567916214466095
0.4668406546115875
0.26582175493240356
0.2687791883945465
0.5370524525642395
0.19816970825195312
0.6913517713546753
0.6206472516059875
0.5074478983879089
0.5759890079498291
0.36117294430732727
0.6419529318809509
0.32277607917785645
0.4734252393245697
0.284457266330719
0.4413827359676361
0.39576712250709534
0.42767974734306335
0.3112890422344208
0.44406890869140625
0.3939252495765686
0.42209625244140625
0.6282127499580383
0.2648991644382477
0.5134595036506653
0.48017922043800354
0.6047047972679138
0.3915459215641022
0.2564622163772583
0.10637662559747696
0.2859598696231842
0.5293717384338379
0.7058571577072144
0.704644501209259
0.5302310585975647
0.7231734395027161
0.7925891280174255
0.5749337077140808
0.6547971963882446
0.41602304577827454
0.603921115398407
0.20331700146198273
0.34662777185440063
0.24071581661701202
0.3807908296585083
0.3109411299228668
0.5596583485603333
0.7283380031585693
0.7170504927635193
0.839337170124054
0.7437695860862732
0.6822684407234192
0.6419438719749451
0.5662882924079895
0.3643481135368347
0.3888982832431793
0.6570799946784973
0.6854102611541748
0.7714980840682983
0.7465243339538574
0.3210933208465576
0.8170828819274902
0.6340001225471497
0.31019216775894165
0.5592191815376282
0.6031576991081238
0.633697509765625
0.20971594750881195
0.6797112822532654
0.675166130065918
0.6636762022972107
0.3695703446865082
0.30383193492889404
0.4790513217449188
0.49892011284828186
0.4771455228328705
0.7029075026512146
0.6691946387290955
0.7458964586257935
0.589306652545929
0.43220195174217224
0.4082421362400055
0.5407593846321106
