0.20883440971374512
0.09265591949224472
0.3158246874809265
0.23704607784748077
0.27554085850715637
0.21771487593650818
0.08483101427555084
0.18012520670890808
0.2969244420528412
0.17181050777435303
0.07249907404184341
0.20357510447502136
0.17999443411827087
0.11679693311452866
0.10190903395414352
0.048918019980192184
0.23898464441299438
0.14192932844161987
0.12650394439697266
0.17299142479896545
0.09844228625297546
0.10091231763362885
0.1411312073469162
0.18006427586078644
0.20683342218399048
0.2868575155735016
0.47965723276138306
0.3283185362815857
0.6659204959869385
0.8170511722564697
0.939062774181366
0.7929835915565491
0.7921918034553528
0.9017298221588135
0.38225117325782776
0.6763173341751099
0.732430100440979
0.3921189606189728
0.2013849914073944
0.5585957765579224
0.3845449686050415
0.22775734961032867
0.24636319279670715
0.3153473436832428
0.13758964836597443
0.15063489973545074
0.3035231828689575
0.3169197142124176
0.20081549882888794
0.3768661916255951
0.18679137527942657
0.1846579909324646
0.09400911629199982
0.15182949602603912
0.0765765830874443
0.08296499401330948
0.09945274144411087
0.08025610446929932
0.44786733388900757
0.7593157291412354
0.7343008518218994
0.4508529305458069
0.19866718351840973
0.7380562424659729
0.3559565842151642
0.2716827690601349
0.7158121466636658
0.9019173383712769
0.7254929542541504
0.8079066276550293
0.9175658822059631
0.9021033048629761
0.984196662902832
0.949462890625
0.8615021109580994
0.7235875129699707
0.8331226110458374
0.5554575324058533
0.777208149433136
0.18595586717128754
0.24358010292053223
0.33064010739326477
0.2519342303276062
0.13542576134204865
0.403234601020813
0.6362245678901672
0.430938720703125
0.6061758399009705
0.8470543622970581
0.8494977951049805
0.9528391361236572
0.8580695390701294
0.895102322101593
0.7807050347328186
0.6097214818000793
0.3527628481388092
0.20953088998794556
0.5892435908317566
0.1446150541305542
0.21835729479789734
0.33937039971351624
0.4531935751438141
0.09891647100448608
0.13644939661026
0.2149532586336136
0.3187123239040375
0.14576584100723267
0.1744278073310852
