0.20546984672546387
0.3384885787963867
0.5631136298179626
0.3169082999229431
0.4673701524734497
0.4193117320537567
0.39690637588500977
0.3724243938922882
0.42721813917160034
0.40860262513160706
0.35683226585388184
0.581529438495636
0.39956560730934143
0.33987313508987427
0.4969201683998108
0.4196378290653229
0.3183639347553253
0.49099329113960266
0.5062718391418457
0.44800350069999695
0.47805553674697876
0.5811086893081665
0.7163456082344055
0.4887978136539459
0.33612170815467834
0.5364511609077454
0.7495837807655334
0.4942001402378082
0.701373815536499
0.7107387781143188
0.7129907011985779
0.613787055015564
0.5777224898338318
0.6242137551307678
0.7858438491821289
0.6074032187461853
0.5059249401092529
0.6774987578392029
0.7469753623008728
0.5784996747970581
0.5739710927009583
0.6491284966468811
0.6763377785682678
0.6031586527824402
0.48457881808280945
0.5479539036750793
0.6054251790046692
0.7210180163383484
0.5449317097663879
0.4070550501346588
0.716980516910553
0.7906213402748108
0.5463969707489014
0.6533913016319275
0.910028874874115
0.8703238368034363
0.5979951024055481
0.5601744651794434
0.7280682325363159
0.6328710317611694
0.5797256827354431
0.6089754104614258
0.6877438426017761
0.5388168096542358
0.4400230944156647
0.5742209553718567
0.15557488799095154
0.5894106030464172
0.4977920353412628
0.3235948085784912
0.48433446884155273
0.6000698208808899
0.5683850646018982
0.36742278933525085
0.5092925429344177
0.4122150242328644
0.30983343720436096
0.2956724762916565
0.4000866115093231
0.4488121569156647
0.4731840491294861
0.43938711285591125
0.382625013589859
0.38349097967147827
0.2560202181339264
0.409831702709198
0.26094746589660645
