0.05321032181382179
0.08412527292966843
0.06815610080957413
0.054642561823129654
0.32268038392066956
0.13497668504714966
0.06481949239969254
0.02789606712758541
0.2876541018486023
0.08140219002962112
0.14981937408447266
0.5796917080879211
0.3791063725948334
0.1728789061307907
0.11950690299272537
0.11442804336547852
0.2297728806734085
0.09011179208755493
0.06656447798013687
0.10282040387392044
0.4287595748901367
0.13065171241760254
0.03514893725514412
0.24568040668964386
0.5017340779304504
0.08310996741056442
0.08629673719406128
0.267612099647522
0.38797926902770996
0.2634532153606415
0.31439605355262756
0.5145025849342346
0.3337700366973877
0.4341132640838623
0.3309789001941681
0.6739420890808105
0.12781640887260437
0.435320109128952
0.6964184045791626
0.7479106187820435
0.5191662907600403
0.32440415024757385
0.8824689984321594
0.41427525877952576
0.6848212480545044
0.7981621026992798
0.6742281913757324
0.3321813642978668
0.4433319568634033
0.5858402252197266
0.8659071326255798
0.7542407512664795
0.66813725233078
0.33535173535346985
0.7645109295845032
0.610882043838501
0.4257095754146576
0.5283551812171936
0.726016640663147
0.545219361782074
0.1885322481393814
0.461370050907135
0.560356080532074
0.44051995873451233
0.5564793348312378
0.4398632049560547
0.3009558320045471
0.5502190589904785
0.6662878394126892
0.8345411419868469
0.2644018828868866
0.33409515023231506
0.8902653455734253
0.8383768200874329
0.5516147613525391
0.4111270606517792
0.9290412068367004
0.6328642964363098
0.5837767124176025
0.7703124284744263
0.9115946888923645
0.8373318910598755
0.7957538962364197
0.7276849150657654
0.616581916809082
0.3037927448749542
0.5141666531562805
0.2108759731054306
0.20640523731708527
0.23374778032302856
0.33330097794532776
0.5644790530204773
0.2326534539461136
0.14428289234638214
0.5360028743743896
0.17229300737380981
0.24968071281909943
0.2865338623523712
0.29272812604904175
0.41698575019836426
0.3145943582057953
0.3109647035598755
0.2793261408805847
0.44621938467025757
0.2980027496814728
0.3596722185611725
0.3810175359249115
0.3117780387401581
0.3343603312969208
0.3252163231372833
0.3185597062110901
0.2525513172149658
0.08814101666212082
0.16640281677246094
0.33807602524757385
0.3326359987258911
0.2702881395816803
0.36039984226226807
0.1030496209859848
0.11852417886257172
0.5036427974700928
0.2109655886888504
0.20009984076023102
0.19665320217609406
0.3616598844528198
0.3466641306877136
0.2511982321739197
0.27895715832710266
0.43396586179733276
0.32366204261779785
0.17257976531982422
0.3500976264476776
0.5327517986297607
0.4702407121658325
0.42171478271484375
0.48996248841285706
0.316386342048645
0.409013569355011
0.4630059599876404
0.5268329381942749
0.3482576906681061
0.7828300595283508
0.31996574997901917
0.3120320439338684
0.804288387298584
0.519808828830719
0.4394962787628174
0.11931858211755753
0.7959628701210022
0.34895026683807373
0.34914353489875793
0.7650672197341919
0.6924585103988647
0.5271973013877869
0.400943785905838
0.5556936264038086
0.5795843601226807
0.4227234721183777
0.46911779046058655
0.16549330949783325
0.46017804741859436
0.4111892282962799
0.38287225365638733
0.4012277126312256
0.45049911737442017
0.3150308430194855
0.1404259353876114
0.32673224806785583
0.2526229918003082
0.41423049569129944
0.50331711769104
0.399885892868042
0.25523409247398376
0.539472222328186
0.4419753849506378
0.842623233795166
0.310170978307724
0.4081345200538635
0.801633358001709
0.9019993543624878
0.3949851095676422
0.1966579705476761
0.8554661870002747
0.3467933237552643
0.3508480489253998
0.5689206123352051
0.8491690158843994
0.546863317489624
0.539164662361145
0.5484226942062378
0.6055296659469604
0.4312071204185486
0.4908076822757721
0.251718670129776
0.4993797540664673
0.1788623183965683
0.2377987951040268
0.4017716348171234
0.2021946758031845
0.2374337762594223
0.08280432969331741
0.11580906808376312
0.14484548568725586
0.224735289812088
0.2703234553337097
0.18122155964374542
0.06624267995357513
0.4898340404033661
0.2871452271938324
0.8993372321128845
0.16523993015289307
0.27111703157424927
0.7548051476478577
0.8200863599777222
0.23693402111530304
0.14025038480758667
0.9250169396400452
0.3246845006942749
0.2841264009475708
0.7010974884033203
0.7871552109718323
0.5874258279800415
0.39332616329193115
0.38767093420028687
0.41344770789146423
0.523620069026947
0.22792117297649384
0.1472337245941162
0.3619833290576935
0.3369324505329132
0.2754988968372345
0.4627448320388794
0.3465414345264435
0.19601207971572876
0.16088788211345673
0.3080136775970459
0.17756934463977814
0.1228865385055542
0.1638990044593811
0.2866569757461548
0.07437387108802795
0.041921455413103104
0.15372900664806366
0.05325451120734215
0.05160859227180481
0.21266795694828033
0.11657646298408508
0.2612949013710022
0.18740907311439514
0.11731229722499847
0.398144006729126
0.3041054904460907
0.37520354986190796
0.5026806592941284
0.7300281524658203
0.352809876203537
0.5041577816009521
0.5345960259437561
0.6847265362739563
0.3448442816734314
0.3803565204143524
0.774299144744873
0.20949681103229523
0.20784203708171844
0.4133427143096924
0.5374433994293213
0.3971134126186371
0.36431294679641724
0.39726486802101135
0.3748604953289032
0.38640111684799194
0.1695990264415741
0.3569730818271637
0.1682172268629074
0.11817589402198792
0.14738699793815613
0.43106570839881897
0.2752353250980377
0.33566099405288696
0.40078625082969666
0.33952292799949646
0.2860731780529022
0.29114750027656555
0.36436429619789124
0.26637306809425354
0.26970043778419495
0.46284791827201843
0.5861120820045471
0.2752118706703186
0.3132933974266052
0.2984493374824524
0.21481700241565704
