0.4718547463417053
0.3873986303806305
0.43426713347435
0.5262196063995361
0.5448997616767883
0.22358648478984833
0.4915127754211426
0.5185336470603943
0.6062378883361816
0.6485569477081299
0.7685996294021606
0.7522137761116028
0.7260103821754456
0.769955575466156
0.5463112592697144
0.4439077377319336
0.6482118368148804
0.6185587048530579
0.525763213634491
0.6232807636260986
0.6404983997344971
0.17279694974422455
0.4761444330215454
0.4162243902683258
0.42781001329421997
0.4070640802383423
0.5359184741973877
0.475288987159729
0.5657829642295837
0.3682847321033478
0.6647872924804688
0.7273004651069641
0.8685067296028137
0.9261683225631714
0.7004156112670898
0.665517270565033
0.7282271981239319
0.5792256593704224
0.4132314622402191
0.6843751072883606
0.46157121658325195
0.688834011554718
0.6988623738288879
0.4299654960632324
0.46176543831825256
0.6950972676277161
0.6228011250495911
0.6159971356391907
0.6727353930473328
0.5142523050308228
0.49612686038017273
0.5981520414352417
0.6257036328315735
0.4975084662437439
0.40828657150268555
0.2771366536617279
0.590248703956604
0.5214706063270569
0.6381650567054749
0.5784449577331543
0.6148363351821899
0.7051094174385071
0.537055253982544
0.5411532521247864
0.5029109120368958
0.47217002511024475
0.6078397631645203
0.6792085766792297
0.7568668723106384
0.5974317193031311
0.8109853267669678
0.6533336639404297
0.8035328388214111
0.7340042591094971
0.8978716731071472
0.774019718170166
0.862243115901947
0.8081964254379272
0.7171952724456787
0.6371966600418091
0.6362419724464417
0.538825273513794
0.6542526483535767
0.5142730474472046
0.5071970820426941
0.5709004998207092
0.5066590905189514
0.6018897294998169
0.5400377511978149
0.6136734485626221
0.5314546227455139
0.6167705655097961
0.5801417231559753
0.5518040060997009
0.5732595920562744
0.4237021505832672
0.5564913153648376
0.668785035610199
0.8308746814727783
0.5193934440612793
0.8287671804428101
0.7376740574836731
0.8148178458213806
0.5822599530220032
0.7568199038505554
0.8508893251419067
0.8809545040130615
0.6127336621284485
0.6474837064743042
0.8187947869300842
0.8820870518684387
0.411154180765152
0.6500512957572937
0.7479350566864014
0.6016505360603333
0.6502711772918701
0.6669896245002747
0.4676594138145447
0.573587954044342
0.6034154891967773
0.4896261394023895
0.35744813084602356
