0.73930823802948
0.6882978081703186
0.7323392033576965
0.85576993227005
0.8657081127166748
0.764937698841095
0.7781909108161926
0.7973293662071228
0.8248370289802551
0.8845819234848022
0.8328357338905334
0.7809270620346069
0.812018096446991
0.8329834342002869
0.8870773911476135
0.7622693181037903
0.8653643131256104
0.8940821886062622
0.889424204826355
0.906536340713501
0.8920653462409973
0.8547959923744202
0.8521026968955994
0.8756696581840515
0.8208829164505005
0.8749383091926575
0.848503589630127
0.7491433024406433
0.8074569702148438
0.8306006789207458
0.6611382365226746
0.8255336880683899
0.7179949283599854
0.8345078825950623
0.8198416829109192
0.8630258440971375
0.8756442666053772
0.8590778708457947
0.8640514612197876
0.9136585593223572
0.9073159098625183
0.9401531219482422
0.8803222179412842
0.8350003957748413
0.9284427762031555
0.8596447706222534
0.9011877179145813
0.8215296268463135
0.8788501024246216
0.9123168587684631
0.7670342326164246
0.8462200164794922
0.9109072089195251
0.8540785908699036
