0.3130258023738861
0.43167126178741455
0.20195357501506805
0.4089466631412506
0.5432947278022766
0.4896765351295471
0.499453604221344
0.5575349926948547
0.5391841530799866
0.43797028064727783
0.4248252213001251
0.39131268858909607
0.29311493039131165
0.3342422842979431
0.2658615708351135
0.0976516529917717
0.264900803565979
0.0679609552025795
0.09056676924228668
0.3347451984882355
0.5612910389900208
0.48687759041786194
0.8289620876312256
0.28138813376426697
0.7273754477500916
0.3013286590576172
0.5804678201675415
0.46212100982666016
0.4607166647911072
0.6494362950325012
0.3999673128128052
0.6298263669013977
0.43771782517433167
0.4788096249103546
0.5266711115837097
0.481117844581604
0.596462607383728
0.3160652220249176
0.7658794522285461
0.2679538428783417
0.46502038836479187
0.4704884886741638
0.4887853264808655
0.7156113982200623
0.8158882260322571
0.769058883190155
0.7426183819770813
0.7593080401420593
0.5193349719047546
0.3673449456691742
0.45561420917510986
0.4728367030620575
0.3244972229003906
0.3686736226081848
0.43104609847068787
0.6781187057495117
0.5675098299980164
0.5731108784675598
0.6209254264831543
0.5569795966148376
0.653020441532135
0.12895958125591278
0.47597959637641907
0.2699952721595764
0.7056522369384766
0.2949090600013733
0.18704882264137268
0.15401427447795868
0.054402146488428116
0.14830875396728516
0.03861840441823006
0.1306123286485672
0.08152689039707184
0.10159158706665039
0.07823952287435532
0.22674989700317383
0.07272209972143173
0.2410556524991989
0.1622973084449768
0.6285725831985474
0.1811191439628601
0.6271872520446777
0.32040515542030334
0.647227942943573
0.6032016277313232
0.6233640313148499
0.7425996661186218
0.6745796203613281
0.7434864044189453
0.5015252828598022
0.6979557871818542
0.21972785890102386
0.43290629982948303
0.315816730260849
0.1994040608406067
0.2341548651456833
0.04271892458200455
0.1346094310283661
0.06619566679000854
0.2010008841753006
0.17249886691570282
0.19498927891254425
0.40888458490371704
0.4173489511013031
0.26238495111465454
0.39435115456581116
0.4095626771450043
0.5322901606559753
0.43108201026916504
0.09273802489042282
0.6389976143836975
0.35828328132629395
0.8271412253379822
0.6162311434745789
0.6910555362701416
0.507087230682373
0.6758699417114258
0.5666476488113403
0.3703252375125885
0.6250098943710327
0.12449274212121964
0.5088369250297546
0.2742370069026947
0.12554931640625
0.26649990677833557
0.27317896485328674
0.0792115181684494
0.33896520733833313
0.16839560866355896
0.5416784882545471
0.15535274147987366
0.605663001537323
0.18703478574752808
0.6584135890007019
0.12682956457138062
0.28985321521759033
0.41748669743537903
0.32306382060050964
0.13242170214653015
0.36754363775253296
0.16823774576187134
0.41410404443740845
0.3165642321109772
0.42203566431999207
0.26390591263771057
0.37116068601608276
0.4928746819496155
0.26827579736709595
0.2248084843158722
0.26840269565582275
0.08997935801744461
0.19131220877170563
0.18090064823627472
0.12635080516338348
0.3654799461364746
0.4385308623313904
0.5033999681472778
0.5349244475364685
0.49604129791259766
0.27765172719955444
0.3298928737640381
0.35136526823043823
0.11726418882608414
0.3138839304447174
0.07720566540956497
0.2605873644351959
0.21267159283161163
0.06477123498916626
0.21049785614013672
0.26742592453956604
0.20155902206897736
0.07584352046251297
0.3598664104938507
0.21452844142913818
0.4962599575519562
0.17045369744300842
0.3819544017314911
0.09801571071147919
0.2801850140094757
0.04497430846095085
0.19223542511463165
0.19007860124111176
0.5592340230941772
0.6289394497871399
0.3389720916748047
0.30263668298721313
0.34663984179496765
0.47058364748954773
0.48555320501327515
0.6188735961914062
0.36427563428878784
0.5857130885124207
0.08289697766304016
0.5550835728645325
0.1101841926574707
0.5220088362693787
0.36090415716171265
