0.705614447593689
0.7132329344749451
0.7729122638702393
0.7715464234352112
0.792801558971405
0.8621307611465454
0.8362084627151489
0.7825934290885925
0.817969024181366
0.6800248622894287
0.719472348690033
0.6807832717895508
0.712563693523407
0.8318530321121216
0.6743085980415344
0.8784818053245544
0.779846727848053
0.6732460856437683
0.639512300491333
0.654026448726654
0.5105197429656982
0.6673272252082825
0.46915706992149353
0.4552176296710968
0.46541690826416016
0.7162538766860962
0.6637070775032043
0.8562857508659363
0.7163235545158386
0.788199245929718
0.7690117955207825
0.8326302170753479
0.757288932800293
0.6749780774116516
0.7099978923797607
0.5811715722084045
0.5987524390220642
0.540117084980011
0.5386252999305725
0.4021872878074646
0.4374779760837555
0.5612676739692688
0.6401219367980957
0.6922919154167175
0.7373723983764648
0.7432044148445129
0.7328354716300964
0.5999287962913513
0.7358978390693665
0.7539083957672119
0.7476698756217957
0.7129173278808594
0.8803279995918274
0.76740962266922
0.7878625988960266
0.7930453419685364
0.7753950953483582
0.8162346482276917
0.7413187623023987
0.841936469078064
