0.09337224066257477
0.13413119316101074
0.05720142647624016
0.11532223224639893
0.19451995193958282
0.11200489103794098
0.09931743144989014
0.08517232537269592
0.1629359871149063
0.15254957973957062
0.13778625428676605
0.12315419316291809
0.11471710354089737
0.09674200415611267
0.0552777424454689
0.0552646704018116
0.026121171191334724
0.0762195959687233
0.05811474844813347
0.06169550493359566
0.10291843861341476
0.15266066789627075
0.10294797271490097
0.1357087343931198
0.10456519573926926
0.053417742252349854
0.29317718744277954
0.23532693088054657
0.22587868571281433
0.1404438465833664
0.2544306516647339
0.07666865736246109
0.038452401757240295
0.04476349800825119
0.07240492850542068
0.039440613240003586
0.013073579408228397
0.030219528824090958
0.06341296434402466
0.055415380746126175
0.03525896370410919
0.0905144140124321
0.25731319189071655
0.1222367063164711
0.1301543265581131
0.09607101231813431
0.012384612113237381
0.017697660252451897
0.0059869796968996525
0.0359962172806263
0.02973524108529091
0.10770419239997864
0.14552851021289825
0.048098400235176086
0.04277118295431137
0.027354668825864792
0.03397100046277046
0.05467410013079643
0.044044703245162964
0.005756089463829994
0.015881475061178207
0.03569631278514862
0.032191213220357895
0.028492122888565063
0.01689900830388069
0.043006978929042816
0.04601571336388588
0.08956817537546158
0.1349979043006897
0.021216558292508125
0.028248006477952003
0.015089232474565506
0.01053166575729847
0.008285418152809143
0.01431471761316061
0.032462868839502335
0.05676455795764923
0.1307959407567978
0.11456377059221268
0.14446690678596497
0.1353752613067627
0.04893285781145096
0.2701360285282135
0.22084301710128784
0.11418277770280838
0.0851173922419548
0.3112722933292389
0.4190755784511566
0.07351156324148178
0.2077205628156662
0.148822620511055
0.2664964199066162
0.13925611972808838
0.07583831250667572
0.11415676027536392
0.025492006912827492
0.10299266874790192
0.07793325930833817
0.03260499984025955
0.0603853203356266
0.0699886679649353
0.17771261930465698
0.10388526320457458
0.08827827125787735
0.13010691106319427
0.07690627872943878
0.0636807307600975
0.03958377614617348
0.08573080599308014
0.08266788721084595
0.02972269058227539
0.12322121113538742
0.15971149504184723
0.08496778458356857
0.028444137424230576
0.12567688524723053
0.1529897004365921
0.056155458092689514
0.0819573625922203
0.06333255022764206
0.17512941360473633
0.04370721057057381
0.028730634599924088
0.009904454462230206
0.013642353005707264
0.03966717794537544
0.02486163005232811
0.0467388816177845
0.025190284475684166
0.11319136619567871
0.05373019352555275
0.027079612016677856
0.051442962139844894
0.05993742495775223
0.0340953953564167
0.08781635761260986
0.16228431463241577
0.02067265473306179
0.03889288008213043
0.05013522133231163
0.03409561887383461
0.009782315231859684
0.048042383044958115
0.05350818112492561
0.012937087565660477
0.060700781643390656
0.0666661337018013
0.07505302876234055
0.09712681174278259
0.021197209134697914
0.01399916224181652
0.03593474626541138
0.026817547157406807
0.0123140849173069
0.012516913004219532
0.019102009013295174
0.032517630606889725
0.06470070779323578
0.023295054212212563
0.06266599148511887
0.031199296936392784
0.029695697128772736
0.04614594206213951
0.35258832573890686
0.2105087786912918
0.1377745419740677
0.30160436034202576
0.1335124522447586
0.25110259652137756
0.15838873386383057
0.28720852732658386
0.06085754185914993
0.0597245953977108
0.19029827415943146
0.13050806522369385
0.018580524250864983
0.054003696888685226
0.07623760402202606
0.017318477854132652
0.08047197759151459
0.0839589461684227
0.06569024920463562
0.033218398690223694
0.12421087175607681
0.10396872460842133
0.047141820192337036
0.11134777963161469
0.022033371031284332
0.010824917815625668
0.005680227652192116
0.011944889090955257
0.02852737344801426
0.11185526847839355
0.0999382957816124
0.1096498891711235
0.126848503947258
0.10871663689613342
0.29667624831199646
0.06450222432613373
0.09310033172369003
0.13132025301456451
0.1053493320941925
0.02647758089005947
0.07207275182008743
0.06672919541597366
0.11511504650115967
0.028845101594924927
0.0893973708152771
0.04478259012103081
0.14112648367881775
0.19281728565692902
0.07646308094263077
0.10062900185585022
0.08630262315273285
0.029875993728637695
0.10898306965827942
0.12241552025079727
0.11961258947849274
0.1253267228603363
0.12811623513698578
0.1530190259218216
0.1593930870294571
0.11057447642087936
0.042235761880874634
0.08092193305492401
0.05010088160634041
0.06314603239297867
0.019503042101860046
0.06336811929941177
0.10293006151914597
0.024817392230033875
0.043617960065603256
0.04966127872467041
0.11050496250391006
0.04770074412226677
0.02308999001979828
0.05336626619100571
0.08491280674934387
0.04530206695199013
0.013644780963659286
0.04572545737028122
0.05700461193919182
0.10433271527290344
0.018191702663898468
0.07398217171430588
0.07859459519386292
0.08429251611232758
0.04203842580318451
0.03473320230841637
0.11993462592363358
0.08798089623451233
0.053499266505241394
0.0044893971644341946
0.026233309879899025
0.0034080760087817907
0.04777373746037483
0.010298662818968296
0.16886800527572632
0.1980334371328354
0.20376300811767578
0.2819989323616028
0.06907367706298828
0.008456205017864704
0.10850531607866287
0.0957794338464737
0.015630343928933144
0.01759108528494835
0.10701125860214233
0.09490988403558731
0.016025710850954056
0.15794242918491364
0.22491760551929474
0.1355007290840149
0.08733991533517838
0.07210265100002289
0.07560477405786514
0.015874948352575302
0.05027160793542862
0.02889665588736534
0.026064390316605568
0.04004181921482086
0.16743260622024536
0.10665522515773773
0.050502751022577286
0.0822492241859436
0.10978100448846817
0.050587281584739685
0.026981787756085396
0.06725148111581802
0.07321170717477798
0.0712175965309143
0.023763110861182213
0.10424588620662689
0.1875137835741043
0.07484332472085953
0.04899624362587929
0.2585698366165161
0.31961336731910706
0.22917556762695312
0.17459450662136078
0.08255812525749207
0.03670840337872505
0.04612808674573898
0.007883024401962757
0.007028021849691868
0.0037085935473442078
0.01382478792220354
0.04267449676990509
0.17379258573055267
0.20459628105163574
0.06895808130502701
0.032974787056446075
0.22347675263881683
0.09647919237613678
0.05208994820713997
0.11403322219848633
0.11970023065805435
0.1735633760690689
0.09961012750864029
0.01672002300620079
0.05494292080402374
0.013835921883583069
0.006494251545518637
0.008229202590882778
0.02004052698612213
0.02106916718184948
0.04783103987574577
0.06622818112373352
0.17115256190299988
0.38475513458251953
0.1808166205883026
0.1395915299654007
0.31257978081703186
0.16570718586444855
0.14127004146575928
0.3339787721633911
0.2898150086402893
0.26385536789894104
0.04850763455033302
0.09219314903020859
0.1355893611907959
0.014512774534523487
0.01313165482133627
0.1097617819905281
0.08428166061639786
0.04512045904994011
0.11207880079746246
0.08200402557849884
0.021667614579200745
0.03865257278084755
0.004176688846200705
0.02615494094789028
0.021408775821328163
0.019096210598945618
0.06929294764995575
0.09613101929426193
0.29862263798713684
0.10023725032806396
0.04414946585893631
0.10770861059427261
0.24810290336608887
0.13915647566318512
0.105815090239048
0.12780700623989105
0.21482595801353455
0.22722254693508148
0.1883590817451477
0.13278862833976746
0.15995681285858154
0.2060452252626419
0.19071035087108612
0.18870389461517334
0.1924298107624054
0.12476301193237305
0.31630614399909973
0.16094544529914856
0.08539703488349915
0.20906215906143188
0.3152148425579071
0.08393669873476028
0.06503673642873764
0.3282231390476227
0.0965643897652626
0.09704073518514633
0.1656309813261032
0.08510017395019531
0.031033797189593315
0.04743965342640877
0.03043815866112709
0.03986838087439537
0.06659036874771118
0.06747708469629288
0.05173240974545479
0.13690105080604553
0.2866940498352051
0.21632258594036102
0.2170153260231018
0.13629981875419617
0.18340016901493073
0.13750521838665009
0.11717932671308517
0.10200907289981842
0.06739922612905502
0.05820515379309654
0.056772708892822266
0.018734125420451164
0.026236768811941147
0.05703454464673996
0.09085747599601746
0.07027753442525864
0.1605881154537201
0.056758634746074677
0.05371307209134102
0.016344238072633743
0.05619388073682785
0.023567169904708862
0.019776446744799614
0.06646300107240677
0.05767608433961868
0.018284404650330544
0.028771787881851196
0.03244800493121147
0.08743240684270859
0.0570974238216877
0.05388254672288895
0.0944778248667717
0.052771974354982376
0.04555192589759827
0.07355085760354996
0.05810107663273811
0.07375861704349518
0.04216408357024193
0.14344795048236847
0.08479233831167221
0.04042816162109375
0.04819655418395996
0.13164539635181427
0.05345384404063225
0.058486368507146835
0.14430589973926544
0.0998523160815239
0.15639327466487885
0.37953582406044006
0.16435737907886505
0.21838873624801636
0.24511893093585968
0.3198448121547699
0.15487287938594818
0.034434277564287186
0.0663619190454483
0.07122677564620972
0.03409108519554138
0.028404491022229195
0.07098527997732162
0.038122761994600296
0.10836070775985718
0.17660512030124664
0.12820829451084137
0.03753872588276863
0.14183148741722107
0.08689678460359573
0.084025077521801
0.06847060471773148
0.029693573713302612
0.029440853744745255
0.07176726311445236
0.02949187532067299
0.07017244398593903
0.029981235042214394
0.10435095429420471
0.05845057964324951
0.07546643167734146
0.0803883746266365
0.2046501189470291
0.17340023815631866
0.09591982513666153
0.029442578554153442
0.30552783608436584
0.3035249412059784
0.07747820764780045
0.07936536520719528
0.6196214556694031
0.4037128984928131
0.05308564379811287
0.3859371542930603
0.654290497303009
0.34100398421287537
0.2717715799808502
0.09770702570676804
0.06745721399784088
0.30390650033950806
0.45212164521217346
0.519333004951477
0.6136245131492615
0.5682964324951172
0.5189161896705627
0.4502745270729065
0.4229360520839691
0.41860055923461914
0.4419388175010681
0.4795442223548889
0.46302980184555054
0.46806272864341736
0.3998662233352661
0.37273702025413513
0.07857993990182877
0.26629412174224854
0.2154420018196106
0.08349131047725677
0.25726982951164246
0.22995798289775848
0.06891464442014694
0.1633007824420929
0.15761978924274445
0.09324689954519272
0.17704449594020844
0.18422351777553558
0.09501366317272186
0.17813599109649658
0.13899309933185577
0.14853224158287048
0.06500909477472305
0.12387663871049881
0.0826123058795929
0.1221834272146225
0.06841401755809784
0.07660302519798279
0.08409103006124496
0.0673946812748909
0.06616679579019547
0.05018545687198639
0.04757316783070564
0.04076122120022774
0.031157447025179863
0.03039267659187317
0.04304960370063782
0.019542090594768524
0.016218779608607292
0.032778847962617874
0.02740802802145481
0.03470296040177345
0.0764760822057724
0.10717826336622238
0.0707489550113678
0.07441619038581848
0.11847713589668274
0.08877889066934586
0.07035734504461288
0.09261214733123779
0.09038928151130676
0.10459482669830322
0.09591317176818848
0.06192757561802864
0.1341310441493988
0.02707195281982422
0.08735091984272003
0.04267994314432144
0.35047227144241333
0.13035191595554352
0.07621822506189346
0.2013978213071823
0.4086238443851471
0.17984333634376526
0.2741813659667969
0.22012202441692352
0.42827245593070984
0.33294275403022766
0.5028762817382812
0.46803581714630127
0.48848289251327515
0.44651713967323303
0.5385959148406982
0.4649887681007385
0.47940805554389954
0.37756890058517456
0.43554991483688354
0.4469281733036041
0.34921470284461975
0.29488474130630493
0.3286415636539459
0.18234355747699738
0.24763049185276031
0.33780670166015625
0.1749158799648285
0.06422097980976105
0.2593928873538971
0.16030645370483398
0.14274290204048157
0.14503377676010132
0.1216636374592781
0.2221670150756836
0.23053336143493652
0.25439250469207764
0.14914259314537048
0.079680897295475
0.21887190639972687
0.2490510642528534
0.24116761982440948
0.35617661476135254
0.1743667721748352
0.19003809988498688
0.13459181785583496
0.18882368505001068
0.12454164028167725
0.2420828640460968
0.189836323261261
0.20094391703605652
0.3592366576194763
0.2979225516319275
0.18721510469913483
0.12267471849918365
0.19381804764270782
0.05766971409320831
0.17832617461681366
0.07998489588499069
0.04376165568828583
0.07631177455186844
0.13298970460891724
0.10211532562971115
0.09518376737833023
0.11396268755197525
0.12849374115467072
0.10273560881614685
0.11031122505664825
0.1465841680765152
