0.44639110565185547
0.6421047449111938
0.31683558225631714
0.3810873031616211
0.12475482374429703
0.17957493662834167
0.25514698028564453
0.3974973261356354
0.5449726581573486
0.6714881062507629
0.7417178153991699
0.166131854057312
0.5575339794158936
0.47916024923324585
0.23260892927646637
0.2688535749912262
0.5863363742828369
0.1987331658601761
0.36120739579200745
0.6076348423957825
0.5109233856201172
0.7581229209899902
0.39353078603744507
0.6848876476287842
0.7333881855010986
0.6417425274848938
0.6273520588874817
0.504997193813324
0.566657304763794
0.5312349796295166
0.3798702359199524
0.6220430731773376
0.4665185213088989
0.2567986845970154
0.40399011969566345
0.10777473449707031
0.4529871344566345
0.19139674305915833
0.6920375823974609
0.4840995967388153
0.7660922408103943
0.448891282081604
0.3986445963382721
0.40768861770629883
0.5046079158782959
0.39541926980018616
0.35884881019592285
0.12350320816040039
0.2238672375679016
0.2057504802942276
0.4164067208766937
0.21107721328735352
0.551929771900177
0.2669224143028259
0.5633789896965027
0.3213289976119995
0.541729211807251
0.5306459069252014
0.6093809604644775
0.38823047280311584
0.33845576643943787
0.4398691952228546
0.6416552066802979
0.520337700843811
0.6705605983734131
0.8696061372756958
0.8648570775985718
0.6768452525138855
0.7861378192901611
0.8320493698120117
0.7629574537277222
0.8538798689842224
0.8533264398574829
0.7517010569572449
0.9246795773506165
0.6398842334747314
0.39034304022789
0.49769291281700134
0.40992704033851624
0.6944602131843567
0.4756556749343872
0.47255897521972656
0.5932543277740479
0.24789901077747345
0.33549821376800537
0.5289291739463806
0.6791618466377258
0.34245550632476807
0.4152775704860687
0.3290989398956299
0.5238465070724487
0.15895424783229828
0.430467814207077
0.5897849798202515
0.21846024692058563
0.5469533801078796
0.14543229341506958
0.5958926677703857
0.6002430319786072
0.4792432188987732
0.5346877574920654
0.6178572773933411
0.5371608734130859
0.19490647315979004
0.47474589943885803
0.6769950985908508
0.5968592762947083
0.46989843249320984
0.5137131810188293
0.19011877477169037
0.19333529472351074
0.17814479768276215
0.3963168263435364
0.28613319993019104
0.47009241580963135
0.47251400351524353
0.35184550285339355
0.5448898673057556
0.36610883474349976
0.7397621870040894
0.6593044996261597
0.317761093378067
0.32282957434654236
0.5272511839866638
0.5573593378067017
0.11226705461740494
0.4286443293094635
0.7366613149642944
0.5480824708938599
0.34232208132743835
0.5650690197944641
0.7352839708328247
0.6717559099197388
0.5460533499717712
0.4378107190132141
0.46158212423324585
0.2747561037540436
0.3184719681739807
0.28962773084640503
0.5005595088005066
0.40253034234046936
0.6007688045501709
0.3032994866371155
0.5920518040657043
0.5297304391860962
0.5173537135124207
0.7490758895874023
0.782941460609436
0.556780993938446
0.6176310777664185
0.7661070823669434
0.4857509434223175
0.41768965125083923
0.46398940682411194
0.7165072560310364
0.6002956628799438
0.15298528969287872
0.3199593126773834
0.15542590618133545
0.15010510385036469
0.15224428474903107
0.21626617014408112
0.24631598591804504
0.571975588798523
0.38104209303855896
0.5605700612068176
0.26312223076820374
0.4193751811981201
0.45578494668006897
0.2645513117313385
0.31244945526123047
0.4935726523399353
0.5977378487586975
0.531753420829773
0.5285017490386963
0.4545925557613373
0.6713416576385498
0.5703004002571106
0.4308527708053589
0.4933970868587494
0.5390639901161194
0.5382702350616455
0.6631138920783997
0.8309658169746399
0.48460543155670166
0.8157781958580017
0.8887361288070679
0.8359759449958801
0.6195032000541687
0.6599211096763611
0.7525947690010071
0.7567648887634277
0.6950302720069885
0.45084816217422485
0.6454641222953796
0.7385783195495605
0.451055109500885
0.6858162879943848
0.5578386783599854
0.6174729466438293
0.5062883496284485
0.7501015663146973
0.6349114179611206
0.81194007396698
0.625105619430542
0.750654935836792
0.7723792195320129
0.5795848965644836
0.8394292593002319
0.6256425976753235
0.6733822226524353
0.7908661365509033
0.7263001203536987
0.5218697786331177
0.740668773651123
0.7144619226455688
0.6622462272644043
0.7390516400337219
