0.16219857335090637
0.12896369397640228
0.18103140592575073
0.2739346921443939
0.11281897127628326
0.14032790064811707
0.16217465698719025
0.1206594705581665
0.11970673501491547
0.21398316323757172
0.1092156395316124
0.28591233491897583
0.3620171844959259
0.4501327574253082
0.5561352372169495
0.5223555564880371
0.4892790615558624
0.7907550930976868
0.3644154965877533
0.8132909536361694
0.5522096753120422
0.34244221448898315
0.47334200143814087
0.595352053642273
0.4990989863872528
0.1843225210905075
0.203583225607872
0.10175896435976028
0.1513298749923706
0.16576643288135529
0.32846125960350037
0.45972931385040283
0.17709094285964966
0.4425501227378845
0.16444547474384308
0.5251100659370422
0.11108789592981339
0.21262331306934357
0.4811730980873108
0.4183064103126526
0.8130454421043396
0.6588284373283386
0.8391154408454895
0.8999625444412231
0.8623360991477966
0.9237775802612305
0.9281070828437805
0.7534289956092834
0.6266316175460815
0.5734668970108032
0.9035799503326416
0.8419190645217896
0.9496894478797913
0.5866692662239075
0.8365378975868225
0.6172075271606445
0.4891694486141205
0.7112672924995422
0.32832884788513184
0.8173310160636902
0.5348933935165405
0.9084087014198303
0.9164937138557434
0.918438196182251
0.9342020750045776
0.5479918718338013
0.767926037311554
0.4302273392677307
0.37621355056762695
0.3797329366207123
0.7105001211166382
0.5414366126060486
0.24570608139038086
0.6137205362319946
0.7840437889099121
0.7496760487556458
0.7573646306991577
0.941392183303833
0.9038612842559814
0.4725021421909332
0.8729869723320007
0.8428124189376831
0.47912877798080444
0.5050899982452393
0.38823947310447693
0.18442374467849731
0.1435891091823578
0.10571177303791046
0.20082281529903412
0.1611073613166809
0.10929062217473984
0.16238267719745636
0.09596335887908936
0.15715846419334412
0.09963833540678024
0.029958290979266167
0.08298683166503906
0.029190268367528915
0.060819361358881
0.10390002280473709
0.14329499006271362
0.0815328061580658
0.03357446566224098
0.21005912125110626
0.48565760254859924
0.22470037639141083
