0.06532887369394302
0.13938038051128387
0.38572990894317627
0.581139087677002
0.29954972863197327
0.540984034538269
0.6945824027061462
0.5714032053947449
0.32285696268081665
0.6779294013977051
0.752277672290802
0.4169749617576599
0.48399364948272705
0.682765007019043
0.45265668630599976
0.18235206604003906
0.32834920287132263
0.40801557898521423
0.17199142277240753
0.2638687789440155
0.31356531381607056
0.35562652349472046
0.13167975842952728
0.1906098574399948
0.13875851035118103
0.3467797338962555
0.22356994450092316
0.19225110113620758
0.19688832759857178
0.23771162331104279
0.311908096075058
0.1340266764163971
0.20440848171710968
0.15542201697826385
0.23297657072544098
0.22915461659431458
0.130934938788414
0.43239179253578186
0.2514565587043762
0.24393068253993988
0.24867680668830872
0.39661461114883423
0.2235979288816452
0.18406939506530762
0.10935194790363312
0.29848548769950867
0.2524186074733734
0.26398053765296936
0.19257307052612305
0.3430035412311554
0.5868948698043823
0.32653161883354187
0.3675925135612488
0.6720595359802246
0.6490764617919922
0.34872981905937195
0.47211503982543945
0.8726428151130676
0.5629852414131165
0.28934818506240845
0.6654834747314453
0.7867020964622498
0.35887256264686584
0.29227566719055176
0.6203925013542175
0.45482009649276733
0.13878478109836578
0.2599150538444519
0.6190398335456848
0.18035940825939178
0.1142258420586586
0.5216643810272217
0.5359744429588318
0.20822539925575256
0.3847951292991638
0.3803709149360657
0.4508942663669586
0.2921501398086548
0.15676818788051605
0.2587370276451111
0.30265602469444275
0.2522195875644684
0.09348126500844955
0.2675611078739166
0.402436226606369
0.22493641078472137
0.1633603721857071
0.40569472312927246
0.36213839054107666
0.24686986207962036
0.22385866940021515
0.37083640694618225
0.3212910294532776
0.16073854267597198
0.26422959566116333
0.3094042241573334
0.3056738078594208
0.21522535383701324
0.2082754373550415
0.1804567128419876
0.21716684103012085
0.17409208416938782
0.22323369979858398
0.19941404461860657
0.21744835376739502
0.1757112443447113
0.12879259884357452
0.12776850163936615
0.10221169888973236
0.08231829106807709
0.09216225147247314
0.11565302312374115
