0.9135950207710266
0.7720466256141663
0.340937077999115
0.8710159063339233
0.9082921147346497
0.6889824271202087
0.6353594064712524
0.959934651851654
0.93702632188797
0.8567730188369751
0.8178345561027527
0.9795379638671875
0.9531271457672119
0.9674137830734253
0.9115248918533325
0.8731381297111511
0.7408936619758606
0.6550887823104858
0.8217765092849731
0.8331075310707092
0.4730888903141022
0.6052634119987488
0.5464648008346558
0.5986670255661011
0.5776091814041138
0.6992892026901245
0.4978600740432739
0.45594629645347595
0.5124847888946533
0.5348383188247681
0.6756889820098877
0.6556851863861084
0.6732490658760071
0.6805329918861389
0.6126359105110168
0.4952812194824219
0.616256058216095
0.7723446488380432
0.7432020306587219
0.6504720449447632
0.8993509411811829
0.8951048254966736
0.8950614929199219
0.9032180905342102
0.9473724365234375
0.9703174233436584
0.9612701535224915
0.9831863045692444
0.9803284406661987
0.9707030057907104
0.9755977988243103
0.9861295819282532
0.9771720170974731
0.9669487476348877
0.9747002720832825
0.9811363220214844
0.9612569808959961
0.9472785592079163
0.9246745705604553
0.9398163557052612
0.9279749989509583
0.8235801458358765
0.8991177082061768
0.9571865797042847
0.9633508324623108
0.8107477426528931
0.881103515625
0.9472678303718567
0.9462409615516663
0.8071911334991455
0.9046021699905396
0.9476271867752075
0.8899558186531067
