0.4931917190551758
0.4359618127346039
0.40497663617134094
0.5317652225494385
0.6264971494674683
0.26223859190940857
0.18987083435058594
0.2554445266723633
0.22726446390151978
0.207289919257164
0.5040419697761536
0.44579941034317017
0.7584038376808167
0.7284631133079529
0.29338279366493225
0.28592976927757263
0.25754132866859436
0.1982533037662506
0.0840466171503067
0.025866389274597168
0.08822419494390488
0.023355066776275635
0.0103042246773839
0.03178778663277626
0.03329569846391678
0.09439883381128311
0.13014443218708038
0.0845743790268898
0.21728529036045074
0.053064942359924316
0.09279005974531174
0.09502873569726944
0.1445518285036087
0.4330909848213196
0.27510949969291687
0.6017971634864807
0.34140902757644653
0.7491072416305542
0.8194995522499084
0.2554416358470917
0.21233122050762177
0.6071112751960754
0.792539119720459
0.34347549080848694
0.562464714050293
0.34668779373168945
0.322284460067749
0.2733454406261444
0.3145782947540283
0.23641186952590942
0.13940204679965973
0.28202858567237854
0.18181347846984863
0.3926577568054199
0.18449729681015015
0.09206078201532364
0.12531548738479614
0.24298006296157837
0.22991803288459778
0.5793353319168091
0.7244322299957275
0.5285592675209045
0.7179583311080933
0.6648748517036438
0.2778758704662323
0.2171575427055359
0.6191493272781372
0.574722170829773
0.5318217277526855
0.3191103935241699
0.4032493233680725
0.247685968875885
0.16781505942344666
0.5095306634902954
0.39215970039367676
0.14109176397323608
0.15040236711502075
0.2444971203804016
0.10516474395990372
0.035000115633010864
0.06987583637237549
0.05540638789534569
0.09022973477840424
0.04039701074361801
0.10614438354969025
0.15535886585712433
0.09724113345146179
0.034935466945171356
0.10201287269592285
0.025568470358848572
0.04826986417174339
0.042995549738407135
0.03460325673222542
0.13923628628253937
0.06465490162372589
0.07671715319156647
0.3928152918815613
0.11454251408576965
0.4256342649459839
0.3319486081600189
0.35851794481277466
0.14341838657855988
0.079539954662323
0.04605625197291374
0.02607412077486515
0.03576044738292694
0.04526934400200844
0.061710815876722336
0.09502819925546646
0.060539595782756805
0.309683620929718
0.17152047157287598
0.16476742923259735
0.17449931800365448
0.23775090277194977
0.27204400300979614
0.40734830498695374
0.11172769963741302
0.5108783841133118
0.44445452094078064
0.15701085329055786
0.2370041012763977
0.26044681668281555
0.23495051264762878
0.2947951853275299
0.2353810966014862
0.1309250444173813
0.12133554369211197
0.07530124485492706
0.03649912029504776
0.08888009935617447
0.10354773700237274
0.15905234217643738
0.21815809607505798
0.30554088950157166
0.11226757615804672
0.12433409690856934
0.16104702651500702
0.1660338193178177
0.16574817895889282
0.3078173100948334
0.16925053298473358
0.0800580084323883
0.16115611791610718
0.045251328498125076
0.04635680466890335
0.030043555423617363
0.018425172194838524
0.030106034129858017
0.04728943854570389
0.0816231220960617
0.02233174443244934
0.10510601848363876
0.0748618096113205
0.07748500257730484
0.03976907581090927
0.027588138356804848
0.03187799081206322
0.005939094815403223
0.008016576990485191
0.018350834026932716
0.01982470415532589
0.07015849649906158
0.16076411306858063
0.3241035044193268
0.44847261905670166
0.46036598086357117
0.3036941587924957
0.04628639668226242
0.1479215919971466
0.014250099658966064
0.04955606535077095
0.011407885700464249
0.015151683241128922
0.015552395023405552
0.005638648755848408
0.05062257871031761
0.07807596772909164
0.059763889759778976
0.13455413281917572
0.08472498506307602
0.023131100460886955
0.07364675402641296
0.17084267735481262
0.06835945695638657
0.2551964819431305
0.3047819137573242
0.16232594847679138
0.04454713314771652
0.1824214607477188
0.5204530358314514
0.15576086938381195
0.48483794927597046
0.3180371820926666
0.1002163216471672
0.09515642374753952
0.16669510304927826
0.12308347225189209
0.05706492438912392
0.012077586725354195
0.00886866357177496
0.006837895605713129
0.0047458382323384285
0.0287750456482172
0.008390802890062332
0.01032425370067358
0.030397141352295876
0.1253717690706253
0.18250475823879242
0.03004085086286068
0.038927529007196426
0.057244181632995605
0.008841531351208687
0.02261614240705967
0.06712950021028519
0.020149853080511093
0.04254845529794693
0.06268075853586197
0.24056477844715118
0.13824261724948883
0.31666040420532227
0.3395199775695801
0.2834102213382721
0.14877361059188843
0.14468251168727875
0.06887652724981308
0.046748675405979156
0.017196521162986755
0.011572678573429585
0.010773449204862118
0.00789638515561819
0.05116328224539757
0.024049315601587296
0.10974745452404022
0.4089618921279907
0.39353981614112854
0.5195066332817078
0.4943043887615204
0.394376665353775
0.05037188529968262
0.19090664386749268
0.17054735124111176
0.05099992826581001
0.05092884972691536
0.017261376604437828
0.12427041679620743
0.05346279591321945
0.05888522416353226
0.08634666353464127
0.09340246766805649
0.07607238739728928
0.0402374193072319
0.06415046751499176
0.034476492553949356
0.1361321061849594
0.16425149142742157
0.34717437624931335
0.6209278106689453
0.5232737064361572
0.26411575078964233
0.5136728286743164
0.15762753784656525
0.32100704312324524
0.42386603355407715
0.6234338283538818
0.40143874287605286
0.7059692740440369
0.7702541351318359
0.10265432298183441
0.33493518829345703
0.6066743731498718
0.33092066645622253
0.3752957880496979
0.05351989343762398
0.05456472933292389
0.011894278228282928
0.0038479880895465612
0.0062827677465975285
0.003436933970078826
0.011372272856533527
0.02177349478006363
0.012059761211276054
0.028161773458123207
0.051331933587789536
0.07875809073448181
0.04893269017338753
0.07297491282224655
0.009922802448272705
0.006626205984503031
0.002817660104483366
0.007114730775356293
0.004626168869435787
0.04849182069301605
0.09674902260303497
0.4451671838760376
0.3347128927707672
0.19698889553546906
0.1796407252550125
0.3464556932449341
0.46545088291168213
0.5259783864021301
0.22011545300483704
0.20017729699611664
0.4991004765033722
0.5172380805015564
0.45888158679008484
0.3955351710319519
0.4916912317276001
0.2598458528518677
0.2983938157558441
0.2954505980014801
0.09053206443786621
0.06951373815536499
0.08129940927028656
0.019236547872424126
0.02584553323686123
0.012385169044137001
0.010276458226144314
0.09364116191864014
0.02751544490456581
0.05333822965621948
0.21607272326946259
0.11813420802354813
0.05352954939007759
0.3395501971244812
0.3311239778995514
0.05549975857138634
0.0837283730506897
0.07607314735651016
0.14393945038318634
0.04048830270767212
0.022297879680991173
0.1415831297636032
0.08416294306516647
0.05598686262965202
0.0862598642706871
0.2133335918188095
0.08302921801805496
0.07378420978784561
0.043118882924318314
0.10024353861808777
0.07606927305459976
0.028075959533452988
0.021937420591711998
0.048822324723005295
0.030125105753540993
0.044641267508268356
0.09837488830089569
0.07591263204813004
0.075864277780056
0.01309886947274208
0.12023661285638809
0.09028664231300354
0.07924211025238037
0.04640540853142738
0.09831762313842773
0.046392712742090225
0.0807626023888588
0.02474386617541313
0.147278293967247
0.07515273243188858
0.057466771453619
0.14346174895763397
0.07597025483846664
0.12236382067203522
0.20786115527153015
0.04408595710992813
0.051666077226400375
0.005295595619827509
0.10303158313035965
0.006019921973347664
0.037859223783016205
0.007220766507089138
0.03922777250409126
0.015950867906212807
0.07382312417030334
0.04405598342418671
0.04225737228989601
0.03942792862653732
0.04182768985629082
0.008450535126030445
0.0351470522582531
0.05241436883807182
0.06485650688409805
0.08173557370901108
0.13509501516819
0.1154981330037117
0.07259894907474518
0.19063575565814972
0.2875453531742096
0.10157588869333267
0.21197250485420227
0.23838573694229126
0.06871514022350311
0.05727885290980339
0.166777566075325
0.1614776998758316
0.040996093302965164
0.0799625962972641
0.08747097849845886
0.1992083340883255
0.09430671483278275
0.1269199699163437
0.032180190086364746
0.010565205477178097
0.017492074519395828
0.010410885326564312
0.015081096440553665
0.021899932995438576
0.0037231999449431896
0.002073457697406411
0.007312338333576918
0.0042336564511060715
0.03943150117993355
0.015136389061808586
0.04887481406331062
0.10379505902528763
0.12135589122772217
0.08158768713474274
0.11492787301540375
0.047919049859046936
0.051110878586769104
0.018739234656095505
0.01623396947979927
0.004271755926311016
0.03733309358358383
0.030164066702127457
0.04396478831768036
0.01611465774476528
0.04083629697561264
0.02891693450510502
0.07244966179132462
0.12144336849451065
0.09902708977460861
0.1044890508055687
0.056040387600660324
0.08064042031764984
0.14301496744155884
0.045565180480480194
0.1813683807849884
0.11604637652635574
0.09757772833108902
0.08475276827812195
0.052923936396837234
0.06563979387283325
0.05609741434454918
0.1063593178987503
0.21799758076667786
0.16053657233715057
0.04530023783445358
0.07492493838071823
0.3348754346370697
0.25436487793922424
0.4707128703594208
0.3060484826564789
0.16878356039524078
0.5169613361358643
0.33809730410575867
0.5363264679908752
0.15545959770679474
0.34264031052589417
0.09593144059181213
0.19302062690258026
0.39320605993270874
0.27925410866737366
0.49734270572662354
0.3680364191532135
0.18039672076702118
0.030241334810853004
0.05404922738671303
0.15222661197185516
0.06450570374727249
0.02772369422018528
0.09162170439958572
0.01478542573750019
0.1883501410484314
0.007466362789273262
0.10405302047729492
0.058209531009197235
0.18395549058914185
0.28879138827323914
0.27726784348487854
0.28946176171302795
0.06730509549379349
0.20859108865261078
0.1286417841911316
0.33795395493507385
0.12745699286460876
0.18324775993824005
0.37654122710227966
0.1401410698890686
0.3347298204898834
0.2198270708322525
0.2745460569858551
0.17571872472763062
0.3050735890865326
0.31318992376327515
0.306985467672348
0.1261346936225891
0.47879642248153687
0.11768734455108643
0.36418938636779785
0.0964292660355568
0.03125590458512306
0.21670974791049957
0.1308906078338623
0.2885890305042267
0.15961793065071106
0.04185866564512253
0.06908534467220306
0.010784881189465523
0.046409837901592255
0.006259102839976549
0.02400241792201996
0.017129458487033844
0.0797753557562828
0.017609328031539917
0.12157588452100754
0.0419631190598011
0.042740654200315475
0.03260582685470581
0.030839987099170685
0.003494902979582548
0.05457047373056412
0.0328119620680809
0.01665579341351986
0.023112045601010323
0.009645356796681881
0.04945536330342293
0.04975247010588646
0.08926773071289062
0.22138498723506927
0.4561091661453247
0.19914299249649048
0.5780385136604309
0.3862297832965851
0.3781452178955078
