0.7580572366714478
0.7225325703620911
0.7220438718795776
0.6119053959846497
0.27644863724708557
0.30373406410217285
0.3220742642879486
0.18918094038963318
0.23323406279087067
0.10777853429317474
0.31592458486557007
0.47523894906044006
0.25237900018692017
0.30898725986480713
0.1629895716905594
0.13023680448532104
0.17148669064044952
0.3114263117313385
0.6563072800636292
0.7343413829803467
0.637951672077179
0.4193499684333801
0.48721352219581604
0.5723422169685364
0.2301228642463684
0.2671871781349182
0.2518090605735779
0.3262409269809723
0.36692336201667786
0.3851279318332672
0.3404959738254547
0.3247130513191223
0.2862933576107025
0.6077878475189209
0.4588263928890228
0.1936725378036499
0.28181132674217224
0.4179669916629791
0.35855957865715027
0.6914820075035095
0.5782650113105774
0.8445848226547241
0.8480426073074341
0.728206992149353
0.7610109448432922
0.7618381977081299
0.5051798224449158
0.6854432225227356
0.4390909969806671
0.25319838523864746
0.7985016703605652
0.29014691710472107
0.5734980702400208
0.402513325214386
0.40194156765937805
0.7813680768013
0.40505510568618774
0.4884561002254486
0.2033768594264984
0.2039097398519516
0.5614473223686218
0.4722507894039154
0.8096994757652283
0.5986886620521545
0.6766172051429749
0.5653454661369324
0.3707458972930908
0.34073910117149353
0.1961747258901596
0.43004733324050903
0.5731685757637024
0.7352696657180786
0.7332841157913208
0.5222386121749878
0.33658626675605774
0.5933883786201477
0.44722309708595276
0.29975372552871704
0.3547220230102539
0.28526654839515686
0.3841198980808258
0.6273645758628845
0.6893905997276306
0.8691585659980774
0.4903618395328522
0.6108846664428711
0.5999446511268616
0.5883839726448059
0.6542093753814697
0.4215060770511627
0.5992318987846375
0.349615216255188
0.1789088100194931
0.34519943594932556
0.506442129611969
0.40294376015663147
0.688498318195343
0.7307413816452026
0.767261803150177
0.6381209492683411
0.5169968605041504
0.37330278754234314
0.4774051308631897
0.2390727698802948
0.31970587372779846
0.1681283414363861
0.2143414318561554
0.4841376841068268
0.4761979877948761
0.5873135924339294
0.5463761687278748
0.5134487748146057
0.5745903849601746
0.4634964168071747
0.4895031154155731
0.37456080317497253
0.31411856412887573
0.33479413390159607
0.4769957959651947
0.2356201857328415
0.4012468755245209
0.6033258438110352
0.5038371086120605
0.47249147295951843
0.5953815579414368
0.561493992805481
0.28788673877716064
0.37388452887535095
0.22087830305099487
0.1336684376001358
0.44799715280532837
0.17128610610961914
0.2850436866283417
0.4289163053035736
0.38471275568008423
0.5322888493537903
