0.4541877210140228
0.4467516541481018
0.3340301513671875
0.3583129048347473
0.08607245236635208
0.20510166883468628
0.13045047223567963
0.2939809560775757
0.3302425444126129
0.3248327076435089
0.17829449474811554
0.5441609621047974
0.2756369709968567
0.7233501076698303
0.7657752633094788
0.6359043717384338
0.7533016204833984
0.6928661465644836
0.5947904586791992
0.6746936440467834
0.7332040071487427
0.7900757789611816
0.5336965322494507
0.3419765532016754
0.24984104931354523
0.29805269837379456
0.19113482534885406
0.047228965908288956
0.08405566215515137
0.24256232380867004
0.17568755149841309
0.3961753249168396
0.4885186553001404
0.7062006592750549
0.4329398572444916
0.5786641240119934
0.4995602071285248
0.6984026432037354
0.5493488907814026
0.7371090054512024
0.7680357098579407
0.8806939721107483
0.7928256392478943
0.6349904537200928
0.5407884120941162
0.5675835609436035
0.14655427634716034
0.3810977339744568
0.15012909471988678
0.7349926829338074
0.3153494894504547
0.589004635810852
0.6326940655708313
0.5842514634132385
0.544070303440094
0.7534300684928894
0.40370240807533264
0.686355471611023
0.5984888076782227
0.1866697520017624
0.45446115732192993
0.29032379388809204
0.5508146286010742
0.404598593711853
0.7993377447128296
0.6602317094802856
0.43260422348976135
0.5257443785667419
0.43485119938850403
0.1945408135652542
0.12476082891225815
0.061497390270233154
0.1822803020477295
0.11097240447998047
0.16703344881534576
0.37035468220710754
0.4194759428501129
0.5784540176391602
0.6038551926612854
0.3880974352359772
0.5662152171134949
0.4668923616409302
0.45527592301368713
0.293284147977829
0.35416290163993835
0.23865124583244324
0.40633198618888855
0.3904861509799957
0.3818070888519287
0.5885434746742249
0.6221062541007996
0.645555317401886
0.7725670337677002
0.777527391910553
0.8295239210128784
0.7897583246231079
0.5707088112831116
0.7073936462402344
0.6150099635124207
0.7273066639900208
0.5022878646850586
0.7827503681182861
0.4306807518005371
0.7734900712966919
0.48846933245658875
0.6473342776298523
0.29813310503959656
0.45249876379966736
0.27328845858573914
0.10257476568222046
0.15865162014961243
0.17381851375102997
0.29267385601997375
0.3692559599876404
0.4955112636089325
0.6202511787414551
0.6520441174507141
0.8102010488510132
0.7209511995315552
0.9188248515129089
0.8769404888153076
0.3826751708984375
0.5827669501304626
0.20345818996429443
0.33370083570480347
0.1987530142068863
0.07859908789396286
0.2851319909095764
0.20094238221645355
0.45728328824043274
0.4440484046936035
0.6279669404029846
