0.24041835963726044
0.25577378273010254
0.2290952503681183
0.07642433047294617
0.35169312357902527
0.17793676257133484
0.06240900978446007
0.24538755416870117
0.2759549617767334
0.16484159231185913
0.11964426934719086
0.16103404760360718
0.26442354917526245
0.2584245800971985
0.26038217544555664
0.21052400767803192
0.2887910008430481
0.19452019035816193
0.09317217022180557
0.1474706381559372
0.17348845303058624
0.3325108587741852
0.21335762739181519
0.09340650588274002
0.3435794711112976
0.24170024693012238
0.08604278415441513
0.06438351422548294
0.27262020111083984
0.15845581889152527
0.10153327137231827
0.19762128591537476
0.22438812255859375
0.07451824098825455
0.1349347084760666
0.05102160573005676
0.013872047886252403
0.1496574729681015
0.05318593606352806
0.04437386617064476
0.10754162073135376
0.24772527813911438
0.24935224652290344
0.12115246802568436
0.14519003033638
0.09147212654352188
0.16993586719036102
0.1165711060166359
0.17891135811805725
0.14035165309906006
0.22800152003765106
0.15734650194644928
0.14544643461704254
0.2010878622531891
0.31280717253685
0.5428937077522278
0.460329532623291
0.5228957533836365
0.4223460257053375
0.24783749878406525
0.257222443819046
0.5134740471839905
0.20846602320671082
0.17853863537311554
0.034327395260334015
0.012534543871879578
0.06236307695508003
0.08792434632778168
0.215401291847229
0.0713864341378212
0.0761161521077156
0.12118420749902725
0.3666805326938629
0.17951349914073944
0.1556999385356903
0.548383355140686
0.4387959837913513
0.7271246314048767
0.7569740414619446
0.8955286145210266
0.9289568066596985
0.8312345743179321
0.9069811701774597
0.8503046035766602
0.852539598941803
0.7123395800590515
0.6796736121177673
0.6834051012992859
0.40801146626472473
0.2613818943500519
0.10785646736621857
0.013753178529441357
0.013761945068836212
0.004679227713495493
0.012236224487423897
0.024367107078433037
0.012021178379654884
0.06219496205449104
0.022907594218850136
0.10611849278211594
0.08604303002357483
0.06750890612602234
0.03355297073721886
0.016669142991304398
0.05336954444646835
0.007625873666256666
0.009462508372962475
0.02964925393462181
0.05173483118414879
0.0026033397298306227
0.014546300284564495
0.05869605764746666
0.013132991269230843
0.014229887165129185
0.06944022327661514
0.13337098062038422
0.21223583817481995
0.4180864691734314
0.8077091574668884
0.6340247392654419
0.6975474953651428
0.7819457054138184
0.7727895975112915
0.701963484287262
0.34996792674064636
0.0965750589966774
0.04144956171512604
0.06459721177816391
0.01311350055038929
0.002723114565014839
0.006120589561760426
0.006717171054333448
0.06272740662097931
0.015097477473318577
0.119384765625
0.05953636392951012
0.14127971231937408
0.023271113634109497
0.013437086716294289
0.030169321224093437
0.025733619928359985
0.006088363938033581
0.0038784549105912447
0.02547934651374817
0.00406455434858799
0.0015262175584211946
0.00826724711805582
0.007138522807508707
0.0017362500075250864
0.009187602438032627
0.010897430591285229
0.00840925145894289
0.011187756434082985
0.03739438205957413
0.014867913909256458
0.011316126212477684
0.00476044649258256
0.0069020832888782024
0.0025879358872771263
0.0321393758058548
0.00845278799533844
0.013599329628050327
0.004126515239477158
0.014631402678787708
0.012656602077186108
0.004545627627521753
0.0022305380553007126
0.005916026420891285
0.0006571752019226551
0.002247751457616687
0.006632210221141577
0.0051699853502213955
0.0025443227495998144
0.0020262207835912704
0.012569103389978409
0.010887986980378628
0.01086131390184164
0.003745955415070057
0.022810423746705055
0.003995324485003948
0.07587511837482452
0.01867227628827095
0.004735593218356371
0.009005586616694927
0.03450201079249382
0.0184941366314888
0.006271024234592915
0.008607938885688782
0.009135018102824688
0.007381564937531948
0.000669721222948283
0.0040684775449335575
0.013728251680731773
0.0032229593489319086
0.0015170902479439974
0.027938302606344223
0.014198086224496365
0.006449861917644739
0.0210505872964859
0.00724380649626255
0.036874715238809586
0.008861423470079899
0.013484756462275982
0.02593962475657463
0.0268563125282526
0.05574394762516022
0.4274546802043915
0.17019633948802948
0.8534175753593445
0.8281015753746033
0.1781216710805893
0.10674292594194412
0.4101868271827698
0.2611023485660553
0.021100929006934166
0.06878888607025146
0.18220867216587067
0.05847757309675217
0.006717943586409092
0.05731246992945671
0.011568955145776272
0.044371187686920166
0.024703498929739
0.050308287143707275
0.13688908517360687
0.17586976289749146
0.08050961792469025
0.07568272948265076
0.07878526300191879
0.08340007811784744
0.12477026134729385
0.4406220018863678
0.37418878078460693
0.7094009518623352
0.7169994115829468
0.6597270965576172
0.922123908996582
0.858552098274231
0.25892582535743713
0.8601763248443604
0.9380137324333191
0.7374722957611084
0.3048274517059326
0.9136750102043152
0.9162128567695618
0.45244455337524414
0.7139068245887756
0.94039386510849
0.744681179523468
0.3182821571826935
0.6383113265037537
0.9086074829101562
0.7742388248443604
0.4510115087032318
0.7024898529052734
0.5970457196235657
0.32814088463783264
0.4989112317562103
0.20294559001922607
0.29482343792915344
0.27335435152053833
0.09474503993988037
0.03848974406719208
0.02055380679666996
0.13010865449905396
0.02047175168991089
0.17501284182071686
0.22549684345722198
0.4481492042541504
0.4444744884967804
0.3485921025276184
0.7751510739326477
0.6368799209594727
0.05583618953824043
0.28832533955574036
0.6535670757293701
0.1337985247373581
0.013236474245786667
0.2292904555797577
0.3253447115421295
0.051833514124155045
0.027446012943983078
0.689709484577179
0.6588714718818665
0.7257025837898254
0.03885694965720177
0.0507931187748909
0.020129816606640816
0.002456908579915762
0.009129242971539497
0.020344696938991547
0.11509328335523605
0.08105102926492691
0.12977637350559235
0.3069949150085449
0.43981170654296875
0.7278064489364624
0.26223260164260864
0.08307021111249924
0.5714787244796753
0.5736226439476013
0.12282780557870865
0.1238366886973381
0.5298737287521362
0.42883360385894775
0.18695834279060364
0.47704192996025085
0.7513365149497986
0.5222558975219727
0.45668840408325195
0.756052553653717
0.7820961475372314
0.8560337424278259
0.8908789157867432
0.8944147229194641
0.869845449924469
0.7954061627388
0.3810453712940216
0.40962716937065125
0.4940502345561981
0.16384132206439972
0.2903188169002533
0.06896670907735825
0.3242551386356354
0.05647069215774536
0.08840607851743698
0.11905492842197418
0.08967569470405579
0.018015021458268166
0.008109885267913342
0.022484367713332176
0.03578554466366768
0.021634971722960472
0.03378519043326378
0.03883880376815796
0.13937576115131378
0.0485684871673584
0.17090244591236115
0.11521772295236588
0.14910858869552612
0.34692540764808655
0.5988149046897888
0.8805364370346069
0.5672493577003479
0.4474143981933594
0.7674372792243958
0.8821911811828613
0.5770471692085266
0.4425039291381836
0.5403553247451782
0.5086222887039185
0.1718565672636032
0.4961586594581604
0.504450261592865
0.2845047414302826
0.5224752426147461
0.1519489884376526
0.05003949627280235
0.02588733471930027
0.025046324357390404
0.07613231986761093
0.03137936070561409
0.0932842269539833
0.12662506103515625
0.3333543837070465
0.1451553851366043
0.726149320602417
0.31918638944625854
0.5554825663566589
0.7615421414375305
0.5006217360496521
0.8893668055534363
0.7746870517730713
0.21190886199474335
0.7670570015907288
0.8942568302154541
0.8335168361663818
0.705723762512207
0.5755292177200317
0.32720014452934265
0.21306651830673218
0.13784365355968475
0.13612787425518036
0.13398416340351105
0.03146754205226898
0.01306182611733675
0.09909028559923172
0.05286825820803642
0.016004817560315132
0.03729622811079025
0.09390977770090103
0.024929609149694443
0.009204991161823273
0.01278267614543438
0.013944108039140701
0.021278101950883865
0.019615614786744118
0.01374258752912283
0.029487529769539833
0.05590721592307091
0.05728207156062126
0.06660450994968414
0.051957953721284866
0.187790647149086
0.07703238725662231
0.4312489628791809
0.41507193446159363
0.6017976403236389
0.4109438955783844
0.7583862543106079
0.9032730460166931
0.4090328514575958
0.3165263235569
0.4981011748313904
0.4792870581150055
0.020208165049552917
0.12803854048252106
0.32438886165618896
0.13111212849617004
0.026449881494045258
0.0652540996670723
0.07341782748699188
0.26294341683387756
0.12316807359457016
0.42081964015960693
0.6863539218902588
0.22883129119873047
0.5598261952400208
0.9274711608886719
0.9261760711669922
0.6615220308303833
0.840663731098175
0.5098615884780884
0.2814773619174957
0.5738686323165894
0.5535244941711426
0.43728193640708923
0.16350018978118896
0.5752283930778503
0.6172483563423157
0.5031066536903381
0.20552149415016174
0.1438271701335907
