0.1577381044626236
0.5235920548439026
0.6727083921432495
0.6789761781692505
0.43057283759117126
0.35358673334121704
0.8363004922866821
0.46382570266723633
0.2558737099170685
0.4113685190677643
0.689157247543335
0.2325938493013382
0.1632644534111023
0.5534016489982605
0.42686566710472107
0.4119175374507904
0.4186526834964752
0.3342345952987671
0.40130725502967834
0.2171693593263626
0.24905578792095184
0.22127977013587952
0.25134992599487305
0.20642626285552979
0.19612567126750946
0.20195725560188293
0.43435636162757874
0.34749317169189453
0.29185134172439575
0.4629475772380829
0.46690839529037476
0.28719404339790344
0.44981685280799866
0.3219688832759857
0.35199087858200073
0.4179636538028717
0.4333764612674713
0.42079949378967285
0.3288603127002716
0.42882847785949707
0.14675875008106232
0.167293518781662
0.28465986251831055
0.22967025637626648
0.4007176458835602
0.2655927240848541
0.5017845630645752
0.47617191076278687
0.3905247151851654
0.5026878118515015
0.7709077000617981
0.6295092105865479
0.16845382750034332
0.7111578583717346
0.8810203671455383
0.5173782706260681
0.4446905553340912
0.7951527833938599
0.7626788020133972
0.39305853843688965
0.6353932619094849
0.8551852107048035
0.3450344204902649
0.47444117069244385
0.6587247848510742
0.552832841873169
0.4191344082355499
0.6184232234954834
0.5417177677154541
0.21268486976623535
0.6256676912307739
0.7668485641479492
0.41160720586776733
0.4224052429199219
0.8241363763809204
0.8457363843917847
0.4240688383579254
0.4672867953777313
0.8741554617881775
0.7263786792755127
0.4917090833187103
0.45552921295166016
0.8386839628219604
0.5296646952629089
0.23624426126480103
0.47705522179603577
0.6028610467910767
0.2345193475484848
0.41180118918418884
0.3005408048629761
0.15986871719360352
0.21044886112213135
0.4103758633136749
0.3196636736392975
0.35036876797676086
0.7173312306404114
0.8146284222602844
0.4625159502029419
0.3789242208003998
0.7091543674468994
0.6224306225776672
0.5681219100952148
0.41736432909965515
0.8593860864639282
0.7496894598007202
0.5127876996994019
0.8225604295730591
0.7001198530197144
0.7108957767486572
0.8124738335609436
0.7312557101249695
0.6621504426002502
0.8328008651733398
0.7118300199508667
0.5425673723220825
0.4936439096927643
0.5949095487594604
0.5143622756004333
0.5575106739997864
0.6782556176185608
0.6904218792915344
0.7252525687217712
0.7400434613227844
0.35120996832847595
0.6171786785125732
0.22316047549247742
0.58266681432724
0.4802195131778717
0.4432620108127594
0.3907891511917114
0.6154484152793884
0.40545257925987244
0.5592756867408752
0.7810458540916443
0.5150278806686401
0.7167848348617554
0.688685417175293
0.7962034940719604
0.6346672773361206
0.5545104146003723
0.5970237851142883
0.3583900034427643
0.3789271414279938
0.4160771369934082
0.49911177158355713
0.47188758850097656
0.5742291808128357
0.5121209621429443
0.7340582013130188
0.3645760416984558
0.7716462016105652
0.4312286674976349
0.36452123522758484
0.4863526523113251
0.6237381100654602
0.5853013396263123
0.07211560010910034
0.6081690192222595
0.7101519107818604
0.46626678109169006
0.4656515121459961
0.6659160852432251
0.7173365950584412
0.4821142256259918
0.346354603767395
0.2212299108505249
0.6148369908332825
0.7666189074516296
0.7988448143005371
0.8492409586906433
0.8180438876152039
