0.2089582085609436
0.3554023504257202
0.4407452940940857
0.5949105620384216
0.7443440556526184
0.871618390083313
0.8703163266181946
0.9295650124549866
0.9362378716468811
0.91164231300354
0.9332572221755981
0.9649896621704102
0.9538912177085876
0.9583342671394348
0.9717461466789246
0.9736717343330383
0.9077852368354797
0.8727619647979736
0.8553705215454102
0.9480599164962769
0.8937849402427673
0.6332449316978455
0.8337637782096863
0.9510100483894348
0.8170631527900696
0.7465773224830627
0.8358352780342102
0.8618069887161255
0.7448612451553345
0.6580694317817688
0.6622570157051086
0.5805732607841492
0.477163165807724
0.3928224444389343
0.4487799108028412
0.3027474284172058
0.44698435068130493
0.410917192697525
0.48494502902030945
0.3459053933620453
0.4052688181400299
0.4365542531013489
0.4828597605228424
0.4655093550682068
0.7853951454162598
0.747975766658783
0.7742112278938293
0.8440569043159485
0.890921413898468
0.8957719802856445
0.8196726441383362
0.9050676822662354
0.9424982070922852
0.8448920249938965
0.9098623394966125
0.934075653553009
0.8864073157310486
0.7972353100776672
0.8560482263565063
0.9393482208251953
0.5971129536628723
0.677130401134491
0.783737063407898
0.8732461333274841
0.5040698647499084
0.6812205910682678
0.46049705147743225
0.7804707288742065
0.6788588166236877
0.5721422433853149
0.7143505215644836
0.8571268916130066
0.5472358465194702
0.5184351205825806
0.783030092716217
0.7402642369270325
0.2462080866098404
0.31349220871925354
0.7930077314376831
0.27205246686935425
0.17580434679985046
0.35447585582733154
0.4578818380832672
0.16975024342536926
0.3153105676174164
0.4615321159362793
0.7357778549194336
0.7967392802238464
0.9093524217605591
0.9424635767936707
0.7613523602485657
0.5927618741989136
0.9137630462646484
0.9174281358718872
0.5687439441680908
0.7620663046836853
0.9126593470573425
0.8876610994338989
0.7258902192115784
0.5145753026008606
0.6253122687339783
0.5959505438804626
0.5824375152587891
0.7553198933601379
0.7226743102073669
0.36301302909851074
0.7324180603027344
0.837652325630188
0.793118417263031
0.6951726675033569
0.8526954650878906
0.5630629658699036
0.36604738235473633
0.6819937229156494
0.6727181077003479
0.6480796933174133
0.37051525712013245
0.3141956925392151
0.4900810420513153
0.14484602212905884
0.149262934923172
0.3494050204753876
0.425518661737442
0.08552798628807068
0.1882248967885971
0.33575204014778137
0.1913047581911087
0.16654226183891296
0.20472988486289978
0.3037729561328888
0.217884823679924
0.3020067512989044
0.4749089479446411
0.5256831049919128
