0.7306870222091675
0.6829822659492493
0.7389147281646729
0.8561640381813049
0.8620067238807678
0.7617006897926331
0.7641563415527344
0.7890879511833191
0.8234499096870422
0.8792696595191956
0.8190467953681946
0.7770533561706543
0.8037512898445129
0.8257430195808411
0.885425865650177
0.7485635876655579
0.8557330965995789
0.8893014192581177
0.8738742470741272
0.8929271697998047
0.881799042224884
0.8496846556663513
0.8433837890625
0.8689786195755005
0.8238825798034668
0.8713788986206055
0.8373106122016907
0.7298510074615479
0.8112717270851135
0.8267144560813904
0.6398332118988037
0.8412929773330688
0.7016734480857849
0.8313946723937988
0.8254671096801758
0.8649142980575562
0.8697376847267151
0.852364182472229
0.8645475506782532
0.916015088558197
0.9061732888221741
0.9386027455329895
0.880784273147583
0.831939160823822
0.9246789216995239
0.8575193881988525
0.9095169901847839
0.8221986293792725
0.8802728056907654
0.9135822653770447
0.7828918695449829
0.8499867916107178
0.9181303381919861
0.8579567074775696
