0.4788156747817993
0.3682844042778015
0.5171484351158142
0.5512781143188477
0.6181634664535522
0.6854211688041687
0.7659404277801514
0.5449135899543762
0.567317545413971
0.5815141201019287
0.6459187865257263
0.39180517196655273
0.48209095001220703
0.5657397508621216
0.6542466282844543
0.6269668936729431
0.6627468466758728
0.6181202530860901
0.6342694163322449
0.6650107502937317
0.6542765498161316
0.6311046481132507
0.7535831332206726
0.790644109249115
0.8264559507369995
0.8481878638267517
0.7552761435508728
0.6219761371612549
0.6858964562416077
0.6566861271858215
0.5804928541183472
0.5396584272384644
0.6597689986228943
0.7686225771903992
0.6320074796676636
0.7220709919929504
0.7851783037185669
0.8957532048225403
0.8122618198394775
0.6053308844566345
0.6988759636878967
0.88536137342453
0.7670185565948486
0.5629874467849731
0.7264181971549988
0.8553679585456848
0.6408770680427551
0.5951135754585266
0.7848601937294006
0.7376978397369385
0.6327937841415405
