0.9204951524734497
0.8990834355354309
0.8461893200874329
0.9664452075958252
0.9351107478141785
0.7310240268707275
0.9299411773681641
0.9548477530479431
0.9369753003120422
0.9485804438591003
0.9673749208450317
0.9641672968864441
0.9403427243232727
0.9681289792060852
0.9724714756011963
0.9529215693473816
0.9150980710983276
0.9325993061065674
0.9120923280715942
0.9258342385292053
0.5704612731933594
0.8845601081848145
0.9558182954788208
0.7507961392402649
0.8762881755828857
0.9046366214752197
0.894837498664856
0.8213561177253723
0.9332682490348816
0.9419741034507751
0.879397451877594
0.9177953004837036
0.8879930377006531
0.9602208733558655
0.8851600885391235
0.8826563954353333
0.9526044130325317
0.9161421656608582
0.896330714225769
0.9309213757514954
0.9249036908149719
0.9303159713745117
0.8666011095046997
0.9239241480827332
0.9565432071685791
0.9115933179855347
0.8544242978096008
0.9067779183387756
0.9412180781364441
0.9114931225776672
0.9211007356643677
0.9390998482704163
0.8688521981239319
0.8004680275917053
