0.14018984138965607
0.22706688940525055
0.22544284164905548
0.2667582035064697
0.3568200469017029
0.4031729996204376
0.3188682794570923
0.32569003105163574
0.4266529679298401
0.47334471344947815
0.3009969890117645
0.20059891045093536
0.5992252230644226
0.46363210678100586
0.12448141723871231
0.4016529619693756
0.7560650706291199
0.3342724144458771
0.16052623093128204
0.7518619894981384
0.7096996903419495
0.23066605627536774
0.4120558500289917
0.6920998096466064
0.40590864419937134
0.28451961278915405
0.198650062084198
0.13532303273677826
0.13482451438903809
0.18895147740840912
0.19716353714466095
0.11468054354190826
0.14419163763523102
0.060255780816078186
0.19171670079231262
0.2527247667312622
0.3873693645000458
0.34680598974227905
0.1861889660358429
0.14688849449157715
0.2658018469810486
0.341488242149353
0.2761925160884857
0.31962674856185913
0.3354016840457916
0.21992236375808716
0.3014105260372162
0.336418479681015
0.20265428721904755
0.2650626301765442
0.45020240545272827
0.3980969488620758
0.15716058015823364
0.4067176282405853
0.6164742708206177
0.718084990978241
0.33735325932502747
0.6945730447769165
0.8812187314033508
0.8795095086097717
0.8738195896148682
0.6592015027999878
0.6294035911560059
0.6682941913604736
0.42782846093177795
0.5561298131942749
0.44921737909317017
0.3876034915447235
0.30580854415893555
0.4198424220085144
0.40346068143844604
0.22372600436210632
0.23900464177131653
0.21203315258026123
0.2399122416973114
0.3777850866317749
0.40581604838371277
0.6981195211410522
0.7342281341552734
0.751021683216095
0.7790514826774597
0.7240641117095947
0.5918055772781372
0.695766270160675
0.5624330043792725
0.5263044834136963
0.7083106637001038
0.5825031399726868
0.789343535900116
0.7448969483375549
0.7820229530334473
0.7781527638435364
0.5765424966812134
0.7638819217681885
0.7369335889816284
0.5801147222518921
0.4875726103782654
0.762687087059021
0.8194617629051208
0.12681877613067627
0.47087907791137695
0.4905520975589752
0.5260310173034668
0.09764076769351959
0.49882185459136963
0.6349955797195435
0.42853236198425293
0.3543970286846161
0.48801958560943604
0.37917694449424744
0.22455927729606628
0.16884352266788483
0.14790929853916168
0.11939280480146408
0.29808393120765686
0.20676012337207794
0.25858554244041443
0.3249512314796448
0.6889835596084595
0.37967780232429504
0.4672574996948242
0.8117625117301941
0.8522776961326599
0.6524032950401306
0.6723821759223938
0.3335475027561188
0.16372548043727875
0.18100233376026154
0.26701897382736206
0.22900570929050446
0.04640153422951698
0.19210417568683624
0.1638558954000473
0.11443652212619781
0.10615641623735428
0.1712610274553299
0.19720888137817383
0.2778225839138031
0.17821712791919708
0.19406434893608093
0.10908530652523041
0.34815752506256104
0.3961475193500519
0.24496401846408844
0.1657651960849762
0.08238420635461807
0.2695166766643524
0.40449827909469604
0.18269039690494537
0.33570221066474915
0.3719370365142822
0.3451438546180725
0.48345470428466797
0.5817931294441223
0.5320943593978882
0.5359107255935669
0.3223612308502197
0.3854847550392151
0.33932700753211975
0.48536333441734314
0.42332541942596436
0.354857474565506
0.5652887225151062
0.7542850971221924
0.7125452756881714
0.40094059705734253
0.8248067498207092
0.932005763053894
0.9267054796218872
0.8013678193092346
0.7989363670349121
0.519881010055542
0.813274621963501
0.705756425857544
0.7250727415084839
0.6274057626724243
0.7811204195022583
0.6153669953346252
0.5618600845336914
0.69797682762146
0.7433305978775024
0.5287180542945862
0.30922502279281616
0.7189881801605225
0.43480002880096436
0.29433685541152954
0.4631751477718353
0.4798561632633209
0.30388468503952026
0.40060532093048096
0.3778943121433258
0.3483971059322357
