0.267634779214859
0.352255254983902
0.24424974620342255
0.2826990485191345
0.15213505923748016
0.15858101844787598
0.2367362529039383
0.2952479124069214
0.1783323436975479
0.10556452721357346
0.1261211335659027
0.055954914540052414
0.1163560152053833
0.18373769521713257
0.29562845826148987
0.28546249866485596
0.34619051218032837
0.2510591149330139
0.1557597666978836
0.1859375387430191
0.15666143596172333
0.08505117148160934
0.16586141288280487
0.17537523806095123
0.04557641223073006
0.17921340465545654
0.1783936768770218
0.2241715043783188
0.17779894173145294
0.28913262486457825
0.5217163562774658
0.42759397625923157
0.37671220302581787
0.549236536026001
0.571652352809906
0.47630515694618225
0.5673283934593201
0.5412744879722595
0.4616071879863739
0.28660503029823303
0.4180968701839447
0.38829755783081055
0.3715022802352905
0.3046363294124603
0.11628307402133942
0.1916440725326538
0.15154649317264557
0.21418102085590363
0.09682796895503998
0.1727484166622162
0.14014370739459991
0.11439832299947739
0.061030540615320206
0.1359328180551529
0.19975760579109192
0.16110152006149292
0.18023890256881714
0.18791526556015015
0.12788990139961243
0.04340869188308716
0.12461793422698975
0.09065939486026764
0.45168787240982056
0.3156501352787018
0.32144683599472046
0.14486753940582275
0.18099401891231537
0.3573838770389557
0.2201755940914154
0.23727212846279144
0.3283657729625702
0.14421012997627258
0.29817718267440796
0.482205867767334
0.6563241481781006
0.509595513343811
0.348562091588974
0.35704538226127625
0.17326922714710236
0.13644935190677643
0.054350100457668304
0.14652521908283234
0.04183459281921387
0.1173463687300682
0.09994251281023026
0.23880818486213684
0.13919611275196075
0.10345085710287094
0.19853052496910095
0.449287474155426
0.27062058448791504
0.15924617648124695
0.46266862750053406
0.34444913268089294
0.16905996203422546
0.17827828228473663
0.6020960807800293
0.3369191586971283
0.11916237324476242
0.2183380424976349
0.3882198929786682
0.175205260515213
0.06646475940942764
0.3376571238040924
0.3130500912666321
0.1793193519115448
0.2358158677816391
0.1074121817946434
0.058976639062166214
0.3174794912338257
0.43792009353637695
0.3366601765155792
0.631540060043335
0.6566876769065857
0.629490852355957
0.5229406952857971
0.40872710943222046
0.5708800554275513
0.6795060038566589
0.36004260182380676
0.2861115038394928
0.2098911553621292
0.1755431443452835
0.4577886164188385
0.1370583027601242
0.3311580717563629
0.11397504806518555
0.2592906057834625
0.43336084485054016
0.32671278715133667
0.33443692326545715
0.3023800253868103
0.394857257604599
0.10613276809453964
0.12538106739521027
0.11373168975114822
0.09527952969074249
0.13798516988754272
0.33431366086006165
0.40885913372039795
0.2173343300819397
0.34668484330177307
0.246714785695076
0.35763680934906006
0.24517236649990082
0.16554081439971924
0.12755782902240753
0.17675600945949554
0.15963907539844513
0.08378857374191284
0.24384525418281555
0.1284046769142151
0.13894328474998474
0.09953313320875168
0.17009247839450836
0.3346364200115204
0.10602346807718277
0.12675173580646515
0.03726132959127426
0.04033511504530907
0.2576090693473816
0.0855577364563942
0.008072021417319775
0.05124152824282646
0.1890489161014557
0.08521416783332825
0.04720713198184967
0.23395241796970367
0.3325851857662201
0.3132101893424988
0.19747823476791382
0.5432161092758179
0.505605161190033
0.71575528383255
0.6908681392669678
0.3691534101963043
0.3713361322879791
0.597689151763916
0.6165512204170227
0.762485146522522
0.6794679164886475
0.2485758513212204
0.15274003148078918
0.2309495061635971
0.2571830749511719
0.21701309084892273
0.3117201328277588
0.1490318328142166
0.03133862838149071
0.04479946196079254
0.1334267407655716
0.108122318983078
0.0054989708587527275
0.06537622213363647
0.17460067570209503
0.09204914420843124
0.027043098583817482
0.26439812779426575
0.3948027789592743
0.2028479278087616
0.39088693261146545
0.3371810019016266
0.08024357259273529
0.3300628066062927
0.2003556489944458
0.24833907186985016
0.27456504106521606
0.1278068572282791
0.20286548137664795
0.04291702061891556
0.14156264066696167
0.2608366310596466
0.14147332310676575
0.02861963026225567
0.059739768505096436
0.3623005449771881
0.04406058043241501
0.06727242469787598
0.4199197292327881
0.3185410499572754
0.05016341432929039
0.14644190669059753
0.3743707835674286
0.38865742087364197
0.24530760943889618
0.16415883600711823
0.6667989492416382
0.5486844182014465
0.5469205379486084
0.34754323959350586
0.4698120653629303
0.48364320397377014
0.49163633584976196
0.5087250471115112
0.25646036863327026
0.23749375343322754
0.1840028166770935
0.24518360197544098
0.36678147315979004
0.4190320670604706
0.2283889502286911
0.48021894693374634
0.15491916239261627
0.3311608135700226
0.6642106175422668
0.4887404441833496
0.40116268396377563
0.38056501746177673
0.4305281937122345
0.4443646967411041
0.4345910847187042
0.3830692172050476
0.31330785155296326
0.39923253655433655
0.49466124176979065
0.5360051393508911
0.47562992572784424
0.6454383730888367
0.6291607618331909
0.5464561581611633
0.7081795930862427
0.5433233976364136
0.3212817311286926
0.36792871356010437
0.2350132018327713
0.3565771281719208
0.3820483386516571
0.2871684730052948
0.35243314504623413
0.39538511633872986
0.3354719579219818
0.43100473284721375
0.5506196022033691
0.35398685932159424
0.5175705552101135
0.3234192430973053
0.7875178456306458
0.5860065817832947
0.24232369661331177
0.8075588941574097
0.5576168298721313
0.400856614112854
0.7106917500495911
0.6502630114555359
0.3241980969905853
0.40373843908309937
0.5859866142272949
0.4734269678592682
0.24428007006645203
0.3901888430118561
0.34512391686439514
0.28221604228019714
0.3529414236545563
0.7345654964447021
0.611772894859314
0.3450329601764679
0.718585729598999
0.6193903684616089
0.45820486545562744
0.45471715927124023
0.8307443261146545
0.4694531261920929
0.3485390841960907
0.563463032245636
0.5150063037872314
0.26126566529273987
0.2768356204032898
0.29249295592308044
0.32719728350639343
0.255994588136673
0.18427246809005737
0.24441204965114594
0.20257142186164856
0.24324515461921692
0.2629121243953705
0.38518229126930237
0.2236175239086151
0.13541291654109955
0.4853203594684601
0.4032689332962036
0.3235136568546295
0.4934777617454529
0.45855751633644104
