0.07991281151771545
0.19096381962299347
0.10116862505674362
0.06898611783981323
0.2369004338979721
0.313709557056427
0.07715916633605957
0.23041221499443054
0.22899024188518524
0.4172729253768921
0.45353037118911743
0.7010504603385925
0.6368578672409058
0.6861013770103455
0.45309460163116455
0.34862127900123596
0.4357394278049469
0.022271467372775078
0.11110346764326096
0.050027333199977875
0.14573602378368378
0.23159687221050262
0.10280796885490417
0.26411715149879456
0.15834730863571167
0.25046399235725403
0.1352832168340683
0.17776699364185333
0.15809398889541626
0.10066445916891098
0.07074064761400223
0.05805720388889313
0.08394301682710648
0.01765238679945469
0.10901511460542679
0.42869919538497925
0.45846113562583923
0.5311213731765747
0.7073005437850952
0.7202315330505371
0.727912962436676
0.7237856388092041
0.5915461778640747
0.6140311360359192
0.5750460624694824
0.5106224417686462
0.28758278489112854
0.10878898203372955
0.29504045844078064
0.34275683760643005
0.06476468592882156
0.21152585744857788
0.09129003435373306
0.11504513770341873
0.19978468120098114
0.2608974575996399
0.28120025992393494
0.2784996032714844
0.11770746856927872
0.4132765829563141
0.1544659435749054
0.6986486315727234
0.7475932240486145
0.616383969783783
0.650285005569458
0.7658319473266602
0.6590929627418518
0.7562141418457031
0.8167328238487244
0.9205053448677063
0.705833375453949
0.7449992895126343
0.4948924481868744
0.27065545320510864
0.029089057818055153
0.123598612844944
0.022438714280724525
0.09622390568256378
0.025695141404867172
0.06972476840019226
0.0906502828001976
0.13026538491249084
0.12239813804626465
0.141217902302742
0.14016592502593994
0.06106262654066086
0.14162741601467133
0.21443592011928558
0.0641743391752243
0.29125794768333435
0.1718500703573227
0.5033665299415588
0.6410759091377258
0.4511524736881256
0.7960387468338013
0.8544110059738159
0.8663710951805115
0.8385122418403625
0.7045654058456421
0.689594566822052
0.5329076051712036
0.4600921869277954
0.4984719455242157
0.2917991280555725
0.15153007209300995
0.3546682596206665
0.21538175642490387
0.2656380832195282
0.4309230446815491
0.29290786385536194
0.3613482713699341
0.31476446986198425
0.24895484745502472
0.20081676542758942
0.19202525913715363
0.09341230243444443
0.11653084307909012
0.028692202642560005
0.13670571148395538
0.023241868242621422
0.24720008671283722
0.35995975136756897
0.620685875415802
0.7758091688156128
0.710662841796875
0.8372382521629333
0.8731982111930847
0.8421518802642822
0.8468316793441772
0.8929639458656311
0.8581486344337463
0.7145660519599915
0.5592882037162781
0.521381676197052
0.1452018767595291
0.35350173711776733
0.069332055747509
0.2449655532836914
0.30057573318481445
0.5078808665275574
0.4143255054950714
0.45219993591308594
0.32120588421821594
0.3452785313129425
0.3298744261264801
0.39084702730178833
0.34269076585769653
0.3067065477371216
0.40218788385391235
0.26824474334716797
0.44097959995269775
0.5225141644477844
0.17588378489017487
0.38904738426208496
0.4145052433013916
0.2785090506076813
0.31499940156936646
0.28098368644714355
0.14979222416877747
0.28777748346328735
0.1959068775177002
0.27732735872268677
0.2054721862077713
0.2959508001804352
0.35053497552871704
0.4515521824359894
0.3550035059452057
0.44698768854141235
0.461281418800354
0.6789662837982178
0.40275245904922485
0.4589364230632782
0.13311755657196045
0.23258037865161896
0.04516369849443436
0.3345957100391388
0.1087990254163742
0.5389665365219116
0.686464250087738
0.7291005253791809
0.8448254466056824
0.8597840666770935
0.8276113271713257
0.6561280488967896
0.7026316523551941
0.6385288238525391
0.26378288865089417
0.5240599513053894
0.41003456711769104
0.2804502248764038
0.5102282762527466
0.5118582248687744
0.4606408178806305
0.6570954322814941
0.5939529538154602
0.6062984466552734
0.47004690766334534
0.478843629360199
0.2926604449748993
0.3897634446620941
