0.4881894886493683
0.5066974759101868
0.42117708921432495
0.5388038754463196
0.5115113854408264
0.5008344650268555
0.5628591775894165
0.42379429936408997
0.4484540522098541
0.5900506377220154
0.6728243231773376
0.5986502766609192
0.4130646884441376
0.6348530650138855
0.5169600248336792
0.5459081530570984
0.42575326561927795
0.6759529113769531
0.587996780872345
0.5238340497016907
0.5499601364135742
0.7616551518440247
0.735659658908844
0.613110363483429
0.6394388675689697
0.518718421459198
0.4865923523902893
0.45547381043434143
0.563422679901123
0.5352438688278198
0.5720953941345215
0.36221539974212646
0.5943460464477539
0.5447605848312378
0.6218714118003845
0.5655092000961304
0.6450700759887695
0.5558675527572632
0.24798035621643066
0.7222393155097961
0.5999268293380737
0.315932959318161
0.5458787083625793
0.4643522799015045
0.5044691562652588
0.28279387950897217
0.254687637090683
0.19479770958423615
0.2877829074859619
0.1864304393529892
0.2272804081439972
0.29020172357559204
0.3321157395839691
0.4346317946910858
0.21713577210903168
0.37859833240509033
0.4012106955051422
0.34614500403404236
0.3888629674911499
0.577846348285675
0.4196278154850006
0.32932978868484497
0.4818299114704132
0.5826452374458313
0.5218701362609863
0.33718204498291016
0.45032039284706116
0.6538680195808411
0.5942572951316833
0.511114239692688
0.5725171566009521
0.5683898329734802
0.6261404156684875
0.34115639328956604
0.5156624913215637
0.5255519151687622
0.4113411009311676
0.4744032919406891
0.6810517907142639
0.5412335395812988
0.3408305048942566
0.5628846883773804
0.6411381959915161
0.492594450712204
0.2841702699661255
0.4660661518573761
0.5554636716842651
0.275689035654068
0.43060919642448425
0.4542042016983032
0.5025007128715515
0.39433446526527405
0.42278018593788147
0.4497104287147522
0.4972143769264221
0.5236642360687256
0.5529410243034363
0.3900432884693146
0.5159775614738464
0.31114479899406433
0.49997976422309875
0.4981400668621063
0.38124457001686096
0.2801387310028076
0.39630642533302307
0.36077970266342163
0.297187477350235
0.3394354283809662
0.37457746267318726
0.16269619762897491
0.398893266916275
0.47851812839508057
0.4143272042274475
0.23402558267116547
0.5633737444877625
0.6406131982803345
0.25470981001853943
0.3850525915622711
0.5519879460334778
0.45658546686172485
0.45518478751182556
0.5678439140319824
0.47245922684669495
0.4470459520816803
0.8235491514205933
0.6864308714866638
0.5350384712219238
0.6260818839073181
0.8353707790374756
0.49265480041503906
0.47874730825424194
0.7517049908638
0.8378912806510925
0.48309507966041565
0.6477459073066711
0.7967351078987122
0.7453083992004395
0.4248369634151459
0.5760018825531006
0.7084399461746216
0.43270960450172424
0.45046329498291016
0.43210136890411377
