0.5844003558158875
0.5190613865852356
0.34727004170417786
0.19347113370895386
0.2274261862039566
0.1971348524093628
0.4879865050315857
0.1822250932455063
0.6150002479553223
0.2360617071390152
0.3767760694026947
0.38227570056915283
0.6501687169075012
0.6541378498077393
0.6056213974952698
0.6480484008789062
0.48817673325538635
0.44551774859428406
0.42869511246681213
0.34524449706077576
0.3344099223613739
0.2567267119884491
0.5472305417060852
0.6045784950256348
0.5137383937835693
0.7009976506233215
0.5911510586738586
0.3226971924304962
0.5320153832435608
0.2785874903202057
0.21617795526981354
0.2683555781841278
0.4303050935268402
0.3768976032733917
0.42502033710479736
0.2972523272037506
0.2905865013599396
0.575799822807312
0.35967838764190674
0.5854958295822144
0.4534613788127899
0.3910277187824249
0.36808067560195923
0.3162621557712555
0.4035455882549286
0.22567446529865265
0.6695014834403992
0.5514633059501648
0.8359400033950806
0.4034026265144348
0.3110139071941376
0.5641883611679077
0.5242657661437988
0.4145392179489136
0.563521683216095
0.7498459219932556
0.7514085173606873
0.6942709684371948
0.5749136209487915
0.41103148460388184
0.3912448585033417
0.4500136971473694
0.34275028109550476
0.49562570452690125
0.7541883587837219
0.4535812437534332
0.6541559100151062
0.4428708851337433
0.7145755887031555
0.5904018878936768
0.5804482102394104
0.27917996048927307
0.5539231896400452
0.7194545865058899
0.6521422266960144
0.37007203698158264
0.6378311514854431
0.12883947789669037
0.3021658658981323
0.09705410152673721
0.2838447391986847
0.1329292356967926
0.3239111602306366
0.2332736700773239
0.389233261346817
0.49283701181411743
0.5794987082481384
0.5961893200874329
0.5050497055053711
0.76626056432724
0.6918870210647583
0.6572138071060181
0.7381792664527893
0.6923987865447998
0.5035279393196106
0.5908331274986267
0.5531876683235168
0.700279712677002
0.6877524852752686
0.7658694386482239
0.8292029500007629
0.8330230712890625
0.8424485921859741
0.6691634058952332
0.655767023563385
0.5062156319618225
0.5378134846687317
0.3082330524921417
0.3426734507083893
0.20016716420650482
0.44484132528305054
0.380248099565506
0.5413525104522705
0.4749363362789154
0.7762050032615662
0.6752126216888428
0.7453088164329529
0.7710726857185364
0.5229716897010803
0.3803390562534332
0.499287873506546
0.28121474385261536
0.8135313391685486
0.2964659631252289
0.6287134885787964
0.5127941966056824
0.38929325342178345
0.5100255012512207
0.6657653450965881
0.6241618990898132
0.6160076260566711
0.7982774376869202
0.8574955463409424
0.7952430844306946
0.5556403398513794
0.6595751047134399
0.5182623267173767
0.7736105918884277
0.48693910241127014
0.6677746176719666
0.6128970384597778
0.817656934261322
0.784394383430481
0.8762603998184204
0.9138277769088745
0.9107926487922668
0.7692185044288635
0.9167988896369934
0.7178513407707214
0.931279182434082
0.9159687161445618
0.7589958310127258
0.8633931279182434
0.7977591753005981
0.6742020845413208
0.5224566459655762
0.46964624524116516
0.49926143884658813
