0.38066816329956055
0.42730963230133057
0.4924549460411072
0.28213071823120117
0.3213372826576233
0.1641918569803238
0.3272433876991272
0.24989096820354462
0.20366516709327698
0.1090330258011818
0.5771744847297668
0.24692697823047638
0.5150702595710754
0.5769069194793701
0.35854244232177734
0.4489917755126953
0.5029804706573486
0.2522820234298706
0.6465754508972168
0.5477429032325745
0.7505376935005188
0.790562629699707
0.48037275671958923
0.3557434678077698
0.7072195410728455
0.6185595393180847
0.8548385500907898
0.7469841837882996
0.2736257314682007
0.5795392990112305
0.1913752257823944
0.4274604320526123
0.23683612048625946
0.36185136437416077
0.6103994250297546
0.2945084869861603
0.36183005571365356
0.1301673799753189
0.29022642970085144
0.18906494975090027
0.17212967574596405
0.2582678496837616
0.06895677000284195
0.35674771666526794
0.22422978281974792
0.37998250126838684
0.11976185441017151
0.4062674343585968
0.07056055217981339
0.3254827857017517
0.758869469165802
0.2379835993051529
0.7335497140884399
0.7395411729812622
0.3815368711948395
0.2051425278186798
0.4841162860393524
0.44876861572265625
0.3485257625579834
0.5350508689880371
0.2974572479724884
0.6648138165473938
0.34759777784347534
0.55958092212677
0.45579615235328674
0.42874711751937866
0.3051629364490509
0.6406448483467102
0.3823290467262268
0.6579232811927795
0.36547937989234924
0.6191504597663879
0.44243547320365906
0.16979916393756866
0.39962488412857056
0.6445618271827698
0.1944485455751419
0.6189504861831665
0.5884819030761719
0.3110085427761078
0.48269933462142944
0.217827707529068
0.24606500566005707
0.13928648829460144
0.16529005765914917
0.16255955398082733
0.40553173422813416
0.2435680478811264
0.08192745596170425
0.2857637405395508
0.49142885208129883
0.2786100208759308
0.20178712904453278
0.30192047357559204
0.1423473060131073
0.3403531312942505
0.16482777893543243
0.13628791272640228
0.13851353526115417
0.0953412652015686
0.05900551751255989
0.06501278281211853
0.12089703232049942
0.128290593624115
0.18866977095603943
0.2278738021850586
0.12456687539815903
0.2252979576587677
0.14482533931732178
0.3346845805644989
0.16983138024806976
0.19171790778636932
0.21004825830459595
0.5889811515808105
0.3307163715362549
0.47518572211265564
0.35298505425453186
0.3415490984916687
0.367695689201355
0.3298082947731018
0.40634340047836304
0.48469507694244385
0.8179361820220947
0.7315254211425781
0.641033411026001
0.7030795216560364
0.638401448726654
0.5205627679824829
0.4887583553791046
0.5500596165657043
0.5774725675582886
0.5709215402603149
0.630548357963562
0.48304569721221924
0.46392881870269775
0.2745884954929352
0.37753286957740784
0.18577788770198822
0.42278581857681274
0.18375511467456818
0.22865936160087585
0.6249586939811707
0.3495386838912964
0.4356519877910614
0.23261642456054688
0.22798030078411102
0.40837377309799194
0.13123424351215363
0.33094364404678345
0.3499423563480377
