0.34403595328330994
0.41882288455963135
0.39349815249443054
0.4801182746887207
0.3659713864326477
0.46403393149375916
0.4110025465488434
0.5376465320587158
0.6289687752723694
0.6143528819084167
0.34382161498069763
0.5207989811897278
0.4702203571796417
0.6168258786201477
0.3072197437286377
0.645359456539154
0.5124415159225464
0.5169559717178345
0.373249888420105
0.4568658471107483
0.07732020318508148
0.3001686930656433
0.0694463923573494
0.3932174742221832
0.0922776311635971
0.4277779459953308
0.38351020216941833
0.5628623962402344
0.6099295616149902
0.5654819011688232
0.6658891439437866
0.616085410118103
0.7382439970970154
0.7586464285850525
0.8000514507293701
0.8427648544311523
0.8683100938796997
0.6985359191894531
0.7615116834640503
0.3441952168941498
0.7179153561592102
0.13995173573493958
0.5410067439079285
0.45429643988609314
0.2539302408695221
0.316569983959198
0.30689680576324463
0.5831415057182312
0.6124648451805115
0.4322647154331207
0.5467525124549866
0.5378817319869995
0.6176628470420837
0.8077688217163086
0.23443394899368286
0.3490579426288605
0.7338616847991943
0.7049439549446106
0.8713333606719971
0.7883440256118774
0.8425052762031555
0.861137330532074
0.8468869924545288
0.8227870464324951
0.5995864868164062
0.8772029876708984
0.49395811557769775
0.6250516772270203
0.47092804312705994
0.30270877480506897
0.44679027795791626
0.34368887543678284
0.5238446593284607
0.6949532628059387
0.6930253505706787
0.5070182085037231
0.47892093658447266
0.5801469683647156
0.4421217143535614
0.47503820061683655
0.4282441735267639
0.24492184817790985
0.2957856059074402
0.09069418907165527
0.4021226167678833
0.10692687332630157
0.3723471760749817
0.38013988733291626
0.23312340676784515
0.5916351079940796
0.5031905770301819
0.6508998274803162
0.3185383379459381
0.24154527485370636
0.09456406533718109
0.2297777682542801
0.08953364938497543
0.5223769545555115
0.10371595621109009
0.6855018138885498
0.29856449365615845
0.8620680570602417
0.6011469960212708
0.8168781995773315
0.8386817574501038
0.8125675320625305
0.8170620203018188
0.5782157182693481
0.6059557199478149
0.3474770784378052
0.3132571280002594
0.14752350747585297
0.34331077337265015
0.11408428102731705
0.44087058305740356
0.18310928344726562
0.3782075345516205
0.35815179347991943
0.4420711100101471
0.2094770073890686
0.6060310006141663
0.2479407787322998
0.7364150881767273
0.44932690262794495
0.5789584517478943
0.3792276978492737
0.3598262667655945
0.19285260140895844
0.352196604013443
0.2165008783340454
0.4953310787677765
0.07991115748882294
0.6931177377700806
0.22677461802959442
0.6114674210548401
0.2501543462276459
0.24877119064331055
0.5092961192131042
0.4909086227416992
0.4602290391921997
0.43576687574386597
0.3160586953163147
0.35051506757736206
0.12176254391670227
0.1966022253036499
0.24546511471271515
0.3541378974914551
0.26023122668266296
0.3721081018447876
0.30187997221946716
0.3116028904914856
0.349788099527359
0.40167489647865295
0.3013356029987335
0.37726518511772156
0.2692843973636627
0.3489069640636444
0.2913108468055725
0.16740573942661285
0.18112929165363312
0.24139854311943054
0.19106300175189972
0.23593661189079285
0.37355056405067444
0.37104061245918274
0.42994871735572815
0.4479013979434967
0.443587064743042
0.7073052525520325
0.6746847629547119
0.6795962452888489
0.6683783531188965
0.6936312317848206
0.49108758568763733
0.4136471748352051
0.2625980079174042
0.44176092743873596
0.2381095588207245
0.42662838101387024
0.12205890566110611
0.30980101227760315
0.1038876548409462
0.2554621696472168
0.15656572580337524
0.24581749737262726
0.17677658796310425
0.206419438123703
0.2593439221382141
0.20212538540363312
0.18265467882156372
0.19634981453418732
0.2874926030635834
0.1554422378540039
0.2549135684967041
0.15571987628936768
0.2423335462808609
0.062163252383470535
0.1641950011253357
0.07601138949394226
0.4282442629337311
0.20807500183582306
0.3986125588417053
0.3510618209838867
0.4464738667011261
0.4964381754398346
0.5436916351318359
0.4689388871192932
0.4038465917110443
0.5422413945198059
0.2785341739654541
0.35327839851379395
0.26750606298446655
0.3055461645126343
0.2386687844991684
