0.6252212524414062
0.5968030095100403
0.524414598941803
0.7884514927864075
0.8760656118392944
0.6619821190834045
0.7204030156135559
0.9676363468170166
0.9227634072303772
0.9369505047798157
0.6839697360992432
0.9134759902954102
0.8762990236282349
0.840252697467804
0.9429717659950256
0.9533556699752808
0.9429901838302612
0.7730208039283752
0.801090657711029
0.6893678307533264
0.6787685751914978
0.37353578209877014
0.5979951024055481
0.3525054156780243
0.5512484312057495
0.5080747604370117
0.1430872082710266
0.29473182559013367
0.34355416893959045
0.3998657166957855
0.6634123921394348
0.6540879607200623
0.9278604984283447
0.9248575568199158
0.6473459601402283
0.9325859546661377
0.8532580137252808
0.8701260685920715
0.42449286580085754
0.883612871170044
0.8202129602432251
0.5162500739097595
0.26939183473587036
0.46524539589881897
0.6759594082832336
0.35063737630844116
0.07816828787326813
0.4340555667877197
0.5956406593322754
0.2634308934211731
0.2920292913913727
0.545996367931366
0.33413687348365784
0.31017500162124634
0.3432850241661072
0.4983769953250885
0.3578096032142639
0.5489314794540405
0.5997588634490967
0.32186636328697205
0.6314285397529602
0.1794423907995224
0.27681365609169006
0.31855452060699463
0.30684220790863037
0.23622174561023712
0.18354997038841248
0.17838287353515625
0.170668825507164
0.11642620712518692
0.18325366079807281
0.19647006690502167
0.2055455446243286
0.296024352312088
0.28329887986183167
0.30897027254104614
0.30316582322120667
0.3330543637275696
0.3662950098514557
0.35541245341300964
0.48792776465415955
0.3417910933494568
0.3529135286808014
0.6070157289505005
0.3246888816356659
0.3855281174182892
0.5806668400764465
0.6720619201660156
0.29307350516319275
0.20990020036697388
0.44086119532585144
0.39747151732444763
0.4598771631717682
0.4123254716396332
0.3004775047302246
0.3966284692287445
0.4509008824825287
0.5510693788528442
0.42325612902641296
0.7798064947128296
0.8210772275924683
0.7777550220489502
0.30323517322540283
0.5083776712417603
0.3744112551212311
0.6631786227226257
0.5814586877822876
0.2529623210430145
0.8286037445068359
0.5371583104133606
0.6696032881736755
0.9271090626716614
0.8220528364181519
0.8092156052589417
0.9113706946372986
0.9617088437080383
0.9109479188919067
0.7696369290351868
0.8018998503684998
0.7484866976737976
0.5231812596321106
0.6492407917976379
