0.5833603739738464
0.6996334195137024
0.48515912890434265
0.5040959119796753
0.6553239226341248
0.6985437870025635
0.5662643313407898
0.48094597458839417
0.8818970322608948
0.8168087005615234
0.7414042353630066
0.863888680934906
0.9129403233528137
0.7599928975105286
0.8572131395339966
0.9345523118972778
0.9228416085243225
0.8470288515090942
0.8847371339797974
0.9380154013633728
0.8742244839668274
0.9090381264686584
0.961955189704895
0.9511339664459229
0.8791887760162354
0.9351775050163269
0.8341256976127625
0.8688740134239197
0.8230185508728027
0.7276614308357239
0.7141327261924744
0.8317659497261047
0.8501979112625122
0.5921161770820618
0.6653421521186829
0.8807716369628906
0.8157796859741211
0.7676059007644653
0.6493015289306641
0.7066855430603027
0.6626445651054382
0.5964495539665222
0.7989271879196167
0.7558020353317261
0.7859630584716797
0.9077233076095581
0.8354832530021667
0.46952083706855774
0.6760275959968567
0.9252858757972717
0.7489506602287292
0.5681055188179016
0.8580658435821533
0.8992106318473816
0.5507394671440125
0.7416464686393738
0.9059687852859497
0.7615951895713806
0.5579245686531067
0.7092211246490479
0.5517765283584595
