0.6607450246810913
0.4136434495449066
0.49978548288345337
0.43753352761268616
0.5963355302810669
0.3676048815250397
0.49920088052749634
0.34413665533065796
0.4543898403644562
0.7156513929367065
0.45581191778182983
0.35725268721580505
0.3066104054450989
0.13165898621082306
0.19131460785865784
0.03192662075161934
0.21573902666568756
0.04523210972547531
0.12955474853515625
0.05424736812710762
0.2168797105550766
0.1003679409623146
0.1740015596151352
0.1462036669254303
0.15384843945503235
0.10844139009714127
0.16058237850666046
0.1234474703669548
0.27847713232040405
0.20169733464717865
0.6639801859855652
0.6802161335945129
0.8270689845085144
0.8285163640975952
0.8768482804298401
0.8918254971504211
0.8338397741317749
0.7804397344589233
0.6099327206611633
0.6679256558418274
0.6590883731842041
0.5938800573348999
0.45608001947402954
0.5681047439575195
0.5255526304244995
0.3293992578983307
0.2288661003112793
0.11282871663570404
0.18937714397907257
0.09394403547048569
0.15031713247299194
0.06962398439645767
0.05827551335096359
0.09724251180887222
0.08936504274606705
0.05086742714047432
0.11437340825796127
0.03363233059644699
0.13430534303188324
0.08230063319206238
0.13088281452655792
0.06827109307050705
0.5211313366889954
0.30334165692329407
0.5239266753196716
0.39279457926750183
0.659222424030304
0.8137584328651428
0.7608396410942078
0.8993441462516785
0.8482434749603271
0.9119328260421753
0.7911858558654785
0.8743374943733215
0.4160099923610687
0.6154404878616333
0.2864738404750824
0.5813038945198059
0.3966020941734314
0.4495760500431061
0.41223421692848206
0.28457027673721313
0.32504037022590637
0.34489282965660095
0.5088015198707581
0.6304822564125061
0.4857494533061981
0.692624568939209
0.7513665556907654
0.5680308938026428
0.6203781962394714
0.8206131458282471
0.6784785389900208
0.8473225235939026
0.6212803721427917
0.7776170969009399
0.8004158139228821
0.5482421517372131
0.4116956293582916
0.35940417647361755
0.31288495659828186
0.4869655668735504
0.3002912104129791
0.15508459508419037
0.4785376787185669
0.36220982670783997
0.17142802476882935
0.22936959564685822
0.21136066317558289
0.24558186531066895
0.3185367286205292
0.2607061564922333
0.21070893108844757
0.2433556765317917
0.16033519804477692
0.15496467053890228
0.031170781701803207
0.10371498018503189
0.08618513494729996
0.24410565197467804
0.30384984612464905
0.5717231631278992
0.6205593943595886
0.6609055995941162
0.7556577324867249
0.8478291630744934
0.8056407570838928
0.693675696849823
0.9194145202636719
0.8729262948036194
0.7015000581741333
0.8175700306892395
0.6418287754058838
0.6389517784118652
0.4287819564342499
0.42944249510765076
0.2709744870662689
0.40747520327568054
0.08356282860040665
0.40430158376693726
0.20774196088314056
0.49705708026885986
0.28799206018447876
0.4833715260028839
0.39864376187324524
0.4178515076637268
0.46080318093299866
0.6815685629844666
0.4975966513156891
0.5045718550682068
0.4035176634788513
0.34821954369544983
0.4899161756038666
0.534140408039093
0.3319837152957916
0.5380668044090271
0.34152713418006897
0.5742884874343872
0.5701369047164917
0.50191730260849
0.4385369122028351
0.4439091682434082
0.16370756924152374
0.152935191988945
0.24576528370380402
0.14051726460456848
0.34159407019615173
0.46203815937042236
0.626677930355072
0.41273218393325806
0.42591941356658936
0.6412075161933899
0.5178654789924622
0.45361804962158203
0.3592725396156311
0.3684755861759186
0.2279638797044754
0.35387325286865234
0.07767383009195328
0.2571527063846588
0.044686198234558105
0.28464022278785706
0.1275864839553833
0.148549422621727
0.33519554138183594
0.4995928406715393
0.7501881718635559
0.8400773406028748
0.6554859280586243
0.8364561200141907
0.6749054789543152
0.6958281397819519
0.4089306592941284
0.5919291973114014
0.4636419713497162
0.17499525845050812
0.46889734268188477
0.3918808698654175
0.1458505392074585
0.4197930097579956
0.3724139630794525
0.2810214161872864
0.5622056126594543
0.30141735076904297
0.5010460019111633
0.29727545380592346
0.5059774518013
0.5505101680755615
