0.9166838526725769
0.9005786180496216
0.8274053931236267
0.7962096333503723
0.5741597414016724
0.5031318664550781
0.31171485781669617
0.08618231117725372
0.11060267686843872
0.24058985710144043
0.1140960231423378
0.4210089445114136
0.16999273002147675
0.2315312772989273
0.3483846187591553
0.3017371892929077
0.3906330466270447
0.7036841511726379
0.7149513959884644
0.541535496711731
0.554260790348053
0.7031473517417908
0.7388694882392883
0.6778726577758789
0.6382116079330444
0.7067707180976868
0.7195340991020203
0.7628803253173828
0.750468909740448
0.5753886103630066
0.8438521027565002
0.8350107669830322
0.5923097729682922
0.7166388034820557
0.8664919137954712
0.6922692060470581
0.45522499084472656
0.7141580581665039
0.8873358368873596
0.5425487160682678
0.1538901925086975
0.8054021000862122
0.7156720757484436
0.47713491320610046
0.24266593158245087
0.6314881443977356
0.419596791267395
0.20952832698822021
0.22964102029800415
0.4976726770401001
0.4550156593322754
0.6775500774383545
0.4928654134273529
0.2808663845062256
0.5289372801780701
0.49559900164604187
0.2607407867908478
0.7629210948944092
0.6805713176727295
0.7674647569656372
0.909669041633606
0.8272526860237122
0.8666468262672424
0.8402875661849976
0.7266014218330383
0.7099946141242981
0.46507078409194946
0.5266583561897278
0.1855636090040207
0.29119059443473816
0.17524118721485138
0.13577662408351898
0.5925543904304504
0.8576332926750183
0.5451680421829224
0.48625829815864563
0.3229909837245941
0.4450885057449341
0.4424598515033722
0.2562107443809509
0.1829778105020523
0.36512136459350586
0.3113377094268799
0.10969918221235275
0.17141824960708618
0.5764198303222656
0.21296735107898712
0.1155981793999672
0.3753083050251007
0.43474239110946655
0.08559811115264893
0.31737273931503296
0.3505103588104248
0.28706005215644836
0.10810390114784241
0.08579825609922409
0.3854132890701294
0.19092382490634918
0.34787872433662415
0.3028121888637543
0.3582093119621277
0.2247578650712967
0.44330647587776184
0.271144300699234
0.1590230017900467
0.31094640493392944
0.15002448856830597
0.22503063082695007
0.0798734724521637
0.14639773964881897
0.06780283153057098
0.36532771587371826
0.21301141381263733
0.2453916072845459
0.7501838803291321
0.24798335134983063
0.7479174733161926
0.7044079303741455
0.830300509929657
0.9312319159507751
0.9528239369392395
0.9440409541130066
0.9781044721603394
0.9789785742759705
0.9649990797042847
0.9665477871894836
0.9710175395011902
0.9597786664962769
0.9050685167312622
0.7210065126419067
0.9422885179519653
0.7718661427497864
0.8593330383300781
0.531273603439331
0.6835044026374817
0.8251117467880249
0.4206666946411133
0.23630550503730774
0.7252615094184875
0.714086651802063
0.1796651929616928
0.5716612935066223
0.8001085519790649
0.5489367246627808
0.3517240583896637
0.4066909849643707
0.635273277759552
0.31164923310279846
0.29933255910873413
0.1769518107175827
0.19307146966457367
0.1450207233428955
0.2155255377292633
0.41966959834098816
0.5643509030342102
0.18596267700195312
0.3641126751899719
0.5382204055786133
0.32081881165504456
0.3483069837093353
0.5079250335693359
0.3233664929866791
0.48530319333076477
0.4198164939880371
0.1295841485261917
0.3117890954017639
0.25193795561790466
0.4243747889995575
0.45892301201820374
0.3963131904602051
0.2196568101644516
0.24788077175617218
0.25413528084754944
0.4501924514770508
0.38117897510528564
0.14041154086589813
0.336527019739151
0.34580403566360474
0.43058228492736816
0.5173707008361816
0.7899211645126343
0.630041778087616
0.6321625709533691
0.614096462726593
0.46757322549819946
0.420091837644577
0.2134472280740738
0.2968927025794983
0.08651832491159439
0.18763917684555054
0.20522266626358032
0.15373297035694122
0.2187957465648651
0.3807980418205261
0.2777799367904663
0.31069475412368774
