0.03346746787428856
0.02066677249968052
0.03401787579059601
0.022841278463602066
0.05478175729513168
0.04853438958525658
0.20817552506923676
0.25787273049354553
0.778430163860321
0.851643443107605
0.8330757021903992
0.8252567052841187
0.9318602681159973
0.8352240920066833
0.8691391944885254
0.8465878367424011
0.8543382883071899
0.7636245489120483
0.8258201479911804
0.821351170539856
0.713108241558075
0.7293909192085266
0.6388341784477234
0.5730360746383667
0.747288703918457
0.7929419279098511
0.8432431817054749
0.8243587613105774
0.786315381526947
0.870848536491394
0.8582298755645752
0.9474018812179565
0.9316869378089905
0.9168792366981506
0.9402800798416138
0.9608774185180664
0.9124062061309814
0.694564938545227
0.6955549716949463
0.3865845799446106
0.6235424876213074
0.24895398318767548
0.7365954518318176
0.7370041012763977
0.32487744092941284
0.15206265449523926
0.5473797917366028
0.1856529414653778
0.06576696038246155
0.09935051947832108
0.1391143500804901
0.04607731103897095
0.046566441655159
0.044669538736343384
0.1724676936864853
0.09867258369922638
0.060884490609169006
0.20160359144210815
0.05237630009651184
0.030270788818597794
0.026628440245985985
0.029651427641510963
0.023431669920682907
0.05036573112010956
0.055889420211315155
0.0506281778216362
0.24115681648254395
0.1321636438369751
0.11519531160593033
0.018319549039006233
0.0709996446967125
0.21499939262866974
0.2833690643310547
0.03857528790831566
0.05995674803853035
0.08006491512060165
0.1094520166516304
0.3751511871814728
0.18875658512115479
0.18543481826782227
0.4939192235469818
0.23687225580215454
0.13842439651489258
0.11565721035003662
0.21000654995441437
0.3014867305755615
0.4483053386211395
0.1837044358253479
0.097157783806324
0.12831582129001617
0.16327859461307526
0.13778944313526154
0.12293336540460587
0.1532747745513916
0.45618417859077454
0.6536839008331299
0.8640751838684082
0.5951969027519226
0.7903820872306824
0.33126765489578247
0.6591065526008606
0.5864083766937256
0.43317461013793945
0.4159638285636902
0.14247237145900726
0.14411239326000214
0.31703677773475647
0.3540777266025543
0.346101313829422
0.461730420589447
0.20163297653198242
0.3785404860973358
0.1462937444448471
0.1936880201101303
0.10563131421804428
0.2292378544807434
0.2583078444004059
0.11290400475263596
0.11062095314264297
0.36005643010139465
0.18338119983673096
0.09794428199529648
0.11982837319374084
0.12876075506210327
0.21056978404521942
0.1635102480649948
0.36899590492248535
0.2579035460948944
0.13669292628765106
0.5832852125167847
0.5447049736976624
0.7606917023658752
0.6319313049316406
0.30708616971969604
0.3366366922855377
0.7085661292076111
0.49133363366127014
0.5320108532905579
0.6871263384819031
0.5891432762145996
0.8176525831222534
0.8198445439338684
0.8888505697250366
0.8252419233322144
0.9004567265510559
0.8931717276573181
0.9410147070884705
0.9268283843994141
0.9456354975700378
0.9129694104194641
0.901371955871582
0.844761312007904
0.8414559960365295
0.8148529529571533
0.46919336915016174
0.43052420020103455
0.15014688670635223
0.10637667775154114
0.031229572370648384
0.03569265082478523
0.03928567096590996
0.018627330660820007
0.030368486419320107
0.010985498316586018
0.09204412996768951
0.04624266177415848
0.1422351747751236
0.08180437237024307
0.0391094945371151
0.11603172868490219
0.0679423063993454
0.07066034525632858
0.2918902337551117
0.20698045194149017
0.09743279218673706
0.239798441529274
0.6461222171783447
0.4740234911441803
0.6065385341644287
0.5806331038475037
0.2330462485551834
0.42678117752075195
0.3811531960964203
0.6535544991493225
0.8569782972335815
0.7513096928596497
0.8366889953613281
0.6050366759300232
0.5108070969581604
0.16023530066013336
0.4890851080417633
0.20375247299671173
0.1870504468679428
0.07822757959365845
0.07480748742818832
0.06616408377885818
0.03838048502802849
0.03447897359728813
0.036045245826244354
0.059805553406476974
0.05605209618806839
0.0709231048822403
0.06415624171495438
0.046029169112443924
0.06168554350733757
0.023702500388026237
0.012056146748363972
0.013773982413113117
0.03748244047164917
0.023125087842345238
0.1413310319185257
0.013461132533848286
0.08830080926418304
0.04074329510331154
0.25823312997817993
0.13012845814228058
0.32148313522338867
0.3630441725254059
0.4115324020385742
0.09920612722635269
0.1692216396331787
0.22727471590042114
0.48686033487319946
0.4676761031150818
0.2019921988248825
0.29256150126457214
0.05056232959032059
0.07269376516342163
0.09175891429185867
0.12995226681232452
0.01736963726580143
0.03750283271074295
0.08168113231658936
0.12947978079319
0.014608189463615417
0.041798610240221024
0.02169005200266838
0.032779864966869354
0.0369587205350399
0.19195766746997833
0.26490697264671326
0.23671147227287292
0.5269787907600403
0.8363550901412964
0.5907066464424133
0.8354704976081848
0.9210212826728821
0.9736032485961914
0.9226462244987488
0.8925541043281555
0.9275429248809814
0.6240617036819458
0.8443345427513123
0.6498318910598755
0.8510661721229553
0.46243709325790405
0.5316506028175354
0.4309737980365753
0.5587309002876282
0.7405180931091309
0.6889953017234802
0.8362205028533936
0.506467342376709
0.7418853044509888
0.8593565821647644
0.640142023563385
0.879878044128418
0.5089491605758667
0.6447486877441406
0.8321409225463867
0.6127272844314575
0.2703063488006592
0.3939582407474518
0.4057588577270508
0.06439228355884552
0.2068859338760376
0.03449733927845955
0.13129392266273499
0.02237495221197605
0.04684492573142052
0.042849350720644
0.029184961691498756
0.014992807060480118
0.052027005702257156
0.011962616816163063
0.03669833391904831
0.04601157829165459
0.099857397377491
0.07678385823965073
0.12303873151540756
0.05238862335681915
0.1080392524600029
0.18309897184371948
0.1791790872812271
0.04535442590713501
0.04331015422940254
0.1894812285900116
0.10298512130975723
0.2188129425048828
0.029597947373986244
0.14207421243190765
0.0667840763926506
0.14762723445892334
0.04040428251028061
0.04083821550011635
0.034585654735565186
0.22597654163837433
0.14040276408195496
