0.04407644271850586
0.10399094969034195
0.07892882078886032
0.0775868371129036
0.06441985815763474
0.06587079912424088
0.03772570565342903
0.03005102276802063
0.04401698708534241
0.03328339755535126
0.03130593150854111
0.024944020435214043
0.11057252436876297
0.061170414090156555
0.06907287985086441
0.08022081851959229
0.0965750515460968
0.03889929875731468
0.05188510939478874
0.06662922352552414
0.03732350096106529
0.041788749396800995
0.09951385110616684
0.08672551810741425
0.02393255941569805
0.0275453832000494
0.14829255640506744
0.03899737820029259
0.010060735046863556
0.05041743442416191
0.09116894751787186
0.01871739700436592
0.0383981354534626
0.12754572927951813
0.0980437770485878
0.08767849951982498
0.08140765130519867
0.15090614557266235
0.11738840490579605
0.055353522300720215
0.10101539641618729
0.16676291823387146
0.17529940605163574
0.2227434366941452
0.07698775082826614
0.07823620736598969
0.16781674325466156
0.056752078235149384
0.014728198759257793
0.1659400761127472
0.06667055189609528
0.026290617883205414
0.019403282552957535
0.1281019002199173
0.03299335762858391
0.02418605610728264
0.042392101138830185
0.08340379595756531
0.06499221920967102
0.04924323037266731
0.11722002178430557
0.11427611857652664
0.0868775025010109
0.11532555520534515
0.16995181143283844
0.08651852607727051
0.10166247189044952
0.151492178440094
0.17888270318508148
0.09705492109060287
0.08815981447696686
0.12351547181606293
0.18541407585144043
0.08293602615594864
0.06949120759963989
0.1977410912513733
0.19063028693199158
0.02169991284608841
0.12205895036458969
0.1228049099445343
0.07684783637523651
0.024646813049912453
0.18283572793006897
0.25981587171554565
0.030885126441717148
0.060915835201740265
0.23092466592788696
0.2598288655281067
0.0585203692317009
0.14344824850559235
0.3414701521396637
0.25464317202568054
0.17376114428043365
0.11494561284780502
0.13899722695350647
0.15898720920085907
0.13323751091957092
0.18462355434894562
0.10075552761554718
0.11857070028781891
0.11694363504648209
0.08079805225133896
0.1689816117286682
0.1736113280057907
0.3005804717540741
0.13696801662445068
0.12135977298021317
0.2888767123222351
0.15244631469249725
0.11706296354532242
0.15915051102638245
0.16229921579360962
0.1809089332818985
0.20502138137817383
0.13763004541397095
0.095002681016922
0.10254084318876266
0.09558448940515518
0.08008787035942078
0.12453847378492355
0.14205604791641235
0.22050638496875763
0.23932361602783203
0.14869681000709534
0.09348852932453156
0.4143233895301819
0.4738517999649048
0.0936376079916954
0.08725392073392868
0.06470843404531479
0.3487119972705841
0.09318134933710098
0.10540793836116791
0.37081006169319153
0.5301116108894348
0.10985904932022095
0.044277362525463104
0.8128728270530701
0.06385184079408646
0.08510742336511612
0.6792292594909668
0.3015957474708557
0.18002252280712128
0.24106287956237793
0.25588861107826233
0.5797241926193237
0.24608656764030457
0.27098894119262695
0.09931496530771255
0.29188719391822815
0.2263474017381668
0.18754026293754578
0.36792030930519104
0.38606998324394226
0.17127126455307007
0.06546571850776672
0.3688446581363678
0.46014776825904846
0.26719942688941956
0.5051158666610718
0.5594944357872009
0.5086552500724792
0.34142881631851196
0.21271497011184692
0.6079948544502258
0.14601801335811615
0.4098163843154907
0.6189901828765869
0.6103200912475586
0.2583825886249542
0.12279775738716125
0.8239389657974243
0.22314949333667755
0.4351566433906555
0.7448856234550476
0.6540839672088623
0.3868674337863922
0.6120554804801941
0.5551905632019043
0.4186811149120331
0.38675403594970703
0.42640894651412964
0.09555347263813019
0.38885387778282166
0.4559009373188019
0.22349177300930023
0.2996100187301636
0.35877999663352966
0.45500093698501587
0.05137629806995392
0.4683119058609009
0.4549442529678345
0.15568283200263977
0.5256091356277466
0.5691941380500793
0.6033011674880981
0.46188032627105713
0.6429396867752075
0.8223627805709839
0.26166173815727234
0.6368973851203918
0.3627347946166992
0.35582706332206726
0.35154691338539124
0.5158600807189941
0.5002925992012024
0.20112307369709015
0.30017587542533875
0.40303128957748413
0.3098940849304199
0.14651314914226532
0.13214510679244995
0.22479255497455597
0.17798438668251038
0.14107342064380646
0.07238880544900894
0.14261293411254883
0.2037450671195984
0.1452348232269287
0.15020351111888885
0.16957175731658936
0.12388939410448074
0.15751239657402039
0.16272692382335663
0.10120967030525208
0.17313030362129211
0.1140972375869751
0.09981495141983032
0.03264454007148743
0.19578000903129578
0.07715000957250595
0.30476275086402893
0.1092749759554863
0.5094971656799316
0.5708087086677551
0.5552448630332947
0.46640804409980774
0.626247227191925
0.2899843156337738
0.2727246880531311
0.20377615094184875
0.21831725537776947
0.21368226408958435
0.14300116896629333
0.13571831583976746
0.08147535473108292
0.0625183954834938
0.06766144186258316
0.0477348156273365
0.013222608715295792
0.019221879541873932
0.029315616935491562
0.02388164773583412
0.008966412395238876
0.010393721051514149
0.03963794931769371
0.12563873827457428
0.15963959693908691
0.12086251378059387
0.04800034686923027
0.2059796154499054
0.2932395935058594
0.15833187103271484
0.13995307683944702
0.35830917954444885
0.27931490540504456
0.32822170853614807
0.42092165350914
0.6409638524055481
0.33477166295051575
0.30322378873825073
0.41059747338294983
0.44830068945884705
0.2878931760787964
0.42483416199684143
0.6128590703010559
0.35548070073127747
0.20863771438598633
0.5190016031265259
0.22127805650234222
0.15925614535808563
0.18569590151309967
0.3186529576778412
0.10825697332620621
0.11455602198839188
0.08352909982204437
0.03139850124716759
0.03594386950135231
0.013290921226143837
0.009153525345027447
0.002756021451205015
0.007913686335086823
0.015494433231651783
0.005856139585375786
0.0014663065085187554
0.003772932570427656
0.01440618745982647
0.012314069084823132
0.004530548118054867
0.004290534649044275
0.012990248389542103
0.02070174738764763
0.003011726774275303
0.0034382164012640715
0.019358720630407333
0.011691320687532425
0.00432813772931695
0.023048879578709602
0.049702659249305725
0.057938773185014725
0.021512651816010475
0.012022829614579678
0.03321117162704468
0.08698482066392899
0.004966541193425655
0.017354020848870277
0.062291886657476425
0.005283387843519449
0.004565197043120861
0.055119093507528305
0.0722958892583847
0.008515245281159878
0.05898495391011238
0.1627916842699051
0.06554281711578369
0.2086395025253296
0.26144278049468994
0.10551760345697403
0.07361260801553726
0.16788551211357117
0.07648301124572754
0.06971427798271179
0.04930736869573593
0.058945782482624054
0.060159213840961456
0.030787037685513496
0.11003530025482178
0.04260394349694252
0.014014816842973232
0.045749906450510025
0.1300084888935089
0.027252567932009697
0.012916387990117073
0.18036353588104248
0.20473994314670563
0.04341762140393257
0.14857830107212067
0.3061380982398987
0.19944709539413452
0.11542463302612305
0.12703178822994232
0.18414384126663208
0.09175903350114822
0.17392854392528534
0.07543031126260757
0.09084151685237885
0.10790511965751648
0.36370351910591125
0.24926914274692535
0.31835174560546875
0.2461930364370346
0.3668502867221832
0.5013154745101929
0.3394230902194977
0.45502743124961853
0.2791987657546997
0.33147668838500977
0.2491140365600586
0.5593990087509155
0.26601770520210266
0.5540449619293213
0.40224429965019226
0.2725922167301178
0.07006565481424332
0.11118776351213455
0.09123556315898895
0.22257903218269348
0.20410919189453125
0.10066013038158417
0.16819284856319427
0.3447329103946686
0.21169304847717285
0.12611991167068481
0.2757435739040375
0.3085487186908722
0.16621306538581848
0.0758548453450203
0.14912323653697968
0.14842571318149567
0.08715033531188965
