0.02127728797495365
0.03305012732744217
0.04334404692053795
0.01979232020676136
0.01107698306441307
0.015323889441788197
0.03456219285726547
0.0206016693264246
0.05813757702708244
0.01415261346846819
0.060608625411987305
0.10006309300661087
0.05685277655720711
0.024171937257051468
0.04997077211737633
0.11051734536886215
0.04164750128984451
0.06909231096506119
0.07949165254831314
0.22043560445308685
0.056573834270238876
0.15007507801055908
0.18476291000843048
0.116926409304142
0.13203339278697968
0.13464482128620148
0.3350095748901367
0.11299407482147217
0.31239596009254456
0.21928825974464417
0.0629647746682167
0.13578809797763824
0.23613616824150085
0.0444064661860466
0.07044211030006409
0.14869529008865356
0.06977372616529465
0.0047498829662799835
0.06533617526292801
0.042685359716415405
0.025279728695750237
0.02087690494954586
0.04678095504641533
0.027849188074469566
0.011247364804148674
0.018853018060326576
0.03362840786576271
0.06315205246210098
0.07605426758527756
0.03340032324194908
0.06265319883823395
0.026664098724722862
0.05597734451293945
0.05222216248512268
0.019594335928559303
0.024859782308340073
0.04835481196641922
0.02830754779279232
0.01611555553972721
0.1257985681295395
0.04673594608902931
0.0283210352063179
0.007671188097447157
0.04437782242894173
0.16250653564929962
0.09579599648714066
0.03425401449203491
0.03772909939289093
0.12313453108072281
0.15249241888523102
0.06557398289442062
0.18523994088172913
0.23509995639324188
0.05676465481519699
0.182281494140625
0.20194125175476074
0.14844448864459991
0.30745163559913635
0.29464346170425415
0.33642539381980896
0.115118108689785
0.1966305524110794
0.3948211669921875
0.08427164703607559
0.060366127640008926
0.31156426668167114
0.29668083786964417
0.06604931503534317
0.12141796201467514
0.19181635975837708
0.13537609577178955
0.021385520696640015
0.21074838936328888
0.13580377399921417
0.06859785318374634
0.11005934327840805
0.19605141878128052
0.1467381864786148
0.14551091194152832
0.09254173189401627
0.04390646144747734
0.05446188524365425
0.06867735087871552
0.1182895377278328
0.10298673063516617
0.22240085899829865
0.07115844637155533
0.1292104423046112
0.4555683732032776
0.24021728336811066
0.10454447567462921
0.05515836179256439
0.41476401686668396
0.041452229022979736
0.16237671673297882
0.6291350722312927
0.30917906761169434
0.19196537137031555
0.4187265932559967
0.4345291554927826
0.45802041888237
0.32371440529823303
0.7834077477455139
0.23773980140686035
0.2895278334617615
0.805785596370697
0.7430292367935181
0.08696615695953369
0.7558348178863525
0.6936454772949219
0.5508086085319519
0.32140815258026123
0.6531593203544617
0.6568987369537354
0.048716187477111816
0.4351002275943756
0.5529420971870422
0.27627095580101013
0.44588640332221985
0.4307759404182434
0.4006774425506592
0.14969401061534882
0.08312858641147614
0.7670972943305969
0.1111738458275795
0.47504743933677673
0.4370679557323456
0.49376413226127625
0.3161587715148926
0.2397640496492386
0.5674806833267212
0.5658327341079712
0.8091445565223694
0.8499818444252014
0.7439102530479431
0.5910691022872925
0.3974682688713074
0.16120277345180511
0.25856825709342957
0.34957361221313477
0.28953009843826294
0.3670428991317749
0.5238417983055115
0.3003942668437958
0.15295088291168213
0.33475369215011597
0.5289307832717896
0.034136757254600525
0.23091912269592285
0.4349461495876312
0.3025241494178772
0.4478679895401001
0.49950850009918213
0.4378352165222168
0.4165171980857849
0.3774692416191101
0.40602850914001465
0.121478371322155
0.24456258118152618
0.2638203799724579
0.20332200825214386
0.29622408747673035
0.17614050209522247
0.21309737861156464
0.13215510547161102
0.26354071497917175
0.2245616614818573
0.1060195192694664
0.03688232600688934
0.06946466118097305
0.05209149047732353
0.03462137281894684
0.04250945895910263
0.06648016721010208
0.0687042847275734
0.03727536275982857
0.058011915534734726
0.1300675868988037
0.06751655787229538
0.0675458088517189
0.21840806305408478
0.30011633038520813
0.22311833500862122
0.26869335770606995
0.4653315544128418
0.39730796217918396
0.35615774989128113
0.374087393283844
0.3566496670246124
0.2762031555175781
0.40682852268218994
0.365098774433136
0.23899419605731964
0.15243549644947052
0.20778509974479675
0.3051191568374634
0.18490995466709137
0.020478108897805214
0.17964322865009308
0.1206473633646965
0.04133077710866928
0.026321444660425186
0.0638686940073967
0.04863031581044197
0.027938872575759888
0.03319081664085388
0.024700580164790154
0.03345610573887825
0.02803521417081356
0.03304959833621979
0.023677492514252663
0.0218128003180027
0.09065953642129898
0.05162949860095978
0.05124000459909439
0.04183759167790413
0.03207327052950859
0.01451156847178936
0.0754612386226654
0.05273233726620674
0.018492989242076874
0.08150880038738251
0.07318548113107681
0.029758576303720474
0.1654202789068222
0.1795111447572708
0.11893732100725174
0.08571977913379669
0.19947567582130432
0.22691212594509125
0.19162176549434662
0.2869845926761627
0.35304898023605347
0.42157885432243347
0.4850047528743744
0.25866052508354187
0.24972622096538544
0.32661738991737366
0.2342655211687088
0.1227368637919426
0.2032213658094406
0.21612495183944702
0.03400893881917
0.0337243415415287
0.0760531798005104
0.01103576272726059
0.0041416906751692295
0.0038158611860126257
0.017196940258145332
0.0031125512905418873
0.0030116296838968992
0.03951016440987587
0.011349622160196304
0.004434693604707718
0.01849582977592945
0.030719229951500893
0.031323060393333435
0.017233310267329216
0.021877815946936607
0.02809063345193863
0.012134700082242489
0.09609241783618927
0.09769346565008163
0.009383287280797958
0.012423149310052395
0.06245817244052887
0.026065850630402565
0.003200956853106618
0.050967730581760406
0.12355433404445648
0.035163797438144684
0.021400518715381622
0.2037232369184494
0.2719922363758087
0.07620466500520706
0.15861770510673523
0.4736802279949188
0.24161335825920105
0.26222991943359375
0.22181040048599243
0.5275720953941345
0.4189111292362213
0.17032714188098907
0.22229552268981934
0.2641650140285492
0.2590862810611725
0.32808753848075867
0.28993478417396545
0.15202130377292633
0.14850404858589172
0.3906908631324768
0.23331160843372345
0.29187339544296265
0.23472844064235687
0.25790610909461975
0.16027024388313293
0.25725939869880676
0.05550818890333176
0.15450553596019745
0.05355821177363396
0.04828936606645584
0.08287803828716278
0.11521495878696442
0.046969227492809296
0.00972070638090372
0.040994688868522644
0.11823751032352448
0.022848838940262794
0.011396954767405987
0.09217790514230728
0.08351463079452515
0.018244368955492973
0.02559267170727253
0.14949673414230347
0.08044671267271042
0.08033932745456696
0.2069166600704193
0.28671443462371826
0.31104323267936707
0.20064687728881836
0.428004652261734
0.5027654767036438
0.18643607199192047
0.343008428812027
0.31131091713905334
0.1342061311006546
0.0913214311003685
0.1508731245994568
0.34916266798973083
0.2279282957315445
0.33090800046920776
0.4334380328655243
0.3394956588745117
0.555314302444458
0.6074475049972534
0.5904296636581421
0.26702240109443665
0.12150910496711731
0.22419150173664093
0.1546696424484253
0.12695221602916718
0.1185184046626091
0.2384640872478485
0.21088363230228424
0.12427590787410736
0.18083098530769348
0.12405145168304443
0.13743805885314941
0.16693083941936493
0.1613079160451889
0.35556936264038086
0.43859371542930603
0.5566838383674622
0.33732685446739197
0.740547239780426
0.7660770416259766
0.5339581370353699
0.7261466383934021
0.7396103739738464
0.6190829277038574
0.3986305296421051
0.2333267331123352
0.623562753200531
0.7903012037277222
0.7504820227622986
0.851429283618927
0.7130333781242371
0.5931914448738098
0.5480084419250488
0.49256372451782227
0.350058376789093
0.2881224751472473
0.3032239079475403
0.3577539026737213
0.7333189249038696
0.34324881434440613
0.6109260320663452
0.47476789355278015
0.17760777473449707
