0.2644554674625397
0.3759790360927582
0.43435797095298767
0.42489534616470337
0.47227171063423157
0.47975000739097595
0.2620486915111542
0.5962189435958862
0.5486298203468323
0.5577862858772278
0.4830549657344818
0.5820184350013733
0.6140785217285156
0.6561701893806458
0.6728038787841797
0.6851116418838501
0.7012074589729309
0.4782019257545471
0.5822109580039978
0.28214338421821594
0.2808271050453186
0.09922611713409424
0.2006673663854599
0.22324439883232117
0.2382146269083023
0.18810351192951202
0.2991963028907776
0.2931238114833832
0.4497618079185486
0.22425007820129395
0.5376418828964233
0.6603263020515442
0.33107709884643555
0.5956070423126221
0.3761458694934845
0.6251921057701111
0.29170307517051697
0.46071285009384155
0.4808603823184967
0.4360728859901428
0.35665568709373474
0.46068769693374634
0.4268270432949066
0.5095826387405396
0.33436131477355957
0.28592991828918457
0.3284846246242523
0.6045147180557251
0.40501299500465393
0.4854845106601715
0.32234621047973633
0.15528197586536407
0.31717002391815186
0.3119945526123047
0.2605685591697693
0.19407565891742706
0.45765066146850586
0.4356764853000641
0.5358191728591919
0.5717586278915405
0.6021741032600403
0.6674931645393372
0.2560073435306549
0.46083489060401917
0.25604432821273804
0.472008615732193
0.13833074271678925
0.2940453886985779
0.26131343841552734
0.19707737863063812
0.11700735986232758
0.20337703824043274
0.2161107212305069
0.28520527482032776
0.19034594297409058
0.32527193427085876
0.23516617715358734
0.4345988631248474
0.3545182943344116
0.5881407856941223
0.2048816829919815
0.48358017206192017
0.2578252851963043
0.3732409179210663
0.15056593716144562
0.4696156680583954
0.2425493746995926
0.6578524708747864
0.502400279045105
0.5222567915916443
0.6420716047286987
0.6203547120094299
0.6232401132583618
0.6808070540428162
0.6252543330192566
0.40620508790016174
0.6685529947280884
0.15458981692790985
0.4988917410373688
0.13022996485233307
0.18337617814540863
0.2593628764152527
0.2298189252614975
0.17830891907215118
0.32556596398353577
0.30531996488571167
0.17724843323230743
0.07562237977981567
0.23412556946277618
0.18562233448028564
0.28373876214027405
0.448710560798645
0.39147692918777466
0.6152244806289673
0.4839853346347809
0.5054634213447571
0.4698895812034607
0.6651774048805237
0.2987325191497803
0.3028792440891266
0.32031193375587463
0.3059293329715729
0.21413405239582062
0.19645802676677704
0.21011918783187866
0.2780790328979492
0.27673548460006714
0.4369397759437561
0.31656089425086975
0.48065343499183655
0.42944324016571045
0.043683011084795
0.21265150606632233
0.05537989363074303
0.25803229212760925
0.0820593386888504
0.3147248327732086
0.12401972711086273
0.3713638186454773
0.25810080766677856
0.2660285234451294
0.07402019947767258
0.10854111611843109
0.2930709719657898
0.23632526397705078
0.3595634698867798
0.1751943826675415
0.19385258853435516
0.16871300339698792
0.1932915598154068
0.31607866287231445
0.2612963616847992
0.23824699223041534
0.35512101650238037
0.4908926784992218
0.20807036757469177
0.3446955382823944
0.24809210002422333
0.3575023114681244
0.31636834144592285
0.41069546341896057
0.5785335898399353
0.13964320719242096
0.402364581823349
0.11430088430643082
0.32679569721221924
0.12745970487594604
0.2657420337200165
0.34729692339897156
0.2600495219230652
0.25048378109931946
0.46332111954689026
0.4335600435733795
0.6274970173835754
0.5012219548225403
0.4991993308067322
0.47376808524131775
0.49307140707969666
0.5026252269744873
0.6358257532119751
0.22220279276371002
0.29685795307159424
0.04071701690554619
0.1527281403541565
0.01789555512368679
0.12715387344360352
0.0825430303812027
0.409377783536911
0.18033111095428467
0.4671832323074341
0.4043425917625427
0.437595009803772
0.2821851968765259
0.2982964515686035
0.1991186887025833
0.11594293266534805
0.30116164684295654
0.16400055587291718
0.49641144275665283
0.20772188901901245
0.538074791431427
0.22987018525600433
0.5108800530433655
0.19711510837078094
0.42960289120674133
0.4728878438472748
0.43792256712913513
0.48625892400741577
