0.8129723072052002
0.8970135450363159
0.8000065684318542
0.8443565368652344
0.8514603972434998
0.5841853022575378
0.7287285923957825
0.8783668875694275
0.8923383355140686
0.7090706825256348
0.2752075493335724
0.8330286741256714
0.8282791376113892
0.4612841010093689
0.3179687559604645
0.7307031750679016
0.8068081736564636
0.6650551557540894
0.5537173748016357
0.6435734033584595
0.3185235559940338
0.3505854606628418
0.16621828079223633
0.35081079602241516
0.48345687985420227
0.15989825129508972
0.17209604382514954
0.5755026936531067
0.6720507740974426
0.5509109497070312
0.7044181227684021
0.6200349926948547
0.7395845651626587
0.4374449551105499
0.7715912461280823
0.832755982875824
0.24593231081962585
0.442700058221817
0.8300622701644897
0.78419429063797
0.4532001316547394
0.7460662126541138
0.9253008961677551
0.5955310463905334
0.6852335333824158
0.8903534412384033
0.9294883012771606
0.6857184767723083
0.8108770847320557
0.5182519555091858
0.7068434357643127
0.5673107504844666
0.6005497574806213
0.4553320109844208
0.42181769013404846
0.3876168429851532
0.3215872347354889
0.2741503417491913
0.26590514183044434
0.530139684677124
0.6519998908042908
0.8150627613067627
0.8571161031723022
