0.33985087275505066
0.32493361830711365
0.22564607858657837
0.43141043186187744
0.32115989923477173
0.5143921971321106
0.210614874958992
0.11985144764184952
0.35381749272346497
0.36173346638679504
0.15940523147583008
0.1724761724472046
0.24826672673225403
0.13041546940803528
0.2956852614879608
0.43914899230003357
0.7592588663101196
0.694040834903717
0.48738786578178406
0.6824601292610168
0.35140109062194824
0.5906020998954773
0.47294649481773376
0.34632307291030884
0.28699544072151184
0.3680790960788727
0.3197925090789795
0.16819049417972565
0.2398875504732132
0.27965614199638367
0.4298419952392578
0.15195408463478088
0.2462574988603592
0.31974124908447266
0.41129714250564575
0.310543030500412
0.4418790638446808
0.2826744318008423
0.2643040716648102
0.4872229993343353
0.5040014386177063
0.44740623235702515
0.5216727256774902
0.6077150106430054
0.5151029229164124
0.44646257162094116
0.4198097288608551
0.6837742924690247
0.41989433765411377
0.24763362109661102
0.12055805325508118
0.21527133882045746
0.24365724623203278
0.08059757202863693
0.14000284671783447
0.13890527188777924
0.03046039119362831
0.10039893537759781
0.1825226992368698
0.24682995676994324
0.13235719501972198
0.2712136507034302
0.21481803059577942
0.34347811341285706
0.24435420334339142
0.5146763920783997
0.2126815915107727
0.7008512616157532
0.3454813063144684
0.39357250928878784
0.0906054750084877
0.30865252017974854
0.27354007959365845
0.24317219853401184
0.28979867696762085
0.22352027893066406
0.2704073488712311
0.2676713168621063
0.27695029973983765
0.28656965494155884
0.24862299859523773
0.24154141545295715
0.43538305163383484
0.351884663105011
0.1969056874513626
0.7416551113128662
0.6107165217399597
0.12321613729000092
0.2075517773628235
0.5201061367988586
0.5152546167373657
0.18332834541797638
0.4729060232639313
0.7111073732376099
0.5327556729316711
0.21639053523540497
0.44993454217910767
0.32731127738952637
0.4239296019077301
0.5271227955818176
0.22293128073215485
0.3603489398956299
0.5504310727119446
0.2676241099834442
0.6219744086265564
0.44387108087539673
0.49963638186454773
0.5356820225715637
0.38943684101104736
0.14932791888713837
0.593925952911377
0.5468406677246094
0.25264984369277954
0.24849088490009308
0.3739258646965027
0.49200212955474854
0.39236342906951904
0.3532383143901825
0.0717327669262886
0.12795546650886536
0.07019946724176407
0.23530523478984833
0.23605690896511078
0.35358375310897827
0.5708001255989075
0.5112822651863098
0.6811205744743347
0.7521895170211792
0.7374646067619324
0.8181570172309875
0.668915867805481
0.4590744376182556
0.3234614133834839
0.16784390807151794
0.2061079442501068
0.0872509554028511
0.19593019783496857
0.4880200922489166
0.446397989988327
0.6063093543052673
0.7574758529663086
0.7093703150749207
0.7513647079467773
0.5999257564544678
0.7730928063392639
0.5056560039520264
0.3781975209712982
0.38435325026512146
0.6894795894622803
0.6029279828071594
0.6361686587333679
0.6711477637290955
0.6299498677253723
0.3369048833847046
0.5524094700813293
0.34700843691825867
0.16199614107608795
0.24031268060207367
0.07212989777326584
0.3185761570930481
0.27115631103515625
0.18404722213745117
0.31131577491760254
