0.7428629994392395
0.6432532072067261
0.8637546896934509
0.6680377125740051
0.8965647220611572
0.8188043832778931
0.9104099273681641
0.8852391242980957
0.8918390274047852
0.8398380875587463
0.9176434278488159
0.7707770466804504
0.7992734909057617
0.6689231991767883
0.6623570919036865
0.5978792309761047
0.7713221311569214
0.6050567030906677
0.904734194278717
0.48267820477485657
0.8049067854881287
0.4680563509464264
0.7995188236236572
0.6273231506347656
0.8494250774383545
0.7831055521965027
0.9371817111968994
0.8953865766525269
0.7660894393920898
0.6177056431770325
0.699942409992218
0.7507159113883972
0.6412760019302368
0.3977354168891907
0.5260695815086365
0.5452327728271484
0.7596691250801086
0.6782081723213196
0.8640199899673462
0.8335639238357544
0.8941391110420227
0.8850768208503723
0.8809278011322021
0.9051772356033325
0.9228997826576233
0.814403235912323
0.8943038582801819
0.43508800864219666
0.19932164251804352
0.578813910484314
0.37140700221061707
0.7326707243919373
0.7262259721755981
0.830120861530304
0.6556975245475769
0.8080884218215942
0.6933282613754272
0.7982972264289856
0.716346800327301
0.7371991276741028
0.7867521643638611
0.6331787109375
0.5244638919830322
0.7870121598243713
0.7680934071540833
0.7145426869392395
0.4660608470439911
0.8261253237724304
0.4625093638896942
0.807431161403656
0.787993848323822
0.8427426218986511
0.8536061644554138
0.8693799376487732
0.893112301826477
0.7876356244087219
0.8083525896072388
0.5714156031608582
0.8992987871170044
0.4809669554233551
0.8381311297416687
0.30875757336616516
0.6851208806037903
0.658928632736206
0.42056718468666077
0.7449336051940918
0.6742448210716248
0.8597231507301331
0.5618249177932739
0.7405169010162354
0.691573441028595
0.8382309675216675
0.5893521308898926
0.8035750389099121
0.4314175248146057
0.6452928781509399
0.4443477690219879
0.7059214115142822
0.42818504571914673
0.787024974822998
0.9415645599365234
0.9116678237915039
0.7949528098106384
0.8777533173561096
0.9008421301841736
0.8761067390441895
0.8675786852836609
0.842365562915802
0.9484953284263611
0.8403918743133545
0.9607701897621155
0.8260197043418884
0.8113351464271545
0.9164507985115051
0.4692862927913666
0.8307157158851624
0.41148823499679565
0.725392758846283
0.7119244337081909
0.7764919400215149
0.7502681016921997
0.7384897470474243
