0.7641175389289856
0.3784889280796051
0.37698736786842346
0.33543768525123596
0.3244175910949707
0.42779937386512756
0.5416040420532227
0.3550977110862732
0.34241655468940735
0.6877716183662415
0.5306074023246765
0.2919708490371704
0.3829178810119629
0.7172001004219055
0.5033925175666809
0.6461491584777832
0.46861186623573303
0.8037412762641907
0.7710781693458557
0.7963013648986816
0.7891628742218018
0.809714674949646
0.8977836966514587
0.9038493037223816
0.854072093963623
0.9015682935714722
0.9117841720581055
0.651439905166626
0.9145373106002808
0.8817419409751892
0.91639643907547
0.5959869027137756
0.5954182744026184
0.503119707107544
0.6465097665786743
0.8110761642456055
0.9206166863441467
0.8042200803756714
0.7210237383842468
0.727730393409729
0.3025863766670227
0.4718656539916992
0.48830223083496094
0.6507892608642578
0.7741595506668091
0.8798319101333618
0.8721039295196533
0.8309929370880127
0.8908121585845947
0.8507440090179443
0.6964471936225891
0.6937885284423828
0.6245718598365784
0.4961327910423279
0.5337874889373779
0.3610932528972626
0.6926774978637695
0.7442553639411926
0.5112382769584656
0.4623289704322815
0.16541433334350586
0.5737818479537964
0.46230608224868774
0.2289385050535202
0.6489870548248291
0.7082761526107788
0.7745261788368225
0.8768129348754883
0.8637781143188477
0.923136293888092
0.883327305316925
0.9169993996620178
0.9133855104446411
0.8484373092651367
0.8764165043830872
0.7770758867263794
0.6262569427490234
0.7267008423805237
0.6121697425842285
0.6059408187866211
0.6300718784332275
0.8877837061882019
0.8320778012275696
0.9163869023323059
0.9064457416534424
