0.11582575738430023
0.13014596700668335
0.16766954958438873
0.1974458396434784
0.08425388485193253
0.13896961510181427
0.24040889739990234
0.04761897772550583
0.079018235206604
0.08377865701913834
0.15928401052951813
0.1275612860918045
0.2759649157524109
0.19243080914020538
0.2762675881385803
0.35902896523475647
0.18931618332862854
0.21238481998443604
0.2340068519115448
0.3216216564178467
0.16300837695598602
0.15321548283100128
0.16289737820625305
0.21840544044971466
0.12818017601966858
0.1248503029346466
0.3783167898654938
0.20728619396686554
0.6153053045272827
0.35298144817352295
0.4814782738685608
0.7844821810722351
0.7934589385986328
0.6231735944747925
0.2117215096950531
0.5880703330039978
0.08916685730218887
0.3185361325740814
0.059074122458696365
0.3326477110385895
0.13562257587909698
0.11542626470327377
0.10937505215406418
0.11732218414545059
0.1289653331041336
0.1999252587556839
0.34385859966278076
0.1567194014787674
0.3481992483139038
0.1460273563861847
0.2950231730937958
0.10388205200433731
0.34255555272102356
0.21467886865139008
0.6289675831794739
0.29873549938201904
0.1542309671640396
0.30487024784088135
0.2676604986190796
0.3175946772098541
0.3543607294559479
0.4477981626987457
0.2847374677658081
0.3234716057777405
0.35185879468917847
0.36221569776535034
0.33202919363975525
0.21767674386501312
0.472869336605072
0.5450574159622192
0.5386464595794678
0.6091973185539246
0.5776892304420471
0.4017074704170227
0.728775680065155
0.7248325943946838
0.7323864102363586
0.8191514611244202
0.8470830321311951
0.6934513449668884
0.7455992698669434
0.6563273668289185
0.49358367919921875
0.6153675317764282
0.5139984488487244
0.5740077495574951
0.5249111652374268
0.5965701937675476
0.5981649160385132
0.36858952045440674
0.27960485219955444
0.5716179013252258
0.6613340377807617
0.3509821891784668
0.33117973804473877
0.30457520484924316
0.4030803442001343
0.3656272292137146
0.3362227976322174
0.3574278652667999
0.21447499096393585
0.4983297884464264
0.46395519375801086
0.43785804510116577
0.5288548469543457
0.5554776191711426
0.5618974566459656
0.56130450963974
0.30932122468948364
0.5204901099205017
0.32145148515701294
0.5677294135093689
0.3940076231956482
0.5308449864387512
0.25879570841789246
0.5695800185203552
0.6408641934394836
0.7906197309494019
0.7639500498771667
0.6448216438293457
0.7202482223510742
0.6000337600708008
0.6364210844039917
0.4936939477920532
0.5033254623413086
0.3952919840812683
0.37587177753448486
0.3852219879627228
0.46136459708213806
0.24387404322624207
0.20726478099822998
0.444407194852829
0.49095869064331055
0.28896212577819824
0.5231545567512512
0.45753493905067444
0.4382089674472809
0.44528135657310486
0.29710203409194946
0.3363182544708252
0.28486084938049316
0.22005018591880798
0.30123084783554077
0.36592531204223633
0.3521641492843628
0.5911712646484375
0.5830925703048706
0.3917706608772278
0.6600450873374939
0.6733666062355042
0.6809335350990295
0.3621443510055542
0.5597179532051086
0.8407824039459229
0.7703423500061035
0.32459402084350586
0.7639739513397217
0.8801032900810242
0.7749667763710022
0.5844953060150146
0.5454562902450562
0.7165436148643494
0.7508547902107239
0.6460945010185242
0.5486918091773987
0.48925480246543884
0.303811639547348
0.4129336178302765
0.2804746627807617
0.2580392062664032
0.2735176384449005
0.12064467370510101
0.1218402162194252
0.42258092761039734
0.27314990758895874
0.13274118304252625
0.17546416819095612
0.28214913606643677
0.22826187312602997
0.18444450199604034
0.3261933922767639
0.5202482342720032
0.523991584777832
0.5563414096832275
0.32930147647857666
0.4774773418903351
0.5751705765724182
0.33418571949005127
0.4889979958534241
0.8391948342323303
0.6368799805641174
0.731734037399292
0.5668351054191589
0.18287694454193115
0.25890690088272095
0.43587636947631836
0.4021261930465698
0.5226378440856934
0.5542929172515869
0.33989205956459045
0.3935747742652893
0.48219558596611023
0.6541203856468201
0.69699627161026
0.40355080366134644
0.489936888217926
0.7108772993087769
0.46389737725257874
0.3650258183479309
0.46247684955596924
0.5052618980407715
0.29020920395851135
0.31309568881988525
