0.4481981098651886
0.6440690159797668
0.3190499544143677
0.3815186619758606
0.12538284063339233
0.1804240196943283
0.2568036615848541
0.40072470903396606
0.5484704375267029
0.6725978255271912
0.74192214012146
0.16814275085926056
0.5649489164352417
0.48205867409706116
0.23563885688781738
0.27292901277542114
0.5930727124214172
0.2027430236339569
0.3636573851108551
0.6119930148124695
0.5147403478622437
0.7598668336868286
0.397277295589447
0.6871300339698792
0.7328353524208069
0.6414222121238708
0.6274005174636841
0.5054081082344055
0.5677386522293091
0.5299623012542725
0.3788720369338989
0.6212375164031982
0.46589937806129456
0.2554070055484772
0.4005659520626068
0.10816793888807297
0.4529488980770111
0.19200216233730316
0.6941171288490295
0.48741286993026733
0.7665161490440369
0.4507448971271515
0.4011465609073639
0.40841782093048096
0.5048711895942688
0.3958267271518707
0.3602103292942047
0.12440267950296402
0.2247524857521057
0.20658086240291595
0.41758275032043457
0.21087224781513214
0.5527508854866028
0.26731839776039124
0.5637071132659912
0.32156816124916077
0.5452401638031006
0.5310630202293396
0.6093395352363586
0.38834306597709656
0.33912038803100586
0.44043684005737305
0.6417356133460999
0.5205209255218506
0.6710270047187805
0.8679059147834778
0.8649742603302002
0.6773622632026672
0.7862421870231628
0.8322041630744934
0.7632210850715637
0.8540399074554443
0.8535723090171814
0.7519057393074036
0.9246800541877747
0.6405650973320007
0.38840797543525696
0.49847474694252014
0.4102710783481598
0.6948263049125671
0.4767543375492096
0.4739939272403717
0.593960702419281
0.24817442893981934
0.33600106835365295
0.5297934412956238
0.6786407828330994
0.3441435396671295
0.4169708490371704
0.3309043347835541
0.5240671634674072
0.15941911935806274
0.4309539198875427
0.590939462184906
0.21961504220962524
0.5469772815704346
0.14643099904060364
0.5959999561309814
0.6017130613327026
0.4828384816646576
0.5349299311637878
0.6177588105201721
0.5403264164924622
0.19459113478660583
0.47498369216918945
0.6774556040763855
0.5972592830657959
0.47287872433662415
0.5154292583465576
0.1915312558412552
0.19346679747104645
0.178381085395813
0.40037551522254944
0.2864954173564911
0.47041431069374084
0.4726502597332001
0.3526410162448883
0.5453670620918274
0.366457462310791
0.7405607104301453
0.6605752110481262
0.3188481330871582
0.3227834403514862
0.5278358459472656
0.5582926869392395
0.11260480433702469
0.4299832284450531
0.7381749749183655
0.5486602783203125
0.3436337411403656
0.5663250088691711
0.735954225063324
0.6725921630859375
0.5491542816162109
0.44052985310554504
0.46455928683280945
0.2766491174697876
0.32096436619758606
0.2915428876876831
0.5016027092933655
0.403191477060318
0.602122962474823
0.3030184805393219
0.5922556519508362
0.5312424302101135
0.5165950059890747
0.7480133175849915
0.7824352383613586
0.5558469295501709
0.6165017485618591
0.7657933831214905
0.4855576157569885
0.41697269678115845
0.4638347625732422
0.7169303297996521
0.5983195900917053
0.15244276821613312
0.3194861114025116
0.15562424063682556
0.1506219506263733
0.15230800211429596
0.2163829654455185
0.2465885430574417
0.5728588700294495
0.38384711742401123
0.5612651705741882
0.26474446058273315
0.4200294017791748
0.45658132433891296
0.26461726427078247
0.3139924705028534
0.4944399893283844
0.5986818075180054
0.5315219759941101
0.5301302671432495
0.4583353102207184
0.6724321246147156
0.5727876424789429
0.43270859122276306
0.4944457411766052
0.5406554341316223
0.5414981842041016
0.6657940745353699
0.8318037986755371
0.48638710379600525
0.817245602607727
0.8892143368721008
0.8367064595222473
0.6207361221313477
0.6609684228897095
0.7543916702270508
0.7580849528312683
0.6961403489112854
0.45230162143707275
0.6469686031341553
0.7399013042449951
0.45030879974365234
0.6873888373374939
0.5614358186721802
0.6201112866401672
0.5078328251838684
0.7502039074897766
0.6353896260261536
0.811754047870636
0.6253125667572021
0.7516122460365295
0.7719090580940247
0.5814493894577026
0.8391527533531189
0.6253902316093445
0.6718781590461731
0.7903978824615479
0.7267695665359497
0.5217058062553406
0.7420448660850525
0.7156639099121094
0.6632330417633057
0.7409530282020569
