0.03432665020227432
0.01832594908773899
0.1307750791311264
0.04918847233057022
0.007862219586968422
0.007126085460186005
0.0020652003586292267
0.004993818700313568
0.004213790874928236
0.0341891348361969
0.029373589903116226
0.14835423231124878
0.00446157855913043
0.0022077045869082212
0.09391903877258301
0.09475435316562653
0.003040633862838149
0.012582850642502308
0.18122363090515137
0.11626912653446198
0.021406421437859535
0.19919665157794952
0.21609479188919067
0.08385784178972244
0.09304405003786087
0.09751155227422714
0.16292718052864075
0.05177830904722214
0.16001935303211212
0.018677525222301483
0.012505635619163513
0.0146922767162323
0.012370129115879536
0.015326574444770813
0.07185811549425125
0.17463454604148865
0.239480122923851
0.3399357795715332
0.16443923115730286
0.11501453071832657
0.21884337067604065
0.30818653106689453
0.38344812393188477
0.6928472518920898
0.3416750133037567
0.17442157864570618
0.16739678382873535
0.5838878750801086
0.363191694021225
0.16423951089382172
0.21390584111213684
0.33877992630004883
0.2147851288318634
0.4120362102985382
0.35675492882728577
0.30059683322906494
0.32743263244628906
0.0977756604552269
0.4657895863056183
0.16279441118240356
0.17861492931842804
0.08290770649909973
0.07174956053495407
0.03644916042685509
0.07641497999429703
0.08186857402324677
0.03007541038095951
0.040806420147418976
0.1222933903336525
0.047723691910505295
0.11694019287824631
0.041048433631658554
0.09334766119718552
0.05762995034456253
0.057767901569604874
0.08317546546459198
0.07572681456804276
0.04790850356221199
0.057110920548439026
0.011547815054655075
0.0423889085650444
0.014880574308335781
0.01384769007563591
0.026490820571780205
0.016151906922459602
0.06133856251835823
0.02741313725709915
0.02085646241903305
0.030543113127350807
0.010015456937253475
0.04758482426404953
0.05061044543981552
0.08270823955535889
0.07842695713043213
0.03749065473675728
0.1005808487534523
0.037269171327352524
0.08785369992256165
0.06500159204006195
0.01811678148806095
0.052925098687410355
0.00524900434538722
0.0034141128417104483
0.0011539742117747664
0.0017321226187050343
0.0007475978345610201
0.007148503325879574
0.00515110045671463
0.013429445214569569
0.06266669183969498
0.022551873698830605
0.10254953801631927
0.06819190084934235
0.03876250609755516
0.14702656865119934
0.061875682324171066
0.06813470274209976
0.03512987866997719
0.014527631923556328
0.1045154258608818
0.03498194366693497
0.12328191846609116
0.05748147517442703
0.016834186390042305
0.034448135644197464
0.028910091146826744
0.023503616452217102
0.206852987408638
0.1724264770746231
0.23460674285888672
0.08622971177101135
0.06272762268781662
0.06781508028507233
0.20486262440681458
0.09282983839511871
0.03697478398680687
0.44063591957092285
0.2448119819164276
0.09549710899591446
0.09344088286161423
0.1244785264134407
0.13011479377746582
0.09483372420072556
0.011933371424674988
0.1028512716293335
0.00501631572842598
0.00871045421808958
0.003245459869503975
0.010087583214044571
0.005250699818134308
0.0125591941177845
0.02173670567572117
0.21351462602615356
0.08996429294347763
0.0037655511405318975
0.005187304224818945
0.08606752008199692
0.01681707613170147
0.0016532058361917734
0.04236891120672226
0.22882318496704102
0.01202639751136303
0.0540713332593441
0.4324820041656494
0.23464947938919067
0.062254179269075394
0.03906948119401932
0.015327108092606068
0.010518121533095837
0.014034650288522243
0.00524718314409256
0.004276535473763943
0.008774508722126484
0.05700032040476799
0.0369461327791214
0.084171362221241
0.057428471744060516
0.013236451894044876
0.016923917457461357
0.04210839048027992
0.194858580827713
0.18158456683158875
0.08104535937309265
0.032308533787727356
0.13730795681476593
0.26292791962623596
0.06800958514213562
0.01680351048707962
0.04847513511776924
0.2134053260087967
0.027565449476242065
0.059615928679704666
0.04376627132296562
0.06179369240999222
0.00848617684096098
0.05516164004802704
0.11720984429121017
0.10040085017681122
0.05906180664896965
0.028600897639989853
0.05645718798041344
0.018322138115763664
0.05788823589682579
0.05218636244535446
0.03407192602753639
0.023840613663196564
0.015294106677174568
0.01955316588282585
0.05073012784123421
0.016404038295149803
0.01691768504679203
0.035564977675676346
0.034405555576086044
0.1572725623846054
0.09599579870700836
0.0639929547905922
0.016301807016134262
0.06827758997678757
0.04194846749305725
0.010182478465139866
0.03799961134791374
0.01298703532665968
0.03863229975104332
0.0648476853966713
0.05226822942495346
0.10908850282430649
0.043724194169044495
0.06254694610834122
0.05548640713095665
0.008856954984366894
0.03098888508975506
0.006777833215892315
0.0035603244323283434
0.006498991046100855
0.004501546733081341
0.009065917693078518
0.038784194737672806
0.04374735429883003
0.04171724244952202
0.08069192618131638
0.021979672834277153
0.017325833439826965
0.017407575622200966
0.0480605810880661
0.012030559591948986
0.006221690680831671
0.17850230634212494
0.062301889061927795
0.03708228841423988
0.17716343700885773
0.05489180609583855
0.28047865629196167
0.1145053580403328
0.4388900399208069
0.30111876130104065
0.02795623429119587
0.009468314237892628
0.18792572617530823
0.0502329058945179
0.3146575391292572
0.24456718564033508
0.08417534083127975
0.03041907772421837
0.14904163777828217
0.034338660538196564
0.4580847918987274
0.03898441791534424
0.07832147181034088
0.012369898147881031
0.009365443140268326
0.016818780452013016
0.0018527363426983356
0.0007062405347824097
0.003436987055465579
0.014232167042791843
0.0023418774362653494
0.007875445298850536
0.10627249628305435
0.17209245264530182
0.37358397245407104
0.5057047009468079
0.6648380756378174
0.41866132616996765
0.687000572681427
0.6897233128547668
0.6486444473266602
0.7625390291213989
0.15715761482715607
0.23917129635810852
0.286731094121933
0.31616905331611633
0.6070607900619507
0.5857763290405273
0.15712037682533264
0.010861278511583805
0.31892722845077515
0.6479753255844116
0.04074569046497345
0.006104241590946913
0.15608201920986176
0.15527434647083282
0.02015947923064232
0.01203678548336029
0.05661401525139809
0.0601821094751358
0.011644047684967518
0.03712821751832962
0.05363094434142113
0.09959451854228973
0.07536271959543228
0.3051973879337311
0.4584583342075348
0.263497531414032
0.49534478783607483
0.3322101831436157
0.5065605640411377
0.4373927414417267
0.44440174102783203
0.456964910030365
0.6668645143508911
0.13709932565689087
0.4348585605621338
0.027067149057984352
0.05896122753620148
0.2059784084558487
0.1473546177148819
0.5812755227088928
0.08769670873880386
0.25445571541786194
0.21795745193958282
0.1178463026881218
0.20028789341449738
0.3734150528907776
0.039153803139925
0.17424260079860687
0.04939891770482063
0.09715089946985245
0.04574013128876686
0.05601024627685547
0.12261438369750977
0.07504836469888687
0.3008195459842682
0.2542304992675781
0.19766797125339508
0.3619194030761719
0.10667816549539566
0.1139700785279274
0.252228319644928
0.20997653901576996
0.12169510871171951
0.035764846950769424
0.0318327434360981
0.02669379487633705
0.0419452078640461
0.014391601085662842
0.00648152781650424
0.022811299189925194
0.028020882979035378
0.01796499826014042
0.029650019481778145
0.009942257776856422
0.03196603059768677
0.01613614894449711
0.008508287370204926
0.031195873394608498
0.026816677302122116
0.05200247839093208
0.17503507435321808
0.0762610137462616
0.48426353931427
0.4669457972049713
0.07760725170373917
0.12350889295339584
0.3374129831790924
0.09767808020114899
0.0077831135131418705
0.16589497029781342
0.21602414548397064
0.04315432533621788
0.05546548217535019
0.5221608877182007
0.07383029907941818
0.058043479919433594
0.02528957836329937
0.030910436064004898
0.025875689461827278
0.032862912863492966
0.05612047389149666
0.06843190640211105
0.1333901435136795
0.059878818690776825
0.11872642487287521
0.14716549217700958
0.29277369379997253
0.32227230072021484
0.1843518763780594
0.21330700814723969
0.08893459290266037
0.24513986706733704
0.0746539831161499
0.0471171960234642
0.0455104261636734
0.15733547508716583
0.03330553323030472
0.01960085891187191
0.0677768737077713
