0.03219611942768097
0.07568883895874023
0.22091591358184814
0.08281262218952179
0.05512021854519844
0.15205200016498566
0.19766803085803986
0.03839109465479851
0.07384268194437027
0.29177114367485046
0.17534029483795166
0.04141347110271454
0.20573903620243073
0.2171214073896408
0.020265601575374603
0.06917892396450043
0.3641587495803833
0.20642118155956268
0.029464060440659523
0.2097454071044922
0.2831476628780365
0.06580960750579834
0.09113065898418427
0.3205696940422058
0.34704914689064026
0.0991721898317337
0.5070697069168091
0.7721126675605774
0.33445680141448975
0.13888491690158844
0.5824126601219177
0.7665786147117615
0.11265752464532852
0.48262664675712585
0.7024363875389099
0.358716756105423
0.23047573864459991
0.677658200263977
0.6844637393951416
0.23438668251037598
0.6528580188751221
0.7532229423522949
0.4880668818950653
0.49470818042755127
0.8069413304328918
0.7457457780838013
0.3960544168949127
0.6954399943351746
0.8414333462715149
0.5706254243850708
0.7108900547027588
0.8428146839141846
0.8831305503845215
0.7117583751678467
0.720343291759491
0.4919242858886719
0.39547714591026306
0.13309860229492188
0.178766667842865
0.07466839998960495
0.0546070858836174
0.06298021972179413
0.07157192379236221
0.08361084759235382
0.11430859565734863
0.08238780498504639
0.04265885800123215
0.029339410364627838
0.06606455147266388
0.06352400034666061
0.05630522966384888
0.06914271414279938
0.12058136612176895
0.17413456737995148
0.2605971097946167
0.612646222114563
0.29749149084091187
0.09180984646081924
0.12650953233242035
0.034270305186510086
0.08894773572683334
0.03389148786664009
0.04143868014216423
0.0706266239285469
0.07005758583545685
0.07978860288858414
0.09278589487075806
0.16023750603199005
0.19203712046146393
0.5508207678794861
0.5374167561531067
0.08429684489965439
0.06109469383955002
0.07847186177968979
0.0401926189661026
0.18012429773807526
0.4261375069618225
0.034143589437007904
0.013920558616518974
0.01025288738310337
0.009978624060750008
0.026056692004203796
0.007324517704546452
0.004906279966235161
0.009858225472271442
0.04324735701084137
0.06106207147240639
0.004266442731022835
0.015679791569709778
0.09243348985910416
0.09715006500482559
0.009033706970512867
0.0648328959941864
0.1762903481721878
0.016483254730701447
0.051054276525974274
0.10484343767166138
0.22710353136062622
0.13332165777683258
0.09802987426519394
0.027151839807629585
0.013231159187853336
0.00797263439744711
0.002973749302327633
0.011504278518259525
0.01417711190879345
0.010152391158044338
0.015235488303005695
0.012656628154218197
0.03479786962270737
0.0371701754629612
0.039231348782777786
0.00948605127632618
0.011712426319718361
0.003629907965660095
0.03246128559112549
0.018122220411896706
0.0032892324961721897
0.0028717005625367165
0.0075044590048491955
0.013310429640114307
0.02425226755440235
0.00734034413471818
0.016827428713440895
0.03171556442975998
0.07353084534406662
0.05851401761174202
0.03441890329122543
0.08225809782743454
0.04877420514822006
0.030141890048980713
0.09246119111776352
0.12049666792154312
0.10327354073524475
0.1761370450258255
0.03854307159781456
0.11166824400424957
0.014637536369264126
0.08099614828824997
0.0646883025765419
0.0556899793446064
0.2678478956222534
0.1750788390636444
0.18922322988510132
0.08902132511138916
0.15988397598266602
0.3751959502696991
0.5096932053565979
0.22416110336780548
0.28884488344192505
0.15183702111244202
0.15991660952568054
0.07921016216278076
0.18480460345745087
0.14041747152805328
0.22932972013950348
0.2716887891292572
0.23312674462795258
0.22947078943252563
0.17159207165241241
0.1575557291507721
0.1131131500005722
0.14189286530017853
0.18078690767288208
0.26961687207221985
0.3840574026107788
0.11864103376865387
0.16470766067504883
0.4423835575580597
0.204117551445961
0.2989262044429779
0.05184019356966019
0.12892821431159973
0.07702288031578064
0.022691620513796806
0.06049692630767822
0.08654116839170456
0.037737831473350525
0.04545187950134277
0.05211640149354935
0.13629409670829773
0.08876930922269821
0.0439908392727375
0.04023675620555878
0.04674294590950012
0.07223193347454071
0.11938933283090591
0.08092984557151794
0.06120765954256058
0.16409024596214294
0.045848336070775986
0.14615972340106964
0.019434042274951935
0.155327707529068
0.046808332204818726
0.43204015493392944
0.21189650893211365
0.3577004075050354
0.3000783920288086
0.37767961621284485
0.32600703835487366
0.25677767395973206
0.08165138214826584
0.08052133023738861
0.011888749897480011
0.0478086955845356
0.01855287328362465
0.017456520348787308
0.029631614685058594
0.017334187403321266
0.03832635655999184
0.032130490988492966
0.05179503187537193
0.04845650866627693
0.020385781303048134
0.016849752515554428
0.020846089348196983
0.03278857842087746
0.03071407787501812
0.047189343720674515
0.05948012322187424
0.1578814536333084
0.1351010501384735
0.12450839579105377
0.10190549492835999
0.21501944959163666
0.06007429584860802
0.2214404195547104
0.11890820413827896
0.027296027168631554
0.28833165764808655
0.1889754980802536
0.05974783003330231
0.0778021290898323
0.08129305392503738
0.0348278246819973
0.11662198603153229
0.1899472177028656
0.0885300263762474
0.05163487046957016
0.17341411113739014
0.03501749411225319
0.05071572586894035
0.03836594521999359
0.02455056458711624
0.02014376036822796
0.017870144918560982
0.05656464770436287
0.02718212641775608
0.018783967941999435
0.02507861889898777
0.044222019612789154
0.018505895510315895
0.029462000355124474
0.054450929164886475
0.01928592473268509
0.02140776626765728
0.05329357832670212
0.04624685272574425
0.026436494663357735
0.03888825327157974
0.06529794633388519
0.056079354137182236
0.055313874036073685
0.22601862251758575
0.1609792560338974
0.1091131642460823
