0.1270807683467865
0.041059866547584534
0.07186391949653625
0.18453964591026306
0.15982022881507874
0.0738435760140419
0.20061220228672028
0.24536541104316711
0.05684727430343628
0.1083650216460228
0.2707778513431549
0.2463492602109909
0.07500722259283066
0.30892857909202576
0.4123881757259369
0.0696578100323677
0.14908823370933533
0.44953760504722595
0.36389103531837463
0.10331519693136215
0.49108150601387024
0.5157381892204285
0.12811246514320374
0.19184324145317078
0.5515278577804565
0.49538347125053406
0.05718635395169258
0.4997672438621521
0.7448037266731262
0.10294682532548904
0.19370223581790924
0.8522976040840149
0.74577796459198
0.0462941937148571
0.6934247016906738
0.8112564086914062
0.27289000153541565
0.23541328310966492
0.7787668704986572
0.7770335078239441
0.33435165882110596
0.7718329429626465
0.9152325391769409
0.8092919588088989
0.6352820992469788
0.8883302807807922
0.8359307646751404
0.6972638368606567
0.8512294292449951
0.8851715326309204
0.6740756630897522
0.8058653473854065
0.8901118040084839
0.8492738604545593
0.4483337998390198
0.5210242867469788
0.35709553956985474
0.519428551197052
0.2525893449783325
0.1535327434539795
0.055891647934913635
0.056461308151483536
0.03833010047674179
0.25459322333335876
0.09166651964187622
0.06097692251205444
0.1733744889497757
0.07964745163917542
0.05463777109980583
0.18539197742938995
0.058487050235271454
0.020489836111664772
0.03498148173093796
0.06984046846628189
0.03042716532945633
0.05969136953353882
0.08383585512638092
0.053417306393384933
0.0532190278172493
0.07122429460287094
0.0932885929942131
0.1756824254989624
0.3096960783004761
0.1912950575351715
0.29930296540260315
0.3670629560947418
0.3343198001384735
0.37468597292900085
0.29568231105804443
0.10821536928415298
0.08854442089796066
0.02698773890733719
0.04913545399904251
0.04035252705216408
0.049552686512470245
0.06759481877088547
0.08797261863946915
0.09196287393569946
0.058096740394830704
0.06676896661520004
0.030273182317614555
0.09955957531929016
0.05259748920798302
0.1619524508714676
0.17684398591518402
0.2509419023990631
0.4225609600543976
0.29586106538772583
0.5160949230194092
0.263506144285202
0.07150579243898392
0.11117030680179596
0.060781676322221756
0.06953679770231247
0.08027315884828568
0.043458081781864166
0.020073898136615753
0.017201140522956848
0.032955341041088104
0.034083981066942215
0.019043924286961555
0.0545373298227787
0.13052402436733246
0.33642950654029846
0.08615485578775406
0.1625012755393982
0.6604791283607483
0.39234796166419983
0.0933908224105835
0.6768106818199158
0.40170663595199585
0.16777579486370087
0.3231779634952545
0.6558595895767212
0.5040604472160339
0.7255929708480835
0.24727225303649902
0.1263495236635208
0.0977930873632431
0.05850585177540779
0.17702625691890717
0.018374336883425713
0.20733259618282318
0.08175720274448395
0.25474265217781067
0.2907857596874237
0.28015270829200745
0.18723532557487488
0.08174043148756027
0.045767512172460556
0.08401645720005035
0.10966382175683975
0.03750571981072426
0.026919487863779068
0.04149296507239342
0.03964165970683098
0.06061610206961632
0.033561501652002335
0.036010172218084335
0.005734297446906567
0.030108511447906494
0.04327574744820595
0.029572436586022377
0.026321137323975563
0.021230939775705338
0.05451584607362747
0.023252973333001137
0.1461067497730255
0.03957398608326912
0.06295914202928543
0.06752952933311462
0.38322699069976807
0.07222443073987961
0.04585801064968109
0.38807716965675354
0.39187607169151306
0.15206655859947205
0.45351165533065796
0.3430160582065582
0.2279333621263504
0.3849027454853058
0.20606562495231628
0.20062534511089325
0.187149778008461
0.046899352222681046
0.08451978862285614
0.03446327522397041
0.13519605994224548
0.10926328599452972
0.10555577278137207
0.169624462723732
0.29112616181373596
0.48853933811187744
0.5963096618652344
0.7249941825866699
0.5184348225593567
0.24466535449028015
0.2340032011270523
0.05849069356918335
0.08524659276008606
0.1246447041630745
0.11709724366664886
0.06985856592655182
0.10118798166513443
0.15561337769031525
0.10345087200403214
0.11213024705648422
0.24616111814975739
0.08889514952898026
0.3883131146430969
0.548348605632782
0.6702134609222412
0.5716175436973572
0.39317870140075684
0.5480698347091675
0.30443665385246277
0.29713162779808044
0.48777952790260315
0.44784465432167053
0.4383772909641266
0.43531402945518494
0.21383649110794067
0.20359307527542114
0.11459363996982574
0.15434309840202332
0.128853902220726
0.1456049382686615
0.1765708178281784
0.17356973886489868
0.030673189088702202
0.09498412162065506
0.06558879464864731
0.08247416466474533
0.06872225552797318
0.10574350506067276
0.05136833339929581
0.060083407908678055
0.09996869415044785
0.09441659599542618
0.09529474377632141
0.12315448373556137
0.12440517544746399
0.05156829580664635
0.17834685742855072
0.16569913923740387
0.34422165155410767
0.2492329329252243
0.24386221170425415
0.1996031254529953
0.23536403477191925
0.25441229343414307
0.13473708927631378
0.19433480501174927
0.44798776507377625
0.1775835007429123
0.29836779832839966
0.09946414083242416
0.19282427430152893
0.10690800100564957
0.2731076776981354
0.02691696025431156
0.21376445889472961
0.07416640967130661
0.20977170765399933
0.17230434715747833
0.18388038873672485
0.2152925282716751
0.2815575897693634
0.3632132411003113
0.43573492765426636
0.29559728503227234
0.4118746221065521
0.44767412543296814
0.41746073961257935
0.51564621925354
0.19703002274036407
0.23323358595371246
0.05462200939655304
0.17561699450016022
0.04773491993546486
0.07671434432268143
0.05782890319824219
0.16283953189849854
0.1664104163646698
0.0961841344833374
0.2405814379453659
0.4310062527656555
0.6891477704048157
0.5380162000656128
0.4019290506839752
0.3953606188297272
0.49425533413887024
0.37493792176246643
0.40181756019592285
0.4772891104221344
0.31951630115509033
0.4103738069534302
0.4993589222431183
0.5315325260162354
0.5273069739341736
0.4210142195224762
0.4056297242641449
0.5630324482917786
0.49306434392929077
0.49006086587905884
0.6983288526535034
0.779627799987793
0.47533512115478516
0.48786014318466187
0.568507730960846
0.43092837929725647
0.4961540400981903
0.4196447432041168
0.6132528185844421
0.32065483927726746
0.4492930471897125
0.517967164516449
0.2118324190378189
0.35155320167541504
0.19170677661895752
0.24593740701675415
0.18440335988998413
0.10955720394849777
0.09030493348836899
0.18492324650287628
0.2020711898803711
0.24469299614429474
0.6514770984649658
0.4374006390571594
0.6118814945220947
0.6180738806724548
0.8589884042739868
0.7743735313415527
0.5401626825332642
0.7024607062339783
0.4697147011756897
0.4200053811073303
0.7977467179298401
0.6122830510139465
0.34825021028518677
0.6031759977340698
0.6635281443595886
0.3171103596687317
0.3641393482685089
0.4843670427799225
0.4760822653770447
0.6773509383201599
0.2650361657142639
0.40502235293388367
0.14820051193237305
0.19473274052143097
0.16551819443702698
0.03208407759666443
0.058632366359233856
0.09718751907348633
0.12139435857534409
0.1584656834602356
0.09148669242858887
0.0620432049036026
0.054131899029016495
0.16929656267166138
0.2471933364868164
0.21247133612632751
0.33661597967147827
0.29156970977783203
0.17265069484710693
0.2441655546426773
0.4660934805870056
0.16351912915706635
0.2118026167154312
0.6431585550308228
0.5742302536964417
0.30255070328712463
0.4733711779117584
0.6017413139343262
0.42186054587364197
0.5058126449584961
0.33743953704833984
0.4079059660434723
