0.14755122363567352
0.18803390860557556
0.28460243344306946
0.10467568039894104
0.2888946831226349
0.11266900599002838
0.16851694881916046
0.13600365817546844
0.2753776013851166
0.15656332671642303
0.04808349534869194
0.22653347253799438
0.26597359776496887
0.14183206856250763
0.05201653018593788
0.281374990940094
0.37344542145729065
0.17091837525367737
0.22234000265598297
0.680270791053772
0.5696559548377991
0.6423835754394531
0.671891987323761
0.7505609393119812
0.26833704113960266
0.17280350625514984
0.34414970874786377
0.3538376986980438
0.0911254957318306
0.2591758966445923
0.730936586856842
0.2273125946521759
0.17476493120193481
0.4495736360549927
0.5633801817893982
0.4453898072242737
0.16463831067085266
0.33643078804016113
0.4274304211139679
0.2854588031768799
0.35040009021759033
0.5384718179702759
0.6869932413101196
0.5424988865852356
0.6142069101333618
0.5318716764450073
0.13994109630584717
0.25334832072257996
0.13689912855625153
0.19133077561855316
0.3021235167980194
0.24060678482055664
0.13650621473789215
0.3228265941143036
0.5137053728103638
0.2869720458984375
0.41125956177711487
0.33274632692337036
0.24903297424316406
0.32252562046051025
0.556972861289978
0.36888810992240906
0.5533067584037781
0.40174248814582825
0.42690911889076233
0.6466576457023621
0.41998010873794556
0.4662422239780426
0.4297176003456116
0.5272830128669739
0.09056322276592255
0.30716267228126526
0.40623292326927185
0.12929967045783997
0.05193619802594185
0.22498853504657745
0.14258964359760284
0.040702033787965775
0.1739327311515808
0.19998233020305634
0.14752598106861115
0.07072340697050095
0.24020202457904816
0.2899923622608185
0.13266515731811523
0.15610021352767944
0.26400816440582275
0.22551937401294708
0.15935343503952026
0.037008464336395264
0.2227632999420166
0.28736916184425354
0.13178737461566925
0.03106905333697796
0.13687968254089355
0.32319560647010803
0.08493680506944656
0.09046626091003418
0.11786305904388428
0.2154880315065384
0.5249989032745361
0.2651033401489258
0.4046233594417572
0.14674793183803558
0.21276326477527618
0.4044848382472992
0.27177467942237854
0.3497394025325775
0.36410847306251526
0.3245624005794525
0.16108736395835876
0.294642835855484
0.45507723093032837
0.6497065424919128
0.4548965096473694
0.33334410190582275
0.6107310056686401
0.4228096604347229
0.24795667827129364
0.4344395399093628
0.30271661281585693
0.151528462767601
0.1185809001326561
0.5244709849357605
0.5553959608078003
0.5196087956428528
0.5002993941307068
0.6039499640464783
0.42954519391059875
0.5523733496665955
0.4538128077983856
0.673974335193634
0.5926815271377563
0.49991533160209656
0.6122652888298035
0.641882061958313
0.4937387704849243
0.12375504523515701
0.4552607536315918
0.38545745611190796
0.27502915263175964
0.08290431648492813
0.44284337759017944
0.5194881558418274
0.2788057029247284
0.24707718193531036
0.2826725244522095
0.36018243432044983
0.2291853129863739
0.33518534898757935
0.10275540500879288
0.046065934002399445
0.06913205981254578
0.06860431283712387
0.09697327017784119
0.22819574177265167
0.07370024919509888
0.23054663836956024
0.41693225502967834
0.12055092304944992
0.19422149658203125
0.2685827314853668
0.7066804766654968
0.43188241124153137
0.7875144481658936
0.7582206130027771
0.835739254951477
0.7184128165245056
0.6560301184654236
0.6707463264465332
0.7055802345275879
0.7341102361679077
0.5816712379455566
0.5569904446601868
0.32086053490638733
0.38154512643814087
0.7226649522781372
0.6604152917861938
0.5547071099281311
0.574347198009491
0.28015029430389404
0.17284387350082397
0.34083643555641174
0.1539922058582306
0.25732699036598206
0.1660672277212143
0.06838255375623703
0.2574268877506256
0.300356924533844
0.37225258350372314
0.5940719842910767
0.6347037553787231
0.5856900215148926
0.7441056370735168
0.6253288984298706
0.7318617701530457
0.8931853175163269
0.5680254697799683
0.7735518217086792
0.8169783353805542
0.6649551391601562
0.8738574385643005
0.8286343216896057
0.8872056603431702
0.6287711262702942
0.7354106307029724
0.5356605648994446
0.4098145067691803
0.7219588160514832
0.6724364161491394
0.6479510068893433
0.651310384273529
0.7014638781547546
0.5398909449577332
0.42086654901504517
0.4523140490055084
0.6285751461982727
0.7444470524787903
0.291483074426651
0.3757004141807556
0.7991020679473877
0.4016534686088562
0.331521600484848
0.7823050022125244
0.9017844796180725
0.44706276059150696
0.7146214246749878
0.6220601797103882
0.2965694069862366
0.569803774356842
0.4266587793827057
0.23903261125087738
0.11712908744812012
0.3222319185733795
0.28046730160713196
0.169851154088974
0.10173430293798447
0.28416678309440613
0.31707313656806946
0.3508119285106659
0.2993427813053131
0.3433607220649719
0.1285967379808426
0.21206900477409363
0.2863442301750183
0.15908679366111755
0.14826470613479614
0.18107077479362488
0.22562558948993683
0.10735669732093811
0.17537960410118103
0.39963892102241516
0.36132314801216125
0.25958356261253357
0.24973371624946594
0.42015451192855835
0.37226930260658264
0.41967716813087463
0.43271520733833313
0.7724427580833435
0.7281968593597412
0.3789730966091156
0.3825127184391022
0.3272858262062073
0.07499397546052933
0.19525527954101562
0.15723952651023865
0.1884593665599823
