0.07948175817728043
0.10803043842315674
0.19787313044071198
0.12800660729408264
0.11321256309747696
0.20596149563789368
0.18923194706439972
0.21350951492786407
0.22052805125713348
0.29800355434417725
0.3003403842449188
0.33900362253189087
0.2060735672712326
0.3912868797779083
0.22583222389221191
0.29365018010139465
0.36458325386047363
0.4114450216293335
0.3340022563934326
0.22407113015651703
0.37199893593788147
0.5152358412742615
0.3272766172885895
0.3104325532913208
0.29444393515586853
0.2838689982891083
0.41500332951545715
0.27482670545578003
0.5208057761192322
0.4951430857181549
0.29236263036727905
0.40425387024879456
0.6861242055892944
0.5013596415519714
0.34138137102127075
0.6420676708221436
0.5955007672309875
0.2909572720527649
0.15889021754264832
0.3911840319633484
0.5211071372032166
0.4094170928001404
0.33836910128593445
0.38625046610832214
0.3408467769622803
0.27855315804481506
0.2559024393558502
0.3108668625354767
0.34607401490211487
0.24076707661151886
0.2585219144821167
0.43966564536094666
0.4988825023174286
0.2860378921031952
0.4193928837776184
0.5455200672149658
0.38358139991760254
0.35616928339004517
0.5362852811813354
0.3946397304534912
0.4572952091693878
0.3068998456001282
0.5495138764381409
0.5999724864959717
0.19059886038303375
0.28776100277900696
0.5307807922363281
0.6887842416763306
0.11146072298288345
0.1584402322769165
0.46808698773384094
0.4789016544818878
0.1504400670528412
0.5735834240913391
0.6464733481407166
0.2564529478549957
0.2784719467163086
0.721001923084259
0.5249096155166626
0.4073178470134735
0.3558092713356018
0.38567811250686646
0.35381606221199036
0.14254163205623627
0.3517831861972809
0.354645311832428
0.18869824707508087
0.11076132208108902
0.33538293838500977
0.3678224980831146
0.05522656440734863
0.11968067288398743
0.40558481216430664
0.17173336446285248
0.13030357658863068
0.36371222138404846
0.4053598940372467
0.5890512466430664
0.5133800506591797
0.5785889625549316
0.7298173904418945
0.11834756284952164
0.2091810256242752
0.589927077293396
0.6163110136985779
0.0595790296792984
0.11579187959432602
0.6985186338424683
0.1910555064678192
0.09813059866428375
0.411438524723053
0.7258169054985046
0.22202812135219574
0.3433052599430084
0.4569455683231354
0.42534947395324707
0.16098590195178986
0.2763092517852783
0.3155285120010376
0.469774454832077
0.26405149698257446
0.24095535278320312
0.44422900676727295
0.27466604113578796
0.44534173607826233
0.43237727880477905
0.20098932087421417
0.28539782762527466
0.3519231081008911
0.45588362216949463
0.2828916311264038
0.30054131150245667
0.3312358856201172
0.24213626980781555
0.34112250804901123
0.19308960437774658
0.14121858775615692
0.06956259161233902
0.18801555037498474
0.13341884315013885
0.035701919347047806
0.07368888705968857
0.04843393713235855
0.11190112680196762
0.017166567966341972
0.12377569824457169
0.21251164376735687
0.0720386654138565
0.2265769988298416
0.38128864765167236
0.28533729910850525
0.37101662158966064
0.45224952697753906
0.5947659611701965
0.4889571964740753
0.18696795403957367
0.28580722212791443
0.5356575846672058
0.4840855002403259
0.017398584634065628
0.25391948223114014
0.7568206191062927
0.118491031229496
0.05088106542825699
0.4693850874900818
0.2846837341785431
0.10149593651294708
0.08061371743679047
0.3207862675189972
0.24900738894939423
0.130589097738266
0.1094968244433403
0.16775085031986237
0.1873810887336731
0.25889188051223755
0.3126026690006256
0.22069430351257324
0.129108265042305
0.320747047662735
0.18880067765712738
0.31507447361946106
0.4122220277786255
0.5150556564331055
0.21949288249015808
0.2195480912923813
0.3407234847545624
0.20914766192436218
0.21025410294532776
0.11930611729621887
0.13796134293079376
0.1734086573123932
0.2808958888053894
0.1739731729030609
0.28375837206840515
0.3119816780090332
0.3644229471683502
0.29112663865089417
0.40347540378570557
0.4879496395587921
0.21157506108283997
0.28198733925819397
0.21573755145072937
0.1690528392791748
0.2343987673521042
0.16693873703479767
0.19579079747200012
0.1338862180709839
0.3087063133716583
0.05046553909778595
0.1606248915195465
0.171303391456604
0.08925589174032211
0.16921262443065643
0.2563351094722748
0.3249754011631012
0.11271992325782776
0.19244502484798431
0.365620493888855
0.3284454643726349
0.24159760773181915
0.2186654508113861
0.3720931112766266
0.28646066784858704
0.3151470720767975
0.30163025856018066
0.44291019439697266
0.3611973226070404
0.7001367211341858
0.2677329182624817
0.28186702728271484
0.48267194628715515
0.5823046565055847
0.18797704577445984
0.2464565485715866
0.4917376935482025
0.2605258822441101
0.07934847474098206
0.3228501081466675
0.6191184520721436
0.17031441628932953
0.16932697594165802
0.6080060005187988
0.45335856080055237
0.24125586450099945
0.16917462646961212
0.29119402170181274
0.2532248795032501
0.20116287469863892
0.2883976995944977
0.22754089534282684
0.11112487316131592
0.1534927785396576
0.22729523479938507
0.10300809890031815
0.18610922992229462
0.21642549335956573
0.15293826162815094
0.1464434564113617
0.2242024540901184
0.19295229017734528
0.24698366224765778
0.25608810782432556
0.19597135484218597
0.2646055221557617
0.29546019434928894
0.2585563063621521
0.33270755410194397
0.4359203577041626
0.4954909384250641
0.4009670615196228
0.31801897287368774
0.3348269462585449
0.5867612361907959
0.21057909727096558
0.3891454339027405
0.6711762547492981
0.5444258451461792
0.24182182550430298
0.4974292814731598
0.7723957896232605
0.6120759844779968
0.2616167962551117
0.5483167767524719
0.6318020820617676
0.23789885640144348
0.4412408769130707
0.7556385397911072
0.5464068055152893
0.4950505793094635
0.3516182005405426
0.33960849046707153
0.4965645968914032
0.4168904721736908
0.3527745306491852
0.41682669520378113
0.2814605236053467
0.31088295578956604
0.2776845097541809
0.4579906463623047
0.24973328411579132
0.1274397373199463
0.18188944458961487
0.31266406178474426
0.2475091964006424
0.3731670379638672
0.29284748435020447
0.21253474056720734
0.28305450081825256
0.32494473457336426
0.2474292665719986
0.325954407453537
0.2319675236940384
0.3802321255207062
0.4262741506099701
0.32968130707740784
0.4794479012489319
0.3647785782814026
