0.33845144510269165
0.49474096298217773
0.11585167795419693
0.17443619668483734
0.07126861065626144
0.03221661597490311
0.06110897287726402
0.3404029309749603
0.3179488182067871
0.2670827805995941
0.3137916922569275
0.5944361090660095
0.43462222814559937
0.18460890650749207
0.46051231026649475
0.6802700161933899
0.1316486895084381
0.6789233684539795
0.7819566130638123
0.6749551892280579
0.280147522687912
0.7670229077339172
0.8529829978942871
0.7691550850868225
0.646877646446228
0.5398926734924316
0.5536430478096008
0.4403800070285797
0.553154706954956
0.25741398334503174
0.21478544175624847
0.07109985500574112
0.2239508181810379
0.2512695789337158
0.6735005378723145
0.6840428709983826
0.21631298959255219
0.6082758903503418
0.3152768909931183
0.4748636782169342
0.12677118182182312
0.4116736054420471
0.5450320243835449
0.6613987684249878
0.5429496169090271
0.4894281029701233
0.4990347921848297
0.38575655221939087
0.6076297163963318
0.37566089630126953
0.5746058821678162
0.4624587297439575
0.6273983716964722
0.3766705393791199
0.3265079855918884
0.15311235189437866
0.2134314626455307
0.31266820430755615
0.17491306364536285
0.17178888618946075
0.22384540736675262
0.2944695055484772
0.15026643872261047
0.2621312737464905
0.4208269417285919
0.40448078513145447
0.3734057545661926
0.31002292037010193
0.3964274823665619
0.32610321044921875
0.1684264838695526
0.3114756643772125
0.5019465684890747
0.39916402101516724
0.28119364380836487
0.13953708112239838
0.20055881142616272
0.5708921551704407
0.3652060031890869
0.1015809178352356
0.34598439931869507
0.6359537243843079
0.18561328947544098
0.23734910786151886
0.6884058117866516
0.7056781649589539
0.6857346892356873
0.5877655744552612
0.5585747957229614
0.2269860953092575
0.4962274730205536
0.38490936160087585
0.35872024297714233
0.4044880270957947
0.47077709436416626
0.3684545159339905
0.38764551281929016
0.4079396724700928
0.4416918158531189
0.4411132037639618
0.48808205127716064
0.24044696986675262
0.1374029815196991
0.2264060527086258
0.07286465167999268
0.1973205804824829
0.4932301342487335
0.824052631855011
0.7584889531135559
0.19772595167160034
0.4527904689311981
0.7248117327690125
0.3889554738998413
0.2421623319387436
0.6699132919311523
0.69130939245224
0.48197174072265625
0.420362263917923
0.7649981379508972
0.5306277275085449
0.4765033721923828
0.3811987340450287
0.5006269812583923
0.3291111886501312
0.44574716687202454
0.6539393663406372
0.5939133763313293
0.6625839471817017
0.5828621983528137
0.6709197163581848
0.2527134418487549
0.39357230067253113
0.34756895899772644
0.4332660734653473
0.7380188703536987
0.48026567697525024
0.8368601202964783
0.73927241563797
0.8108195066452026
0.8488047122955322
0.8869821429252625
0.8019006848335266
0.3600645363330841
0.857646107673645
0.8975133895874023
0.38473862409591675
0.3059944212436676
0.8943576812744141
0.7403329014778137
0.28918811678886414
0.5413317680358887
0.7795838117599487
0.4755304753780365
0.28345322608947754
0.623178243637085
0.5462982058525085
0.44735637307167053
0.3793010711669922
0.5298956632614136
0.35867738723754883
0.43055638670921326
0.40783631801605225
0.48746511340141296
0.7499436140060425
0.4921046495437622
0.42519474029541016
0.42174962162971497
0.6216033101081848
0.4022768437862396
0.5144437551498413
0.5321103930473328
0.5133525133132935
0.5720864534378052
0.509591817855835
0.5992347002029419
0.5784198641777039
0.7153566479682922
0.6084038615226746
0.5985737442970276
0.7644286751747131
0.7692323327064514
0.4769481122493744
0.7536430358886719
0.8333027362823486
0.8674202561378479
0.8329197764396667
0.552716076374054
0.6564496755599976
0.516978919506073
