0.7142770886421204
0.7149338126182556
0.762565553188324
0.5955343246459961
0.7084215879440308
0.8112159371376038
0.857538640499115
0.747146487236023
0.6985534429550171
0.7097706198692322
0.800076961517334
0.7134746313095093
0.7009862065315247
0.7965808510780334
0.8100250959396362
0.8422978520393372
0.6008793115615845
0.8829373717308044
0.6709096431732178
0.8246482014656067
0.4292188584804535
0.7607825398445129
0.596443235874176
0.7584002017974854
0.5560851693153381
0.7958698868751526
0.8029282093048096
0.6906775832176208
0.7028835415840149
0.7890492677688599
0.7903442978858948
0.709181547164917
0.7719241380691528
0.8752167820930481
0.5427879691123962
0.8506677746772766
0.8576850295066833
0.8738188743591309
0.7640798687934875
0.8742931485176086
0.8473389744758606
0.855309784412384
0.873335063457489
0.8649711608886719
0.8888037800788879
0.8176282644271851
0.7417424917221069
0.7238156199455261
0.8275030255317688
0.8732555508613586
0.6933656930923462
0.6705138683319092
0.8929877877235413
0.8225345611572266
0.7225960493087769
0.6148973703384399
0.7439579963684082
0.5209122896194458
0.5594915151596069
0.310959130525589
0.648637056350708
0.6576812863349915
0.5767913460731506
0.6292243003845215
0.616262674331665
0.7613732814788818
0.8458135724067688
0.8745846152305603
0.8449283838272095
0.86728435754776
0.8830174207687378
0.9233289361000061
0.9005220532417297
0.7669404149055481
0.7687782049179077
0.8509209752082825
0.7966237664222717
0.8985828757286072
0.5136459469795227
0.5554938912391663
0.9278479814529419
0.8487125635147095
0.429574191570282
0.8153174519538879
0.9368362426757812
0.6347673535346985
0.7859408259391785
0.6814998984336853
0.6073054671287537
0.6947031617164612
0.5230852961540222
0.7230744957923889
0.7537519931793213
0.6490752100944519
0.6965746879577637
0.7630489468574524
0.7621100544929504
0.4080100953578949
0.4411119222640991
