0.18191087245941162
0.2599516212940216
0.10365154594182968
0.11100120842456818
0.2467540055513382
0.3176521062850952
0.17456726729869843
0.09569357335567474
0.501563549041748
0.3046528100967407
0.11781658232212067
0.36502528190612793
0.5836702585220337
0.39955490827560425
0.13839760422706604
0.4972440302371979
0.5061362385749817
0.4962943494319916
0.2858857810497284
0.33531227707862854
0.32280731201171875
0.1014748141169548
0.07446739822626114
0.3514423072338104
0.38402554392814636
0.18520225584506989
0.11912824213504791
0.1704973727464676
0.34545400738716125
0.11801508069038391
0.11189206689596176
0.4297540485858917
0.34779563546180725
0.21545685827732086
0.42551189661026
0.5114113688468933
0.5128578543663025
0.689993679523468
0.520663321018219
0.6508172154426575
0.6189455389976501
0.392404168844223
0.6163753271102905
0.4154210388660431
0.156431645154953
0.4222019910812378
0.23977777361869812
0.25212013721466064
0.12473393976688385
0.2504924237728119
0.21486350893974304
0.1481444388628006
0.11037532240152359
0.18209920823574066
0.27361077070236206
0.22177962958812714
0.2815854251384735
0.4327954649925232
0.5024345517158508
0.5186298489570618
0.41644102334976196
0.5418460965156555
0.5383651256561279
0.6237530708312988
0.3795333802700043
0.38689714670181274
0.27783530950546265
0.11688736826181412
0.25857171416282654
0.22353526949882507
0.3976832926273346
0.28831973671913147
0.2971649467945099
0.22907882928848267
0.3562069535255432
0.535618245601654
0.7367597818374634
0.5591990947723389
0.6710943579673767
0.35895711183547974
0.4655722677707672
0.5479196906089783
0.3662184476852417
0.4359504282474518
0.4985335171222687
0.5439949631690979
0.35310256481170654
0.31418269872665405
0.4642254114151001
0.3123873174190521
0.33147647976875305
0.3379732668399811
0.4407463073730469
0.4126901924610138
0.539800226688385
0.458676278591156
0.25256624817848206
0.5064274072647095
0.6344011425971985
0.5327336192131042
0.3526593744754791
0.33847320079803467
0.5667948126792908
0.3260563611984253
0.34884119033813477
0.27199608087539673
0.058275893330574036
0.18078668415546417
0.10991854220628738
0.18073545396327972
0.21850943565368652
0.4237189292907715
0.3407580554485321
0.7853413820266724
0.7004277110099792
0.8299943804740906
0.8149065375328064
0.8031904101371765
0.6441618800163269
0.7878715991973877
0.5022813081741333
0.6369116306304932
0.4487496614456177
0.32604295015335083
0.17393310368061066
0.29543018341064453
0.48548418283462524
0.21047478914260864
0.5756738185882568
0.7197601199150085
0.5450027585029602
0.40770867466926575
0.7173129320144653
0.8342726826667786
0.8236973881721497
0.9103529453277588
0.8142575025558472
0.6680859923362732
0.8433173298835754
0.8426828980445862
0.7822403907775879
0.6951218247413635
0.5099359154701233
0.5120863318443298
0.2984563708305359
0.14479418098926544
0.16074569523334503
0.11530356854200363
0.3545905351638794
0.21403689682483673
0.1267865002155304
0.23440878093242645
