0.08343739807605743
0.18823939561843872
0.037137120962142944
0.0715949758887291
0.04089820757508278
0.04583267122507095
0.025174319744110107
0.014605909585952759
0.028618676587939262
0.06179158762097359
0.18017823994159698
0.520038902759552
0.4197925925254822
0.28248611092567444
0.3472486436367035
0.46996238827705383
0.5397253632545471
0.6255000233650208
0.30858612060546875
0.3577593266963959
0.16772514581680298
0.05546380952000618
0.02441202476620674
0.050574760884046555
0.04425932839512825
0.018405277281999588
0.05924346670508385
0.06998052448034286
0.10707331448793411
0.041959550231695175
0.07528278231620789
0.09729818254709244
0.02584470622241497
0.022954188287258148
0.010140026919543743
0.002464126329869032
0.004146073944866657
0.0027741044759750366
0.037297140806913376
0.02071865275502205
0.4582054316997528
0.6409992575645447
0.3337189853191376
0.04647288843989372
0.04201288893818855
0.045504119247198105
0.2461010366678238
0.32762378454208374
0.08647967875003815
0.05585814267396927
0.5623019337654114
0.13364830613136292
0.12737588584423065
0.3097817003726959
0.17594332993030548
0.7458890676498413
0.5207465887069702
0.39636555314064026
0.16059334576129913
0.0928744375705719
0.04374518245458603
0.022672859951853752
0.06382768601179123
0.04029072821140289
0.11856770515441895
0.14015062153339386
0.11656168848276138
0.10452237725257874
0.09572585672140121
0.08509916067123413
0.2006058394908905
0.26684725284576416
0.31722334027290344
0.6835940480232239
0.22639073431491852
0.22402146458625793
0.7852252125740051
0.5232949256896973
0.27514615654945374
0.2271372228860855
0.09244126081466675
0.24873259663581848
0.11797139793634415
0.6356916427612305
0.5721270442008972
0.8838533759117126
0.47081258893013
0.8899052739143372
0.9185424447059631
0.7983785271644592
0.7848266363143921
0.918524444103241
0.6145550012588501
0.7977584600448608
0.5278007984161377
0.07854052633047104
0.18377888202667236
0.44123783707618713
0.3940655291080475
0.041650619357824326
0.11006882041692734
0.7251594662666321
0.31309032440185547
0.0965067595243454
0.31524044275283813
0.7085500955581665
0.5057136416435242
0.24405887722969055
0.34724941849708557
0.22780118882656097
0.20525628328323364
0.11016307771205902
0.06754914671182632
0.17727519571781158
0.09091464430093765
0.18996892869472504
0.03962041810154915
0.059977371245622635
0.18477965891361237
0.059743497520685196
0.015062888152897358
0.09441803395748138
0.21956804394721985
0.0986737608909607
0.0936984196305275
0.08912219852209091
0.15500269830226898
0.10674874484539032
0.13020966947078705
0.17997469007968903
0.11101052910089493
0.12654128670692444
0.30275335907936096
0.5033952593803406
0.7078114748001099
0.42163872718811035
0.9181348085403442
0.8830534219741821
0.5462827086448669
0.7293251156806946
0.577384889125824
0.34470880031585693
0.3328293561935425
0.5586538910865784
0.4633447825908661
0.15854333341121674
0.10933831334114075
0.33671149611473083
0.11997213959693909
0.019039958715438843
0.4054751396179199
0.41030535101890564
0.3108018934726715
0.08900035172700882
0.5912745594978333
0.45418480038642883
0.31523096561431885
0.13914985954761505
0.046428803354501724
0.02295842580497265
0.010317393578588963
0.008481410332024097
0.03565429151058197
0.10496063530445099
0.11164363473653793
0.1866801679134369
0.5991111993789673
0.7298638820648193
0.43308430910110474
0.7262578010559082
0.8107238411903381
0.6273729801177979
0.25797101855278015
0.49687460064888
0.4262677729129791
0.4058769941329956
0.10574915260076523
0.24708369374275208
0.2780844271183014
0.1510722041130066
0.027672773227095604
0.15830127894878387
0.19663585722446442
0.1182916983962059
0.04525721073150635
0.039553385227918625
0.13227097690105438
0.04330897703766823
0.05204883590340614
0.012650073505938053
0.003998418804258108
0.004485740326344967
0.0028063333593308926
0.00821523368358612
0.029269225895404816
0.46830934286117554
0.26259270310401917
0.25767838954925537
0.7357935905456543
0.5903318524360657
0.124898262321949
0.3297175467014313
0.6457303166389465
0.28687337040901184
0.03852232173085213
0.14244768023490906
0.030740950256586075
0.012590965256094933
0.005011493340134621
0.021136753261089325
0.01780552603304386
0.17224226891994476
0.24454249441623688
0.03348156437277794
0.057164669036865234
0.024372758343815804
0.15659880638122559
0.08977798372507095
0.0836808830499649
0.023466451093554497
0.09401366859674454
0.2311069220304489
0.29866063594818115
0.16569547355175018
0.1849920004606247
0.34067368507385254
0.36620989441871643
0.3968300223350525
0.4482487142086029
0.5492541193962097
0.45507362484931946
0.7410366535186768
0.8187394142150879
0.6252921223640442
0.7095334529876709
0.8097255825996399
0.699711799621582
0.43710434436798096
0.634631872177124
0.3900739550590515
0.27930572628974915
0.33818888664245605
0.3978663384914398
0.19155903160572052
0.1448272466659546
0.2749454379081726
0.27677565813064575
0.41147205233573914
0.29208076000213623
0.4578646123409271
0.36867833137512207
0.6836622953414917
0.7524784803390503
0.6549695134162903
0.7816625237464905
0.8047773838043213
0.6789920330047607
0.47734275460243225
0.36814361810684204
0.5614490509033203
0.25635090470314026
0.2423585057258606
0.34479862451553345
0.4846189320087433
0.22150230407714844
