0.23146481812000275
0.31719475984573364
0.2312624752521515
0.32022330164909363
0.2838277816772461
0.47022363543510437
0.4330560266971588
0.3672780692577362
0.28603488206863403
0.381590336561203
0.26501724123954773
0.2710184156894684
0.13191673159599304
0.4724847376346588
0.27348941564559937
0.6167336106300354
0.44182130694389343
0.5841448307037354
0.5899232029914856
0.6513135433197021
0.6717581748962402
0.6675856709480286
0.7877142429351807
0.6142501831054688
0.7943971157073975
0.8800798654556274
0.7899225354194641
0.846515953540802
0.7778114676475525
0.7431347966194153
0.729132890701294
0.5868160724639893
0.5420218706130981
0.39733871817588806
0.37602612376213074
0.3316236138343811
0.6340501308441162
0.320394903421402
0.6978822350502014
0.7508490681648254
0.6815609931945801
0.8645200729370117
0.8450953960418701
0.72146075963974
0.6456941366195679
0.4831254780292511
0.29104721546173096
0.647458016872406
0.6986239552497864
0.3930407166481018
0.3034755289554596
0.3203578293323517
0.37926599383354187
0.45217111706733704
0.6512191891670227
0.3470548391342163
0.36902421712875366
0.3702113628387451
0.20363843441009521
0.41469910740852356
0.319291353225708
0.26905545592308044
0.477224737405777
0.634949803352356
0.47357288002967834
0.47754183411598206
0.2680343687534332
0.4895043969154358
0.6525532007217407
0.4066321551799774
0.5403360724449158
0.8161380887031555
0.67420494556427
0.3019835650920868
0.2323676496744156
0.7535184025764465
0.48223796486854553
0.3127332925796509
0.731327474117279
0.8955293297767639
0.4584731459617615
0.4737238883972168
0.5886391997337341
0.5490868091583252
0.5967715978622437
0.4502488374710083
0.5812935829162598
0.3957190215587616
0.33562859892845154
0.3253192603588104
0.3314875364303589
0.2191893309354782
0.4741687774658203
0.19806437194347382
0.3476157784461975
0.46124690771102905
0.3966418504714966
0.4854229986667633
0.275246262550354
0.16229374706745148
0.28244540095329285
0.2597426772117615
0.18124400079250336
0.12147809565067291
0.13692432641983032
0.15068285167217255
0.07530198246240616
0.0673953965306282
0.0793226957321167
0.06987866014242172
0.0851493626832962
0.08830133080482483
0.1389828771352768
0.1358480304479599
0.19016802310943604
0.2330654263496399
0.2222931683063507
0.15016300976276398
0.13585332036018372
0.17670650780200958
