0.40049758553504944
0.31534722447395325
0.19897767901420593
0.26861903071403503
0.24567672610282898
0.2342727780342102
0.6063738465309143
0.284264475107193
0.8549734354019165
0.6912111639976501
0.8982213139533997
0.9292967915534973
0.8505055904388428
0.6859982013702393
0.8134326338768005
0.2506324350833893
0.46336936950683594
0.1191718578338623
0.2914954125881195
0.15526877343654633
0.2997910678386688
0.29738321900367737
0.1862342655658722
0.5416351556777954
0.5456565618515015
0.36340978741645813
0.4638195037841797
0.32413771748542786
0.3100945055484772
0.14251260459423065
0.2986253798007965
0.21346813440322876
0.4618057310581207
0.5810193419456482
0.7927592396736145
0.804389238357544
0.7712945342063904
0.7809165120124817
0.8246103525161743
0.6768659353256226
0.5964171886444092
0.6624693870544434
0.5872492790222168
0.6359930634498596
0.3818724751472473
0.4266282618045807
0.6535429358482361
0.35889944434165955
0.6070165634155273
0.8358922004699707
0.85872882604599
0.7580239176750183
0.42171141505241394
0.8255062103271484
0.34743958711624146
0.650338351726532
0.35126692056655884
0.29913797974586487
0.3909686207771301
0.14001776278018951
0.12480902671813965
0.37221378087997437
0.186802476644516
0.1630823314189911
0.15457984805107117
0.4047282338142395
0.179316908121109
0.26687729358673096
0.29066625237464905
0.274759441614151
0.3087887763977051
0.5469790697097778
0.7711387872695923
0.6660007238388062
0.7113182544708252
0.6755900979042053
0.7108591794967651
0.596711277961731
0.30865225195884705
0.46781933307647705
0.5987072587013245
0.33126699924468994
0.33261027932167053
0.6739479303359985
0.7092662453651428
0.5716809034347534
0.5339666604995728
0.6098389029502869
0.4380706250667572
0.3213600218296051
0.2639855444431305
0.3332044184207916
0.21432606875896454
0.32558539509773254
0.27385368943214417
0.3384995460510254
0.4536401927471161
0.47269338369369507
0.3114064335823059
0.5894873738288879
0.5408610105514526
0.5943462252616882
0.3707815706729889
0.4562687277793884
0.4744636118412018
0.6555695533752441
0.4247012734413147
0.4879450798034668
0.5385252237319946
0.6879677176475525
0.6513504385948181
0.534407913684845
0.5521795749664307
0.8009270429611206
0.6001439094543457
0.4008340537548065
0.5454822778701782
0.8045313358306885
0.3565019965171814
0.6720429062843323
0.8055487871170044
0.826710045337677
0.4256564676761627
0.4941265285015106
0.6921187043190002
0.6844164729118347
0.31250110268592834
0.3935789167881012
0.6918011903762817
0.5225000381469727
0.6212223172187805
0.5205328464508057
0.45313337445259094
0.5959919095039368
0.632910966873169
0.24740004539489746
0.323246031999588
0.2812471389770508
0.5179951786994934
0.15461210906505585
0.4297342002391815
0.34068289399147034
0.38106265664100647
0.24450655281543732
0.29812607169151306
0.36128541827201843
0.33981451392173767
0.2605847418308258
