0.38730165362358093
0.29826077818870544
0.27420884370803833
0.7442916035652161
0.730535626411438
0.6017187237739563
0.8683618903160095
0.8783336281776428
0.7308928966522217
0.7949283123016357
0.5039005279541016
0.5531806945800781
0.6129364371299744
0.3485012352466583
0.4866879880428314
0.24251048266887665
0.4564112722873688
0.3337159752845764
0.3403775990009308
0.07351105660200119
0.2535407841205597
0.39741113781929016
0.49546825885772705
0.15417936444282532
0.2456025630235672
0.3155152201652527
0.19473984837532043
0.08792515844106674
0.12901969254016876
0.16991697251796722
0.25703880190849304
0.18625126779079437
0.173558309674263
0.2662240266799927
0.2377573400735855
0.21206456422805786
0.22862444818019867
0.09463060647249222
0.17219017446041107
0.3327386975288391
0.20136089622974396
0.30915066599845886
0.28220587968826294
0.1734820306301117
0.23317936062812805
0.4124024510383606
0.4637654721736908
0.3399793803691864
0.4672941565513611
0.4350523054599762
0.5028168559074402
0.5169453620910645
0.7256118059158325
0.6026484370231628
0.5035890936851501
0.5572464466094971
0.3808688223361969
0.3206765651702881
0.23972828686237335
0.1673794686794281
0.34358903765678406
0.26739227771759033
0.30396580696105957
0.19825775921344757
0.5960058569908142
0.4416559636592865
0.603161633014679
0.5508832931518555
0.45520713925361633
0.5686697363853455
0.44325777888298035
0.5065632462501526
0.4672192633152008
0.6016095280647278
0.5172896981239319
0.12791423499584198
0.6177874207496643
0.7364642024040222
0.7032855153083801
0.7816487550735474
0.47450533509254456
0.620744526386261
0.3954169452190399
0.3775244951248169
0.39631715416908264
0.40386486053466797
0.287486732006073
0.45485904812812805
0.13041825592517853
0.23603187501430511
0.09809804707765579
0.2793456017971039
0.2680160105228424
0.47639375925064087
0.4526369869709015
0.6091700792312622
0.6099105477333069
0.6453492045402527
0.4673198163509369
0.5511638522148132
0.6723036170005798
0.5351501107215881
0.32065409421920776
0.5955527424812317
0.5129497647285461
0.35664787888526917
0.8278037309646606
0.5794979929924011
0.42778417468070984
0.6533498764038086
0.7435507774353027
0.5832158327102661
0.6156334280967712
0.7037457227706909
0.6570194363594055
0.6844423413276672
0.8208640813827515
0.5344153046607971
0.6216796040534973
0.4476577341556549
0.28434818983078003
0.4568251073360443
0.7295129895210266
0.2970848083496094
0.703397274017334
0.5796952247619629
0.7644249200820923
0.7948336005210876
0.5520581603050232
0.7065829634666443
0.3663370609283447
0.5609672665596008
0.4604838788509369
0.6159265637397766
0.7244290113449097
0.4870598614215851
0.26298847794532776
0.1255376785993576
0.16129857301712036
0.49528637528419495
0.20604899525642395
0.44247913360595703
0.34530892968177795
0.39897671341896057
0.439221054315567
0.21935807168483734
0.5108535885810852
0.37069419026374817
0.2786678373813629
0.39275261759757996
0.32309237122535706
0.24581772089004517
0.23825624585151672
0.10016325861215591
0.23157882690429688
0.12731245160102844
0.4791673719882965
0.1669541448354721
0.49091577529907227
0.2719963490962982
0.5528549551963806
0.610761821269989
0.3820193111896515
0.48444998264312744
0.6728934049606323
0.22553065419197083
0.389153391122818
0.2029218226671219
0.22185944020748138
0.13090358674526215
0.2881225347518921
0.3118897080421448
0.5011998414993286
0.23330354690551758
0.2511422038078308
0.08663884550333023
0.11167069524526596
0.17148280143737793
0.4117792248725891
0.2547381818294525
0.46953678131103516
0.7643684148788452
0.5129647254943848
0.6828680038452148
0.6078042984008789
0.4630259871482849
0.1365668922662735
0.1145852655172348
0.09264327585697174
0.1408310979604721
0.19248123466968536
0.07560814172029495
0.0855814665555954
0.09365455061197281
0.27984705567359924
0.17949052155017853
0.24421800673007965
0.1548212319612503
0.23342850804328918
0.2826194763183594
0.186445415019989
0.06781474500894547
0.27101701498031616
0.3073226511478424
0.35444799065589905
0.12529216706752777
0.20317064225673676
0.367239385843277
0.06628377735614777
0.23916274309158325
0.14264139533042908
0.07003933191299438
0.26110056042671204
0.22026892006397247
0.08600286394357681
0.16820600628852844
0.3566146790981293
0.44702884554862976
0.1678755283355713
0.5463212132453918
0.1378510594367981
0.3362569808959961
0.07869366556406021
0.13768020272254944
0.21857808530330658
0.18962809443473816
0.057148516178131104
0.13754360377788544
0.2820712625980377
0.3420516550540924
0.2419973462820053
0.4132758378982544
0.6790682077407837
0.47902289032936096
0.5520821809768677
0.7268760800361633
0.6904018521308899
0.7469744086265564
0.7163261771202087
0.6760994791984558
0.45349857211112976
0.47699499130249023
0.4200439155101776
0.44562721252441406
0.4104922413825989
0.13187740743160248
0.2838543653488159
0.310627281665802
0.5073313117027283
0.17925357818603516
0.23970045149326324
0.34851208329200745
0.2739958167076111
0.18753893673419952
0.269675612449646
0.23145659267902374
0.29219570755958557
0.33829495310783386
0.46506425738334656
0.21514686942100525
0.16304607689380646
0.11475173383951187
0.1857694387435913
0.3207351565361023
0.45260095596313477
0.07861150801181793
0.10085152089595795
0.3455747961997986
0.3404412269592285
0.06479448080062866
0.08178794384002686
0.33998075127601624
0.28114786744117737
0.100356824696064
0.04012215882539749
0.12541338801383972
0.14497984945774078
0.24259400367736816
0.20158211886882782
0.18124672770500183
0.1646541804075241
0.19629958271980286
0.22802455723285675
0.14684231579303741
0.08760956674814224
0.13965460658073425
0.1212921142578125
0.11290878802537918
0.19539794325828552
0.11794064193964005
0.07864413410425186
0.172309011220932
0.10912658274173737
0.0895937904715538
0.08562866598367691
0.07910303771495819
0.11976504325866699
0.10805714875459671
0.06592951714992523
0.051949068903923035
0.09866172820329666
0.09101121872663498
0.12482505291700363
0.1476946622133255
0.1537240594625473
0.20552106201648712
0.28930437564849854
0.21115942299365997
0.16619455814361572
0.24815326929092407
0.15059085190296173
0.4191271960735321
0.18966597318649292
0.12032018601894379
0.2370021641254425
0.2844497859477997
0.14106033742427826
0.18871620297431946
0.09143535047769547
0.3045634627342224
0.49571487307548523
0.5008091926574707
0.6502971053123474
0.743550181388855
0.7944634556770325
0.8019146919250488
0.830033540725708
0.6078457832336426
0.4457801878452301
0.5720702409744263
0.6777896881103516
0.7493188381195068
0.7438560128211975
0.5192745327949524
0.380148321390152
0.22793817520141602
0.6846250891685486
0.6414448618888855
0.517968475818634
0.5219776630401611
0.7555754780769348
0.6931570172309875
0.5805282592773438
0.6208389401435852
0.7727735638618469
0.26910632848739624
0.44262614846229553
0.6642027497291565
0.7523248791694641
0.3713950514793396
0.6625592708587646
0.7427483797073364
0.6161297559738159
0.4271906018257141
0.731744110584259
0.7592044472694397
0.7185185551643372
0.5160647630691528
0.7605584263801575
0.7658055424690247
0.6645538210868835
0.6997802257537842
0.6455389261245728
0.7080777287483215
0.6536843180656433
0.5011060833930969
0.5718321800231934
0.2048044204711914
0.7298218607902527
0.6491937637329102
0.3655490279197693
0.4804878830909729
0.7139248847961426
0.6844313740730286
0.8790569305419922
0.6800373196601868
0.3940838575363159
0.8312292098999023
0.7463165521621704
0.5280101895332336
0.5934873819351196
0.861849844455719
0.8731592297554016
0.7767613530158997
0.7683370113372803
0.7683960199356079
