0.5831936597824097
0.6801387667655945
0.6242501139640808
0.5886756181716919
0.643958330154419
0.65079265832901
0.7301262021064758
0.636218786239624
0.5353400707244873
0.5425078868865967
0.6271915435791016
0.25060907006263733
0.3254750370979309
0.5059589147567749
0.43652430176734924
0.21132908761501312
0.39548343420028687
0.19055379927158356
0.1421600878238678
0.025160739198327065
0.1063917800784111
0.25316086411476135
0.10852652788162231
0.019340474158525467
0.17669765651226044
0.24122373759746552
0.12907718122005463
0.15216314792633057
0.09052546322345734
0.12045661360025406
0.05670726299285889
0.10948437452316284
0.10915032774209976
0.016285570338368416
0.06969121843576431
0.07017790526151657
0.21335788071155548
0.020736705511808395
0.1904047429561615
0.5180151462554932
0.2583848536014557
0.06678088009357452
0.644425094127655
0.6321171522140503
0.1512530893087387
0.6346968412399292
0.4449683725833893
0.6363967061042786
0.4201171100139618
0.13591201603412628
0.5972464680671692
0.4606405794620514
0.47177061438560486
0.1588257998228073
0.09341941028833389
0.08527248352766037
0.1864769458770752
0.3985825777053833
0.6078912019729614
0.2846490144729614
0.5816729664802551
0.25417107343673706
0.461194783449173
0.3928941488265991
0.22296662628650665
0.6210115551948547
0.32811814546585083
0.2751506268978119
0.4846106767654419
0.5531187653541565
0.4988979399204254
0.5666877031326294
0.6984177231788635
0.4579087495803833
0.29346776008605957
0.11411603540182114
0.33239710330963135
0.12508524954319
0.41948843002319336
0.21411831676959991
0.08938740938901901
0.15259164571762085
0.15984219312667847
0.03523525223135948
0.022813310846686363
0.17553181946277618
0.10351472347974777
0.22955720126628876
0.15248258411884308
0.3732587695121765
0.41662147641181946
0.3210991621017456
0.17902542650699615
0.45697933435440063
0.2861692011356354
0.16374196112155914
0.3535730838775635
0.1608228236436844
0.14454524219036102
0.3241603672504425
0.5675867199897766
0.36746945977211
0.3153287470340729
0.1908876746892929
0.25059399008750916
0.542565643787384
0.18448752164840698
0.23691487312316895
0.4330306351184845
0.4811691641807556
0.16568858921527863
0.4314970076084137
0.5737298130989075
0.49807220697402954
0.6849750280380249
0.4961954653263092
0.6237974762916565
0.8074175119400024
0.9245891571044922
0.7655134201049805
0.6726474165916443
0.687134325504303
0.5378769636154175
0.8430542349815369
0.8746490478515625
0.26213493943214417
0.5787988305091858
0.8745978474617004
0.6622049808502197
0.1757785826921463
0.8118093013763428
0.7433423399925232
0.23740331828594208
0.6257040500640869
0.5492367744445801
0.5504906177520752
0.5770947337150574
0.5377181768417358
