0.40120458602905273
0.48799386620521545
0.4375632703304291
0.3733711540699005
0.40333589911460876
0.2452501803636551
0.262939989566803
0.3112603724002838
0.234526127576828
0.23266932368278503
0.3445933163166046
0.2660071849822998
0.11369611322879791
0.1114470437169075
0.47324323654174805
0.10690106451511383
0.08346550166606903
0.20459109544754028
0.44998899102211
0.12940260767936707
0.13463705778121948
0.16269893944263458
0.1428595632314682
0.17450827360153198
0.07600415498018265
0.18077190220355988
0.26757776737213135
0.4715723395347595
0.49549686908721924
0.2749321758747101
0.4694415330886841
0.5547410249710083
0.6702879071235657
0.6075451970100403
0.652168333530426
0.45929431915283203
0.693458080291748
0.7062487602233887
0.5668601989746094
0.8199728727340698
0.8349165916442871
0.81673663854599
0.833271324634552
0.6121771931648254
0.5824247598648071
0.8529871106147766
0.8297722935676575
0.719546914100647
0.6208598017692566
0.7311174869537354
0.5353354215621948
0.42859968543052673
0.7303040027618408
0.5931878685951233
0.5953970551490784
0.3821446895599365
0.597320556640625
0.6201789975166321
0.6304800510406494
0.49736711382865906
0.7394726872444153
0.70147305727005
0.7766035199165344
0.5960659980773926
0.5063183903694153
0.5991628766059875
0.395696759223938
0.173659086227417
0.5029903054237366
0.5473858714103699
0.2249087542295456
0.24523790180683136
0.47054731845855713
0.4793764352798462
0.11445722728967667
0.3603622019290924
0.3244716227054596
0.2001453936100006
0.1404196321964264
0.4114646911621094
0.3773631155490875
0.3408450186252594
0.18967075645923615
0.1672941893339157
0.2688583433628082
0.3795279562473297
0.3633996844291687
0.2766702473163605
0.3940265476703644
0.5125268697738647
0.39789271354675293
0.4231572449207306
0.45860999822616577
0.4933973550796509
0.6187097430229187
0.650209367275238
0.5405380725860596
0.5972853302955627
0.4359520375728607
0.18410120904445648
0.44691362977027893
0.47064462304115295
0.7620800733566284
0.38801851868629456
0.5655016899108887
0.6750791072845459
0.46689504384994507
0.5955560207366943
0.8552592396736145
0.5896580219268799
0.6774906516075134
0.48953449726104736
0.5386244654655457
0.7767214775085449
0.7489159107208252
0.7093023061752319
0.8381717801094055
0.7394269108772278
0.7380747199058533
0.3354647159576416
0.6594527363777161
0.362194687128067
0.6480683088302612
0.4925258457660675
0.32645395398139954
0.27965298295021057
0.22711282968521118
0.08776374906301498
0.0668715089559555
0.0413932278752327
0.03288031741976738
0.07529494911432266
0.03902832418680191
0.016929518431425095
0.0712580680847168
0.25587335228919983
0.29306498169898987
0.1066584661602974
0.125950887799263
0.0784221887588501
0.06280257552862167
0.06524261832237244
0.08502461016178131
0.07406815886497498
0.13518358767032623
0.16461096704006195
0.07144658267498016
0.07289449125528336
0.07172892987728119
0.16107428073883057
0.15503689646720886
0.06266528367996216
0.2934463620185852
0.08088623732328415
0.09013167768716812
0.05828860029578209
0.10910151898860931
0.13814546167850494
0.12294595688581467
0.1298011690378189
0.17087092995643616
0.33380064368247986
0.2326555997133255
0.5580596923828125
0.5655605792999268
0.5253084897994995
0.4911178946495056
0.8392699360847473
0.7034102082252502
0.6612719893455505
0.5597677230834961
0.4555540084838867
0.7143576741218567
0.5452155470848083
0.7196527123451233
0.7015466690063477
0.5572194457054138
0.5701501369476318
0.30798274278640747
0.5140841603279114
0.6509881615638733
0.7810675501823425
0.6072284579277039
0.5233899354934692
0.5356281995773315
0.6928412318229675
0.733009934425354
0.6319944262504578
0.33031001687049866
0.3231502175331116
0.5180291533470154
0.6080819964408875
0.747117817401886
0.7417129278182983
0.5815497636795044
0.5978423953056335
0.7085338830947876
0.6677091717720032
0.6886431574821472
0.5689132809638977
0.7591754198074341
0.4917422831058502
0.4264526665210724
0.33286741375923157
0.3661080300807953
0.2022560089826584
0.3568761646747589
0.4578827917575836
0.5329407453536987
0.469405859708786
0.5299161076545715
0.2851067781448364
0.5078160762786865
0.40753889083862305
0.19704098999500275
0.24980470538139343
0.2901245355606079
0.21150286495685577
0.10290355980396271
0.214759960770607
0.23015597462654114
0.2722373902797699
0.08059593290090561
0.19015128910541534
0.23699112236499786
0.17211024463176727
0.3687071204185486
0.410099595785141
0.24919374287128448
0.19160911440849304
0.34566184878349304
0.2612517178058624
0.32793158292770386
0.43577897548675537
0.5981931090354919
0.5337656736373901
0.5361045002937317
0.49023953080177307
0.4402206242084503
0.3389054834842682
0.39332786202430725
0.29995620250701904
0.1773359477519989
0.08620564639568329
0.2776511609554291
0.14118964970111847
0.1086476519703865
0.09558714926242828
0.08790973573923111
0.10745294392108917
0.14877314865589142
0.12179545313119888
0.12054375559091568
0.45841413736343384
