0.11369694769382477
0.11388237029314041
0.2110864818096161
0.2984040379524231
0.24423715472221375
0.21717171370983124
0.11197946220636368
0.2263694554567337
0.12216917425394058
0.10879005491733551
0.15565688908100128
0.0596475750207901
0.1285797357559204
0.16788943111896515
0.1333523541688919
0.13025963306427002
0.03126522898674011
0.13339698314666748
0.0783645287156105
0.12310203164815903
0.1588779091835022
0.04227418079972267
0.1395023614168167
0.07939068973064423
0.09202030301094055
0.21164163947105408
0.026867398992180824
0.08196137845516205
0.03965257853269577
0.039716560393571854
0.033247966319322586
0.012957140803337097
0.039881717413663864
0.14509199559688568
0.052068643271923065
0.06316374242305756
0.007490893360227346
0.03617977723479271
0.11975771933794022
0.030682047829031944
0.131987065076828
0.02185719832777977
0.0857868418097496
0.18853431940078735
0.060312654823064804
0.09177900105714798
0.027635671198368073
0.2521635591983795
0.29565516114234924
0.5852020978927612
0.5042997598648071
0.47397100925445557
0.5876865386962891
0.3066789209842682
0.1364826112985611
0.04346364364027977
0.03918886557221413
0.004687607288360596
0.04446955397725105
0.019165711477398872
0.023586872965097427
0.03647475689649582
0.010405500419437885
0.10311156511306763
0.17276670038700104
0.022869985550642014
0.022744890302419662
0.015637237578630447
0.0631948709487915
0.18191774189472198
0.06601845473051071
0.16897888481616974
0.030357804149389267
0.17477068305015564
0.3880584239959717
0.04161762818694115
0.050950486212968826
0.00942528247833252
0.07068382203578949
0.16531634330749512
0.020962417125701904
0.08895152807235718
0.018543759360909462
0.14494796097278595
0.08727692812681198
0.025063421577215195
0.060080043971538544
0.020082158967852592
0.0803937241435051
0.1293460875749588
0.051539912819862366
0.18414798378944397
0.03155120089650154
0.21923239529132843
0.15217606723308563
0.0796327292919159
0.09255260974168777
0.03464643657207489
0.13249602913856506
0.24997735023498535
0.051934584975242615
0.08189336210489273
0.028592441231012344
0.09805881977081299
0.37540140748023987
0.44926902651786804
0.44249287247657776
0.32372570037841797
0.43480587005615234
0.3175790309906006
0.30328279733657837
0.2503146231174469
0.20185375213623047
0.026625238358974457
0.1283169537782669
0.027078377082943916
0.14064188301563263
0.03842960670590401
0.059069983661174774
0.05563317611813545
0.051640935242176056
0.13976813852787018
0.017586542293429375
0.13924117386341095
0.37819820642471313
0.046249646693468094
0.04383198916912079
0.021904196590185165
0.11441274732351303
0.05316811800003052
0.028335247188806534
0.0353068932890892
0.006490460596978664
0.04421783611178398
0.059491369873285294
0.022366872057318687
0.04889904707670212
0.013836490921676159
0.03273627161979675
0.028782209381461143
0.0422130785882473
0.08628175407648087
0.030295763164758682
0.10755808651447296
0.09568939357995987
0.04407400265336037
0.08255211263895035
0.01693487912416458
0.18429869413375854
0.05641995742917061
0.019301319494843483
0.014809923246502876
0.008358451537787914
0.02760065346956253
0.016015440225601196
0.01191393006592989
0.03271741047501564
0.006317422725260258
0.02656976506114006
0.03367169573903084
0.02039908431470394
0.10368547588586807
0.04020572081208229
0.05920577794313431
0.17134065926074982
0.12151946127414703
0.1447284072637558
0.07875955104827881
0.1613083928823471
0.10980933159589767
0.04293281212449074
0.05522850900888443
0.019053377211093903
0.11571989953517914
0.030705422163009644
0.058567095547914505
0.048228878527879715
0.025333935394883156
0.27158012986183167
0.18296688795089722
0.10749241709709167
0.21391120553016663
0.1270153671503067
0.16166701912879944
0.17539435625076294
0.2404467761516571
0.34053921699523926
0.5597465634346008
0.6916933655738831
0.37662962079048157
0.18339313566684723
0.2346983551979065
0.3178892135620117
0.37636590003967285
0.20347851514816284
0.18096517026424408
0.29961004853248596
0.5424073934555054
0.6246066689491272
0.8067609667778015
0.6183501482009888
0.577558696269989
0.8500291109085083
0.7242284417152405
0.4835295081138611
0.6280649304389954
0.797591507434845
0.6889315843582153
0.6333243250846863
0.752909243106842
0.7671844363212585
0.8406756520271301
0.86951744556427
0.7975814938545227
0.8738088607788086
0.7818353176116943
