0.1681312769651413
0.19055970013141632
0.2556118369102478
0.16673128306865692
0.2697411775588989
0.19465534389019012
0.20617151260375977
0.07702071964740753
0.11477845162153244
0.009539243765175343
0.031692638993263245
0.005370669532567263
0.005718531087040901
0.007520433980971575
0.026141028851270676
0.014551126398146152
0.0046707806177437305
0.0106110954657197
0.027397995814681053
0.00804323609918356
0.013581995852291584
0.11478547006845474
0.10935872048139572
0.03172304853796959
0.16735787689685822
0.1237107366323471
0.048871006816625595
0.12236955761909485
0.14025314152240753
0.24114485085010529
0.0955192968249321
0.07507488876581192
0.01372056920081377
0.03228611871600151
0.030647331848740578
0.1652590036392212
0.22998745739459991
0.3491422235965729
0.3657324016094208
0.04675804823637009
0.026857586577534676
0.04544353485107422
0.33357948064804077
0.021693283692002296
0.3644345700740814
0.15312956273555756
0.34450051188468933
0.3800492286682129
0.1627916842699051
0.16621102392673492
0.16373977065086365
0.044444240629673004
0.22614331543445587
0.07139497995376587
0.08174688369035721
0.11656240373849869
0.06365394592285156
0.11347394436597824
0.1440490186214447
0.3381686508655548
0.18611380457878113
0.22834178805351257
0.5251379013061523
0.3923806846141815
0.3333183228969574
0.5273599624633789
0.2422473430633545
0.07447787374258041
0.26112693548202515
0.27074071764945984
0.08312899619340897
0.033037569373846054
0.19472113251686096
0.212181955575943
0.06231458857655525
0.0675043836236
0.05746864154934883
0.1516561359167099
0.09487743675708771
0.31014007329940796
0.35811710357666016
0.2879845201969147
0.4213079512119293
0.5158078074455261
0.6410127282142639
0.39413076639175415
0.49562856554985046
0.3495109975337982
0.2032455950975418
0.4390314519405365
0.38215458393096924
0.3424893021583557
0.48267045617103577
0.5213623046875
0.3984834849834442
0.4438498020172119
0.5546979904174805
0.44975408911705017
0.6230984926223755
0.6255388855934143
0.6603648066520691
0.667911946773529
0.6081506013870239
0.5059689283370972
0.5516274571418762
0.48941320180892944
0.23252378404140472
0.3029453158378601
0.2895545959472656
0.17889592051506042
0.12936891615390778
0.22301724553108215
0.11737693846225739
0.07905445992946625
0.10818000137805939
0.27688977122306824
0.11421995609998703
0.03302522748708725
0.12190433591604233
0.10349460691213608
0.09188447892665863
0.026168834418058395
0.0792125016450882
0.10588295012712479
0.021819928660988808
0.016695326194167137
0.12898153066635132
0.11016462743282318
0.030058149248361588
0.024945363402366638
0.10000549256801605
0.5199688673019409
0.3833986520767212
0.06295523047447205
0.3221597969532013
0.26959532499313354
0.07850763201713562
0.18686096370220184
0.08232802897691727
0.07878981530666351
0.44486087560653687
0.16581876575946808
0.04307835176587105
0.10664143413305283
0.44213780760765076
0.2449592500925064
0.21774424612522125
0.0496336966753006
0.30705752968788147
0.45219889283180237
0.06715328246355057
0.044003330171108246
0.36909592151641846
0.22021491825580597
0.08850294351577759
0.05694535747170448
0.24694572389125824
0.0978618860244751
0.2841055691242218
0.2622309923171997
0.04448240250349045
0.06453131139278412
0.39950576424598694
0.2746371328830719
0.07291723042726517
0.11041167378425598
0.23558534681797028
0.21899305284023285
0.02511563152074814
0.06363032013177872
0.07146663218736649
0.0627739205956459
0.1159958615899086
0.07255863398313522
0.07677106559276581
0.4130118191242218
0.3996991813182831
0.1610029637813568
0.6010524034500122
0.44442856311798096
0.19146780669689178
0.07531306147575378
0.020524440333247185
0.030723929405212402
0.10229877382516861
0.009803662076592445
0.011239600367844105
0.09922832995653152
0.08489371091127396
0.014057840220630169
0.05202608183026314
0.10787338763475418
0.11851976066827774
0.08770890533924103
0.13025321066379547
0.05222184956073761
0.20577605068683624
0.2650005519390106
0.1416579633951187
0.3677098751068115
0.3279031813144684
0.26173704862594604
0.5133669972419739
0.38758328557014465
0.275546669960022
0.18424634635448456
0.28548112511634827
0.33581089973449707
0.13893483579158783
0.026171507313847542
0.18456430733203888
0.13453936576843262
0.06207912042737007
0.03200804442167282
0.12291140109300613
0.06637871265411377
0.011374181136488914
0.02165316976606846
0.1756984144449234
0.08453318476676941
0.04147034510970116
0.03932340443134308
0.10162101686000824
0.15353287756443024
0.08822724968194962
0.10335356742143631
0.27529826760292053
0.10715051740407944
0.051347095519304276
0.1604343205690384
0.18236519396305084
0.28600722551345825
0.14598140120506287
0.3540423810482025
0.16507580876350403
0.5531097650527954
0.22433342039585114
0.16642136871814728
0.25376686453819275
0.4508974850177765
0.3930050730705261
0.3794431686401367
0.2226019948720932
0.2145853191614151
0.2336461842060089
0.276266485452652
0.05762520059943199
0.19694466888904572
0.12104088813066483
0.3180941939353943
0.26183244585990906
0.12653982639312744
0.14081650972366333
0.15381425619125366
0.31920596957206726
0.1319994479417801
0.16370843350887299
0.0987691730260849
0.048307739198207855
0.017823025584220886
0.03667949140071869
0.010777419432997704
0.11507172137498856
0.10355613380670547
0.26952147483825684
0.4801258444786072
0.40276527404785156
0.4722375273704529
0.8021128177642822
0.6585424542427063
0.38173604011535645
0.6490834355354309
0.5001130700111389
0.5200859904289246
0.761940062046051
0.8247683644294739
0.7718556523323059
0.9016548991203308
0.9775007963180542
0.9263214468955994
0.6693550944328308
0.949900209903717
0.958659827709198
0.701319694519043
0.79008948802948
0.9558451771736145
0.9061678647994995
0.4816097319126129
0.7996051907539368
0.2394275665283203
0.23530833423137665
0.3047608733177185
0.07931772619485855
0.05854315310716629
0.1054254099726677
0.005736669525504112
0.01721028983592987
0.0016634137136861682
0.005773479584604502
0.005838509649038315
0.03779416158795357
0.031800225377082825
0.031912971287965775
0.007344984449446201
0.027672473341226578
0.12266377359628677
0.066871277987957
0.07097915560007095
0.31531599164009094
0.1318153440952301
0.16132384538650513
0.0854010283946991
0.2290319949388504
0.11949397623538971
0.4953519105911255
0.3282043933868408
0.5244439840316772
0.5535500645637512
0.413688600063324
0.3317539691925049
0.08804138749837875
0.28494229912757874
0.2957306504249573
0.022608544677495956
0.24037112295627594
0.10106371343135834
0.10623333603143692
0.09697430580854416
0.10153927654027939
0.24999114871025085
0.2902590036392212
0.10836189240217209
0.1150687038898468
0.05564170330762863
0.00513958977535367
0.028563423082232475
0.003302201861515641
0.028932133689522743
0.007724384311586618
0.09748104959726334
0.06180723011493683
0.19465796649456024
0.24245421588420868
0.6467702984809875
0.48425382375717163
0.2035614550113678
0.7246547341346741
0.32333555817604065
0.1816539317369461
0.5978642702102661
0.5806538462638855
0.38197678327560425
0.23901401460170746
0.1424725502729416
0.08968569338321686
0.14263427257537842
0.14314503967761993
0.05624561384320259
0.05510317161679268
0.11896129697561264
0.00937100499868393
0.008774113841354847
0.060523491352796555
0.04165823012590408
0.004080089274793863
0.005555883981287479
0.0643627941608429
0.20526853203773499
0.024067148566246033
0.01170438528060913
0.03014793060719967
0.012117099948227406
0.00606944365426898
0.02479930780827999
0.018056169152259827
0.007734379265457392
0.04439137503504753
0.01288592629134655
0.031641799956560135
0.1124936118721962
0.0799422636628151
0.07624142616987228
0.14894400537014008
0.08224181085824966
0.28999871015548706
0.49454063177108765
0.23149964213371277
0.3913559317588806
0.4409410059452057
0.06728880852460861
0.47488918900489807
0.07182701677083969
0.07636509090662003
0.1715332418680191
0.11455336958169937
0.22646856307983398
0.33098357915878296
0.541928768157959
0.7439948916435242
0.5623111128807068
0.24342870712280273
0.19908058643341064
0.1557246297597885
0.25651633739471436
0.7862410545349121
0.6629595160484314
0.40712565183639526
0.6926491856575012
0.6458657383918762
0.5631722211837769
0.5123432278633118
0.5545969605445862
0.30126842856407166
0.5683437585830688
0.2773727476596832
0.17623429000377655
0.14749088883399963
0.10332436114549637
0.27815282344818115
0.026265358552336693
0.048747409135103226
0.14568784832954407
0.20723824203014374
0.4151613116264343
0.294476181268692
0.4022150933742523
0.3437727093696594
0.16872012615203857
0.43698444962501526
0.30443575978279114
0.48648563027381897
0.15997430682182312
0.24754789471626282
0.13673743605613708
0.06001948565244675
0.0696697011590004
0.38464850187301636
0.13282522559165955
0.007827960886061192
0.15137866139411926
0.15780314803123474
0.029842019081115723
0.01810326613485813
0.08676815778017044
0.2707870304584503
0.04383920505642891
0.05092565715312958
0.05676712468266487
0.05026988312602043
0.03783775493502617
0.04066133126616478
0.06404665857553482
0.017660127952694893
0.024916348978877068
0.04296993091702461
0.03703022748231888
0.02289123833179474
0.024561582133173943
