0.026262963190674782
0.01911202445626259
0.0387609489262104
0.011414406821131706
0.007048821542412043
0.0034599080681800842
0.006208636332303286
0.015318830497562885
0.015675025060772896
0.013428677804768085
0.01698274537920952
0.012263595126569271
0.008028523065149784
0.0013717279070988297
0.003190472722053528
0.001259728567674756
0.001409455668181181
0.000825194176286459
0.004625942092388868
0.008967350237071514
0.010479317046701908
0.054873645305633545
0.0317094624042511
0.024723246693611145
0.005889349151402712
0.012235685251653194
0.01672367751598358
0.03733941912651062
0.21501119434833527
0.02691488340497017
0.01385630015283823
0.11827109754085541
0.12503886222839355
0.007859678938984871
0.004457094706594944
0.2500506043434143
0.06548861414194107
0.002245740033686161
0.01232073362916708
0.21207614243030548
0.02492157369852066
0.009836551733314991
0.3419312834739685
0.23639212548732758
0.02617175132036209
0.2638219892978668
0.02608424238860607
0.05488720163702965
0.15663471817970276
0.09834008663892746
0.024796821177005768
0.0293648112565279
0.006563516333699226
0.0025817661080509424
0.0004181815020274371
0.0022498404141515493
0.008573201484978199
0.00948996189981699
0.001498452969826758
0.0039299787022173405
0.002093306975439191
0.0076429941691458225
0.007654635701328516
0.4473978579044342
0.04706256464123726
0.5587108135223389
0.2864907681941986
0.23764126002788544
0.46072831749916077
0.38319143652915955
0.6763426661491394
0.6367955803871155
0.6927502155303955
0.7284702658653259
0.9077487587928772
0.8415701985359192
0.4645802080631256
0.7753562927246094
0.940766453742981
0.8045991063117981
0.4485900104045868
0.9076659083366394
0.9586087465286255
0.7219537496566772
0.44076302647590637
0.7781527638435364
0.8550063967704773
0.2978634834289551
0.30358973145484924
0.9107499718666077
0.568345308303833
0.09016785770654678
0.6115248799324036
0.9543594717979431
0.341135174036026
0.24235381186008453
0.8907701969146729
0.9192227125167847
0.41787755489349365
0.8258979916572571
0.3646342158317566
0.8423817753791809
0.4647964835166931
0.3942703902721405
0.08272287994623184
0.14417272806167603
0.017739998176693916
0.0037697437219321728
0.0008346191607415676
0.007336201146245003
0.0031787666957825422
0.007499751169234514
0.031127747148275375
0.03507230803370476
0.005200137849897146
0.09526870399713516
0.25870296359062195
0.022837094962596893
0.05082981288433075
0.7522084712982178
0.5722363591194153
0.6576128602027893
0.9673765301704407
0.9567888379096985
0.8698632121086121
0.6861759424209595
0.1368236392736435
0.012629559263586998
0.012340361252427101
0.008242369629442692
0.0028013114351779222
0.02159724198281765
0.024136081337928772
0.13964293897151947
0.32141926884651184
0.5524889826774597
0.597842276096344
0.9608619809150696
0.955810546875
0.902195930480957
0.9676317572593689
0.9685538411140442
0.9733594059944153
0.9047533869743347
0.8818151950836182
0.734759509563446
0.8441111445426941
0.6790885329246521
0.9683108925819397
0.9786158800125122
0.8870909214019775
0.5422376394271851
0.9088475108146667
0.973739743232727
0.9277932047843933
0.6824155449867249
0.8239378929138184
0.9872512817382812
0.9880591630935669
0.8890773057937622
0.5678229331970215
0.9864650368690491
0.9710478186607361
0.5604907870292664
0.9042789936065674
0.9909182786941528
0.9668638706207275
0.8578599095344543
0.9330556988716125
0.5200627446174622
0.34062066674232483
0.22401925921440125
0.03722145035862923
0.31461232900619507
0.5336977243423462
0.24052786827087402
0.6900118589401245
0.6539066433906555
0.7160394787788391
0.9202178120613098
0.5948997735977173
0.6810740232467651
0.962459146976471
0.8524237275123596
0.1955006867647171
0.27474918961524963
0.010584794916212559
0.009764996357262135
0.010263299569487572
0.007288642227649689
0.003840357530862093
0.015099706128239632
0.02619997411966324
0.08420806378126144
0.045467060059309006
0.03404388949275017
0.0943581759929657
0.6506101489067078
0.038358937948942184
0.10020416229963303
0.21282348036766052
0.9019043445587158
0.25539347529411316
0.48114433884620667
0.8791148066520691
0.9555270075798035
0.8484671115875244
0.9725224375724792
0.974635124206543
0.9263384342193604
0.8821695446968079
0.9735937118530273
0.9663463234901428
0.9436209201812744
0.9555192589759827
0.9721761345863342
0.978374719619751
0.9786811470985413
0.9104954600334167
0.945454478263855
0.9860056042671204
0.9705072045326233
0.9499847888946533
0.9605706334114075
0.9785904288291931
0.9423092603683472
0.914628803730011
0.9149487614631653
0.9569018483161926
0.9434816837310791
0.9411662220954895
0.9092122316360474
0.9510481953620911
0.9666616916656494
0.9310747981071472
0.9475377202033997
0.9808262586593628
0.9680720567703247
0.9080975651741028
0.9573732018470764
0.9733651280403137
0.954083263874054
0.8500974774360657
0.906505823135376
0.9229289293289185
0.8741703629493713
0.5539969205856323
0.7538083791732788
0.8340648412704468
0.6510106921195984
0.4491409361362457
0.7393747568130493
0.8253587484359741
0.5350581407546997
0.5341945886611938
0.6027935147285461
0.6828511357307434
0.6735170483589172
0.4846174418926239
0.7244174480438232
0.6267246603965759
0.7283416390419006
0.7886390089988708
0.4792949855327606
0.8382654190063477
0.3784917891025543
0.3491697311401367
0.2719324231147766
0.28103184700012207
