0.3872281610965729
0.4481768012046814
0.0936097651720047
0.22957630455493927
0.1591784507036209
0.4682239592075348
0.25834155082702637
0.46225273609161377
0.3911093473434448
0.4572506546974182
0.6090527176856995
0.4835195541381836
0.38556408882141113
0.4857940077781677
0.396857351064682
0.2823392450809479
0.4337266981601715
0.5767307877540588
0.364786297082901
0.4944983720779419
0.49227920174598694
0.6543317437171936
0.5799812078475952
0.6104043126106262
0.738592803478241
0.23906302452087402
0.7932469248771667
0.8092682957649231
0.7140663862228394
0.21870742738246918
0.5636094212532043
0.7158623933792114
0.5952326059341431
0.5206085443496704
0.38245147466659546
0.15664072334766388
0.4171659052371979
0.5104771256446838
0.3409006893634796
0.4968785345554352
0.3011751174926758
0.45779451727867126
0.3690565824508667
0.364350825548172
0.25030481815338135
0.6210560202598572
0.5274690985679626
0.35295572876930237
0.3013235032558441
0.6822657585144043
0.5751862525939941
0.1818942427635193
0.3472367227077484
0.4050735533237457
0.34384241700172424
0.1040300726890564
0.3469695448875427
0.3218366503715515
0.12185629457235336
0.15593774616718292
0.4468582570552826
0.40036535263061523
0.06958555430173874
0.15221677720546722
0.1934136301279068
0.2527367174625397
0.06740466505289078
0.30446508526802063
0.11875041574239731
0.1016593873500824
0.12124481797218323
0.12456797063350677
0.1789364516735077
0.06071613356471062
0.07120721787214279
0.14530643820762634
0.10246323049068451
0.06096811965107918
0.12446628510951996
0.08935421705245972
0.15744538605213165
0.13101327419281006
0.3525765836238861
0.10823514312505722
0.19888722896575928
0.299932062625885
0.32816019654273987
0.15356530249118805
0.3810409903526306
0.21738000214099884
0.5204720497131348
0.263082355260849
0.436436265707016
0.21242964267730713
0.19051653146743774
0.33665376901626587
0.6336954236030579
0.3768618702888489
0.11338932067155838
0.11115728318691254
0.18483074009418488
0.0588790662586689
0.04612687602639198
0.12426311522722244
0.050516922026872635
0.04925302788615227
0.12742063403129578
0.1347465068101883
0.20668555796146393
0.18253520131111145
0.3397711515426636
0.4891369640827179
0.5711201429367065
0.3463486135005951
0.2914659082889557
0.6202412247657776
0.49246031045913696
0.5725449323654175
0.5698934197425842
0.4394264817237854
0.48056310415267944
0.1613277792930603
0.5416138768196106
0.30923932790756226
0.18296997249126434
0.12623029947280884
0.23766997456550598
0.30701664090156555
0.2807055413722992
0.11231597512960434
0.36496269702911377
0.11196058243513107
0.5154097676277161
0.1969415545463562
0.5138319730758667
0.5983494520187378
0.5672199130058289
0.2965446412563324
0.5704411268234253
0.13857702910900116
0.28306442499160767
0.08333234488964081
0.1491551250219345
0.04538344219326973
0.11436237394809723
0.03681977465748787
0.10895485430955887
0.07777976989746094
0.15328538417816162
