0.3964715301990509
0.5785523056983948
0.36039969325065613
0.27486279606819153
0.16404452919960022
0.03582155704498291
0.13717587292194366
0.19645273685455322
0.2417774796485901
0.18071351945400238
0.2309381663799286
0.6373561024665833
0.5878537893295288
0.8600807785987854
0.5362961888313293
0.21030385792255402
0.2649887204170227
0.7637256383895874
0.47143518924713135
0.20316210389137268
0.6192795634269714
0.5538669228553772
0.39964181184768677
0.7336470484733582
0.24473640322685242
0.30750128626823425
0.5419508814811707
0.43017321825027466
0.8515240550041199
0.5063712000846863
0.9409011006355286
0.8193718791007996
0.8627328872680664
0.8227976560592651
0.6886074542999268
0.6079832911491394
0.864459216594696
0.5424593687057495
0.5247712135314941
0.31858474016189575
0.11575819551944733
0.33636632561683655
0.3295552730560303
0.5903881192207336
0.7559362053871155
0.4874626398086548
0.49762091040611267
0.8593044877052307
0.8476256132125854
0.6253663301467896
0.8121197819709778
0.8621819019317627
0.7763469219207764
0.8501620292663574
0.7559447288513184
0.7469809651374817
0.9281631112098694
0.8660885095596313
0.7383596897125244
0.7831666469573975
0.4583215117454529
0.3044242560863495
0.07953725010156631
0.11833320558071136
0.09676710516214371
0.16223883628845215
0.17716249823570251
0.16944070160388947
0.21640393137931824
0.4674120545387268
0.6062783002853394
0.3413844704627991
0.8335750699043274
0.7965229153633118
0.929103434085846
0.9210846424102783
0.9153871536254883
0.9446514844894409
0.9435235261917114
0.8982341885566711
0.9624726176261902
0.9760125279426575
0.8973685503005981
0.8839157819747925
0.6644209027290344
0.6601658463478088
0.7780569195747375
0.8580387830734253
0.7210434079170227
0.8713545799255371
0.6871089339256287
0.8959994912147522
0.8225319385528564
0.7135730385780334
