0.11864510923624039
0.10548024624586105
0.01730557344853878
0.009066806174814701
0.012346711941063404
0.014375133439898491
0.025279153138399124
0.0877937451004982
0.3510810136795044
0.2220245897769928
0.21592272818088531
0.35437682271003723
0.6279842853546143
0.9459949135780334
0.35499006509780884
0.21003945171833038
0.959881603717804
0.9451810121536255
0.20711570978164673
0.7701466679573059
0.989155650138855
0.952692449092865
0.2264978587627411
0.9234875440597534
0.9822561740875244
0.8425660729408264
0.7214238047599792
0.6010745167732239
0.3553471565246582
0.22062928974628448
0.2536405622959137
0.0700421929359436
0.01985761523246765
0.01847178302705288
0.24738545715808868
0.1524060219526291
0.17764973640441895
0.09699918329715729
0.38274258375167847
0.1333872377872467
0.3159717619419098
0.32744836807250977
0.7913380265235901
0.9379949569702148
0.8182885646820068
0.9358318448066711
0.7356139421463013
0.5702710151672363
0.6423075199127197
0.09485718607902527
0.24342066049575806
0.050469089299440384
0.04834569990634918
0.038098033517599106
0.07454477250576019
0.0719221979379654
0.016285553574562073
0.0355200469493866
0.03588079661130905
0.11712218821048737
0.1553017497062683
0.04750615358352661
0.10216713696718216
0.0078422324731946
0.010962534695863724
0.013557704165577888
0.012098230421543121
0.042713712900877
0.08130364865064621
0.3039166033267975
0.7741904258728027
0.0740029588341713
0.09140181541442871
0.8388569951057434
0.7295778393745422
0.16055145859718323
0.6249063611030579
0.8812888860702515
0.25845104455947876
0.5297827124595642
0.07396251708269119
0.04753437265753746
0.170811727643013
0.11318925023078918
0.040443941950798035
0.03557664528489113
0.38686835765838623
0.12878566980361938
0.012751108035445213
0.07153847813606262
0.24520161747932434
0.06724570691585541
0.16718599200248718
0.04901869595050812
0.03078688494861126
0.011699429713189602
0.024348203092813492
0.019379306584596634
0.07860194146633148
0.13407844305038452
0.225937157869339
0.020803026854991913
0.05319070816040039
0.3322460949420929
0.06991315633058548
0.05686941370368004
0.4006958305835724
0.5001973509788513
0.18636645376682281
0.6459394097328186
0.3190425932407379
0.16064488887786865
0.3825538456439972
0.22417818009853363
0.13649670779705048
0.12455807626247406
0.03862285241484642
0.1270807534456253
0.11534898728132248
0.562576949596405
0.8603606820106506
0.9118556976318359
0.4108562469482422
0.59175044298172
0.8476489782333374
0.7638238072395325
0.046699393540620804
0.5158155560493469
0.8380131125450134
0.4398464262485504
0.21395179629325867
0.11097431182861328
0.17074258625507355
0.35525384545326233
0.2122347503900528
0.5474019050598145
0.40085166692733765
0.5134832859039307
0.23480364680290222
0.08589103817939758
0.19939662516117096
0.08218077570199966
0.11449632793664932
0.05698568373918533
0.09517323225736618
0.062055427581071854
0.08143109828233719
0.10616324096918106
0.601909339427948
0.8355156183242798
0.9017730355262756
0.9023844599723816
0.3630284368991852
0.7465077042579651
0.9689958691596985
0.46639692783355713
0.13795407116413116
0.41859638690948486
0.9201244711875916
0.4423256814479828
0.09926910698413849
0.6420233249664307
0.593066394329071
0.19495652616024017
0.29333996772766113
0.8102720379829407
