0.35841768980026245
0.5385759472846985
0.5906119346618652
0.4895433783531189
0.5919949412345886
0.13760502636432648
0.23886336386203766
0.16249459981918335
0.2076631784439087
0.39907923340797424
0.11320330202579498
0.09403235465288162
0.4646665155887604
0.5723799467086792
0.4565015435218811
0.7083858847618103
0.8890455961227417
0.8768348097801208
0.9257838129997253
0.8970666527748108
0.6437962651252747
0.9359148740768433
0.8732816576957703
0.9238808155059814
0.7308903336524963
0.7027673125267029
0.7567409873008728
0.2944742739200592
0.40998923778533936
0.17390036582946777
0.03899146243929863
0.37609314918518066
0.5726389288902283
0.11993642896413803
0.2168235331773758
0.13320505619049072
0.21363921463489532
0.5493953824043274
0.36448970437049866
0.24529102444648743
0.08101101964712143
0.7192605137825012
0.36323702335357666
0.22855377197265625
0.5407178401947021
0.4768489897251129
0.542363166809082
0.38560956716537476
0.8669381141662598
0.7084590196609497
0.63947993516922
0.7943748831748962
0.7804765105247498
0.7802773118019104
0.9767830967903137
0.9777976274490356
0.970480740070343
0.9735206961631775
0.9780983328819275
0.97349613904953
0.9746058583259583
0.9707728624343872
0.9617756009101868
0.9361146092414856
0.95191490650177
0.9068223237991333
0.6722664833068848
0.829799234867096
0.5222862958908081
0.40753138065338135
0.8126716017723083
0.1651633381843567
0.7079337239265442
0.09213719516992569
0.3704223036766052
0.14298008382320404
0.4494057297706604
0.27870094776153564
0.2838248610496521
0.6227882504463196
0.3741024434566498
0.31570330262184143
0.7286080121994019
0.8197438716888428
0.21711686253547668
0.11865577846765518
0.68401700258255
0.7624824643135071
0.2418803870677948
0.20076456665992737
0.8744106292724609
0.7005298733711243
0.664595901966095
0.8953927159309387
0.7398977875709534
0.6731498837471008
0.960308313369751
0.976547360420227
0.7673800587654114
0.958639919757843
0.9316003918647766
0.9639955163002014
0.8824424147605896
0.7895253300666809
0.8571427464485168
0.8455681204795837
0.8337996006011963
0.8479467034339905
0.8690995573997498
0.6377633810043335
0.6462527513504028
0.5968878269195557
0.2639363706111908
0.8546562194824219
0.2525843679904938
0.803346574306488
0.1919749528169632
0.823718786239624
0.17908142507076263
0.6765325665473938
0.3268331289291382
0.6579917669296265
0.3272720277309418
0.30711615085601807
0.08327082544565201
0.3614462912082672
0.15522851049900055
0.12993472814559937
0.24724245071411133
0.23740074038505554
0.292766273021698
0.08505768328905106
0.43074169754981995
0.29164332151412964
0.341013640165329
0.14745469391345978
0.3647103011608124
0.25431951880455017
0.5117320418357849
0.679429292678833
0.5387924313545227
0.7928575873374939
0.7514768838882446
0.8784758448600769
0.9198989868164062
0.9019424915313721
0.9464535117149353
0.9587670564651489
0.9608527421951294
0.9733374118804932
0.9648944139480591
0.9643335342407227
0.9511712193489075
0.9586181640625
0.9646615982055664
0.893396258354187
0.8804043531417847
0.6582315564155579
0.8024405837059021
