0.1275257021188736
0.05184423178434372
0.28646159172058105
0.32884103059768677
0.4732133448123932
0.4548335671424866
0.540142834186554
0.7629813551902771
0.5241373181343079
0.4200654625892639
0.757123589515686
0.5380765199661255
0.4724093973636627
0.5434846878051758
0.5057142972946167
0.2666541635990143
0.4085179269313812
0.27099573612213135
0.3475104868412018
0.25737735629081726
0.2031814604997635
0.34789717197418213
0.1136586144566536
0.5193570852279663
0.1547672152519226
0.18506307899951935
0.40857863426208496
0.16892096400260925
0.101307712495327
0.2070099264383316
0.32701483368873596
0.755882740020752
0.8855274319648743
0.41650402545928955
0.7287877798080444
0.3707083761692047
0.6517748236656189
0.3807782232761383
0.8431044816970825
0.8977586030960083
0.7811139225959778
0.8587692379951477
0.9782229661941528
0.9659256339073181
0.9671375751495361
0.9926084876060486
0.985361635684967
0.8690128326416016
0.8171269297599792
0.81745845079422
0.9802676439285278
0.9692102074623108
0.9798973202705383
0.951763391494751
0.8753935694694519
0.7531979084014893
0.2025650143623352
0.6646879315376282
0.08718272298574448
0.37676897644996643
0.1022801399230957
0.23959943652153015
0.09503500908613205
0.5222796201705933
0.4472338855266571
0.15240460634231567
0.15201900899410248
0.04596584290266037
0.08676282316446304
0.12782593071460724
0.09713014215230942
0.10452157258987427
0.10535720735788345
0.07172178477048874
0.028101064264774323
0.11286762356758118
0.2849039137363434
0.0619705505669117
0.05366206169128418
0.2387767881155014
0.13269461691379547
0.10615239292383194
0.47195592522621155
0.8958417177200317
0.8062090873718262
0.8749956488609314
0.3000659942626953
0.3345385193824768
0.13783247768878937
0.4181707799434662
0.32577887177467346
0.1517808884382248
0.10425963252782822
0.13405868411064148
0.21494454145431519
0.07508666813373566
0.14113454520702362
0.1804720163345337
0.15966592729091644
0.1195654347538948
0.09218499809503555
0.1422668695449829
0.037035081535577774
0.016393642872571945
0.05534427985548973
0.15798436105251312
0.03063070774078369
0.0311724916100502
0.14682526886463165
0.271498441696167
0.35525014996528625
0.1710379272699356
0.6833231449127197
0.05192340537905693
0.7268279194831848
0.11148873716592789
0.6861704587936401
0.10711855441331863
0.5941745638847351
0.787915825843811
0.6901946067810059
0.9572853446006775
0.8647024035453796
0.8917884826660156
0.9276971817016602
0.9850891828536987
0.9562005996704102
0.9076612591743469
0.9259778261184692
0.8192318081855774
0.7861345410346985
0.6871969103813171
0.6623663306236267
0.6914705634117126
0.6815893054008484
0.40849417448043823
0.7318108081817627
0.20223970711231232
0.8206450939178467
0.07352031022310257
0.6796613931655884
0.07891509681940079
0.6803105473518372
0.6060831546783447
0.789688766002655
0.8313086628913879
0.8261020183563232
0.49189749360084534
0.362266480922699
0.7224739193916321
0.5299897193908691
0.62412029504776
0.3381856381893158
0.4429437220096588
0.6122034788131714
0.2812017500400543
0.11825954914093018
0.06460200250148773
0.14290443062782288
0.044619351625442505
0.20224133133888245
0.5023888945579529
0.5401492714881897
0.9122441411018372
0.9416462779045105
0.854287326335907
0.9455167055130005
0.828041672706604
0.881208062171936
0.8417407870292664
0.8678456544876099
0.9105526804924011
0.9705118536949158
0.9638531804084778
0.9152107238769531
0.8125157356262207
0.8152804970741272
0.7642735242843628
0.7101555466651917
0.906184732913971
0.9646642804145813
0.9494842886924744
0.9618538618087769
0.9645366668701172
0.8305248022079468
0.685407280921936
0.9612463712692261
0.9563798904418945
0.2880457937717438
0.857617199420929
0.9630508422851562
0.65334153175354
0.14497323334217072
0.8944012522697449
0.9108548760414124
0.710028350353241
0.44524145126342773
0.34624722599983215
0.5535963773727417
0.31448882818222046
0.1342153400182724
0.18877561390399933
0.23184286057949066
0.5105487704277039
0.39832884073257446
0.7218990325927734
0.6318340301513672
0.4935973584651947
0.20777185261249542
0.09424189478158951
0.13562415540218353
0.31840023398399353
0.14146754145622253
0.46986544132232666
0.4495706558227539
0.21255835890769958
0.028365906327962875
0.021492570638656616
0.011487694457173347
0.010378111153841019
0.008741125464439392
0.02814616449177265
0.0477040559053421
0.0171371903270483
0.013568061403930187
0.00436315406113863
0.025456052273511887
0.020655086264014244
0.09726415574550629
0.5031336545944214
0.6995790600776672
0.33828115463256836
0.34085166454315186
0.6680368781089783
0.48474326729774475
0.07881896942853928
0.0974557027220726
0.057925060391426086
0.05514800176024437
0.10739258676767349
0.038945797830820084
0.005472155287861824
0.03282373771071434
0.06819311529397964
0.012953858822584152
0.008997869677841663
0.09512805938720703
0.05934309959411621
0.0561402253806591
0.05172600597143173
0.03501860052347183
0.034174323081970215
0.013745283707976341
0.05732080712914467
0.09586505591869354
0.12800392508506775
0.31544801592826843
0.10911557823419571
0.15504275262355804
0.41793131828308105
0.23828983306884766
0.06708404421806335
0.0882156640291214
0.4239601194858551
0.08655527234077454
0.021036114543676376
0.03720560297369957
0.01836228556931019
0.018546830862760544
0.0127671854570508
0.02249387837946415
0.013969732448458672
0.11302093416452408
0.35605886578559875
0.4751597046852112
0.2466825395822525
0.12817327678203583
0.03487425297498703
0.09838642925024033
0.0381181463599205
0.04553895816206932
0.04092848673462868
0.052364230155944824
0.07121176272630692
0.32965338230133057
0.21525394916534424
0.1263009011745453
0.15600763261318207
0.046005863696336746
0.06083020195364952
0.12960614264011383
0.09115664660930634
0.142721489071846
0.10827825218439102
0.032239045947790146
0.05505220964550972
0.01991337165236473
0.014113849960267544
0.12020190805196762
0.023577438667416573
0.008160454221069813
0.28465431928634644
0.09868667274713516
0.10270468145608902
0.07683497667312622
0.42154183983802795
0.13677558302879333
0.11006508022546768
0.16579197347164154
0.5239222645759583
0.3087397813796997
0.48749786615371704
0.29240238666534424
0.23866060376167297
0.07293162494897842
0.37061288952827454
0.3793255388736725
0.11772871017456055
0.21566562354564667
0.3359455466270447
