0.5021441578865051
0.654139518737793
0.7439716458320618
0.7676094174385071
0.9010675549507141
0.8636647462844849
0.8451346158981323
0.8668296337127686
0.667738676071167
0.8946669697761536
0.7582871317863464
0.7343989610671997
0.7973592877388
0.7042061686515808
0.71333909034729
0.5869269967079163
0.7575137615203857
0.644981861114502
0.6333382725715637
0.6799551844596863
0.6511548161506653
0.556350827217102
0.472402960062027
0.48612478375434875
0.5395060777664185
0.5831300616264343
0.6198151707649231
0.745790421962738
0.5153153538703918
0.365446001291275
0.6456529498100281
0.6012975573539734
0.4566114842891693
0.4943062961101532
0.6593793034553528
0.7212151288986206
0.6853229403495789
0.651282548904419
0.8198590278625488
0.7191163897514343
0.6665303707122803
0.7554681897163391
0.5814133882522583
0.7757722735404968
0.4412652254104614
0.7263709902763367
0.7161118388175964
0.7250850200653076
0.7797773480415344
0.8838756084442139
0.8981078267097473
0.8586845397949219
0.7725282311439514
0.6919578909873962
0.830656111240387
0.5668250322341919
0.5894883275032043
0.5513244867324829
0.833301842212677
0.5825536847114563
0.7192465662956238
0.8086304664611816
0.8048388957977295
0.7133775353431702
0.6963895559310913
0.456668496131897
0.7019988894462585
0.7564250826835632
0.7907191514968872
0.7532094717025757
0.7347991466522217
0.6930687427520752
0.7024948596954346
0.5610210299491882
0.5898911356925964
0.8544443249702454
0.6009095311164856
0.8915228247642517
0.8465126752853394
0.7020055651664734
0.8763311505317688
0.9156443476676941
0.89891517162323
0.8587329983711243
