0.03386147692799568
0.07117695361375809
0.013706148602068424
0.01968841627240181
0.013552350923418999
0.033548738807439804
0.02983366884291172
0.41604313254356384
0.33445554971694946
0.3655928671360016
0.7192826867103577
0.6458101868629456
0.7851932644844055
0.8345966339111328
0.7352068424224854
0.6922898888587952
0.6769713163375854
0.5738033652305603
0.3479112684726715
0.3819859027862549
0.3530424237251282
0.29262709617614746
0.3285186290740967
0.4365066885948181
0.560645580291748
0.5076317191123962
0.7449119091033936
0.6335456967353821
0.7327713966369629
0.7094442248344421
0.6822881102561951
0.6775373816490173
0.6708983182907104
0.3437426686286926
0.26695480942726135
0.7694284319877625
0.5255782604217529
0.08157054334878922
0.5487669706344604
0.6002298593521118
0.025321777909994125
0.12136095017194748
0.3604479432106018
0.19927765429019928
0.01305276621133089
0.22838722169399261
0.3413921892642975
0.08783558756113052
0.16180917620658875
0.41685640811920166
0.1378713846206665
0.10835199058055878
0.05407216399908066
0.022923151031136513
0.07516583055257797
0.010326891206204891
0.018961453810334206
0.013777825981378555
0.03765230253338814
0.03799562528729439
0.19527208805084229
0.22911782562732697
0.490455687046051
0.384941965341568
0.668561577796936
0.16720029711723328
0.196411594748497
0.4790659546852112
0.15188005566596985
0.051712069660425186
0.24877892434597015
0.41816627979278564
0.0390576608479023
0.07975391298532486
0.19468581676483154
0.416868656873703
0.20639272034168243
0.034399259835481644
0.22097735106945038
0.10292286425828934
0.0324154831469059
0.0821654349565506
0.08377455174922943
0.0867634117603302
0.1626790165901184
0.260773628950119
0.7732216119766235
0.1626407504081726
0.3006996810436249
0.42564302682876587
0.5299126505851746
0.3559234142303467
0.5654225945472717
0.6412250995635986
0.7571199536323547
0.24399890005588531
0.3125911056995392
0.2666253447532654
0.5453053712844849
0.21211440861225128
0.17312689125537872
0.12060856819152832
0.21730691194534302
0.11247769743204117
0.08553740382194519
0.3169821798801422
0.1611207276582718
0.20924033224582672
0.11002601683139801
0.08106891065835953
0.12939311563968658
0.1281994730234146
0.09504672139883041
0.06810186803340912
0.06463116407394409
0.10093415528535843
0.2562054991722107
0.8545411229133606
0.8150107264518738
0.6015663146972656
0.8169906139373779
0.7843968272209167
0.8798359632492065
0.9483979344367981
0.9004958271980286
0.8332579731941223
0.925080418586731
0.5008958578109741
0.25816309452056885
0.8612465858459473
0.852379322052002
0.08197586238384247
0.24309740960597992
0.9623134732246399
0.8849193453788757
0.27127841114997864
0.7608024477958679
0.6315076947212219
0.8397310972213745
0.7023404240608215
0.4897371828556061
0.7826029658317566
0.6131015419960022
0.11366084218025208
0.5931878089904785
0.3733363151550293
0.13526040315628052
0.1897939294576645
0.16206586360931396
0.17771100997924805
0.13341689109802246
0.16512317955493927
0.1307542473077774
0.10360918939113617
0.1470697671175003
0.06336355209350586
0.5058757662773132
0.52085280418396
0.7440194487571716
0.8802816867828369
0.9399980902671814
0.9079397320747375
0.8757621049880981
0.8494738936424255
0.7891468405723572
0.6864104270935059
0.766605019569397
0.5096812844276428
0.454061359167099
0.45784425735473633
0.19849081337451935
0.2585515081882477
0.25070688128471375
0.22015750408172607
0.145575150847435
0.3130345940589905
0.11382937431335449
0.578400194644928
0.7715485692024231
0.27687332034111023
0.7670976519584656
0.8029876351356506
0.809836208820343
0.7717494964599609
0.9072607755661011
0.4830702245235443
0.6914352774620056
0.8410106897354126
0.7805163860321045
0.1247510015964508
0.48897308111190796
0.6161431074142456
0.3554815351963043
0.061913926154375076
0.5959553122520447
0.4493829905986786
0.09393356740474701
0.18817737698554993
0.17061369121074677
0.13447023928165436
0.20738476514816284
0.2750847041606903
0.21947608888149261
0.07762296497821808
0.26303231716156006
0.1841963529586792
0.114040307700634
0.3316219449043274
0.18143193423748016
0.2708567976951599
0.3744205832481384
0.6013711094856262
0.5503600835800171
0.1222054734826088
0.08075395971536636
0.7125625014305115
0.47391971945762634
0.15457388758659363
0.274970144033432
0.8423311710357666
0.8447563648223877
0.8035241961479187
0.8714852333068848
0.9160602688789368
0.8498153686523438
0.8321802020072937
0.7941648960113525
0.371351420879364
0.44198957085609436
0.2933925688266754
0.23424090445041656
0.1521611213684082
0.20621877908706665
0.3995235562324524
0.3703511655330658
0.43867748975753784
0.4018939435482025
0.6869825720787048
0.3759309649467468
0.46830931305885315
0.17560520768165588
0.38794979453086853
0.28315141797065735
0.5612015128135681
0.2518411874771118
0.0995112881064415
0.1857716590166092
0.45095959305763245
0.17682451009750366
0.09923111647367477
0.33214274048805237
0.25713664293289185
0.04750123992562294
0.21427054703235626
0.25018006563186646
0.16553454101085663
0.12449958920478821
0.19290508329868317
0.2750328779220581
0.31458142399787903
0.2516562044620514
0.23129363358020782
0.19541563093662262
