0.5826681852340698
0.687213659286499
0.44965872168540955
0.42951828241348267
0.6419681310653687
0.6774718761444092
0.47769927978515625
0.48999473452568054
0.8559980392456055
0.834082305431366
0.7313613295555115
0.8831184506416321
0.9261192679405212
0.7609547972679138
0.8370189070701599
0.9383816123008728
0.9201924204826355
0.8436076045036316
0.8880146145820618
0.9414039254188538
0.8876879811286926
0.9105054140090942
0.9653398990631104
0.9530578255653381
0.8801562190055847
0.9386370778083801
0.8384416699409485
0.8629158139228821
0.8033130764961243
0.7302911281585693
0.6626859307289124
0.8209511041641235
0.8454864621162415
0.6269267201423645
0.6652867794036865
0.8801972270011902
0.8193472623825073
0.7946154475212097
0.6998884677886963
0.7260571122169495
0.6668204069137573
0.6794233918190002
0.8108483552932739
0.7611733675003052
0.8271986246109009
0.9134732484817505
0.8292067646980286
0.47367265820503235
0.6701801419258118
0.9317660927772522
0.7219946980476379
0.5666270852088928
0.8173811435699463
0.8680701851844788
0.532654881477356
0.7207476496696472
0.898545503616333
0.8032138347625732
0.6834873557090759
0.7960109114646912
0.7030606269836426
0.7098419070243835
