0.8409528136253357
0.6751759648323059
0.885748028755188
0.3572655916213989
0.6548089981079102
0.4330802261829376
0.24370254576206207
0.19300954043865204
0.30024710297584534
0.07186359912157059
0.15424813330173492
0.169479101896286
0.16046620905399323
0.17968352138996124
0.08318228274583817
0.19723759591579437
0.02247297391295433
0.2125208079814911
0.0861053392291069
0.5137643814086914
0.3892356753349304
0.5872922539710999
0.6491735577583313
0.46695300936698914
0.8223361968994141
0.6541152000427246
0.6342374086380005
0.7464861273765564
0.5178645849227905
0.3937510550022125
0.2605665326118469
0.2237631231546402
0.05426039919257164
0.23597672581672668
0.02926231175661087
0.005221010185778141
0.006566223688423634
0.0009651931468397379
0.00834715273231268
0.0017915477510541677
0.010844367556273937
0.021723123267292976
0.19266338646411896
0.18821187317371368
0.1939729005098343
0.4270104467868805
0.6909611821174622
0.31221601366996765
0.29475337266921997
0.45465517044067383
0.6028452515602112
0.11930999904870987
0.19510719180107117
0.8003666996955872
0.6171877980232239
0.15192128717899323
0.17505349218845367
0.87618488073349
0.8251362442970276
0.1088768020272255
0.5027006268501282
0.8630198836326599
0.4645954370498657
0.379789263010025
0.2378118634223938
0.08200541883707047
0.045039381831884384
0.01626015082001686
0.04774390906095505
0.015794698148965836
0.13387474417686462
0.04835139960050583
0.19603796303272247
0.34826651215553284
0.27749213576316833
0.4430716335773468
0.3330598771572113
0.4169677197933197
0.26470524072647095
0.18898141384124756
0.07529236376285553
0.20548833906650543
0.1729101687669754
0.1587609350681305
0.031005436554551125
0.05412830784916878
0.1101391538977623
0.047574061900377274
0.003346965881064534
0.04564192518591881
0.04910057783126831
0.004849905613809824
0.006320797838270664
0.08698699623346329
0.22345706820487976
0.02026311308145523
0.05096232891082764
0.1489151567220688
0.06886909157037735
0.033540841192007065
0.08226826786994934
0.13670261204242706
0.15834107995033264
0.14184002578258514
0.024867422878742218
0.029880186542868614
0.020717540755867958
0.031513288617134094
0.029079772531986237
0.003328417893499136
0.004858752246946096
0.0014146603643894196
0.002834864892065525
0.0006104318890720606
0.0137936444953084
0.03200412541627884
0.018848013132810593
0.0028614092152565718
0.0037452818360179663
0.06828676909208298
0.008791455067694187
0.0003729901509359479
0.006390570197254419
0.079258032143116
0.015542672947049141
0.007384635508060455
0.013560008257627487
0.05191247910261154
0.05368315055966377
0.02751907892525196
0.07675658166408539
0.03916938975453377
0.07596459239721298
0.07821758836507797
0.04864589869976044
0.050271954387426376
0.19088180363178253
0.0960061252117157
0.13447757065296173
0.04642917215824127
0.0751350000500679
0.18730652332305908
0.12282774597406387
0.10846865177154541
0.0315215066075325
0.04023011773824692
0.006074167788028717
0.009769047610461712
0.0062398482114076614
0.001672165933996439
0.0019268550677224994
0.0005928761675022542
0.0059278421103954315
0.05822665989398956
0.02203153260052204
0.032017309218645096
0.03170100599527359
0.09306764602661133
0.08333416283130646
0.30194321274757385
0.145247682929039
0.3027264177799225
0.23278607428073883
0.12391897290945053
0.3673212230205536
0.18897713720798492
0.16177108883857727
0.2841038107872009
0.188288614153862
0.09451577812433243
0.16278564929962158
0.24653410911560059
0.13551245629787445
0.07213518023490906
0.14779067039489746
0.09696386009454727
0.10849914699792862
0.18293637037277222
0.10293599218130112
0.15404431521892548
0.0504886694252491
0.021970288828015327
0.20821304619312286
0.38686317205429077
0.07400538772344589
0.01586003601551056
0.04252281039953232
0.13011665642261505
0.02584049664437771
0.009146011434495449
0.010770094580948353
0.06267032027244568
0.011724192649126053
0.07435064762830734
0.06737663596868515
0.1480945497751236
0.26756325364112854
0.38666439056396484
0.8895875215530396
0.8505117297172546
0.3397144377231598
0.8634679913520813
0.6684715747833252
0.18048448860645294
0.5626346468925476
0.9006926417350769
0.8728187084197998
0.0790325254201889
0.18741725385189056
0.9647482633590698
0.5549900531768799
0.01797536388039589
0.8124998211860657
0.9544535875320435
0.22150084376335144
0.13000045716762543
0.9470703601837158
0.7838772535324097
0.22497762739658356
0.5875325202941895
0.2950461506843567
0.600898802280426
0.5362948179244995
0.6499574780464172
0.915874183177948
0.8803930282592773
0.9109085202217102
0.8614891171455383
0.9113914966583252
0.8581374883651733
0.5771344304084778
0.7670748829841614
0.608312726020813
0.4162556231021881
0.3751402199268341
0.30466458201408386
0.5141813158988953
0.34345266222953796
0.6167701482772827
0.8154334425926208
0.8252871632575989
0.30949777364730835
0.5929211378097534
0.7220023274421692
0.7645084857940674
0.7703214287757874
0.7629496455192566
0.6970667243003845
0.7315478920936584
0.5392012000083923
0.7333070039749146
0.4918174743652344
0.8324677348136902
0.8574711680412292
0.3951209783554077
0.5893632173538208
0.8863576054573059
0.5252156257629395
0.4198271632194519
0.8187748193740845
0.8637135624885559
0.13648755848407745
0.3561621308326721
0.7881149053573608
0.520003080368042
0.03256339207291603
0.3251454532146454
0.7930015921592712
0.2736077606678009
0.044598910957574844
0.07028219103813171
0.23822423815727234
0.1573527604341507
0.17706196010112762
0.3677702844142914
0.7149108052253723
