0.01461249403655529
0.030696216970682144
0.05048577859997749
0.055974431335926056
0.08038956671953201
0.10862523317337036
0.08975076675415039
0.0629483163356781
0.17358535528182983
0.14953255653381348
0.07054439932107925
0.15312713384628296
0.1820402592420578
0.12743763625621796
0.10780677199363708
0.29141765832901
0.2168261557817459
0.10601290315389633
0.24664275348186493
0.3441576063632965
0.1693258434534073
0.2083349972963333
0.5299519896507263
0.37481266260147095
0.3299422860145569
0.3918062746524811
0.33767932653427124
0.2652422785758972
0.33083072304725647
0.5260696411132812
0.6214815974235535
0.6763821840286255
0.7700952291488647
0.7602217197418213
0.8057422637939453
0.8256576061248779
0.8105328679084778
0.8797538876533508
0.8434507250785828
0.914251983165741
0.8251239061355591
0.8803887963294983
0.6855072379112244
0.4396441876888275
0.24109718203544617
0.08479229360818863
0.1853969693183899
0.2567884027957916
0.6413025259971619
0.26175081729888916
0.763592541217804
0.37242379784584045
0.8902609348297119
0.5568747520446777
0.9197455644607544
0.8100592494010925
0.7490274906158447
0.5824143290519714
0.6539231538772583
0.517132580280304
0.5248915553092957
0.6281639337539673
0.7485783100128174
0.791898787021637
0.8300676345825195
0.7002425789833069
0.7644363641738892
0.7294203042984009
0.44442832469940186
0.7417585849761963
0.4423524737358093
0.7836859822273254
0.45652666687965393
0.6822102665901184
0.5392249226570129
0.7180279493331909
0.6335191130638123
0.6247714161872864
0.7415350079536438
0.6336391568183899
0.7817548513412476
0.6443795561790466
0.6539709568023682
0.6535289883613586
0.7079492211341858
0.7370914220809937
0.7688370943069458
0.7587979435920715
0.8934759497642517
0.9412890672683716
0.9730216264724731
0.9804050922393799
0.9417170286178589
0.9841561913490295
0.9661869406700134
0.967915415763855
0.9510284066200256
0.7776329517364502
0.7927879691123962
0.5734326243400574
0.695907473564148
0.7859592437744141
0.7096722722053528
0.6996743083000183
0.6197741627693176
0.4372781217098236
0.39220067858695984
0.2969086170196533
0.1718643754720688
0.2040756791830063
0.09614469856023788
0.2432330995798111
0.22240114212036133
0.15413546562194824
0.3674444854259491
0.21506693959236145
0.6308558583259583
0.619276225566864
0.6919383406639099
0.6675175428390503
0.7900921702384949
0.6810421943664551
0.8284671902656555
0.3991743326187134
0.38778188824653625
0.20343245565891266
0.15579809248447418
0.0759526863694191
0.04317830875515938
0.10972338169813156
0.08660288900136948
0.06156792864203453
0.11923151463270187
0.1458745002746582
0.34829241037368774
0.399374783039093
0.4709871709346771
0.5145795941352844
0.4377613961696625
0.4570614993572235
0.294443815946579
0.34193989634513855
0.3279198706150055
