0.01946905255317688
0.064349465072155
0.12812885642051697
0.055850256234407425
0.19669099152088165
0.301109254360199
0.4429645836353302
0.822106659412384
0.9077814221382141
0.8246009945869446
0.20127645134925842
0.11252810060977936
0.23291927576065063
0.15609748661518097
0.3737420439720154
0.07858936488628387
0.02418287843465805
0.3318979740142822
0.4370553195476532
0.0764269307255745
0.0616300031542778
0.5607048869132996
0.2464931756258011
0.01965581625699997
0.15038804709911346
0.21772940456867218
0.12800733745098114
0.14543770253658295
0.05621298775076866
0.08545752614736557
0.013603643514215946
0.00985344871878624
0.01353555265814066
0.00767204025760293
0.03803725913167
0.05081085488200188
0.08196941018104553
0.1118779182434082
0.1895001232624054
0.35522475838661194
0.0933147519826889
0.20246757566928864
0.17163071036338806
0.2494063377380371
0.2653811573982239
0.20733961462974548
0.3508560359477997
0.3673878312110901
0.14541545510292053
0.22260737419128418
0.03472806140780449
0.149465873837471
0.23636767268180847
0.020863095298409462
0.1034853532910347
0.41696810722351074
0.16831031441688538
0.046259570866823196
0.2067413032054901
0.3706670105457306
0.1257922202348709
0.09261087328195572
0.29071044921875
0.10105424374341965
0.11269179731607437
0.16244453191757202
0.22352690994739532
0.2438344955444336
0.08390459418296814
0.03611506149172783
0.042030200362205505
0.1044997051358223
0.09479198604822159
0.24622729420661926
0.14162789285182953
0.22277913987636566
0.31477487087249756
0.7773123979568481
0.6100732684135437
0.637148916721344
0.2421594262123108
0.5133840441703796
0.6100218296051025
0.09056414663791656
0.13935375213623047
0.4264663755893707
0.3935534656047821
0.293302059173584
0.13887058198451996
0.24954833090305328
0.30885449051856995
0.2259877771139145
0.22335171699523926
0.10547689348459244
0.12308326363563538
0.027040958404541016
0.05789678171277046
0.054545920342206955
0.02416124753654003
0.01717667281627655
0.04964207485318184
0.13108277320861816
0.01395335141569376
0.06588063389062881
0.060920264571905136
0.08649276942014694
0.02172345668077469
0.07565069198608398
0.0430472157895565
0.07184789329767227
0.0433061346411705
0.037838246673345566
0.015847811475396156
0.011907353065907955
0.006286746822297573
0.06156767159700394
0.1628653109073639
0.6754149198532104
0.6474186182022095
0.524811327457428
0.5781099200248718
0.9462764859199524
0.7854161262512207
0.7908132076263428
0.3320118188858032
0.41984111070632935
0.7837643623352051
0.667514979839325
0.39338985085487366
0.6728442907333374
0.3135887682437897
0.3762466013431549
0.5225882530212402
0.037972770631313324
0.04019102454185486
0.12850011885166168
0.08102878928184509
0.022039394825696945
0.12382500618696213
0.052436649799346924
0.11869271844625473
0.08115694671869278
0.0810263454914093
0.11708540469408035
0.07019898295402527
0.22573240101337433
0.7013446092605591
0.3661842346191406
0.8026247024536133
0.9260280728340149
0.9321112036705017
0.5994508862495422
0.9068015217781067
0.9836466312408447
0.8525890111923218
0.2842526137828827
0.9777086973190308
0.9855669140815735
0.5093157887458801
0.5926274657249451
0.9817370176315308
0.9437448978424072
0.16557158529758453
0.7743741869926453
0.9114305973052979
0.49472132325172424
0.15056923031806946
0.18381081521511078
0.09952240437269211
0.29589253664016724
0.095243439078331
0.21234571933746338
0.0576324462890625
0.07717146724462509
0.10567606985569
0.19767530262470245
0.4222666025161743
0.37804079055786133
0.2878097593784332
0.20778481662273407
0.362411767244339
0.5046748518943787
0.20465438067913055
0.25625815987586975
0.5625640153884888
0.6245073080062866
0.16383282840251923
0.21259748935699463
0.31026265025138855
0.7763250470161438
0.21524956822395325
0.21748514473438263
0.6065906882286072
0.424647718667984
0.3069559335708618
0.5009644031524658
0.8023326992988586
0.3769887685775757
0.45587316155433655
0.45457252860069275
0.29510805010795593
0.4868696630001068
0.08878305554389954
0.2316785454750061
0.1736307591199875
0.2675153315067291
0.14977897703647614
0.13959543406963348
0.12918993830680847
0.11818598210811615
0.194467693567276
0.12747050821781158
0.06392610818147659
0.09146230667829514
0.2230425626039505
0.06628163903951645
0.15531706809997559
0.11587774753570557
