0.8800565004348755
0.926970362663269
0.896234929561615
0.8610379099845886
0.8398834466934204
0.8226388096809387
0.6689510345458984
0.22554339468479156
0.6241140961647034
0.3045854866504669
0.22562652826309204
0.2998870611190796
0.4342089891433716
0.09388772398233414
0.15540075302124023
0.2716299593448639
0.13560770452022552
0.05630092695355415
0.14070455729961395
0.052753839641809464
0.015756215900182724
0.08132554590702057
0.09142831712961197
0.029862118884921074
0.017117271199822426
0.08163759112358093
0.2967652976512909
0.24805034697055817
0.19738271832466125
0.07227864861488342
0.36723244190216064
0.2823210060596466
0.21045047044754028
0.28196078538894653
0.30452224612236023
0.12752722203731537
0.30922651290893555
0.2543971836566925
0.6245263814926147
0.3966123163700104
0.47175583243370056
0.14907188713550568
0.13569588959217072
0.14688050746917725
0.1813097447156906
0.07470515370368958
0.3184016942977905
0.2933332026004791
0.36695969104766846
0.3346654176712036
0.5046467185020447
0.5058560371398926
0.33842015266418457
0.3622390329837799
0.2709301710128784
0.2984410524368286
0.31492701172828674
0.14072945713996887
0.2517224848270416
0.2871860861778259
0.5645389556884766
0.055196914821863174
0.1783244013786316
0.31781473755836487
0.22035469114780426
0.06540811061859131
0.2377900332212448
0.5632035732269287
0.5178360342979431
0.426898330450058
0.6124220490455627
0.3116040825843811
0.07083981484174728
0.16782137751579285
0.4691503345966339
0.1486358791589737
0.17073708772659302
0.39813917875289917
0.38246649503707886
0.5284835696220398
0.6714662909507751
0.5520107746124268
0.4298956096172333
0.7228727340698242
0.716162919998169
0.6567124128341675
0.49060165882110596
0.7054703235626221
0.5117583274841309
0.7957378029823303
0.8344026803970337
0.9021050333976746
0.41322657465934753
0.7329016923904419
0.3089321553707123
0.5036014318466187
0.3999263346195221
0.769587516784668
0.6846411228179932
0.5271714329719543
0.7320405840873718
0.7314921617507935
0.8099172711372375
0.8833458423614502
0.7526081800460815
0.40573740005493164
0.6236895322799683
0.6635982990264893
0.7512934803962708
0.7158532738685608
0.8537705540657043
0.7569797039031982
0.5340476632118225
0.4307372570037842
0.6230156421661377
0.4006178677082062
0.44280311465263367
0.25908246636390686
0.37136298418045044
0.5033461451530457
0.4982861876487732
0.41819503903388977
0.7424666285514832
0.646074116230011
0.1754787266254425
0.4392296075820923
0.38867077231407166
0.23960444331169128
0.055920202285051346
0.6083304286003113
0.3236421048641205
0.10389930754899979
0.35093405842781067
0.34892362356185913
0.13021576404571533
0.017485378310084343
0.1763351559638977
0.17668332159519196
0.08848070353269577
0.03696903586387634
0.05697441101074219
0.12184229493141174
0.44149988889694214
0.17629095911979675
0.2540147602558136
0.12459327280521393
0.26481541991233826
0.17378921806812286
0.3403247594833374
0.5901719927787781
0.7946051359176636
0.8139010071754456
0.7853806614875793
0.9553384780883789
0.9287857413291931
0.9665377736091614
0.9844467639923096
0.9817038774490356
0.9406197667121887
0.9143920540809631
0.8358342051506042
0.5505226850509644
0.7789735198020935
0.3858790993690491
0.46480169892311096
0.23018069565296173
0.2259310632944107
0.18574021756649017
0.2639453709125519
0.38693124055862427
0.6092268824577332
0.49389341473579407
0.8525134325027466
0.8579845428466797
0.8789556622505188
0.8739399313926697
0.8254258036613464
0.6519221067428589
0.7755897641181946
0.7215923070907593
0.8503832221031189
0.9283905029296875
0.9334262013435364
0.6946379542350769
0.8797829747200012
0.7355412244796753
0.7542280554771423
0.7962669134140015
0.9068374633789062
0.8959522247314453
0.8730229139328003
0.925144612789154
0.9197542667388916
0.8540814518928528
0.36170005798339844
0.8944199681282043
0.9742797017097473
0.593128502368927
0.4577360153198242
0.909708559513092
0.9702961444854736
0.3661960959434509
0.7127870321273804
0.9735013246536255
0.8923916220664978
0.6439887285232544
0.7715553641319275
0.8940316438674927
0.8916416168212891
0.7856752276420593
0.786902129650116
0.5821934938430786
0.6103057861328125
0.4118500351905823
0.2968084216117859
0.4026123285293579
0.2989627420902252
0.3966348469257355
0.5594829320907593
0.555496871471405
0.6940997242927551
0.7497420907020569
0.5106471180915833
0.5645347833633423
0.48065006732940674
0.6562574505805969
0.31518304347991943
0.3120048940181732
0.47644558548927307
0.6607053875923157
0.584475576877594
0.7196101546287537
0.8601441383361816
0.7355630397796631
0.2999393343925476
0.3847149908542633
0.502842128276825
0.6560345888137817
0.36300161480903625
0.7478386759757996
0.7290647029876709
0.3693295419216156
0.5078113079071045
0.7573580145835876
0.6778802871704102
0.43970781564712524
0.6738365888595581
0.7871505618095398
0.705852210521698
