0.3386889100074768
0.3907042443752289
0.6518701910972595
0.5311840176582336
0.35358208417892456
0.6355151534080505
0.6542422771453857
0.5153203010559082
0.3747149109840393
0.756568193435669
0.8154948353767395
0.3177401125431061
0.44110482931137085
0.7878339886665344
0.572156548500061
0.26586177945137024
0.5420911908149719
0.6962884068489075
0.34079501032829285
0.05893661454319954
0.3682406544685364
0.23487427830696106
0.21987061202526093
0.10378441959619522
0.5320747494697571
0.7023383378982544
0.30754637718200684
0.2880137860774994
0.32686805725097656
0.6442010402679443
0.297048419713974
0.8079484701156616
0.8516087532043457
0.7154779434204102
0.43230563402175903
0.33449628949165344
0.4783460795879364
0.3527214229106903
0.22128278017044067
0.39973917603492737
0.3376479148864746
0.27232009172439575
0.08283601701259613
0.5383797287940979
0.2367062121629715
0.05675636604428291
0.27033770084381104
0.4836185872554779
0.12914779782295227
0.10780682414770126
0.5522171854972839
0.6004923582077026
0.3383343517780304
0.18156558275222778
0.6407104730606079
0.6627146601676941
0.4326784908771515
0.07516729831695557
0.3485928177833557
0.05503423884510994
0.07918579131364822
0.04951516166329384
0.29182448983192444
0.06047355383634567
0.31989455223083496
0.11132732033729553
0.2598913908004761
0.29863205552101135
0.05190016329288483
0.1910402476787567
0.08093301951885223
0.023619577288627625
0.06079067662358284
0.4297015070915222
0.42595940828323364
0.24470634758472443
0.30371811985969543
0.8023483157157898
0.5768125057220459
0.5379166603088379
0.4130054712295532
0.4322129487991333
0.6717360019683838
0.7011443972587585
0.6691835522651672
0.6361982822418213
0.7554197311401367
0.7006325125694275
0.7276175618171692
0.32349684834480286
0.6494047045707703
0.4717913866043091
0.39637047052383423
0.2727741003036499
0.24361637234687805
0.2980556786060333
0.08492481708526611
0.07411031424999237
0.0762481763958931
0.017522552981972694
0.024458022788167
0.03218149393796921
0.02800387516617775
0.01870800368487835
0.062462083995342255
0.039842747151851654
0.030757997184991837
0.09613145142793655
0.15036089718341827
0.31061312556266785
0.30110597610473633
0.10265711694955826
0.1230727806687355
0.17814448475837708
0.27272871136665344
0.028413550928235054
0.0991654247045517
0.18780960142612457
0.10207579284906387
0.06828455626964569
0.11291978508234024
0.2113744616508484
0.08145055174827576
0.06719376146793365
0.14222118258476257
0.19765551388263702
0.20860105752944946
0.039925530552864075
0.12343846261501312
0.056011445820331573
0.09402704983949661
0.054178107529878616
0.0467178113758564
0.03234308212995529
0.0636848583817482
0.07327022403478622
0.4996776580810547
0.1115109771490097
0.1387447565793991
0.061931509524583817
0.2645832896232605
0.03109331615269184
0.07718326151371002
0.24720484018325806
0.19894097745418549
0.06170453503727913
0.043073620647192
0.13441134989261627
0.11153987050056458
0.37714526057243347
0.17054171860218048
0.049023449420928955
0.009045243263244629
0.007938864640891552
0.03051234968006611
0.03343668952584267
0.012082403525710106
0.0029211482033133507
0.008466756902635098
0.009699692949652672
0.0018646994139999151
0.017626985907554626
0.005491799674928188
0.0037012689281255007
0.00808021891862154
0.0013521863147616386
0.013935405761003494
0.017739497125148773
0.0871819481253624
0.04277927801012993
0.08452550321817398
0.16061945259571075
0.32326045632362366
0.6005608439445496
0.47822487354278564
0.4081853926181793
0.35894572734832764
0.5134734511375427
0.5764253735542297
0.7521786689758301
0.6927770972251892
0.7366507649421692
0.8749725818634033
0.7885544300079346
0.8201682567596436
0.7848771214485168
0.8969919681549072
0.9099352955818176
0.6701322793960571
0.5043067932128906
0.8597891926765442
0.8473852872848511
0.3870816230773926
0.6017143726348877
0.847213089466095
0.7025678753852844
0.576429009437561
0.7566469311714172
0.9135261178016663
0.4819609224796295
0.4748063087463379
0.6736462116241455
0.31195512413978577
0.49666300415992737
0.184881791472435
0.24741867184638977
0.3160463273525238
0.39198967814445496
0.35867825150489807
0.6302089095115662
0.38676515221595764
0.5131781697273254
0.530470609664917
0.49769625067710876
0.3517164885997772
0.3026154339313507
0.5870409607887268
0.23891277611255646
0.13613705337047577
0.46210160851478577
0.4055980443954468
0.08018526434898376
0.08382761478424072
0.43181875348091125
0.10589975863695145
0.025842301547527313
0.10548694431781769
0.3956364691257477
0.14722885191440582
0.07195369154214859
0.07729429006576538
0.4305666983127594
0.1007332056760788
0.17578645050525665
0.4912552833557129
0.31981679797172546
0.21411354839801788
0.22839781641960144
0.7531184554100037
0.476265013217926
0.47704771161079407
0.5456811189651489
0.8518878221511841
0.6070439219474792
0.6912422180175781
0.8708873391151428
0.8878828287124634
0.36921265721321106
0.5266036987304688
0.5195634961128235
0.36300429701805115
0.05189337208867073
0.2186327874660492
0.33752110600471497
0.03467145189642906
0.026635266840457916
0.22482949495315552
0.05540383234620094
0.014094953425228596
0.04657082259654999
0.0518074706196785
0.050706882029771805
0.033461347222328186
0.08212988823652267
0.10662976652383804
0.0852893516421318
0.033188555389642715
0.10975388437509537
0.24796441197395325
0.45480814576148987
0.044178564101457596
0.01611086167395115
0.2401125133037567
0.20003466308116913
0.03481443598866463
0.018282590433955193
0.15041612088680267
0.09560730308294296
0.03525896742939949
0.01567615009844303
0.11950980126857758
0.04082486405968666
0.018280360847711563
0.055876169353723526
0.08466345816850662
0.009920700453221798
0.07870539277791977
0.10901521146297455
0.07526378333568573
0.1577330231666565
0.2568753659725189
0.24434521794319153
0.2804049551486969
0.35623687505722046
0.11692196875810623
0.19766944646835327
0.03349132835865021
0.2273630052804947
0.5286321640014648
0.10149357467889786
0.012529547326266766
0.03939095139503479
0.018232153728604317
0.056283432990312576
0.01676885411143303
0.0057427226565778255
0.020556000992655754
0.008337403647601604
0.012443474493920803
0.04773198068141937
0.18408726155757904
0.02453543059527874
0.010686864145100117
0.04303522780537605
0.026856759563088417
0.0323198027908802
0.026481566950678825
0.14324572682380676
0.09722796827554703
0.05242656543850899
0.08439848572015762
0.09312056005001068
0.2659205198287964
0.13456794619560242
0.2301875799894333
0.13729381561279297
0.1696820706129074
0.08926320821046829
0.030038025230169296
0.1832917183637619
0.4526459872722626
0.28428518772125244
0.29963451623916626
0.1497156172990799
0.2693721652030945
0.2853134870529175
0.05548761412501335
0.08743152767419815
0.11803482472896576
0.022377116605639458
0.014074335806071758
0.13064129650592804
0.1736411601305008
0.017760181799530983
0.012461431324481964
0.10959383100271225
0.1167399063706398
0.034745171666145325
0.027756864205002785
0.12061265110969543
0.2325230985879898
0.00994335301220417
0.031791020184755325
0.12071379274129868
0.07169242203235626
0.017181260511279106
0.0675172209739685
0.18328484892845154
0.06325878947973251
0.04047415778040886
0.22311931848526
0.18973122537136078
0.04530619457364082
0.05111110955476761
0.22722601890563965
0.3158171474933624
0.24081788957118988
0.08550678938627243
0.08862210065126419
0.4528169631958008
0.41948363184928894
0.680425226688385
0.6338867545127869
0.806769847869873
0.47298914194107056
0.4562905728816986
0.9131596684455872
0.8749622702598572
0.42630037665367126
0.3616306483745575
0.4246964752674103
0.8336658477783203
0.5406789183616638
0.5943180322647095
0.8206352591514587
0.9501552581787109
0.8872847557067871
0.893090546131134
0.7805265784263611
0.9415915608406067
0.9144688844680786
