0.07759901881217957
0.0782715380191803
0.01802923157811165
0.010657998733222485
0.01198058295994997
0.011573296040296555
0.013590178452432156
0.018724864348769188
0.09117185324430466
0.13158197700977325
0.23972469568252563
0.12013871222734451
0.02222895435988903
0.17706257104873657
0.08954473584890366
0.1546383649110794
0.018527789041399956
0.09329221397638321
0.44468387961387634
0.07719545811414719
0.02542068436741829
0.15099211037158966
0.21821029484272003
0.07843140512704849
0.0855928584933281
0.053779806941747665
0.021514058113098145
0.012945658527314663
0.004323932342231274
0.004180639982223511
0.010167835280299187
0.2563362419605255
0.06510666757822037
0.03043750859797001
0.04319572076201439
0.04114752635359764
0.0027229790575802326
0.03437768295407295
0.054308339953422546
0.06556127220392227
0.007547536864876747
0.04941072314977646
0.1141376793384552
0.049636948853731155
0.06271027773618698
0.16046153008937836
0.2193671315908432
0.0502120777964592
0.0686727911233902
0.1461062729358673
0.04313219338655472
0.06356046348810196
0.014784674160182476
0.022537821903824806
0.006887550465762615
0.013896127231419086
0.015547179616987705
0.027889911085367203
0.039071597158908844
0.027745062485337257
0.0039035852532833815
0.007227420806884766
0.05037553980946541
0.027370676398277283
0.015989597886800766
0.0804053321480751
0.022228296846151352
0.0066770995035767555
0.01884244568645954
0.020516816526651382
0.03786272555589676
0.08945778012275696
0.42361465096473694
0.46155574917793274
0.4574548006057739
0.3619980812072754
0.058896198868751526
0.21116986870765686
0.24325235188007355
0.06462087482213974
0.017910674214363098
0.1206454336643219
0.08434031903743744
0.021622899919748306
0.05694271996617317
0.04719751700758934
0.04208489507436752
0.018306048586964607
0.02394898794591427
0.1116117611527443
0.029560914263129234
0.028586996719241142
0.0036129914224147797
0.013668614439666271
0.018376827239990234
0.08102142065763474
0.12213924527168274
0.40891849994659424
0.511245846748352
0.5119016766548157
0.634364664554596
0.7928075790405273
0.7794048190116882
0.8789056539535522
0.8665973544120789
0.672261118888855
0.6852602958679199
0.776548445224762
0.8423938751220703
0.6644014120101929
0.49572473764419556
0.8022534847259521
0.6035078167915344
0.3414611220359802
0.10123790055513382
0.043506279587745667
0.4724794924259186
0.3301179111003876
0.021737905219197273
0.05200882628560066
0.21585001051425934
0.08846594393253326
0.014560716226696968
0.11052800714969635
0.027257777750492096
0.15100383758544922
0.04245559498667717
0.01005744468420744
0.012054961174726486
0.11557534337043762
0.14238572120666504
0.12300113588571548
0.4555888772010803
0.6710509657859802
0.46225103735923767
0.4088990390300751
0.4078540802001953
0.5518316626548767
0.5615917444229126
0.19198518991470337
0.17845669388771057
0.35600486397743225
0.367038369178772
0.35569655895233154
0.3323279917240143
0.49196916818618774
0.45486652851104736
0.6967983245849609
0.6227532625198364
0.7714148163795471
0.4525352716445923
0.7234604954719543
0.15188661217689514
0.18845613300800323
0.11064406484365463
0.3833419680595398
0.07199127972126007
0.1908600777387619
0.08302722126245499
0.014160198159515858
0.14297866821289062
0.17974643409252167
0.05759018659591675
0.005549299996346235
0.23363280296325684
0.0976305678486824
0.07653635740280151
0.14239628612995148
0.2689541280269623
0.12263957411050797
0.3202649652957916
0.37913545966148376
0.48547491431236267
0.3613424301147461
0.8941527605056763
0.30263370275497437
0.9337614178657532
0.8829331994056702
0.8216486573219299
0.7750547528266907
0.8208588361740112
0.3283556401729584
0.8560550808906555
0.8598232865333557
0.3840542435646057
0.9247859120368958
0.9785358905792236
0.7417817711830139
0.5282884836196899
0.9195286631584167
0.9246763586997986
0.651960015296936
0.6753844618797302
0.9649018049240112
0.7903114557266235
0.8062283992767334
0.9028329849243164
0.9296379089355469
0.7836864590644836
0.9088329672813416
0.9472715854644775
0.9416976571083069
0.873006284236908
0.94032222032547
0.8629974126815796
0.7473328709602356
0.9078607559204102
0.8990543484687805
0.9328015446662903
0.9493083953857422
0.9771974682807922
0.9828115105628967
