0.09595967829227448
0.0465116873383522
0.02466697059571743
0.009115492925047874
0.01958911307156086
0.030652308836579323
0.10509748011827469
0.19901859760284424
0.4058636724948883
0.15989115834236145
0.288777232170105
0.05683108791708946
0.028422415256500244
0.22300460934638977
0.11695627123117447
0.022740626707673073
0.05029323324561119
0.1727156639099121
0.10918735712766647
0.04357946664094925
0.1344183385372162
0.323236346244812
0.21337269246578217
0.09944787621498108
0.18902045488357544
0.13304932415485382
0.08235511183738708
0.06537368893623352
0.08309339731931686
0.06411272287368774
0.06049766018986702
0.10280203074216843
0.21841658651828766
0.10477104038000107
0.06264320760965347
0.03431044891476631
0.057712655514478683
0.09083981066942215
0.07589998096227646
0.20599466562271118
0.1297753006219864
0.08285322785377502
0.11289744824171066
0.030380243435502052
0.04624375328421593
0.10597904771566391
0.1397893875837326
0.2574680745601654
0.3316382169723511
0.6077235341072083
0.24368436634540558
0.40074577927589417
0.7168263792991638
0.18710295855998993
0.4186573624610901
0.46989139914512634
0.11190412938594818
0.057188279926776886
0.17391392588615417
0.2292463332414627
0.041660696268081665
0.059349000453948975
0.12909846007823944
0.11039572209119797
0.0703955888748169
0.08639965951442719
0.0602404959499836
0.1875550001859665
0.20418092608451843
0.018511436879634857
0.02787705697119236
0.03534971922636032
0.036299798637628555
0.057796698063611984
0.40529459714889526
0.5220007300376892
0.5692464113235474
0.5060428380966187
0.690621554851532
0.668235182762146
0.3533105254173279
0.7160797715187073
0.38232722878456116
0.36876776814460754
0.2558685839176178
0.3274581730365753
0.4817551076412201
0.5818121433258057
0.5608476400375366
0.37261703610420227
0.26189592480659485
0.22323963046073914
0.3803163468837738
0.5020223259925842
0.6181553602218628
0.34779098629951477
0.7912072539329529
0.823384165763855
0.3124745786190033
0.274374395608902
0.6854140758514404
0.6637700796127319
0.7164103984832764
0.4574901759624481
0.5758151412010193
0.39795422554016113
0.7052333950996399
0.5628364682197571
0.6849719285964966
0.7187438607215881
0.7242434620857239
0.16212235391139984
0.7645161151885986
0.8455908298492432
0.32609549164772034
0.17566688358783722
0.8057494759559631
0.8826373815536499
0.14312463998794556
0.28101980686187744
0.9022321701049805
0.8225603103637695
0.4225131571292877
0.7462753653526306
0.6616820693016052
0.36341387033462524
0.220310777425766
0.5558045506477356
0.3485424816608429
0.4404066503047943
0.8360351324081421
0.8226304650306702
0.648210883140564
0.6185244917869568
0.6116769909858704
0.4626104533672333
0.44850507378578186
0.8057986497879028
0.6200312376022339
0.24014022946357727
0.15208490192890167
0.2498791515827179
0.5051718950271606
0.1790008693933487
0.41946160793304443
0.12427299469709396
0.33896246552467346
0.17998555302619934
0.19945009052753448
0.08587715029716492
0.08044833689928055
0.09889300167560577
0.037355925887823105
0.10585967451334
0.22806236147880554
0.3787150979042053
0.47323328256607056
0.31859201192855835
0.23786874115467072
0.2754952311515808
0.485249787569046
0.3152574598789215
0.47746092081069946
0.36488592624664307
0.09859120100736618
0.05329801142215729
0.2737347185611725
0.11826150864362717
0.071996308863163
0.045826978981494904
0.23340542614459991
0.1093384250998497
0.02773473411798477
0.0739220529794693
0.21442800760269165
0.1433478593826294
0.05341396480798721
0.13856267929077148
0.2509312331676483
0.5628805160522461
0.7285593152046204
0.7422012686729431
0.8224978446960449
0.8474305272102356
0.5840887427330017
0.37461942434310913
0.14498858153820038
0.02729899436235428
0.044964052736759186
0.06957965344190598
0.07645374536514282
0.20125220715999603
0.7246940732002258
0.8464250564575195
0.7984976172447205
0.22100099921226501
0.7569023370742798
0.3869268298149109
0.2524062395095825
0.6565154194831848
0.658026933670044
0.3918375074863434
0.6940252780914307
0.9027878642082214
0.760187029838562
0.3333197236061096
0.6245894432067871
0.39697667956352234
0.62821364402771
0.48615148663520813
0.2684093117713928
0.26927149295806885
0.16442465782165527
0.2169446498155594
0.2001820057630539
0.45907434821128845
0.85160231590271
0.36740702390670776
0.3592965006828308
0.5871471762657166
0.504635751247406
0.2621693015098572
0.30201759934425354
0.07374946773052216
0.4608429968357086
0.6051534414291382
0.030476655811071396
0.05743761360645294
0.6904096007347107
0.13551224768161774
0.029654966667294502
0.20161302387714386
0.5522205829620361
0.2503618896007538
0.6981226205825806
0.08320239186286926
0.19228726625442505
0.11850377172231674
0.008097784593701363
0.07523339241743088
0.03237117826938629
0.09146536886692047
0.2859499454498291
0.5906692743301392
0.26901090145111084
0.16355343163013458
0.4873145520687103
0.4591662585735321
0.3620866537094116
0.10096464306116104
0.3565283715724945
0.24416105449199677
0.11640466749668121
0.022740313783288002
0.166320338845253
0.2188623696565628
0.02969546802341938
0.03261156752705574
0.1945287138223648
0.2136356085538864
0.07494962215423584
0.12557312846183777
0.11042091995477676
0.3739096522331238
0.15191906690597534
0.21722841262817383
0.2563076615333557
0.17272619903087616
0.3323323130607605
0.3445441722869873
0.16193869709968567
0.397445946931839
0.534731924533844
0.5220280289649963
0.5218327045440674
0.6042625904083252
0.8270261883735657
0.842993438243866
