0.4069894850254059
0.31809133291244507
0.5505683422088623
0.48981422185897827
0.5516438484191895
0.3453419506549835
0.5549123883247375
0.3775319457054138
0.6924100518226624
0.8101455569267273
0.7382124066352844
0.8871712684631348
0.8797421455383301
0.8175581097602844
0.9084210991859436
0.7205316424369812
0.5577223300933838
0.7362492680549622
0.6828202605247498
0.3381412923336029
0.585728645324707
0.6639748811721802
0.5594906806945801
0.27050623297691345
0.5261514186859131
0.7844005823135376
0.5356960892677307
0.5241681337356567
0.2509046494960785
0.42960089445114136
0.5547905564308167
0.6034523844718933
0.5556004643440247
0.697242259979248
0.5436129570007324
0.5962454080581665
0.7125102281570435
0.7228794097900391
0.47289568185806274
0.4132285714149475
0.4300200045108795
0.14457154273986816
0.5887584686279297
0.18355917930603027
0.43601298332214355
0.1506771445274353
0.2365090548992157
0.18545255064964294
0.2740147113800049
0.35212796926498413
0.27498483657836914
0.23304253816604614
0.43061748147010803
0.5218833684921265
0.3251507580280304
0.09085402637720108
0.35264909267425537
0.6395623087882996
0.41363123059272766
0.34027567505836487
0.7412552833557129
0.7424136996269226
0.737673282623291
0.8052065968513489
0.7384392619132996
0.7003900408744812
0.48590776324272156
0.5230717062950134
0.6398147940635681
