0.22642970085144043
0.4939810335636139
0.24655672907829285
0.6645753383636475
0.6388410329818726
0.8811326026916504
0.8719677329063416
0.6389656662940979
0.4850328266620636
0.46505191922187805
0.3487718999385834
0.18545228242874146
0.15960855782032013
0.21666279435157776
0.23807872831821442
0.27338463068008423
0.18703480064868927
0.27942124009132385
0.38689231872558594
0.22362248599529266
0.23734545707702637
0.4655883014202118
0.3994234800338745
0.26661109924316406
0.5161440968513489
0.5530678033828735
0.7562391757965088
0.8090755343437195
0.7361771464347839
0.8793154954910278
0.9278059005737305
0.8633465766906738
0.9378166198730469
0.6790654063224792
0.871415376663208
0.6735218167304993
0.791723370552063
0.92261803150177
0.8815149068832397
0.950909435749054
0.6626551151275635
0.8859289288520813
0.9206746220588684
0.8232796788215637
0.6269152760505676
0.7710865139961243
0.29790762066841125
0.33350011706352234
0.5680669546127319
0.37161776423454285
0.22182099521160126
0.3924795687198639
0.35090532898902893
0.46771588921546936
0.44875669479370117
0.6948354840278625
0.35618120431900024
0.8996231555938721
0.8429937958717346
0.9689823985099792
0.9514300227165222
0.9631879925727844
0.982519805431366
0.9798501133918762
0.9803551435470581
0.9748767018318176
