0.0932295024394989
0.16930826008319855
0.14097969233989716
0.11867891252040863
0.21058613061904907
0.05738108232617378
0.018341274932026863
0.1634313017129898
0.1766839176416397
0.06779066473245621
0.05325984209775925
0.4549850821495056
0.21568234264850616
0.04237134009599686
0.134676992893219
0.5009723901748657
0.3360622227191925
0.19748464226722717
0.7546878457069397
0.44875016808509827
0.34404149651527405
0.8499472141265869
0.698678195476532
0.7229554653167725
0.3325359523296356
0.49040719866752625
0.21351651847362518
0.3506985306739807
0.19375303387641907
0.30270010232925415
0.32588014006614685
0.3608382046222687
0.3116169571876526
0.6950283050537109
0.6965993046760559
0.38674938678741455
0.2763100266456604
0.1985524743795395
0.07830825448036194
0.30843260884284973
0.14256784319877625
0.08568361401557922
0.20795990526676178
0.1821780949831009
0.05143105238676071
0.09449891000986099
0.2516515552997589
0.21822400391101837
0.033900823444128036
0.134881854057312
0.1360180526971817
0.11299262195825577
0.04673469066619873
0.2488308548927307
0.12341722100973129
0.12904000282287598
0.12102823704481125
0.24881969392299652
0.28265127539634705
0.2747773826122284
0.34895724058151245
0.21378086507320404
0.25649628043174744
0.10896013677120209
0.39881086349487305
0.4461109936237335
0.5534124970436096
0.40466639399528503
0.6801525354385376
0.3643835783004761
0.4686776399612427
0.3455914258956909
0.23603422939777374
0.21395747363567352
0.283671498298645
0.09975062310695648
0.1288742572069168
0.04321671649813652
0.07603432238101959
0.04096267372369766
0.07607188075780869
0.12488961219787598
0.4144968092441559
0.42063960433006287
0.8537982106208801
0.6572049260139465
0.5078678727149963
0.5199363827705383
0.9534722566604614
0.8705043196678162
0.9540629982948303
0.9518124461174011
0.8904797434806824
0.46472951769828796
0.11089091002941132
0.024458473548293114
0.034238625317811966
0.022618087008595467
0.062443602830171585
0.293526291847229
0.21987460553646088
0.20566293597221375
0.20971685647964478
0.28341174125671387
0.15248627960681915
0.05924469977617264
0.16711898148059845
0.032223913818597794
0.02904393896460533
0.01263995561748743
0.01063363254070282
0.17089028656482697
0.2703627347946167
0.30162203311920166
0.8167362809181213
0.9409999847412109
0.8163214921951294
0.8422720432281494
0.18726499378681183
0.11247362196445465
0.10551281273365021
0.025621449574828148
0.14340728521347046
0.2665365934371948
0.23378510773181915
0.25311872363090515
0.028833264485001564
0.025783950462937355
0.15969648957252502
0.5521974563598633
0.5661109089851379
0.3468245565891266
0.5962131023406982
0.33464065194129944
0.2285187840461731
0.5172914862632751
0.23100757598876953
0.4037591516971588
0.4685293734073639
0.29392051696777344
0.2349858283996582
0.18625770509243011
0.23650005459785461
0.4774482548236847
0.4940122663974762
0.1753990203142166
0.7182229161262512
0.14348609745502472
0.1963234543800354
0.3318168818950653
0.44978535175323486
0.8520883321762085
0.7442614436149597
0.6933994889259338
0.4895031154155731
0.3000120520591736
0.5011623501777649
0.658671498298645
0.22914065420627594
0.23349329829216003
0.8472080826759338
0.720444917678833
0.3050350546836853
0.2604743540287018
0.917745053768158
0.7067533135414124
0.41701680421829224
0.4430962800979614
0.9260575175285339
0.9592298865318298
0.8054528832435608
0.9528273344039917
0.923467218875885
0.8630084991455078
0.755582332611084
0.5792889595031738
0.297283798456192
0.07639434933662415
0.4520130157470703
0.34823718667030334
0.10103277862071991
0.10690620541572571
0.8298735022544861
0.10387984663248062
0.16446684300899506
0.5349649786949158
0.5851373672485352
0.9610572457313538
0.38941025733947754
0.14507977664470673
0.06501740217208862
0.11589366942644119
0.0695343092083931
0.1579533964395523
0.4517110288143158
0.7366610765457153
0.5854973196983337
0.6589251160621643
0.38308653235435486
0.3130258619785309
0.2312052994966507
0.15596483647823334
0.09602846950292587
0.056388068944215775
0.03782957047224045
0.09573569893836975
0.04681283235549927
0.015819385647773743
0.01677653007209301
0.1047067940235138
0.07244602590799332
0.04511202871799469
0.10870335251092911
0.0615728385746479
0.10699113458395004
0.05971887335181236
0.039683252573013306
0.10010214895009995
0.29072266817092896
0.16101005673408508
0.07501305639743805
0.21437807381153107
0.22222770750522614
0.09383700042963028
0.33107444643974304
0.3588777184486389
0.8098732829093933
0.23206157982349396
0.6528862118721008
0.2257382571697235
0.1320398896932602
0.03270769119262695
0.028219277039170265
0.0379616804420948
0.14673173427581787
0.1014360636472702
0.11214950680732727
0.08083978295326233
0.13646511733531952
0.13691814243793488
0.15958628058433533
0.04158419370651245
0.08849883079528809
0.07812626659870148
0.16210034489631653
0.1338084489107132
0.13168959319591522
0.12864139676094055
0.10464517772197723
0.16211152076721191
0.069115050137043
0.17305289208889008
0.3209896683692932
0.23204472661018372
0.05294712260365486
0.0952601209282875
