0.41079723834991455
0.594801664352417
0.5465298891067505
0.6302433013916016
0.5616982579231262
0.30683594942092896
0.5490584373474121
0.6700710654258728
0.5949940085411072
0.4586634039878845
0.42748934030532837
0.23829211294651031
0.32901430130004883
0.2459271252155304
0.37151461839675903
0.5968130230903625
0.6922151446342468
0.6391400694847107
0.582269549369812
0.41626644134521484
0.4942481219768524
0.46491873264312744
0.5440086126327515
0.5606921315193176
0.3100729286670685
0.5859912037849426
0.515434980392456
0.07012530416250229
0.3406711220741272
0.04551023617386818
0.16271933913230896
0.02618715539574623
0.22929221391677856
0.08267468959093094
0.21120841801166534
0.19498808681964874
0.1773587465286255
0.3152582049369812
0.046092838048934937
0.062120988965034485
0.034866709262132645
0.10793580859899521
0.17485935986042023
0.40303584933280945
0.5076203346252441
0.5072362422943115
0.09027780592441559
0.11576224863529205
0.16352972388267517
0.3828248977661133
0.0800395980477333
0.2823580801486969
0.35525885224342346
0.729351282119751
0.2728666663169861
0.6577772498130798
0.6327894926071167
0.5385043025016785
0.585933268070221
0.4222821295261383
0.2186235934495926
0.3233546018600464
0.311552494764328
0.15551547706127167
0.03287937864661217
0.16241329908370972
0.571883499622345
0.363463819026947
0.015748199075460434
0.17431195080280304
0.40355074405670166
0.17888224124908447
0.03554505109786987
0.04726346209645271
0.032779108732938766
0.12910181283950806
0.07060182839632034
0.23503181338310242
0.2744959890842438
0.20270578563213348
0.5794205069541931
0.7485217452049255
0.3729568421840668
0.2783889174461365
0.20775587856769562
0.48310938477516174
0.468498557806015
0.46952125430107117
0.6259172558784485
0.6862978339195251
0.7843680381774902
0.7510186433792114
0.8087044954299927
0.6643424034118652
0.7001017928123474
0.26285070180892944
0.5081354975700378
0.2468194216489792
0.16368389129638672
0.16970717906951904
0.1799883395433426
0.01683957315981388
0.1278933733701706
0.03781099244952202
0.12771667540073395
0.14330916106700897
0.13378456234931946
0.1405167132616043
0.34352558851242065
0.21641556918621063
0.39023223519325256
0.4992019832134247
0.17041906714439392
0.540956437587738
0.7335792779922485
0.16573725640773773
0.3750115633010864
0.06471798568964005
0.08799105882644653
0.1981811672449112
0.20590707659721375
0.34267398715019226
0.570358395576477
0.3965398073196411
0.4231332540512085
0.3898274004459381
0.3974507749080658
0.40025725960731506
0.21075138449668884
0.36008715629577637
0.6030014157295227
0.2930937111377716
0.45941558480262756
0.4146837294101715
0.22669567167758942
0.18339893221855164
0.5816978812217712
0.6212239265441895
0.19961082935333252
0.3038784861564636
0.2194060981273651
0.44257310032844543
0.30421438813209534
0.3452591300010681
0.44961848855018616
0.43550074100494385
0.1762794405221939
0.5145753622055054
0.48711246252059937
0.42526379227638245
0.24367542564868927
0.464164674282074
0.4315512776374817
0.4178057014942169
0.1985899955034256
0.31656429171562195
0.1646779328584671
0.18549567461013794
