0.09000624716281891
0.10137414187192917
0.2493848353624344
0.21513359248638153
0.4430123269557953
0.5140370726585388
0.4726529121398926
0.4774857759475708
0.2206389456987381
0.27679386734962463
0.1836845427751541
0.22081461548805237
0.1203170195221901
0.04698624461889267
0.12507298588752747
0.14635290205478668
0.11600212007761002
0.09061052650213242
0.024981966242194176
0.059467289596796036
0.16020366549491882
0.0393332913517952
0.10574018210172653
0.05381388962268829
0.2567049562931061
0.5077389478683472
0.1475655883550644
0.2765256464481354
0.06043338030576706
0.22527548670768738
0.2904103994369507
0.07681558281183243
0.05610622465610504
0.016130991280078888
0.050402361899614334
0.05139777809381485
0.026647843420505524
0.04391777887940407
0.013559040613472462
0.0881136804819107
0.15090179443359375
0.030228907242417336
0.07598547637462616
0.042310334742069244
0.2591874897480011
0.1810859739780426
0.1758890151977539
0.2566969692707062
0.0828843042254448
0.4892876446247101
0.490111768245697
0.1299225389957428
0.08543864637613297
0.041703980416059494
0.09655668586492538
0.1710992157459259
0.05840124189853668
0.07381907850503922
0.05115976929664612
0.3448694050312042
0.30882537364959717
0.05182522535324097
0.0622083954513073
0.04935865476727486
0.139377161860466
0.3972723186016083
0.16314303874969482
0.3660182058811188
0.17344844341278076
0.5589030385017395
0.4077741205692291
0.20471876859664917
0.2403409481048584
0.0936800166964531
0.2739185094833374
0.23312388360500336
0.13372886180877686
0.3350454568862915
0.15111547708511353
0.31004729866981506
0.3394279181957245
0.1329060196876526
0.11679010838270187
0.06685404479503632
0.16210339963436127
0.18944619596004486
0.13691432774066925
0.2119019776582718
0.1255047768354416
0.20406591892242432
0.5116043090820312
0.11025658994913101
0.1786009520292282
0.0382617712020874
0.13054528832435608
0.08914963901042938
0.11334102600812912
0.1354728490114212
0.030324840918183327
0.1285349279642105
0.042865090072155
0.06462951004505157
0.06692392379045486
0.015093892812728882
0.07078526169061661
0.02540724352002144
0.029179930686950684
0.0995074212551117
0.008793733082711697
0.09107275307178497
0.25603216886520386
0.039202310144901276
0.04465065523982048
0.008645164780318737
0.11002860963344574
0.09138152748346329
0.013780725188553333
0.021111227571964264
0.0045120795257389545
0.05992063507437706
0.0704255998134613
0.016297340393066406
0.03963799029588699
0.0055091786198318005
0.16925109922885895
0.021147044375538826
0.013752077706158161
0.038916703313589096
0.008949401788413525
0.07246708869934082
0.0664629265666008
0.020693842321634293
0.1720113903284073
0.015805305913090706
0.11507148295640945
0.027393199503421783
0.013428356498479843
0.041953254491090775
0.011535726487636566
0.06125848740339279
0.11781024932861328
0.06682953983545303
0.15335765480995178
0.05225776135921478
0.6977750658988953
0.2537004053592682
0.07440973818302155
0.09161465615034103
0.08319675177335739
0.10388631373643875
0.2448941320180893
0.17097873985767365
0.09185371547937393
0.49159756302833557
0.43366336822509766
0.10757185518741608
0.04579626023769379
0.0885641947388649
0.1927836537361145
0.4126404821872711
0.38817736506462097
0.4457268714904785
0.6145920753479004
0.805435299873352
0.8876593708992004
0.9706980586051941
0.8980326056480408
0.7416132092475891
0.9125345349311829
0.9500350952148438
0.6647457480430603
0.7514579892158508
0.9068465828895569
0.7626507878303528
0.4390094578266144
0.8676322102546692
0.8328574299812317
0.9190452694892883
0.891169011592865
0.9264219403266907
0.8590361475944519
0.8498273491859436
0.8354547619819641
