0.34629958868026733
0.2805924713611603
0.3206709921360016
0.34124425053596497
0.3836929500102997
0.5970656275749207
0.3312251567840576
0.19699148833751678
0.3458242118358612
0.48286232352256775
0.3143838942050934
0.21060031652450562
0.41922950744628906
0.30323654413223267
0.23481416702270508
0.2161857634782791
0.3683885931968689
0.4333976209163666
0.597787082195282
0.4732365608215332
0.41131171584129333
0.7117287516593933
0.6752925515174866
0.36757174134254456
0.49498453736305237
0.5512483716011047
0.4456384479999542
0.4259226620197296
0.4784098267555237
0.3454154133796692
0.6726059317588806
0.26239991188049316
0.2273826152086258
0.6401703953742981
0.49559286236763
0.39653921127319336
0.412160724401474
0.6930100917816162
0.39772817492485046
0.44627517461776733
0.629662811756134
0.6713358163833618
0.5471962690353394
0.35875606536865234
0.6267209053039551
0.6237719058990479
0.5604826211929321
0.5323309898376465
0.7054118514060974
0.5763247609138489
0.7388721108436584
0.753402590751648
0.6895512938499451
0.3580450713634491
0.45942455530166626
0.8105986714363098
0.5933703184127808
0.24133999645709991
0.6612110733985901
0.8398346900939941
0.3742411434650421
0.3902323544025421
0.7901666760444641
0.8289271593093872
0.6961803436279297
0.7632501721382141
0.7667115330696106
0.8407600522041321
0.7052410840988159
0.6349879503250122
0.8055540919303894
0.7596676349639893
0.8848104476928711
0.7280218601226807
0.8832073211669922
0.7614108324050903
0.7613561153411865
0.6137910485267639
0.48280563950538635
0.48981156945228577
0.5894423127174377
0.6157397031784058
0.3187524676322937
0.507409393787384
0.7044892907142639
0.3666069507598877
0.7114476561546326
0.4064607322216034
0.5528163909912109
0.27964094281196594
0.22721253335475922
0.5933516025543213
0.30345308780670166
0.23608490824699402
0.25103893876075745
0.18983252346515656
0.30173689126968384
0.13231433928012848
0.09815782308578491
0.17798474431037903
0.13901609182357788
0.2525721788406372
0.2263210564851761
0.31601884961128235
0.3279666006565094
0.30475878715515137
0.35098302364349365
0.3958366811275482
0.3985041677951813
0.19035136699676514
0.39523422718048096
0.2972795367240906
0.37423738837242126
0.3488316535949707
0.39413800835609436
0.2209872007369995
0.1986664980649948
0.1554730385541916
0.26916220784187317
0.3617993891239166
0.13743646442890167
0.2685442864894867
0.17197711765766144
0.38035520911216736
0.2662404477596283
0.5809425115585327
0.4262129068374634
0.346471905708313
0.3047189712524414
0.29273509979248047
0.21401186287403107
0.2960541844367981
0.3328423500061035
0.30196258425712585
0.4210406541824341
0.15856413543224335
0.36276379227638245
0.2430611401796341
0.6487792134284973
0.4721413850784302
0.43316128849983215
0.49353212118148804
0.6401335597038269
0.5047867894172668
0.7589993476867676
0.4578544795513153
0.6769054532051086
0.5291320085525513
0.6233466267585754
0.5332324504852295
0.6368590593338013
0.5724472403526306
0.4082638919353485
0.30443713068962097
0.2642391622066498
0.15652525424957275
0.2704845368862152
0.17214660346508026
0.12904596328735352
0.23540645837783813
0.06042080372571945
0.2214425504207611
0.18811585009098053
0.4077902138233185
0.31085216999053955
0.5652803778648376
0.3827824294567108
0.4464304745197296
0.4220670759677887
0.41597381234169006
0.4676463305950165
0.4826062023639679
0.41181087493896484
0.5433250069618225
0.44637855887413025
0.28913095593452454
0.5181666016578674
0.31104880571365356
0.5262009501457214
0.3009931743144989
0.26718324422836304
0.3037923276424408
0.20266522467136383
0.24875371158123016
0.31826502084732056
0.35902896523475647
0.35880622267723083
0.3501768708229065
0.323440283536911
0.5469439625740051
0.3218533396720886
0.46547529101371765
0.5640755891799927
0.5766305923461914
0.48107045888900757
0.16993701457977295
0.439518004655838
0.34462791681289673
0.18210521340370178
0.356794148683548
0.42992961406707764
0.24319951236248016
0.3764747679233551
0.35803884267807007
0.23251281678676605
0.4697527289390564
0.3763164281845093
0.6377938389778137
0.5945553183555603
0.6750575304031372
0.6559706330299377
0.5614514350891113
0.666475236415863
0.5153762698173523
0.5010619759559631
0.49832576513290405
0.38258057832717896
0.547465980052948
0.1395764797925949
0.4203258156776428
0.2502578794956207
0.4639591574668884
0.27372997999191284
0.5099448561668396
0.5193936824798584
0.2790014445781708
0.27890124917030334
0.4044772684574127
0.3368445336818695
0.38134345412254333
0.18809211254119873
0.4131276309490204
0.29166337847709656
0.235525980591774
0.23751208186149597
0.4468498229980469
0.28092899918556213
0.7084177732467651
0.6087120175361633
0.6753895878791809
0.7677621245384216
0.8113006949424744
0.5879786014556885
0.6509214043617249
0.6547351479530334
0.32704439759254456
0.6031305193901062
0.5157462358474731
0.541814923286438
0.4989772439002991
0.29118114709854126
0.2530877888202667
0.4165308177471161
0.4239357113838196
0.5333157181739807
0.43745148181915283
0.38404855132102966
0.5062866806983948
0.29758167266845703
0.5259639024734497
0.46499672532081604
0.5007830262184143
0.7347347736358643
0.7353047728538513
0.7677139639854431
0.6157066226005554
0.8489381074905396
0.7110438942909241
0.689505398273468
