0.18353073298931122
0.44399070739746094
0.5506946444511414
0.4633704423904419
0.7697675824165344
0.6448252201080322
0.7682931423187256
0.6237538456916809
0.735176682472229
0.6166744232177734
0.8302811980247498
0.8300009965896606
0.5231690406799316
0.7571048736572266
0.399429053068161
0.27317705750465393
0.5576027631759644
0.22396929562091827
0.6149513721466064
0.6089014410972595
0.6253660321235657
0.8514564633369446
0.7721589803695679
0.8747735619544983
0.7558394074440002
0.48174068331718445
0.8874576687812805
0.9125693440437317
0.861015796661377
0.8867838978767395
0.8628197908401489
0.7356181144714355
0.8709490299224854
0.6657432913780212
0.5334135293960571
0.4819263517856598
0.2706287205219269
0.35977423191070557
0.16424794495105743
0.38361433148384094
0.421840101480484
0.18371671438217163
0.27112361788749695
0.14856131374835968
0.30153894424438477
0.2644662857055664
0.49500715732574463
0.7054069638252258
0.7712984681129456
0.4875413477420807
0.5407913327217102
0.8085563778877258
0.6656208634376526
0.8859003782272339
0.7677946090698242
0.5176189541816711
0.6740821599960327
0.8386892676353455
0.7094272375106812
0.6816496253013611
0.4262089729309082
0.3870844841003418
0.5065867304801941
0.25798070430755615
0.09882201254367828
0.25464168190956116
0.15847785770893097
0.21749864518642426
0.07333648949861526
0.2513652443885803
0.1358143836259842
0.19603130221366882
0.15964168310165405
0.4461866617202759
0.41020098328590393
0.8416069149971008
0.7523283958435059
0.883928656578064
0.8118618130683899
0.8449996113777161
0.8851227164268494
0.9368354082107544
0.8369871377944946
0.2085357904434204
0.8061886429786682
0.8839287161827087
0.3829022943973541
0.18660853803157806
0.7982295155525208
0.6832166314125061
0.05810528248548508
0.10304294526576996
0.5652067065238953
0.2928566038608551
0.03594065457582474
0.18102847039699554
0.5195919871330261
0.07098207622766495
0.022250821813941002
0.43950921297073364
0.2008276730775833
0.09301880747079849
0.08805034309625626
0.09722279757261276
0.1669897735118866
0.09423654526472092
0.277916818857193
0.5436448454856873
0.465060830116272
0.5775191187858582
0.5201456546783447
0.46351316571235657
0.06422441452741623
0.1510723978281021
0.04662741720676422
0.08965112268924713
0.07695113867521286
0.22824759781360626
0.29663580656051636
0.08138159662485123
0.120363749563694
0.40137147903442383
0.18617244064807892
0.4087110161781311
0.27823373675346375
0.7816197276115417
0.7159298062324524
0.8501442074775696
0.9303129315376282
0.8855984807014465
0.5646157264709473
0.32766327261924744
0.4302663207054138
0.09559740871191025
0.31962963938713074
0.05589599907398224
0.16698263585567474
0.11242058873176575
0.13054165244102478
0.10385733842849731
0.15025371313095093
0.14496497809886932
0.32886067032814026
0.1625923216342926
0.15566280484199524
0.4155016541481018
0.46757274866104126
0.40745314955711365
0.4521277844905853
0.38278016448020935
0.1411050707101822
0.15467284619808197
0.04767687991261482
0.021784065291285515
0.13089987635612488
0.14660896360874176
0.0442844033241272
0.04403971508145332
0.05383908376097679
0.08481550216674805
0.09360110014677048
0.25859126448631287
0.10103709995746613
0.026864387094974518
0.10781356692314148
0.2573185861110687
0.15579436719417572
0.0413205660879612
0.13449394702911377
0.2478092759847641
0.050597142428159714
0.1260470151901245
0.2491360455751419
0.19279569387435913
0.26093488931655884
0.27842462062835693
0.20014166831970215
0.27607032656669617
0.5804044604301453
0.44989559054374695
0.29034727811813354
0.5545203685760498
0.6533563733100891
0.5929983258247375
0.5777313709259033
0.7344041466712952
0.6794819831848145
0.7861639857292175
0.7389586567878723
0.6439275741577148
