0.07866031676530838
0.15032584965229034
0.056906767189502716
0.10089484602212906
0.0831599310040474
0.07248659431934357
0.0445699468255043
0.12168201059103012
0.1344520002603531
0.024066368117928505
0.0939100980758667
0.09716257452964783
0.014198263175785542
0.019793400540947914
0.05792094022035599
0.06493522226810455
0.010003811679780483
0.034525252878665924
0.0799412652850151
0.04715073108673096
0.025013279169797897
0.07322762906551361
0.12246918678283691
0.07120253145694733
0.043919969350099564
0.11056400835514069
0.11341185122728348
0.07531378418207169
0.09207960218191147
0.06461689621210098
0.24860160052776337
0.5877988338470459
0.8470828533172607
0.2105182707309723
0.5533695816993713
0.22622103989124298
0.13718180358409882
0.17800408601760864
0.4564712345600128
0.7045670747756958
0.3639037311077118
0.05136585235595703
0.6338068246841431
0.48771482706069946
0.07316271215677261
0.0737677589058876
0.8900789618492126
0.5091972351074219
0.11984196305274963
0.45135176181793213
0.9388272166252136
0.4876650869846344
0.22942614555358887
0.9303901791572571
0.8755019903182983
0.6019083261489868
0.7544716000556946
0.6764452457427979
0.8842552304267883
0.6361938714981079
0.7746401429176331
0.6091288328170776
0.744486927986145
0.7439144253730774
0.3249424993991852
0.9174665808677673
0.9252765774726868
0.40208306908607483
0.8380820751190186
0.9714856743812561
0.9529566168785095
0.6969271302223206
0.9438337683677673
0.9723047614097595
0.9515460133552551
0.9288305640220642
0.8318440318107605
0.8150535225868225
0.6094393134117126
0.33263251185417175
0.3779762387275696
0.053490690886974335
0.006943958345800638
0.049036655575037
0.0071639129891991615
0.0162846427410841
0.017288025468587875
0.3117120862007141
0.14567600190639496
0.029927916824817657
0.29729875922203064
0.2500084340572357
0.6264689564704895
0.5965073704719543
0.05491715297102928
0.20268498361110687
0.7074288725852966
0.1420625001192093
0.023630015552043915
0.34771788120269775
0.6954203248023987
0.20184482634067535
0.10989216715097427
0.08385999500751495
0.07758430391550064
0.008263797499239445
0.01238552201539278
0.004310872405767441
0.009739795699715614
0.007475045043975115
0.060480669140815735
0.2325889617204666
0.16736824810504913
0.04288467392325401
0.14940859377384186
0.008064125664532185
0.043354347348213196
0.2248215675354004
0.1262609362602234
0.03413693234324455
0.09611407667398453
0.09279324114322662
0.02645779401063919
0.012529532425105572
0.034361712634563446
0.01249744463711977
0.12950322031974792
0.020656872540712357
0.19909828901290894
0.10427171736955643
0.39169785380363464
0.1100313663482666
0.3626152575016022
0.2528964579105377
0.21597424149513245
0.05406578630208969
0.025663835927844048
0.014810876920819283
0.06316924095153809
0.01549533847719431
0.008848083205521107
0.010187072679400444
0.026552416384220123
0.0204353928565979
0.0018725302070379257
0.013783537782728672
0.03844986855983734
0.03185448423027992
0.01208352018147707
0.062295034527778625
0.12223944813013077
0.06387431174516678
0.05358899384737015
0.37963390350341797
0.0998290553689003
0.32009679079055786
0.14827926456928253
0.05325939506292343
0.0575956292450428
0.1825835406780243
0.04996337369084358
0.031127065420150757
0.1714438647031784
0.07577475905418396
0.08433356136083603
0.085348941385746
0.05167185142636299
0.04033279791474342
0.11988981813192368
0.04785667732357979
0.024143073707818985
0.10614105314016342
0.07049915939569473
0.07813678681850433
0.11201596260070801
0.09090863913297653
0.0815911591053009
0.041562244296073914
0.1257435530424118
0.08508128672838211
0.0473647378385067
0.04375647008419037
0.08194264024496078
0.04949598386883736
0.19142822921276093
0.22067680954933167
0.25226786732673645
0.704309344291687
0.7869485020637512
0.2796180248260498
0.4656403362751007
0.1301710158586502
0.28363823890686035
0.2290596216917038
0.8441327810287476
0.9004235863685608
0.6654391288757324
0.34923088550567627
0.835137665271759
0.45567572116851807
0.11951863765716553
0.0480666384100914
0.8617153763771057
0.3087111711502075
0.03995498642325401
0.3139023780822754
0.8731664419174194
0.30657675862312317
0.21581266820430756
0.9519655704498291
0.7726218104362488
0.2325882613658905
0.22784699499607086
0.8941110968589783
0.8364561200141907
0.9867449998855591
0.7849401235580444
0.9419791102409363
0.6526083946228027
0.8950164914131165
0.9170530438423157
0.7026601433753967
0.9289385676383972
0.9660915732383728
0.6803220510482788
0.9172177910804749
0.9648030400276184
0.9333534240722656
0.912372887134552
0.7315801382064819
0.9379993081092834
0.9471210837364197
0.3012950122356415
0.4716014862060547
0.1626114696264267
0.504518449306488
0.1105322316288948
0.09650830924510956
0.019788090139627457
0.017822477966547012
0.01687629148364067
0.03254718333482742
0.08059947937726974
0.24701015651226044
0.2271793633699417
0.043342892080545425
0.590282678604126
0.44545602798461914
0.8521331548690796
0.32448574900627136
0.03925934433937073
0.4100334346294403
0.36735284328460693
0.004611409734934568
0.03892434015870094
0.38849738240242004
0.10745326429605484
0.020306363701820374
0.07724134624004364
0.1937970072031021
0.025481393560767174
0.019900208339095116
0.01766536384820938
0.0019246488809585571
0.011023256927728653
0.004474734887480736
0.006512044463306665
0.016268551349639893
0.04178037494421005
0.02150023728609085
0.023213138803839684
0.03381817042827606
0.036768589168787
0.018628504127264023
0.012617436237633228
0.016747165471315384
0.015344398096203804
0.04987223446369171
0.018559494987130165
0.01602046564221382
0.038207173347473145
0.021835876628756523
0.11760853230953217
0.14244122803211212
0.11205189675092697
0.310796856880188
0.7218366861343384
0.2783624827861786
0.12934325635433197
0.2693735659122467
0.2623653709888458
0.05318251997232437
0.01497332938015461
0.05966397747397423
0.025394437834620476
0.04206068813800812
0.037406764924526215
0.013901446014642715
0.06582235544919968
0.09677581489086151
0.033027149736881256
0.09778153151273727
0.19790999591350555
0.10112402588129044
0.19935499131679535
0.0659661665558815
0.14197643101215363
0.09009263664484024
0.5284070372581482
0.3938359022140503
0.41559508442878723
0.28673964738845825
0.08798520267009735
0.10946159064769745
0.3901714086532593
0.3321472704410553
0.8767879009246826
0.8897761106491089
0.7980199456214905
0.6711026430130005
0.561151921749115
0.6388654708862305
0.6373143792152405
0.6709998250007629
0.9275193810462952
