0.35207483172416687
0.5945079922676086
0.42934417724609375
0.3033115565776825
0.2136581689119339
0.12593460083007812
0.0464249849319458
0.18683841824531555
0.326315701007843
0.14765822887420654
0.12140820920467377
0.42251110076904297
0.30416154861450195
0.2186049073934555
0.17882883548736572
0.5088644027709961
0.68112713098526
0.46460995078086853
0.701457142829895
0.7020462155342102
0.6348407864570618
0.6080753803253174
0.520720362663269
0.4138203263282776
0.2882533669471741
0.34738704562187195
0.14304737746715546
0.3004150986671448
0.3573686480522156
0.23821847140789032
0.36819401383399963
0.32971134781837463
0.2715192437171936
0.4081568121910095
0.22184675931930542
0.085118368268013
0.0765022560954094
0.24741840362548828
0.026376621797680855
0.031234540045261383
0.1467008739709854
0.12586002051830292
0.015054800547659397
0.007017260883003473
0.004125870298594236
0.01686866208910942
0.04687991365790367
0.06515002995729446
0.11693280190229416
0.13970865309238434
0.2510577440261841
0.30293163657188416
0.05231296643614769
0.0786585584282875
0.02088981121778488
0.07101961970329285
0.015496939420700073
0.1113177016377449
0.04202578216791153
0.14126040041446686
0.08055295795202255
0.016623109579086304
0.35879331827163696
0.5604389905929565
0.1775626838207245
0.07359669357538223
0.4547746479511261
0.7606536149978638
0.37349918484687805
0.24372410774230957
0.20826323330402374
0.25934186577796936
0.42523548007011414
0.24905340373516083
0.6665787100791931
0.7376202940940857
0.5154808163642883
0.7281061410903931
0.6321457028388977
0.47917842864990234
0.36681312322616577
0.36855942010879517
0.1795436292886734
0.6360997557640076
0.1123715415596962
0.22321173548698425
0.2045157253742218
0.39930692315101624
0.6130176186561584
0.9037046432495117
0.7525409460067749
0.14371810853481293
0.3344780504703522
0.2082705795764923
0.56508868932724
0.1606445163488388
0.23510022461414337
0.053488489240407944
0.3948526382446289
0.07398497313261032
0.3877090513706207
0.31114110350608826
0.3857158124446869
0.1806674599647522
0.3417312204837799
0.039381612092256546
0.12667110562324524
0.05367650091648102
0.209798201918602
0.011433449573814869
0.15768872201442719
0.043544597923755646
0.21766939759254456
0.3566835820674896
0.5975440740585327
0.16551750898361206
0.3245692551136017
0.6940139532089233
0.7022789120674133
0.049695953726768494
0.20749907195568085
0.8054620027542114
0.8497483730316162
0.08762623369693756
0.3713187575340271
0.9458906650543213
0.801871657371521
0.1857798844575882
0.7564422488212585
0.9218589067459106
0.6839038729667664
0.27981337904930115
0.8816580176353455
0.9115927815437317
0.6738324165344238
0.4585839509963989
0.4255327582359314
0.1266513466835022
0.045513007789850235
0.10140024870634079
0.11140155792236328
0.184830904006958
0.2711985111236572
0.22994086146354675
0.2776426076889038
0.42752957344055176
0.28802332282066345
0.18964341282844543
0.026211971417069435
0.03450778126716614
0.005022875498980284
0.009426644071936607
0.00190872757229954
0.012626858428120613
0.003817895194515586
0.02941686287522316
0.011459817178547382
0.0016436632722616196
0.05714648216962814
0.02566266432404518
0.005727216601371765
0.006972714327275753
0.06981227546930313
0.05577518418431282
0.020762190222740173
0.043217387050390244
0.07174990326166153
0.03615865483880043
0.03818024694919586
0.0422060489654541
0.15101604163646698
0.27106529474258423
0.13841697573661804
0.7923715710639954
0.7694206237792969
0.42955565452575684
0.2931695282459259
0.3332633972167969
0.389739453792572
0.7654169797897339
0.12391521036624908
0.2101649045944214
0.03586951270699501
0.1763620674610138
0.31480634212493896
0.07803723961114883
0.5371339917182922
0.03074404038488865
0.2668225169181824
0.030682023614645004
0.14730295538902283
0.09583993256092072
0.22860606014728546
0.1494438350200653
0.4356303811073303
0.052267804741859436
0.10719885677099228
0.055154137313365936
0.0472668781876564
0.014527050778269768
0.0086760139092803
0.03842371329665184
0.01008631195873022
0.16640760004520416
0.03851570934057236
0.43078088760375977
0.06870059669017792
0.21009013056755066
0.10898564755916595
0.2969612181186676
0.307104229927063
0.2461119294166565
0.4256201982498169
0.2669471502304077
0.3970295488834381
0.4634370803833008
0.27019786834716797
0.43357452750205994
0.2410457730293274
0.4173097312450409
0.1012316346168518
0.2419583797454834
0.10672158002853394
0.015892837196588516
0.05220334976911545
0.0566190741956234
0.006036961451172829
0.02509543113410473
0.07414296269416809
0.037582702934741974
0.0013824256602674723
0.03693460300564766
0.03017822839319706
0.05390473082661629
0.0054746889509260654
0.07014255225658417
0.05560975521802902
0.03369631990790367
0.012644256465137005
0.007813144475221634
0.05394593998789787
0.053184088319540024
0.05724814906716347
0.08233942836523056
0.31680965423583984
0.11105356365442276
0.052756037563085556
0.1804320365190506
0.31564176082611084
0.09320520609617233
0.065083347260952
0.36685270071029663
0.1663578748703003
0.07919292151927948
0.14379984140396118
0.09275922179222107
0.559475839138031
0.3481737971305847
0.3958401381969452
0.3846297264099121
0.5434774160385132
0.3730606138706207
0.2232859879732132
0.1386813223361969
0.6496081352233887
0.545340895652771
0.6632114052772522
0.8887217044830322
0.8687499165534973
0.9304278492927551
0.8820397257804871
0.7505613565444946
0.580637514591217
0.5351320505142212
0.3132493197917938
0.5840762257575989
0.2783239781856537
0.10044990479946136
0.03889524191617966
0.06737333536148071
0.029710382223129272
0.05829458683729172
0.2296352982521057
0.11455482989549637
0.16013921797275543
0.6822845935821533
0.2545674741268158
0.15878112614154816
0.23583360016345978
0.27096855640411377
0.42861875891685486
0.4807852804660797
0.3950837552547455
0.2496548742055893
0.6201347708702087
0.1325707733631134
0.2750796973705292
0.36212512850761414
0.20403476059436798
0.06588492542505264
0.12208385020494461
0.217448428273201
0.057389724999666214
0.1813102662563324
0.0899115651845932
0.12385286390781403
0.036541249603033066
0.03895450383424759
0.025290561839938164
0.04442835599184036
0.02939375303685665
0.09187684208154678
0.025386707857251167
0.08371544629335403
0.02010631002485752
0.040239766240119934
0.008221722207963467
0.07618547230958939
0.031034165993332863
0.15224149823188782
0.040736328810453415
0.1541997641324997
0.06572318822145462
0.4364398121833801
0.42647257447242737
0.20385056734085083
0.15169373154640198
0.025068162009119987
0.0062494599260389805
0.021610401570796967
0.009745867922902107
0.017954444512724876
0.012733408249914646
0.016614355146884918
0.024602994322776794
0.014753392897546291
0.010264513082802296
0.10557631403207779
0.046250056475400925
0.11743364483118057
0.0885525494813919
0.08688119798898697
0.16955292224884033
0.3713109791278839
0.08103791624307632
0.18934926390647888
0.11567351967096329
0.2777790129184723
0.3090952932834625
0.08860103040933609
0.0173264741897583
0.05699760466814041
0.010481667704880238
0.10132284462451935
0.005991517100483179
0.10652297735214233
0.0064029269851744175
0.015034381300210953
0.042131345719099045
0.025253914296627045
0.014855469577014446
0.02663264609873295
0.07629108428955078
0.12145832926034927
0.0819883793592453
0.023327449336647987
0.02389870025217533
0.006866792682558298
0.008739766664803028
0.006333281751722097
0.027429083362221718
0.06371722370386124
0.3431578278541565
0.0617624931037426
0.044495273381471634
0.018710236996412277
0.01869351975619793
0.02267869934439659
0.007671911735087633
0.03357034549117088
0.007825936190783978
0.05028769001364708
0.21601636707782745
0.21386902034282684
0.21288032829761505
0.046615660190582275
0.16431152820587158
0.28762808442115784
0.18167665600776672
0.2197709083557129
0.2580714225769043
0.10879383981227875
0.036672595888376236
0.25925126671791077
0.4279147982597351
0.058369237929582596
0.18386618793010712
0.07751188427209854
