0.2369348257780075
0.5394348502159119
0.4133073389530182
0.288727343082428
0.18934082984924316
0.10325829684734344
0.12305847555398941
0.050684597343206406
0.13821014761924744
0.02577138878405094
0.011062669567763805
0.03343207761645317
0.05710737034678459
0.01337533537298441
0.02066206745803356
0.06999366730451584
0.05461720749735832
0.026567088440060616
0.019936567172408104
0.11542073637247086
0.2495390623807907
0.02324172481894493
0.05455164983868599
0.03401188552379608
0.14409883320331573
0.1184903234243393
0.7190744876861572
0.9020058512687683
0.6935775279998779
0.40060871839523315
0.8744292259216309
0.7689862847328186
0.3403712213039398
0.11576370149850845
0.6071661710739136
0.3521505296230316
0.033979207277297974
0.15724042057991028
0.20353494584560394
0.09842696785926819
0.010783587582409382
0.47327232360839844
0.18068653345108032
0.04416852071881294
0.09945990145206451
0.06271674484014511
0.43745723366737366
0.22848013043403625
0.6837027072906494
0.775811493396759
0.6937006711959839
0.8953109383583069
0.9304468631744385
0.9389373064041138
0.7178428769111633
0.9460614323616028
0.7156104445457458
0.6079805493354797
0.6508989334106445
0.7614296078681946
0.455329954624176
0.35403159260749817
0.12663187086582184
0.7945199608802795
0.7657431364059448
0.06385987251996994
0.36983123421669006
0.8674320578575134
0.6958131194114685
0.21736027300357819
0.14107874035835266
0.0745348110795021
0.013129079714417458
0.019066473469138145
0.04014229401946068
0.1340499371290207
0.09246610105037689
0.3048126995563507
0.6356145143508911
0.3486861288547516
0.6361458897590637
0.6940021514892578
0.496823251247406
0.5953969359397888
0.5800596475601196
0.3550857901573181
0.3256322145462036
0.09842688590288162
0.058959849178791046
0.11404632031917572
0.060819584876298904
0.24586153030395508
0.08834172040224075
0.297824501991272
0.34545695781707764
0.660580039024353
0.4367065131664276
0.5634190440177917
0.3104318380355835
0.11642628163099289
0.018020065501332283
0.03822005167603493
0.10542919486761093
0.013958200812339783
0.004116593394428492
0.026911742985248566
0.05949338153004646
0.014618453569710255
0.019734535366296768
0.00984245166182518
0.020315757021307945
0.0037987823598086834
0.012717289850115776
0.02823505736887455
0.003249929053708911
0.0030742648523300886
0.02168845385313034
0.01707853190600872
0.0033193635754287243
0.006788605358451605
0.011086169630289078
0.03089318610727787
0.06316128373146057
0.43356770277023315
0.5277665853500366
0.506508469581604
0.22247059643268585
0.4787452518939972
0.6882756948471069
0.2298128306865692
0.09288731217384338
0.39683276414871216
0.15569303929805756
0.005459233187139034
0.06134617328643799
0.06979207694530487
0.02527880296111107
0.008518582209944725
0.059548456221818924
0.023897023871541023
0.027221718803048134
0.01880258321762085
0.019482554867863655
0.028248364105820656
0.05110431835055351
0.051206544041633606
0.2022564560174942
0.11953426897525787
0.44516536593437195
0.14223743975162506
0.21724697947502136
0.3884805142879486
0.46631920337677
0.34554925560951233
0.4720533788204193
0.6842970252037048
0.49156132340431213
0.15118715167045593
0.41028961539268494
0.3843391239643097
0.7482801079750061
0.6602511405944824
0.5705521702766418
0.21729718148708344
0.3965597450733185
0.3099824786186218
0.08414353430271149
0.06175952032208443
0.3006472885608673
0.14252454042434692
0.07395169883966446
0.035764701664447784
0.02283235639333725
0.009277855977416039
0.008414722979068756
0.007834251970052719
0.027238482609391212
0.012954008765518665
0.08330167084932327
0.6712938547134399
0.5799161791801453
0.7812138199806213
0.9491242170333862
0.6616767048835754
0.06620347499847412
0.6473552584648132
0.42578017711639404
0.09816566854715347
0.14302277565002441
0.47466814517974854
0.42988407611846924
0.18980726599693298
0.6163647770881653
0.2963787615299225
0.0688108280301094
0.048832766711711884
0.026609646156430244
0.06442499905824661
0.017753997817635536
0.09182389825582504
0.037911005318164825
0.3566341996192932
0.22104056179523468
0.08554266393184662
0.1276008039712906
0.05228208005428314
0.30110564827919006
0.12791092693805695
0.27221691608428955
0.47846493124961853
0.38362786173820496
0.656958281993866
0.7556436657905579
0.69820636510849
0.6550613641738892
0.8405502438545227
0.6435167789459229
0.5555172562599182
0.6579766273498535
0.6220641732215881
0.13138829171657562
0.21044233441352844
0.5406124591827393
0.26538223028182983
0.03537831827998161
0.27327850461006165
0.2093949019908905
0.02711045742034912
0.05923023447394371
0.16323263943195343
0.029187986627221107
0.06568141281604767
0.07492347806692123
0.1411755084991455
0.2608734667301178
0.3876921534538269
0.9303730130195618
0.7264323830604553
0.7905071973800659
0.6635271310806274
0.44390758872032166
0.8175337314605713
0.6175850629806519
0.9193079471588135
0.7871997356414795
0.5863251090049744
0.1525227129459381
0.7995313405990601
0.716029703617096
0.06885022670030594
0.2783874571323395
0.5216946601867676
0.14631959795951843
0.015621291473507881
0.3604404330253601
0.1737365424633026
0.07723192125558853
0.06379910558462143
0.05734776705503464
0.21652933955192566
0.18166474997997284
0.8686001300811768
0.8683770895004272
0.7625306248664856
0.9440104365348816
0.8168903589248657
0.9359791874885559
0.9206056594848633
0.7044335603713989
0.8249056935310364
0.6433348059654236
0.8691919445991516
0.9363744854927063
0.5902119278907776
0.8734310269355774
0.8689811825752258
0.8854588866233826
0.5143546462059021
0.3194293677806854
0.11519678682088852
0.02122177742421627
0.07306155562400818
0.02008926309645176
0.07169921696186066
0.1931476593017578
0.3594770133495331
0.5048357248306274
0.3563013970851898
0.9036531448364258
0.6638948917388916
0.2560993731021881
0.6545289158821106
0.9114252924919128
0.7916765809059143
0.5636941194534302
0.6410597562789917
0.6802709698677063
0.48976004123687744
0.7877877354621887
0.28965750336647034
0.12330415844917297
0.1578744500875473
0.09645945578813553
0.17051687836647034
0.23740829527378082
0.25142621994018555
0.2170838862657547
0.022128451615571976
0.14375481009483337
0.2156016230583191
0.11976210027933121
0.06889639049768448
0.27973121404647827
0.3246608078479767
0.24739935994148254
0.5562580227851868
0.6582711935043335
0.6509178280830383
0.42102110385894775
0.6511476039886475
0.37155547738075256
0.4814818203449249
0.627520740032196
0.6368619799613953
0.466222882270813
0.4433556795120239
0.50093674659729
0.34326255321502686
0.43847718834877014
0.44428277015686035
0.4509773850440979
0.37519899010658264
0.6033779382705688
0.7277668118476868
0.2958104908466339
0.19935806095600128
0.2637616693973541
0.19507555663585663
0.35648882389068604
0.26667001843452454
0.0863465815782547
0.25941410660743713
