0.22100110352039337
0.21418321132659912
0.04127386584877968
0.08869939297437668
0.13043396174907684
0.034494973719120026
0.026987003162503242
0.00885455496609211
0.027426742017269135
0.0033623643685132265
0.016632718965411186
0.06208944320678711
0.07010205090045929
0.061526909470558167
0.15916280448436737
0.14712436497211456
0.2835181951522827
0.21663989126682281
0.29968610405921936
0.10291272401809692
0.3917831778526306
0.17516018450260162
0.17903529107570648
0.17645174264907837
0.22769780457019806
0.16284693777561188
0.12415574491024017
0.12419858574867249
0.27177000045776367
0.2616274952888489
0.1706806868314743
0.24493452906608582
0.3365229666233063
0.3589010536670685
0.32336607575416565
0.1312100738286972
0.12734724581241608
0.1486375331878662
0.08266911655664444
0.18972885608673096
0.16216881573200226
0.08407632261514664
0.19084785878658295
0.29321062564849854
0.1733277440071106
0.7117197513580322
0.1957286149263382
0.6463019251823425
0.3715188205242157
0.1333184540271759
0.2890968322753906
0.23017416894435883
0.26084789633750916
0.20742790400981903
0.15522146224975586
0.20677533745765686
0.1538972556591034
0.13085980713367462
0.3373909592628479
0.28633204102516174
0.2190781831741333
0.47769567370414734
0.3843288719654083
0.30662059783935547
0.4522998034954071
0.6612045168876648
0.30774199962615967
0.7880368232727051
0.7999230623245239
0.6870808601379395
0.7541277408599854
0.3723834156990051
0.5762937068939209
0.1568557769060135
0.4608879089355469
0.32353806495666504
0.3244745135307312
0.43571677803993225
0.1969594955444336
0.41212862730026245
0.4143904745578766
0.2900777757167816
0.25711074471473694
0.390323281288147
0.42891812324523926
0.21842890977859497
0.3276410698890686
0.5693369507789612
0.5116540789604187
0.5102909207344055
0.6069673299789429
0.5469844937324524
0.6995963454246521
0.14648300409317017
0.05994032695889473
0.051848940551280975
0.03703039884567261
0.003051284234970808
0.02685984969139099
0.201191246509552
0.011728757061064243
0.011128044687211514
0.20908556878566742
0.13360577821731567
0.03748214989900589
0.08444622904062271
0.15577977895736694
0.2522321939468384
0.27619996666908264
0.08911031484603882
0.1451258361339569
0.07383379340171814
0.03260575607419014
0.047799769788980484
0.009392251260578632
0.18013305962085724
0.15248429775238037
0.3134361207485199
0.34137049317359924
0.1394793689250946
0.11185676604509354
0.3066446781158447
0.6482464671134949
0.16688135266304016
0.03992914408445358
0.35915571451187134
0.3425670862197876
0.10620803385972977
0.3318285346031189
0.3935657739639282
0.13491292297840118
0.03140760958194733
0.16597329080104828
0.13425162434577942
0.23712781071662903
0.2633148729801178
0.43633928894996643
0.4193076193332672
0.4931124150753021
0.42543473839759827
0.369794100522995
0.2998657822608948
0.28735876083374023
0.27841827273368835
0.2333216667175293
0.2366352677345276
0.0797504410147667
0.16577434539794922
0.3070659041404724
0.17768079042434692
0.23939543962478638
0.48169463872909546
0.4290160834789276
0.43541815876960754
0.2533474266529083
0.3250638544559479
0.40253767371177673
0.3551352322101593
0.27305272221565247
0.48341894149780273
0.34114500880241394
0.41994932293891907
0.30418986082077026
0.4809730350971222
0.328377366065979
0.5921088457107544
0.6371919512748718
0.3343072235584259
0.20374727249145508
0.26378563046455383
0.1936773657798767
0.23045974969863892
0.14945217967033386
0.21818800270557404
0.33037063479423523
0.33216843008995056
0.23831667006015778
0.2708463966846466
0.42404380440711975
0.2092340588569641
0.5471270680427551
0.6719335317611694
0.6390694975852966
0.5627431273460388
0.8041715025901794
0.3922412097454071
0.51582932472229
0.3271590769290924
0.6902954578399658
0.39033395051956177
0.6500347852706909
0.45378801226615906
0.5752657055854797
0.6443734169006348
0.4363168478012085
0.3882244825363159
0.5925233960151672
0.20996324717998505
0.4105145037174225
0.19212111830711365
0.6392632126808167
0.5350978970527649
0.6291926503181458
0.29213082790374756
0.26104751229286194
0.35914313793182373
0.36187008023262024
0.11074848473072052
0.08535943180322647
0.2419307827949524
0.11743434518575668
0.01309224497526884
0.19748950004577637
0.09725286066532135
0.02066533826291561
0.03365911915898323
0.0050780088640749454
0.007418169640004635
0.002313673961907625
0.004343254957348108
0.021190190687775612
0.04487688094377518
0.07608300447463989
0.2539007067680359
0.2971911132335663
0.13761888444423676
0.5120546221733093
0.2655632197856903
0.39909592270851135
0.3928181231021881
0.5689635276794434
0.42381781339645386
0.416485995054245
0.2854450047016144
0.27955809235572815
0.08740229904651642
0.1879318803548813
0.32674774527549744
0.25977054238319397
0.07517057657241821
0.2336738407611847
0.21638080477714539
0.059194792062044144
0.18394115567207336
0.18236608803272247
0.10103009641170502
0.024770578369498253
0.18546433746814728
0.12671500444412231
0.019048580899834633
0.08327808231115341
0.1990015059709549
0.07628070563077927
0.07061449438333511
0.021943096071481705
0.03918839246034622
0.004915706347674131
0.0073324209079146385
0.003946933429688215
0.009826351888477802
0.04213845729827881
0.18279393017292023
0.5203507542610168
0.2094281166791916
0.8095992207527161
0.41665762662887573
0.6014338135719299
0.3290812075138092
0.11309804022312164
0.21878033876419067
0.21204815804958344
0.10899277776479721
0.019976532086730003
0.04394509643316269
0.20205576717853546
0.0942162424325943
0.0076552447862923145
0.021319832652807236
0.09521912783384323
0.1109243780374527
0.012520505115389824
0.04295654967427254
0.007620862685143948
0.010443465784192085
0.00727493641898036
0.017663275822997093
0.20988984405994415
0.3936878442764282
0.43842875957489014
0.1795407086610794
0.02864994667470455
0.1617918312549591
0.41253459453582764
0.056694403290748596
0.08671890944242477
0.4209047853946686
0.2521044909954071
0.28813400864601135
0.47062063217163086
0.3584187924861908
0.5808671712875366
0.625352144241333
0.3312090039253235
0.12506552040576935
0.6073670387268066
0.57804936170578
0.21153855323791504
0.7147284746170044
0.7629426121711731
0.8385412693023682
0.7604350447654724
0.5916590094566345
0.3621012568473816
0.3095957338809967
0.2006208747625351
0.10330156981945038
0.1692337989807129
0.32391586899757385
0.03126511722803116
0.018444815650582314
0.11847342550754547
0.16188523173332214
0.014721891842782497
0.04176248237490654
0.2165149599313736
0.13236495852470398
0.03646474704146385
0.11795556545257568
0.04270471632480621
0.053755391389131546
0.019660383462905884
0.006317650433629751
0.014066724106669426
0.014479932375252247
0.11301787942647934
0.2885453999042511
0.778958261013031
0.5336633920669556
0.3648935854434967
0.127605602145195
0.09207922220230103
0.06380674988031387
0.024530241265892982
0.11391434818506241
0.2409035861492157
0.4070946276187897
0.2743300497531891
0.14252376556396484
0.1991572082042694
0.14237958192825317
0.25299564003944397
0.41891011595726013
0.5428101420402527
0.1570601463317871
0.11968322843313217
0.314572811126709
0.5283847451210022
0.17544901371002197
0.17801249027252197
0.6504938006401062
0.2999070882797241
0.06428655982017517
0.3078731298446655
0.37146711349487305
0.29059112071990967
0.2768471837043762
0.32391253113746643
0.2548612654209137
0.2823450267314911
0.24253490567207336
0.3913465440273285
0.50502610206604
0.26968914270401
0.49298280477523804
0.2538721263408661
0.6891129612922668
0.27876415848731995
0.28655701875686646
0.39531460404396057
0.3020031750202179
0.5077810883522034
0.5922197699546814
0.48501279950141907
0.17823190987110138
0.7790757417678833
0.7109100222587585
0.40396562218666077
0.7025540471076965
0.6814452409744263
0.2311348170042038
0.536098062992096
0.4682631492614746
0.271746426820755
0.42763569951057434
0.5703206658363342
0.14031614363193512
0.3539063036441803
0.4526883363723755
0.3048354387283325
0.3189209997653961
0.29890334606170654
0.2750268280506134
0.0735323503613472
0.38228750228881836
0.42838478088378906
0.5858749151229858
0.2999003529548645
0.5679629445075989
0.3026716113090515
0.47989973425865173
0.3021656572818756
0.2766387164592743
0.20464491844177246
0.16577692329883575
0.1799270212650299
0.2660450041294098
0.41486236453056335
0.2607707679271698
0.4626500904560089
0.43444016575813293
0.5688112378120422
0.3987860679626465
0.5740640759468079
0.7054150700569153
0.42151185870170593
0.609463632106781
0.3932609558105469
0.590527355670929
0.4666289687156677
0.14991512894630432
0.28846052289009094
0.051362741738557816
0.03771674260497093
0.08170074969530106
0.04174419119954109
0.0022236171644181013
0.01910790614783764
0.09307313710451126
0.04624544456601143
0.005874525289982557
0.040815550833940506
0.12677063047885895
0.08721894770860672
0.03178222477436066
0.08883654326200485
0.11525014042854309
0.09061314165592194
0.08507891744375229
0.1969672292470932
0.1669466644525528
