0.3140539228916168
0.19670581817626953
0.22206856310367584
0.06148948147892952
0.25200513005256653
0.038364917039871216
0.1559017151594162
0.04723462834954262
0.06038698926568031
0.056660786271095276
0.0498376227915287
0.07022284716367722
0.040790945291519165
0.013211360201239586
0.034087710082530975
0.03285850211977959
0.049536120146512985
0.07315424084663391
0.11614285409450531
0.10101614892482758
0.02549215778708458
0.20903728902339935
0.25660625100135803
0.031193217262625694
0.15382693707942963
0.3643931448459625
0.3343169391155243
0.2981662154197693
0.10658548027276993
0.10279792547225952
0.10061546415090561
0.1484512835741043
0.132482647895813
0.09819809347391129
0.03594108298420906
0.06135484203696251
0.027711831033229828
0.10259520262479782
0.05630233511328697
0.1536235511302948
0.1607023924589157
0.08459413796663284
0.1286841183900833
0.03257390484213829
0.07428191602230072
0.013658013194799423
0.07376954704523087
0.05170471966266632
0.09698198735713959
0.1180572360754013
0.142037495970726
0.0646790936589241
0.17781491577625275
0.09669731557369232
0.054854728281497955
0.02853422798216343
0.0572461299598217
0.01553888339549303
0.04765726998448372
0.047465529292821884
0.09810785204172134
0.10069255530834198
0.09060443937778473
0.19505758583545685
0.24044892191886902
0.20691543817520142
0.45793452858924866
0.4429592788219452
0.5605722665786743
0.46813520789146423
0.1929703652858734
0.08162551373243332
0.029859503731131554
0.029990650713443756
0.0356612391769886
0.05921338126063347
0.08592782914638519
0.07274631410837173
0.10957913845777512
0.19619175791740417
0.587637722492218
0.4385336935520172
0.20468339323997498
0.6933056116104126
0.5012446641921997
0.0652008056640625
0.4893302321434021
0.8598140478134155
0.31213489174842834
0.15026772022247314
0.7448656558990479
0.9100787043571472
0.19406697154045105
0.49725744128227234
0.9548832774162292
0.9143142700195312
0.48712703585624695
0.26747047901153564
0.20943443477153778
0.0897042527794838
0.023587755858898163
0.07322601228952408
0.03968781977891922
0.11869493126869202
0.1387835294008255
0.12321127951145172
0.36027392745018005
0.6085153222084045
0.1479189395904541
0.3555513918399811
0.5886276364326477
0.3175451457500458
0.1891804337501526
0.13447482883930206
0.08402364701032639
0.029473185539245605
0.05633807182312012
0.14710938930511475
0.13153238594532013
0.07938294112682343
0.1875663846731186
0.40486109256744385
0.05976027995347977
0.23950208723545074
0.4688434600830078
0.3689502775669098
0.13646076619625092
0.49421221017837524
0.7506735324859619
0.5261965990066528
0.37064892053604126
0.34449636936187744
0.827225923538208
0.8360151648521423
0.5880905985832214
0.7831372618675232
0.29227346181869507
0.6955761313438416
0.54683518409729
0.27115458250045776
0.34724757075309753
0.11391333490610123
0.27726662158966064
0.2652612030506134
0.1250312626361847
0.2013213187456131
0.3142469525337219
0.13148699700832367
0.16715224087238312
0.23285910487174988
0.08333588391542435
0.1459871232509613
0.08141918480396271
0.11952502280473709
0.027236860245466232
0.04150664061307907
0.039779141545295715
0.02170436829328537
0.035008322447538376
0.02992216683924198
0.275115042924881
0.21962150931358337
0.5817557573318481
0.7721217274665833
0.44196003675460815
0.389040470123291
0.2041030079126358
0.2895399034023285
0.5139324069023132
0.5042579770088196
0.6210278272628784
0.4434944689273834
0.1202782541513443
0.13159291446208954
0.34759896993637085
0.1898016333580017
0.03374258801341057
0.1132737249135971
0.014661974273622036
0.00881180725991726
0.014508454129099846
0.02384982444345951
0.027156049385666847
0.06762386113405228
0.09694479405879974
0.11839192360639572
0.6770148873329163
0.5475879311561584
0.27641385793685913
0.17305618524551392
0.2411188781261444
0.40202489495277405
0.2841356098651886
0.1473488211631775
0.08170909434556961
0.11504079401493073
0.11293564736843109
0.029736174270510674
0.1722167432308197
0.09185516089200974
0.09120830148458481
0.05690915137529373
0.07576689124107361
0.11487119644880295
0.10382042825222015
0.09665439277887344
0.38250014185905457
0.8319981098175049
0.9179956912994385
0.9438444972038269
0.9785085320472717
0.9495890140533447
0.9601076245307922
0.9588528871536255
0.37864840030670166
0.864126980304718
0.9689690470695496
0.44466251134872437
0.21630389988422394
0.9640282392501831
0.967004656791687
0.20755724608898163
0.3818957805633545
0.9710174202919006
0.9010338187217712
0.19238874316215515
0.6154589653015137
0.9653576016426086
0.8188938498497009
