0.32941728830337524
0.15309973061084747
0.05325167626142502
0.06757763028144836
0.21455468237400055
0.14922769367694855
0.020806577056646347
0.17781373858451843
0.4031373858451843
0.2314600944519043
0.036446791142225266
0.32948198914527893
0.38340121507644653
0.1455971747636795
0.19479109346866608
0.4503709077835083
0.41942110657691956
0.25623971223831177
0.3550460934638977
0.13524921238422394
0.13012562692165375
0.19072073698043823
0.10690821707248688
0.3910762369632721
0.16991876065731049
0.10912460833787918
0.029737496748566628
0.01712697371840477
0.004076937213540077
0.005849563516676426
0.0018741224193945527
0.006772002670913935
0.0062559060752391815
0.007729513105005026
0.012414516881108284
0.021256042644381523
0.0065359617583453655
0.004949187394231558
0.008618950843811035
0.0031427477952092886
0.0046261814422905445
0.07201404124498367
0.00951058603823185
0.007081207353621721
0.06112657114863396
0.18290162086486816
0.06679338961839676
0.11096587777137756
0.27179402112960815
0.42487528920173645
0.09396073967218399
0.1631447821855545
0.05847857519984245
0.248623326420784
0.15573687851428986
0.04535429924726486
0.023568306118249893
0.0037062831688672304
0.0029552094638347626
0.00418159319087863
0.005334632936865091
0.009681202471256256
0.03180481866002083
0.01635371334850788
0.05352165177464485
0.09227043390274048
0.013296877034008503
0.016097361221909523
0.01184475515037775
0.014301680959761143
0.051643796265125275
0.0153982974588871
0.008867812342941761
0.025187114253640175
0.02727380394935608
0.0014732158742845058
0.0359661690890789
0.050986021757125854
0.06982357054948807
0.01175233069807291
0.07342184334993362
0.11732247471809387
0.11281340569257736
0.14579184353351593
0.08978798985481262
0.21532315015792847
0.021023139357566833
0.07008316367864609
0.02687591314315796
0.012110910378396511
0.03424159437417984
0.020335860550403595
0.06504744291305542
0.020128410309553146
0.12064800411462784
0.06559351831674576
0.07855221629142761
0.05536061152815819
0.19483590126037598
0.14830227196216583
0.20858442783355713
0.48353445529937744
0.2574727237224579
0.383129745721817
0.19521957635879517
0.3212295174598694
0.40638333559036255
0.037918467074632645
0.01913231424987316
0.3813791275024414
0.13181281089782715
0.032035406678915024
0.08515319973230362
0.15816064178943634
0.05366281792521477
0.0173257514834404
0.007111816201359034
0.10051929950714111
0.07341925799846649
0.057712435722351074
0.05223392695188522
0.09332349896430969
0.10905672609806061
0.14956513047218323
0.08709201961755753
0.07940664142370224
0.13048285245895386
0.06267621368169785
0.02882217802107334
0.03634798154234886
0.08070754259824753
0.01413537748157978
0.3100031018257141
0.14636240899562836
0.23626089096069336
0.3589556813240051
0.3902411162853241
0.5153200030326843
0.3226969540119171
0.30704736709594727
0.6850907802581787
0.571831226348877
0.5067477226257324
0.7446373105049133
0.808712899684906
0.9283156991004944
0.8734153509140015
0.9522364735603333
0.8979809880256653
0.8387644290924072
0.85186368227005
0.9033575057983398
0.8554250001907349
0.7091013193130493
0.8983168005943298
0.6911104917526245
0.6149603724479675
0.8325710296630859
0.781613290309906
0.26768115162849426
0.2882077991962433
0.5970532298088074
0.528535783290863
0.17966100573539734
0.1631990522146225
0.2151777148246765
0.27043136954307556
0.06424006819725037
0.0335928276181221
0.4603179395198822
0.3792576491832733
0.08268798142671585
0.23833081126213074
0.15440382063388824
0.12098538875579834
0.08383529633283615
0.018949836492538452
0.08406523615121841
0.10108909010887146
0.02348790504038334
0.004374321084469557
0.06854169815778732
0.08082538098096848
0.06886077672243118
0.07632668316364288
0.04361513629555702
0.12188536673784256
0.03486919403076172
0.01695193164050579
0.0914447084069252
0.06303671002388
0.0846262127161026
0.13710720837116241
0.10567954927682877
0.21538884937763214
0.1445687711238861
0.22704434394836426
0.29732316732406616
0.26222148537635803
0.4426731467247009
0.4843769669532776
0.15297989547252655
0.301014244556427
0.1780138462781906
0.23577043414115906
0.19659008085727692
0.3232663571834564
0.45787546038627625
0.39830341935157776
0.29076990485191345
0.7081306576728821
0.6922503709793091
0.5459610819816589
0.6764333844184875
0.942468523979187
0.8846286535263062
0.5459476113319397
0.7620505690574646
0.7978506088256836
0.41073280572891235
0.5825313329696655
0.9310435056686401
0.8147377371788025
0.5666429996490479
0.9373914003372192
0.9667479395866394
0.7399910092353821
0.7978489995002747
0.9738993048667908
0.9084475636482239
0.8086580634117126
0.8667237758636475
0.9540198445320129
0.7753919363021851
0.722355842590332
0.9214110970497131
0.7762334942817688
0.6196640133857727
0.5758669972419739
0.6693575382232666
0.16271032392978668
0.2942544221878052
0.32414987683296204
0.10988843441009521
0.11574826389551163
0.08280544728040695
0.1363416314125061
0.06559096276760101
0.05308249965310097
0.06929171085357666
0.049122970551252365
0.08582347631454468
0.09193247556686401
0.0479067862033844
0.07674259692430496
0.06534943729639053
0.09835216403007507
0.08429557830095291
0.04775127023458481
0.13584500551223755
0.1419212818145752
0.22440654039382935
0.4747425615787506
0.5142067074775696
0.7242038249969482
0.32033535838127136
0.08407292515039444
0.666871964931488
0.5680968165397644
0.05041175335645676
0.04309441149234772
0.5282236933708191
0.39070725440979004
0.052978504449129105
0.10776259005069733
0.320389986038208
0.24519427120685577
0.6482561230659485
0.5262721180915833
0.7061928510665894
0.4845930337905884
0.2337130457162857
0.19035887718200684
0.4468678832054138
0.3587445318698883
0.10630433261394501
0.3252231776714325
0.21607421338558197
0.12380252778530121
0.16158011555671692
0.2745627760887146
0.28637242317199707
0.1682668775320053
0.2021644413471222
0.2563680410385132
0.23049402236938477
0.34003400802612305
0.17275923490524292
0.31783586740493774
0.39782240986824036
0.22922897338867188
0.1859450787305832
0.15652164816856384
0.06854028254747391
0.2134568989276886
0.22421760857105255
0.3228950798511505
0.3554808497428894
0.2066687047481537
0.09400378167629242
0.05770627036690712
0.13430649042129517
0.12567895650863647
0.20207691192626953
0.24780215322971344
0.18442368507385254
0.2000625878572464
