0.7763183116912842
0.7809327840805054
0.5862038731575012
0.33200278878211975
0.5030487179756165
0.6295086145401001
0.35468658804893494
0.7559444308280945
0.6917799115180969
0.7609478831291199
0.82952481508255
0.9372232556343079
0.949677050113678
0.9145060777664185
0.9186203479766846
0.49996715784072876
0.5653873085975647
0.890753448009491
0.9190242886543274
0.48248091340065
0.5902019143104553
0.8794735074043274
0.9250672459602356
0.3024229407310486
0.5175877213478088
0.8412113785743713
0.5729930400848389
0.47675541043281555
0.5959234833717346
0.789138913154602
0.5549022555351257
0.786450207233429
0.5574417114257812
0.5014984011650085
0.7606250047683716
0.7984034419059753
0.38167232275009155
0.7148802280426025
0.5286682844161987
0.9342380166053772
0.9747512936592102
0.9580629467964172
0.7068708539009094
0.743045449256897
0.9197991490364075
0.6583045721054077
0.4736272990703583
0.7025269865989685
0.5275495648384094
0.8105352520942688
0.7623656392097473
0.8468680381774902
0.8005739450454712
0.8758266568183899
0.845147967338562
0.8963298797607422
0.769969642162323
0.8974326252937317
0.6872206926345825
0.5024351477622986
0.4070515036582947
0.46183544397354126
0.6404786705970764
0.3743636906147003
0.13181208074092865
0.23570238053798676
0.1331399381160736
0.061197295784950256
0.1529737263917923
0.19545698165893555
0.2220354825258255
0.2903580367565155
0.15530644357204437
0.7145981192588806
0.26027077436447144
0.6880733966827393
0.4381984770298004
0.7358031272888184
0.9142940640449524
0.9531868696212769
0.8012621998786926
0.42756325006484985
0.8517844080924988
0.9781329035758972
0.9622200727462769
0.6920557618141174
0.5220252871513367
0.30391818284988403
0.2518860399723053
0.4590529501438141
0.5153411030769348
0.3545480966567993
0.2227567881345749
0.6668255925178528
0.862000048160553
0.6905997395515442
0.6134107112884521
0.5480203032493591
0.5434798002243042
0.41095200181007385
0.30580219626426697
0.5051966905593872
0.2929168939590454
0.21997137367725372
0.4420372247695923
0.19787615537643433
0.434695839881897
0.9190211892127991
0.7300896644592285
0.918308675289154
0.8996858596801758
0.9764389395713806
0.9465702772140503
0.852549135684967
0.8144329190254211
0.9681061506271362
0.9296331405639648
0.5739150047302246
0.9436097741127014
0.9635379910469055
0.8709896206855774
0.7133582830429077
0.9208061695098877
0.9495924711227417
0.9359997510910034
0.9401006698608398
0.9443949460983276
0.849078893661499
0.8872340321540833
0.9357984662055969
