0.15760163962841034
0.17818783223628998
0.30774909257888794
0.26106101274490356
0.5293436646461487
0.3810936510562897
0.7877500057220459
0.8683614730834961
0.8252676129341125
0.8380524516105652
0.8745602965354919
0.7675374150276184
0.4255794882774353
0.3168904483318329
0.1434800922870636
0.3198665976524353
0.4421311616897583
0.3160838484764099
0.46566906571388245
0.5811521410942078
0.7896937131881714
0.7724344730377197
0.5670151114463806
0.2731436789035797
0.42679524421691895
0.465057373046875
0.2277127355337143
0.2328166961669922
0.29379621148109436
0.31621766090393066
0.2824288606643677
0.32103580236434937
0.44793590903282166
0.4246736466884613
0.53790283203125
0.7410966157913208
0.784517765045166
0.7684432864189148
0.4447021484375
0.8703376650810242
0.921803891658783
0.7981653213500977
0.785245418548584
0.8269440531730652
0.5890249013900757
0.5088305473327637
0.7641353607177734
0.7877272963523865
0.6370002031326294
0.622497022151947
0.3472149670124054
0.47737497091293335
0.371641606092453
0.3845335841178894
