0.8658196330070496
0.7717751860618591
0.8493190407752991
0.7060747742652893
0.8593697547912598
0.7111242413520813
0.8572195172309875
0.8746084570884705
0.9145094752311707
0.8612260222434998
0.7306942343711853
0.8155716061592102
0.6377012133598328
0.7757689356803894
0.7315468788146973
0.553618311882019
0.6606701612472534
0.7435113191604614
0.3193531036376953
0.7476333975791931
0.3829497992992401
0.7407484650611877
0.44791901111602783
0.8704114556312561
0.6611950397491455
0.8254516124725342
0.8594692945480347
0.7813953757286072
0.6618381142616272
0.7516309022903442
0.7899359464645386
0.8042435646057129
0.7905479669570923
0.653187096118927
0.7318852543830872
0.42479440569877625
0.6550528407096863
0.30926570296287537
0.6555818319320679
0.5471640825271606
0.7653024196624756
0.6086852550506592
0.8484299182891846
0.8566815853118896
0.8584353923797607
0.8801685571670532
0.8762796521186829
0.9049729108810425
0.8600327372550964
0.8791374564170837
0.9040659070014954
0.5191199779510498
0.3685213625431061
0.8246431350708008
0.7897195816040039
0.5499677658081055
0.7050002813339233
0.7864962816238403
0.7207931280136108
0.8300636410713196
0.8499817848205566
0.716229259967804
0.6301171183586121
0.609291672706604
0.7438153624534607
0.5678754448890686
0.5349167585372925
0.6318431496620178
0.5422465801239014
0.8026429414749146
0.7460569143295288
0.840695321559906
0.6690979599952698
0.8043356537818909
0.818856418132782
0.5520208477973938
0.6663094758987427
0.29515308141708374
0.6392617225646973
0.27055782079696655
0.6132407784461975
0.6045018434524536
0.3301021456718445
0.5889771580696106
0.5684967041015625
0.770744264125824
0.5318264365196228
0.8152197599411011
0.6794543862342834
0.9132493138313293
0.5517804026603699
0.7926547527313232
0.40453585982322693
0.7491047978401184
0.6356593370437622
0.896994411945343
0.676582396030426
0.8810194134712219
0.9437988996505737
0.9375560879707336
0.9266658425331116
0.8850083947181702
0.9558202028274536
0.8705500364303589
0.9178093075752258
0.8684576153755188
0.5817872881889343
0.8650057315826416
0.44313621520996094
0.7822685241699219
0.7582968473434448
0.8290839195251465
0.9139878153800964
