0.26953181624412537
0.26352497935295105
0.13287453353405
0.13539066910743713
0.13173352181911469
0.5326749086380005
0.5097244381904602
0.5309422612190247
0.1847023069858551
0.6880226135253906
0.24139049649238586
0.4338039457798004
0.1608966439962387
0.4106021523475647
0.4563845694065094
0.37152013182640076
0.5044146776199341
0.44772762060165405
0.22236628830432892
0.26619473099708557
0.056330859661102295
0.10272663086652756
0.041302815079689026
0.10216512531042099
0.14136524498462677
0.20515774190425873
0.09665150940418243
0.23542843759059906
0.062005896121263504
0.2833162248134613
0.3843871057033539
0.6625635623931885
0.22297964990139008
0.4803987145423889
0.28089025616645813
0.12732623517513275
0.49660244584083557
0.4250495731830597
0.16533900797367096
0.2576006054878235
0.33739274740219116
0.20275364816188812
0.5203863978385925
0.11181117594242096
0.3291923999786377
0.15265262126922607
0.06626693159341812
0.18113549053668976
0.056882329285144806
0.061223916709423065
0.06329230964183807
0.09017330408096313
0.2005201131105423
0.421921044588089
0.1558387726545334
0.1102432906627655
0.16796310245990753
0.19482742249965668
0.25384649634361267
0.17539392411708832
0.0612865574657917
0.1189357191324234
0.32277530431747437
0.3424856960773468
0.16087527573108673
0.2718048691749573
0.3229634761810303
0.09085933119058609
0.10783160477876663
0.05588364601135254
0.20373454689979553
0.39020875096321106
0.6666883826255798
0.5111492276191711
0.5938600897789001
0.6162999868392944
0.41755157709121704
0.4114437699317932
0.11898072808980942
0.1153196394443512
0.03928143531084061
0.09197715669870377
0.10121554136276245
0.06675983965396881
0.08652006089687347
0.22911974787712097
0.15446807444095612
0.41534295678138733
0.22507044672966003
0.3325122892856598
0.3901367485523224
0.6144644021987915
0.6484982967376709
0.638058602809906
0.49757829308509827
0.2514370381832123
0.594641923904419
0.611790120601654
0.4162883460521698
0.3348569869995117
0.574711799621582
0.524109959602356
0.48857995867729187
0.6204537153244019
0.5512415170669556
0.7173816561698914
0.4234284460544586
0.5410217642784119
0.44289079308509827
0.4924020767211914
0.46465927362442017
0.5492475032806396
0.6648275852203369
0.673305332660675
0.5359975099563599
0.4386078715324402
0.6128370761871338
0.3123408854007721
0.3108792304992676
0.38741329312324524
0.3468874394893646
0.24712583422660828
0.38129308819770813
0.13706906139850616
0.08543567359447479
0.022817162796854973
0.11291110515594482
0.10465548187494278
0.1319844275712967
0.20220936834812164
0.3746371567249298
0.12431906163692474
0.16145440936088562
0.3688755929470062
0.39735931158065796
0.1690351516008377
0.3456480801105499
0.6246088147163391
0.6205503344535828
0.1986052393913269
0.6850865483283997
0.35928788781166077
0.12490759789943695
0.24856863915920258
0.4810938835144043
0.3663047254085541
0.7122448682785034
0.20168907940387726
0.6516074538230896
0.292965829372406
0.6347326636314392
0.5726394057273865
0.4141228199005127
0.1906798779964447
0.4393140971660614
0.07285299152135849
0.37123987078666687
0.2722228467464447
0.2644905149936676
0.121147021651268
0.31721168756484985
0.30535656213760376
0.34887775778770447
0.2065962851047516
0.3843879997730255
0.33892130851745605
0.17220349609851837
0.22437000274658203
0.2314494401216507
0.35785573720932007
0.4193855822086334
0.34901899099349976
0.4853917360305786
0.5746138691902161
0.5644059181213379
0.7122864127159119
0.6450124979019165
0.8823938965797424
0.7089968323707581
0.7272915840148926
0.35398176312446594
0.6133266091346741
0.6250495910644531
0.5641922950744629
0.39262357354164124
0.5037832260131836
0.2759895324707031
0.477298378944397
0.2680114507675171
0.3910408020019531
0.17681053280830383
0.14088308811187744
0.18761783838272095
