0.15663480758666992
0.08527069538831711
0.10709909349679947
0.05836060270667076
0.03853467106819153
0.00501972483471036
0.007530644536018372
0.006857019383460283
0.011090760119259357
0.020639291033148766
0.17535759508609772
0.1652696132659912
0.45062902569770813
0.11204983294010162
0.03166252747178078
0.44336971640586853
0.0879296213388443
0.031592462211847305
0.1913979947566986
0.515240490436554
0.3533974289894104
0.1881699413061142
0.3550698459148407
0.658412516117096
0.29867494106292725
0.339481383562088
0.14631016552448273
0.047770269215106964
0.0680295005440712
0.07177024334669113
0.03908439725637436
0.011091258376836777
0.020434705540537834
0.013837440870702267
0.020747719332575798
0.2722029685974121
0.2520461082458496
0.06835943460464478
0.11524142324924469
0.11115127056837082
0.1727021485567093
0.10172697901725769
0.24004705250263214
0.12620362639427185
0.09737440198659897
0.057840414345264435
0.07704045623540878
0.04470953345298767
0.06297623366117477
0.04095223546028137
0.0210280641913414
0.01425330713391304
0.023781651630997658
0.02386581338942051
0.020839402452111244
0.0220367219299078
0.0642942413687706
0.024027138948440552
0.019731741398572922
0.02414793148636818
0.015496504493057728
0.004220617935061455
0.0087793143466115
0.006730949506163597
0.010858354158699512
0.03612514212727547
0.047983091324567795
0.04757847264409065
0.16906940937042236
0.12542426586151123
0.07338395714759827
0.013315201736986637
0.0443359911441803
0.0766805037856102
0.04287347570061684
0.0034756932873278856
0.023251470178365707
0.03006664291024208
0.015336346812546253
0.009005548432469368
0.04263414442539215
0.032395150512456894
0.012564454227685928
0.014461777172982693
0.007498765829950571
0.004807590041309595
0.00986141711473465
0.024173570796847343
0.059694163501262665
0.13461150228977203
0.15161888301372528
0.7407824993133545
0.6088327765464783
0.10177522897720337
0.11156163364648819
0.47117266058921814
0.17609184980392456
0.033801186829805374
0.46442583203315735
0.3103935718536377
0.10956049710512161
0.016322359442710876
0.1425778865814209
0.07999260723590851
0.01915106363594532
0.010102474130690098
0.14508900046348572
0.055375419557094574
0.038597192615270615
0.05044177547097206
0.04162512719631195
0.07771100848913193
0.023547889664769173
0.10692183673381805
0.06030694767832756
0.05678289383649826
0.0475582517683506
0.1456480771303177
0.3592740297317505
0.6065282821655273
0.2831070125102997
0.31377631425857544
0.5035220980644226
0.5396474599838257
0.7335729598999023
0.8174763917922974
0.5247640013694763
0.8771346807479858
0.9669097065925598
0.9722349643707275
0.3734546899795532
0.7639846801757812
0.9602599740028381
0.9091321229934692
0.5520485043525696
0.8239424824714661
0.6322292685508728
0.5701349973678589
0.41366827487945557
0.5664369463920593
0.2642383873462677
0.6670287251472473
0.27317360043525696
0.6639529466629028
0.2631683945655823
0.654364287853241
0.2327180653810501
0.3363713324069977
0.2951073944568634
0.5918283462524414
0.37528759241104126
0.2800111174583435
0.3100927770137787
0.5064073801040649
0.2596564292907715
0.07428499311208725
0.5482287406921387
0.5861767530441284
0.1586284190416336
0.26367807388305664
0.22936367988586426
0.1588008552789688
0.4595971703529358
0.4141588509082794
0.23407885432243347
0.4958133101463318
0.29540470242500305
0.6778863072395325
0.2854645550251007
0.4991303086280823
0.22118398547172546
0.34282979369163513
0.5761680006980896
0.20540599524974823
0.09822669625282288
0.36244267225265503
0.32204556465148926
0.16123008728027344
0.16236186027526855
0.6091971397399902
0.41269630193710327
0.22032251954078674
0.27124181389808655
0.05082723870873451
0.2931610643863678
0.2843264937400818
0.1940011829137802
0.21628114581108093
0.1321103274822235
0.19671685993671417
0.21893811225891113
0.10022936761379242
0.18858633935451508
0.3596574366092682
0.12908557057380676
0.4934338629245758
0.0666646882891655
0.34571704268455505
0.06989863514900208
0.4397493600845337
0.1339554637670517
0.4098311960697174
0.3692382872104645
0.37862643599510193
0.18878690898418427
0.320133239030838
0.1295284926891327
0.15375328063964844
0.05374071002006531
0.1538408249616623
0.10702866315841675
0.12423181533813477
0.08224504441022873
0.24664397537708282
0.324409544467926
0.24618925154209137
0.49410736560821533
0.49124062061309814
0.3832302689552307
0.14656344056129456
0.3180066645145416
0.27316534519195557
0.27352920174598694
0.33993586897850037
0.1917596012353897
0.6232913136482239
0.2879908084869385
0.7603338956832886
0.6121054887771606
0.6732084155082703
0.6549878716468811
0.7316754460334778
0.530060350894928
0.45431947708129883
0.5627503395080566
0.7404250502586365
0.6222527623176575
0.7059721350669861
0.763511061668396
0.7005283832550049
0.4564105272293091
0.4605027735233307
0.4634535610675812
0.3411104083061218
0.3038623631000519
0.31375858187675476
0.5015382170677185
0.24584579467773438
0.28471270203590393
0.14583705365657806
0.17146068811416626
0.33366507291793823
0.6494191288948059
0.7994704842567444
0.7929785251617432
0.6795895099639893
0.8218436241149902
0.5915840268135071
0.7154651284217834
0.7090756297111511
0.6101973056793213
0.6977793574333191
0.6067085266113281
0.7901385426521301
0.5726584792137146
0.8788812756538391
0.414031982421875
0.8263850212097168
0.5923914909362793
0.31444984674453735
0.3296799063682556
0.40078967809677124
0.4600118100643158
0.1567116528749466
0.024323323741555214
0.5237030386924744
0.16687577962875366
0.015133419074118137
0.05886060744524002
0.416073739528656
0.1591426134109497
0.006049677729606628
0.33014747500419617
0.2614974081516266
0.06025269255042076
0.07626546174287796
0.6392744183540344
0.3220592737197876
0.06903678923845291
0.08298950642347336
0.5447936058044434
0.23064976930618286
0.36439234018325806
0.20105788111686707
0.09088790416717529
0.10125428438186646
0.6654511094093323
0.6072620749473572
0.6933825612068176
0.979987382888794
0.9384387135505676
0.6934675574302673
0.960200846195221
0.9751614332199097
0.8825672268867493
0.6797685027122498
0.8692243695259094
0.8022634983062744
0.7744343280792236
0.6779983639717102
0.7865096926689148
0.8792457580566406
0.854063868522644
0.6729065179824829
0.811873733997345
0.9357908368110657
0.8328213095664978
0.8873274922370911
0.9012080430984497
0.8828390836715698
