0.10678485780954361
0.12555299699306488
0.12236678600311279
0.12493067234754562
0.15679559111595154
0.1281750500202179
0.25145187973976135
0.2623732089996338
0.1908864974975586
0.2581026554107666
0.210525244474411
0.10668838024139404
0.08899497985839844
0.0871286541223526
0.15235015749931335
0.17948754131793976
0.11296844482421875
0.07079564779996872
0.02349279075860977
0.018471622839570045
0.019001096487045288
0.014885268174111843
0.08747334033250809
0.046632930636405945
0.2083304077386856
0.09834150969982147
0.12154772877693176
0.09154487401247025
0.14026519656181335
0.13106189668178558
0.07197583466768265
0.19032828509807587
0.01494388934224844
0.07602846622467041
0.07873415946960449
0.03979210928082466
0.03435756638646126
0.07922322303056717
0.2153201550245285
0.11485889554023743
0.11879370361566544
0.060536399483680725
0.1068405956029892
0.22136887907981873
0.32256561517715454
0.2120446413755417
0.056709639728069305
0.22884498536586761
0.2444203644990921
0.16868659853935242
0.1661522090435028
0.09796007722616196
0.19064176082611084
0.10157819092273712
0.2322441190481186
0.31545746326446533
0.24270367622375488
0.2559528350830078
0.41873353719711304
0.25578075647354126
0.3794393539428711
0.24691160023212433
0.22837884724140167
0.3296269476413727
0.17908093333244324
0.1447383314371109
0.5313159227371216
0.44647303223609924
0.07403836399316788
0.2740996778011322
0.3988126516342163
0.4195856750011444
0.08433759212493896
0.1554776281118393
0.06515437364578247
0.15961068868637085
0.09650622308254242
0.01822647452354431
0.024884838610887527
0.03739723190665245
0.02258148603141308
0.22326165437698364
0.08391965925693512
0.09244392067193985
0.03318371996283531
0.12180164456367493
0.0619000680744648
0.33002954721450806
0.4698908030986786
0.2173628956079483
0.09661111235618591
0.19593700766563416
0.2484828680753708
0.25584447383880615
0.1707870215177536
0.21305373311042786
0.1260661482810974
0.11497581005096436
0.10023985058069229
0.20368929207324982
0.18419241905212402
0.13250316679477692
0.24127374589443207
0.31020069122314453
0.23132358491420746
0.2768270671367645
0.2937157452106476
0.4325982630252838
0.17921577394008636
0.17273619771003723
0.0457029789686203
0.057436149567365646
0.08533529192209244
0.13141843676567078
0.1776910126209259
0.20107392966747284
0.23818665742874146
0.45915547013282776
0.806765615940094
0.8964824676513672
0.6629685163497925
0.8786891102790833
0.8402058482170105
0.8452470898628235
0.8871508836746216
0.9021328687667847
0.821533203125
0.6268772482872009
0.6857274174690247
0.18132776021957397
0.319790244102478
0.43828779458999634
0.45324623584747314
0.4435332417488098
0.44868263602256775
0.8195717930793762
0.8958031535148621
0.7260836362838745
0.802980899810791
0.7329438328742981
0.7287283539772034
0.7605536580085754
0.7647403478622437
0.6364273428916931
0.7520818114280701
0.22130359709262848
0.3372122645378113
0.47414323687553406
0.6605839729309082
0.22731654345989227
0.6921177506446838
0.44448184967041016
0.17956328392028809
0.6256389021873474
0.7441942095756531
0.10503829270601273
0.05648859217762947
0.06970907002687454
0.04161544516682625
0.05243692919611931
0.2637977600097656
0.12027885019779205
0.39297518134117126
0.4868546724319458
0.6239816546440125
0.48353105783462524
0.7077245712280273
0.31424978375434875
0.619150698184967
0.8677623271942139
0.849038302898407
0.3665348291397095
0.5702704787254333
0.468745619058609
0.6398544907569885
0.6429110169410706
0.6963991522789001
0.47451040148735046
0.27346092462539673
0.5820341110229492
0.5852413177490234
0.13748736679553986
0.18458957970142365
0.8615934252738953
0.8702343106269836
0.18614067137241364
0.9022071957588196
0.9621016383171082
0.8734806180000305
0.7904226779937744
0.6720438003540039
0.3816247582435608
0.13285548985004425
0.16264301538467407
0.08951679617166519
0.10585881769657135
0.46656614542007446
0.18832474946975708
0.4796232581138611
0.2478175163269043
0.38812440633773804
0.16428202390670776
0.6219222545623779
0.4769488573074341
0.7360945343971252
0.5675489902496338
0.7356431484222412
0.6419776082038879
0.6125821471214294
0.5844036340713501
0.48957204818725586
0.7135307192802429
0.8200325965881348
0.6046127080917358
0.3550581932067871
0.8153541088104248
0.7802863717079163
0.5541594624519348
0.4819907546043396
0.6576428413391113
0.7621129751205444
0.8388515710830688
0.8018853664398193
0.757279634475708
0.8501639366149902
0.9330803751945496
0.8797300457954407
0.7321822047233582
0.7780134677886963
0.9154282808303833
0.8440472483634949
0.6168000102043152
0.582576334476471
0.4869125783443451
0.7155058979988098
0.8584296703338623
0.7194783687591553
0.8897097110748291
0.6687842011451721
0.8605166673660278
0.4741935729980469
0.6746358871459961
0.7403627634048462
0.775700569152832
0.9029772281646729
0.9037829637527466
0.7241686582565308
0.5631954073905945
0.7868127822875977
