0.2067824751138687
0.3879067003726959
0.26218461990356445
0.35897743701934814
0.48634153604507446
0.16334795951843262
0.47412481904029846
0.3340024948120117
0.8323192000389099
0.7802169919013977
0.9585899710655212
0.9448516964912415
0.6316068768501282
0.7678440809249878
0.4257625639438629
0.38090482354164124
0.3751336336135864
0.21330173313617706
0.1420280933380127
0.1392812430858612
0.2576623558998108
0.6678103804588318
0.34073084592819214
0.7510502338409424
0.44231581687927246
0.8416740894317627
0.7691479921340942
0.9480781555175781
0.9133909940719604
0.8547995090484619
0.9224751591682434
0.8722553253173828
0.8709787726402283
0.6169117093086243
0.863520085811615
0.669228196144104
0.8233139514923096
0.9386609196662903
0.9775093793869019
0.9662575125694275
0.9411388039588928
0.9739977717399597
0.8691759705543518
0.923969566822052
0.6875749230384827
0.8826873898506165
0.8932181596755981
0.7209899425506592
0.8341682553291321
0.5230835676193237
0.8555727005004883
0.35708853602409363
0.3878858685493469
0.17544475197792053
0.11176281422376633
0.2258644700050354
0.16752205789089203
0.5507840514183044
0.4501791000366211
0.5880423784255981
0.4395880699157715
0.5646676421165466
0.6077014207839966
0.7994477152824402
0.8519085645675659
0.9167777299880981
0.9540333151817322
0.6119785904884338
0.9292404651641846
0.7558538317680359
0.9122568964958191
0.7759812474250793
0.66944819688797
0.596398651599884
0.46143054962158203
0.7767494916915894
0.3897402584552765
0.9475433826446533
0.5235647559165955
0.9433026909828186
0.8480867147445679
0.48653173446655273
0.6442263722419739
0.4883800745010376
0.4505707025527954
0.6247829794883728
0.5384825468063354
0.47160571813583374
0.7177956700325012
0.5000879764556885
0.6229262948036194
0.80649733543396
0.29404205083847046
0.5606616139411926
0.5358918309211731
0.7410166263580322
0.45773226022720337
0.36200976371765137
0.42698031663894653
0.5040145516395569
0.28499341011047363
0.40751853585243225
0.5836136937141418
0.4679148495197296
0.3837006390094757
0.5124778747558594
0.5008129477500916
0.5202487707138062
0.5886991024017334
0.6581816077232361
0.6911486983299255
0.7285658121109009
0.8656274676322937
0.8562562465667725
0.5336098074913025
0.7316535115242004
0.8553327322006226
0.7708353400230408
0.7106845378875732
0.8005571961402893
0.8528969287872314
0.4305529296398163
0.8041966557502747
0.790562093257904
0.652670681476593
0.6439121961593628
0.7573500871658325
0.44303637742996216
0.3116355240345001
0.7170813083648682
0.7517493367195129
0.583396315574646
