0.10323029011487961
0.09092391282320023
0.09629862755537033
0.07789508253335953
0.02528766170144081
0.011464439332485199
0.006229581777006388
0.01590963639318943
0.022073516622185707
0.027109961956739426
0.08684368431568146
0.4977094233036041
0.33786240220069885
0.543607771396637
0.5241031646728516
0.4568153917789459
0.40152066946029663
0.3738609552383423
0.08036614954471588
0.20759746432304382
0.2755366563796997
0.12201157212257385
0.026691483333706856
0.15182122588157654
0.1790747195482254
0.036878395825624466
0.04975532367825508
0.15154717862606049
0.0361640565097332
0.040276676416397095
0.17282813787460327
0.13079270720481873
0.15618379414081573
0.1570924073457718
0.11193321645259857
0.06438461691141129
0.04526634141802788
0.1572391241788864
0.11291808634996414
0.07236108928918839
0.1307937353849411
0.20987647771835327
0.29800453782081604
0.3469284772872925
0.2332921028137207
0.5976080298423767
0.46342965960502625
0.7345138192176819
0.5070768594741821
0.12926296889781952
0.5393994450569153
0.20692336559295654
0.2936418950557709
0.0433758944272995
0.08265271782875061
0.06733367592096329
0.04677743837237358
0.006304595153778791
0.01706879399716854
0.0835934728384018
0.0404958501458168
0.06317944824695587
0.32467547059059143
0.4075965881347656
0.9143422245979309
0.6696970462799072
0.5172784924507141
0.6718560457229614
0.7285879254341125
0.8196612000465393
0.966059684753418
0.4463716149330139
0.729854941368103
0.9535576701164246
0.9580387473106384
0.3610000014305115
0.9377771019935608
0.9802672266960144
0.8194629549980164
0.6683152318000793
0.39366504549980164
0.2159411907196045
0.3061108887195587
0.10875613242387772
0.20491145551204681
0.44071006774902344
0.6766988039016724
0.9427614212036133
0.9759489893913269
0.39799490571022034
0.6453984379768372
0.9216760993003845
0.8545956015586853
0.44104626774787903
0.81967693567276
0.7878479957580566
0.38245826959609985
0.7284768223762512
0.9670550227165222
0.2710680067539215
0.41713276505470276
0.928671658039093
0.9149811267852783
0.20502139627933502
0.6964530944824219
0.8748886585235596
0.6267869472503662
0.42612090706825256
0.30887553095817566
0.14931288361549377
0.20665563642978668
0.07330577820539474
0.1470000445842743
0.3417806029319763
0.14919549226760864
0.48870617151260376
0.10344898700714111
0.2701651155948639
0.2537160813808441
0.1801653951406479
0.07613340765237808
0.10271529108285904
0.21872369945049286
0.08269591629505157
0.0433553010225296
0.07042102515697479
0.04852231964468956
0.05150507763028145
0.09828009456396103
0.04598744586110115
0.060410551726818085
0.05972014740109444
0.11341115087270737
0.029754843562841415
0.04777785763144493
0.08337472379207611
0.056850723922252655
0.03820701688528061
0.1450447142124176
0.11880610138177872
0.03120836243033409
0.12192746251821518
0.03463643416762352
0.19404228031635284
0.08631008863449097
0.2901059687137604
0.8389000296592712
0.5067885518074036
0.5238339304924011
0.5142428278923035
0.3009563982486725
0.4651288390159607
0.14002008736133575
0.26224151253700256
0.17920894920825958
0.2268184870481491
0.025503195822238922
0.19856305420398712
0.13532494008541107
0.08210638165473938
0.17366589605808258
0.16550354659557343
0.10049189627170563
0.14087508618831635
0.20248600840568542
0.042994823306798935
0.11049631983041763
0.3782123923301697
0.2989581525325775
0.03877325728535652
0.18703216314315796
0.4302866458892822
0.3978281617164612
0.19628265500068665
0.27556389570236206
0.28581687808036804
0.05942266061902046
0.16345342993736267
0.019831959158182144
0.08336416631937027
0.030364682897925377
0.13774289190769196
0.05195179209113121
0.07975182682275772
0.0734216645359993
0.07824747264385223
0.12569262087345123
0.020325902849435806
0.06202222406864166
0.01444933656603098
0.054430972784757614
0.1344694048166275
0.1631176471710205
0.3129025995731354
0.5867441892623901
0.2758791446685791
0.1462758481502533
0.1936628520488739
0.1880246102809906
0.0722842589020729
0.0832936093211174
0.11505039781332016
0.1354118138551712
0.20526260137557983
0.14544643461704254
0.30402249097824097
0.30401015281677246
0.3029514253139496
0.5299211144447327
0.5046852231025696
0.27792415022850037
0.5553668737411499
0.48408570885658264
0.12124332040548325
0.5025771856307983
0.7024310827255249
0.6054456830024719
0.3270803987979889
0.5595307350158691
0.49435922503471375
0.3481867015361786
0.41742071509361267
0.4851491153240204
0.337595134973526
0.13622206449508667
0.2907642424106598
0.03415609523653984
0.1463332176208496
0.08986157923936844
0.08045480400323868
0.08552936464548111
0.04530083015561104
0.03662223741412163
0.0440492145717144
0.061651039868593216
0.05527925118803978
0.01164883840829134
0.12192360311746597
0.05985967442393303
0.03850562870502472
0.0138684818521142
0.1918809562921524
0.4787783622741699
0.07166202366352081
0.37838923931121826
0.5300760269165039
0.6609548926353455
0.5486014485359192
0.7423203587532043
0.3087975084781647
0.49618521332740784
0.1200130358338356
0.5737680196762085
0.1405615657567978
0.2659527361392975
0.027647173032164574
0.12135420739650726
0.012518214993178844
0.06893131881952286
0.031130624935030937
0.023366330191493034
0.06342609226703644
0.05960586294531822
0.028057316318154335
0.0714176744222641
0.034457236528396606
0.05917366221547127
0.00878730695694685
0.0876079797744751
0.34507906436920166
0.08159028738737106
0.6836824417114258
0.38023677468299866
0.5206591486930847
0.48375755548477173
0.23140902817249298
0.2765727937221527
0.37788382172584534
0.41426658630371094
0.5914326906204224
0.4366316795349121
0.310947448015213
0.10178534686565399
0.16212652623653412
0.25456929206848145
0.04511892795562744
0.033543068915605545
0.3431371748447418
0.26747262477874756
0.1870756298303604
0.20897343754768372
0.1727481633424759
0.11024367809295654
0.2268267422914505
0.0795314833521843
0.09037533402442932
0.10768722742795944
0.08573662489652634
0.11327937245368958
0.2694717049598694
0.1257164031267166
0.08557090908288956
0.21735349297523499
0.2843974828720093
0.07800078392028809
0.3679008483886719
