0.5597966909408569
0.6126822829246521
0.5578281283378601
0.4751574695110321
0.6772065162658691
0.3930894136428833
0.7838478088378906
0.4046145975589752
0.2510563135147095
0.3397488594055176
0.6255115270614624
0.32052746415138245
0.19824203848838806
0.60662841796875
0.6118844151496887
0.687023937702179
0.4896828830242157
0.2821396589279175
0.45672932267189026
0.2663671672344208
0.3288861811161041
0.12695732712745667
0.5289101600646973
0.41780567169189453
0.46816593408584595
0.6046305298805237
0.660450279712677
0.38790225982666016
0.5013314485549927
0.29755496978759766
0.26530951261520386
0.0857727900147438
0.07931883633136749
0.16679151356220245
0.40003150701522827
0.31483498215675354
0.5264461636543274
0.34860923886299133
0.5360729098320007
0.21599024534225464
0.3727797567844391
0.35918208956718445
0.3841090500354767
0.35116472840309143
0.21989265084266663
0.33907806873321533
0.45653167366981506
0.294487327337265
0.19621343910694122
0.345565527677536
0.24961787462234497
0.3189549446105957
0.25639644265174866
0.39123499393463135
0.35389935970306396
0.09584013372659683
0.17890878021717072
0.3795239329338074
0.29510921239852905
0.23991461098194122
0.42648497223854065
0.5019171833992004
0.4766616225242615
0.3575192391872406
0.6262051463127136
0.7484615445137024
0.39572492241859436
0.549644947052002
0.6492811441421509
0.3600923717021942
0.44391053915023804
0.6032528281211853
0.6414712071418762
0.6666768193244934
0.546454668045044
0.8377029299736023
0.7110856175422668
0.7973268628120422
0.7883021831512451
0.8190801739692688
0.7879742383956909
0.6788932681083679
0.7379153370857239
0.5797301530838013
0.3648228049278259
0.4139362871646881
0.36270928382873535
0.2900012731552124
0.3838968575000763
0.3823521137237549
0.32056379318237305
0.6410861015319824
0.5513824224472046
0.652586817741394
0.4614400863647461
0.6672843098640442
0.6793248057365417
0.6014161109924316
0.3473745882511139
0.5335559844970703
0.5866524577140808
0.4739534556865692
0.6198980808258057
0.3412444293498993
0.5366330742835999
0.7510172724723816
0.6265934109687805
0.6363961100578308
0.715930700302124
0.6795520782470703
0.7125643491744995
0.6223304867744446
0.7760206460952759
0.7251107692718506
0.5490329265594482
0.3150016665458679
0.3991905152797699
0.6612575650215149
0.3485491871833801
0.3576638996601105
0.4792465269565582
0.6789229512214661
0.5927156209945679
0.36362162232398987
0.5713962912559509
0.42338988184928894
0.4901057481765747
0.5966721773147583
0.5507864952087402
0.5566049218177795
0.34689420461654663
0.5590216517448425
0.34816548228263855
0.38136526942253113
0.539853036403656
0.7076910138130188
0.31235799193382263
0.6827483177185059
0.7274174094200134
0.31119078397750854
0.5741549730300903
0.6727576851844788
0.681414783000946
0.5012586712837219
0.8567176461219788
0.8709161877632141
