0.49174466729164124
0.4006032943725586
0.3913266062736511
0.426336407661438
0.33310970664024353
0.24218885600566864
0.6588209867477417
0.2584178149700165
0.22088047862052917
0.2880532741546631
0.6178969144821167
0.25515297055244446
0.1679261475801468
0.6608971953392029
0.907115638256073
0.5939882397651672
0.41660526394844055
0.343158483505249
0.34092941880226135
0.25322428345680237
0.2606019973754883
0.24711495637893677
0.1313149631023407
0.15471377968788147
0.2650243043899536
0.31253722310066223
0.13378137350082397
0.2635045051574707
0.28316718339920044
0.7034916877746582
0.5519289970397949
0.3831740915775299
0.23808826506137848
0.6122297644615173
0.478853702545166
0.9352062344551086
0.9570838212966919
0.9720705151557922
0.8172144293785095
0.8297117352485657
0.9512960910797119
0.9478017091751099
0.6029812097549438
0.8487644791603088
0.9469348192214966
0.8330091834068298
0.519333004951477
0.9048884510993958
0.9247127175331116
0.7681490778923035
0.7289025187492371
0.8454034924507141
0.7892231345176697
0.8674753904342651
0.8394056558609009
0.8559716939926147
0.9200295209884644
0.8682034611701965
0.7354327440261841
0.7973635196685791
0.8988218307495117
0.7379308342933655
0.7052429914474487
0.557488739490509
0.25090673565864563
0.12133292108774185
0.2869151830673218
0.35064151883125305
0.4504472315311432
0.30240222811698914
0.43465572595596313
0.7950556874275208
0.36645612120628357
0.4837811291217804
0.46081629395484924
0.6419550776481628
0.5690262913703918
0.5624611973762512
