0.05177078768610954
0.049478475004434586
0.03510713949799538
0.007865311577916145
0.0026921590324491262
0.008105580694973469
0.006771502550691366
0.03440234810113907
0.18939262628555298
0.5138804316520691
0.5286399126052856
0.7943862080574036
0.29142922163009644
0.06508186459541321
0.6722543835639954
0.41131842136383057
0.0825771614909172
0.31073063611984253
0.7212569713592529
0.6401516795158386
0.20526643097400665
0.6186161041259766
0.7560948133468628
0.616672158241272
0.5413340926170349
0.1424131989479065
0.30625322461128235
0.2875964939594269
0.10138324648141861
0.0495087169110775
0.07099015265703201
0.06841065734624863
0.01958366669714451
0.05134541541337967
0.03241012990474701
0.05063141882419586
0.2020520716905594
0.2568259537220001
0.17892208695411682
0.1230010837316513
0.109518863260746
0.24732139706611633
0.1402728110551834
0.10588637739419937
0.31287193298339844
0.48431122303009033
0.6079890727996826
0.16806182265281677
0.22653156518936157
0.136933371424675
0.26990461349487305
0.15864601731300354
0.11798650771379471
0.049742452800273895
0.08572576940059662
0.08599874377250671
0.04095020145177841
0.12231598794460297
0.04769907146692276
0.02322886884212494
0.02779444120824337
0.021531760692596436
0.016137100756168365
0.008433393202722073
0.019803786650300026
0.018606502562761307
0.013584076426923275
0.006127698812633753
0.0011354431044310331
0.0013169673038646579
0.001488316454924643
0.01077269483357668
0.052770841866731644
0.019374720752239227
0.01100289449095726
0.10507135838270187
0.03965752199292183
0.003083583200350404
0.03940745070576668
0.03811836242675781
0.008283320814371109
0.009107312187552452
0.015479404479265213
0.01533319242298603
0.0028065398801118135
0.018846172839403152
0.008897450752556324
0.0069547975435853004
0.01149324793368578
0.013386073522269726
0.04557567089796066
0.012928489595651627
0.027409030124545097
0.0037855952978134155
0.003086064476519823
0.002968359738588333
0.05335259810090065
0.027066703885793686
0.05742749944329262
0.013253249228000641
0.013120419345796108
0.04834813252091408
0.1608680635690689
0.04240696132183075
0.1003483310341835
0.04877965897321701
0.017317678779363632
0.04073289781808853
0.07336785644292831
0.03156322240829468
0.12548716366291046
0.27969714999198914
0.27902257442474365
0.12137695401906967
0.10676691681146622
0.3474242389202118
0.27139416337013245
0.09552925080060959
0.09073833376169205
0.15329547226428986
0.15450887382030487
0.043734628707170486
0.16653482615947723
0.22526904940605164
0.10388187319040298
0.07566718012094498
0.06221413612365723
0.07493089139461517
0.012765107676386833
0.017490454018115997
0.017477022483944893
0.025744734331965446
0.02684716321527958
0.12384591996669769
0.26932135224342346
0.1731785535812378
0.08514534682035446
0.06356772035360336
0.15406230092048645
0.15404991805553436
0.09209349751472473
0.15674710273742676
0.0998731330037117
0.15397092700004578
0.06854419410228729
0.053706955164670944
0.09897557646036148
0.38592371344566345
0.14995010197162628
0.12429487705230713
0.23030368983745575
0.120729960501194
0.1977694183588028
0.6899396777153015
0.9241440296173096
0.5342242121696472
0.9591549634933472
0.6335785984992981
0.9534887671470642
0.6125044226646423
0.9034050107002258
0.6297451853752136
0.6573736667633057
0.5999296307563782
0.6653463840484619
0.72163325548172
0.8441439867019653
0.7802122831344604
0.8851487040519714
0.7766006588935852
0.6571118235588074
0.7609168887138367
0.8631444573402405
0.38878002762794495
0.7393864989280701
0.9407424926757812
0.7027027010917664
0.649340808391571
0.9476379752159119
0.8970114588737488
0.6755132079124451
0.8020805716514587
0.9410949349403381
0.6084674596786499
0.6431799530982971
0.6059125065803528
0.7783451080322266
0.5203691124916077
0.5054222345352173
0.7997528910636902
0.6750605702400208
0.6101781129837036
0.8869836926460266
0.871235191822052
0.7528234124183655
0.8014615178108215
0.9131892323493958
0.9113678336143494
0.6248244047164917
0.5509586930274963
0.8887509703636169
0.8273808360099792
0.6256919503211975
0.7704397439956665
0.8715784549713135
0.5850229859352112
0.5845119953155518
0.7736709117889404
0.8954244256019592
0.6287282705307007
0.5710023641586304
0.5936072468757629
0.7022174000740051
0.5790662169456482
0.5948813557624817
0.7017637491226196
0.7157688736915588
0.7245791554450989
0.823901891708374
0.9182336926460266
0.7426180839538574
0.7210711240768433
0.74824458360672
0.9374648332595825
0.9173864722251892
0.9055238366127014
0.8819717168807983
0.949672281742096
0.8930933475494385
0.6614130735397339
0.6518814563751221
0.7401388883590698
0.876619815826416
0.701653003692627
0.748881459236145
0.8302185535430908
0.8075222969055176
0.6993837356567383
0.4343779683113098
0.5869985222816467
0.28340673446655273
0.5960854291915894
0.6227222084999084
0.18651387095451355
0.12243020534515381
0.4492802619934082
0.17352284491062164
0.03392081707715988
0.06322167068719864
0.16647495329380035
0.15771444141864777
0.07920913398265839
0.2275293916463852
0.3395178020000458
0.23613902926445007
0.2801176905632019
0.33652177453041077
0.5514698624610901
0.31034696102142334
0.6678400635719299
0.25403541326522827
0.9416176676750183
0.8783344030380249
0.9637726545333862
0.5446734428405762
0.7522261142730713
0.8220738768577576
0.8379561901092529
0.8638114929199219
0.8159458041191101
0.9457712173461914
0.8315367698669434
0.6073390245437622
0.6069737076759338
0.7582272291183472
0.4962058663368225
0.9511170983314514
0.6620212197303772
0.965266227722168
0.3196202516555786
0.7872482538223267
0.3939150869846344
0.3008253276348114
0.18414659798145294
0.20786385238170624
0.10665550082921982
0.1295866221189499
0.4042617380619049
0.1837659627199173
0.07285706698894501
0.0743735283613205
0.17034001648426056
0.10801413655281067
0.08962179720401764
0.0999763086438179
0.144911989569664
0.15388774871826172
0.1444205343723297
0.2908615171909332
0.642416775226593
0.6091598868370056
0.09713216871023178
0.352127343416214
0.342931866645813
0.3661201298236847
0.7167356610298157
0.6788658499717712
0.7468901872634888
0.9218783974647522
0.8362889289855957
0.6267166137695312
0.5759852528572083
0.8630466461181641
0.8711962103843689
0.6593659520149231
0.5571611523628235
0.8418118953704834
0.8023434281349182
0.9347044825553894
0.7260069251060486
0.4312368929386139
0.8181071877479553
0.7501572370529175
0.7791351675987244
0.8442753553390503
0.46889543533325195
0.15736785531044006
0.26925235986709595
0.12500376999378204
0.21142834424972534
0.844201385974884
0.27425965666770935
0.8999935984611511
0.5669994950294495
0.8970234394073486
0.9156633019447327
0.9499555230140686
0.6938989758491516
0.44046199321746826
0.501913845539093
0.8176752924919128
0.30109286308288574
0.7221829295158386
0.3173147737979889
0.6730152368545532
0.18420082330703735
0.27109208703041077
0.29236531257629395
0.37686336040496826
0.45617061853408813
0.48796266317367554
0.534386157989502
0.5283791422843933
0.20026862621307373
0.12130451202392578
0.11691570281982422
0.4903571903705597
0.1570875644683838
0.015382819809019566
0.43147602677345276
0.5133742690086365
0.029741112142801285
0.028594322502613068
0.40227246284484863
0.2457597553730011
0.07341606914997101
0.037395138293504715
