0.5607469081878662
0.7196882367134094
0.4600033760070801
0.7936429977416992
0.6894822120666504
0.8794187307357788
0.8916173577308655
0.8280626535415649
0.47012344002723694
0.26443997025489807
0.11134224385023117
0.247871533036232
0.24611258506774902
0.22035278379917145
0.08614376932382584
0.6655423045158386
0.2446673959493637
0.06881620734930038
0.32905712723731995
0.8318384289741516
0.11784762889146805
0.10310719162225723
0.5104977488517761
0.5832802057266235
0.2466692477464676
0.36775317788124084
0.5813618898391724
0.4357643723487854
0.13686566054821014
0.446291446685791
0.7390591502189636
0.21965540945529938
0.16588151454925537
0.29408568143844604
0.15812216699123383
0.8291431665420532
0.9337466359138489
0.6949917674064636
0.9554425477981567
0.90654057264328
0.9716581702232361
0.9279268383979797
0.8246129751205444
0.957356870174408
0.97044837474823
0.9219237565994263
0.9399138689041138
0.8997412919998169
0.9041104912757874
0.9616119861602783
0.9807478785514832
0.9631025791168213
0.8766166567802429
0.9053667783737183
0.7434113621711731
0.8779880404472351
0.9420490264892578
0.6406236886978149
0.8930740356445312
0.5397594571113586
0.6135202050209045
0.6593095660209656
0.5296632051467896
0.26691296696662903
0.5749000310897827
0.5997735261917114
0.4467381536960602
0.9611046314239502
0.6311934590339661
0.9457994103431702
0.6093994379043579
0.7661221027374268
0.24659276008605957
0.47546863555908203
0.37951624393463135
0.7177302241325378
0.37117883563041687
0.28919756412506104
0.4586808979511261
0.49928754568099976
0.07129570841789246
0.12467527389526367
0.598709225654602
0.18610753118991852
0.11215458065271378
0.17232830822467804
0.4875185787677765
0.10656829923391342
0.13618957996368408
0.11374717205762863
0.21772806346416473
0.17513352632522583
0.11165408045053482
0.06250738352537155
0.21045070886611938
0.3140240013599396
0.18943630158901215
0.13381466269493103
0.4036625623703003
0.16334888339042664
0.39371517300605774
0.7370203137397766
0.8574103713035583
0.9496323466300964
0.8495023846626282
0.8820928931236267
0.97321617603302
0.9841387271881104
0.9552172422409058
0.9281721115112305
0.9749002456665039
0.9105634689331055
0.8910515308380127
0.9635406136512756
0.974044680595398
0.8654426336288452
0.9125776290893555
