0.25708267092704773
0.3187004625797272
0.056955378502607346
0.16541443765163422
0.037653855979442596
0.08951637148857117
0.20036914944648743
0.21618343889713287
0.261509507894516
0.1276867538690567
0.2826828062534332
0.18943223357200623
0.33856841921806335
0.4119091033935547
0.27239349484443665
0.19116994738578796
0.022237548604607582
0.008181479759514332
0.010274012573063374
0.040956683456897736
0.008695772849023342
0.04310700669884682
0.012306404300034046
0.05943544581532478
0.21266667544841766
0.26656657457351685
0.08687053620815277
0.13375186920166016
0.28883102536201477
0.3037669062614441
0.281045138835907
0.19141486287117004
0.24085214734077454
0.40069738030433655
0.20122672617435455
0.05199124291539192
0.15280964970588684
0.17542023956775665
0.07811098545789719
0.014436238445341587
0.11856746673583984
0.13549423217773438
0.15424032509326935
0.007607355713844299
0.10102404654026031
0.18243210017681122
0.021739093586802483
0.039373625069856644
0.2292052060365677
0.12970253825187683
0.05714177340269089
0.014993829652667046
0.07115413248538971
0.015452433377504349
0.00874403677880764
0.016251835972070694
0.008955010212957859
0.010345314629375935
0.01578214205801487
0.19916358590126038
0.1534016877412796
0.4334324598312378
0.49295467138290405
0.2828221619129181
0.2802395522594452
0.2598610818386078
0.14287854731082916
0.4676380157470703
0.15225833654403687
0.17163099348545074
0.12410495430231094
0.14972873032093048
0.08996599167585373
0.02875472418963909
0.07879448682069778
0.1264142543077469
0.07490810006856918
0.011240493506193161
0.043897975236177444
0.10802453011274338
0.013627959415316582
0.009151021018624306
0.1589551717042923
0.11804543435573578
0.027228424325585365
0.12347503751516342
0.3362530469894409
0.3287465274333954
0.2169458419084549
0.18824021518230438
0.029227614402770996
0.07180158793926239
0.006204172968864441
0.007266390603035688
0.005419437307864428
0.11344172060489655
0.10243461281061172
0.395897775888443
0.23230348527431488
0.14794877171516418
0.20367832481861115
0.06477300822734833
0.04394514113664627
0.14353562891483307
0.09230314195156097
0.009597075171768665
0.0581311471760273
0.12380347400903702
0.07995564490556717
0.07869254052639008
0.013794304803013802
0.0399782694876194
0.018811630085110664
0.018215825781226158
0.08281468600034714
0.1232830286026001
0.46031370759010315
0.6232913136482239
0.1797923594713211
0.08304238319396973
0.4384485185146332
0.5311763286590576
0.4777107238769531
0.0805869773030281
0.040368158370256424
0.056037478148937225
0.09797410666942596
0.026188639923930168
0.005800687707960606
0.02111094631254673
0.07468459755182266
0.025872355327010155
0.018363291397690773
0.009510736912488937
0.011040855199098587
0.009386171586811543
0.03361467644572258
0.016892844811081886
0.1238921731710434
0.15399496257305145
0.22408615052700043
0.0962037518620491
0.15583369135856628
0.324664831161499
0.27936169505119324
0.28219667077064514
0.2948918342590332
0.15162526071071625
0.27077141404151917
0.19223715364933014
0.24789325892925262
0.1076815277338028
0.19377385079860687
0.1324729472398758
0.29336872696876526
0.3421909511089325
0.07757524400949478
0.2947598397731781
0.20211537182331085
0.14254257082939148
0.039077628403902054
0.21008192002773285
0.25978365540504456
0.16551914811134338
0.04377776384353638
0.20158003270626068
0.13683299720287323
0.03734709694981575
0.029623813927173615
0.05120324343442917
0.13420505821704865
0.007416049018502235
0.05739503353834152
0.10054071247577667
0.0410052090883255
0.05111750215291977
0.022484051063656807
0.01594393700361252
0.08482279628515244
0.08068607747554779
0.035774681717157364
0.01582689769566059
0.022055070847272873
0.022787559777498245
0.08794013410806656
0.11413650959730148
0.15586455166339874
0.5209830403327942
0.24442259967327118
0.3810182511806488
0.07497864216566086
0.17053528130054474
0.30894583463668823
0.677573561668396
0.5656991600990295
0.14964382350444794
0.17344793677330017
0.95100337266922
0.380794495344162
0.11686377972364426
0.8192982077598572
0.8874024152755737
0.4046572744846344
0.3479936122894287
0.7933101654052734
0.5428084135055542
0.1650179773569107
0.6218897700309753
0.5042223334312439
0.26647794246673584
0.2707125246524811
0.06582850962877274
0.10340321063995361
0.11440473049879074
0.055886898189783096
0.07194532454013824
0.18794885277748108
0.34651073813438416
0.24355337023735046
0.7200982570648193
0.588076651096344
0.5655933022499084
0.532497227191925
0.6118804216384888
0.33299627900123596
0.710530698299408
0.921446681022644
0.898971438407898
0.7739271521568298
0.6490203142166138
0.44789591431617737
0.6744154095649719
0.7420778870582581
0.807826042175293
0.42771533131599426
0.8767386674880981
0.9515617489814758
0.831562876701355
0.2977243959903717
0.8554592132568359
0.9791202545166016
0.7554783821105957
0.25815072655677795
0.9159072041511536
0.9637989401817322
0.31321239471435547
0.45895916223526
0.9453861713409424
0.8719314336776733
0.5032039284706116
0.24793536961078644
0.18967247009277344
0.04734251648187637
0.04617134481668472
0.09612186998128891
0.036833055317401886
0.3407279849052429
0.49660825729370117
0.09025964885950089
0.6112234592437744
0.6644338965415955
0.2262841910123825
0.3866208493709564
0.9205666780471802
0.8406776785850525
0.5674707889556885
0.9204115271568298
0.9820044636726379
0.8400518298149109
0.8577352166175842
0.9505725502967834
0.977453351020813
0.8899204730987549
0.7905021905899048
0.8852952122688293
0.8444103002548218
0.5425856709480286
0.7428503036499023
0.662233829498291
0.6776886582374573
0.6208387613296509
0.5850644707679749
