0.09050218015909195
0.14713838696479797
0.2019803822040558
0.15985769033432007
0.20352105796337128
0.18772508203983307
0.29707571864128113
0.2757948040962219
0.2577382028102875
0.30563560128211975
0.5320055484771729
0.45025041699409485
0.3065889775753021
0.5162448883056641
0.2690311670303345
0.3233177959918976
0.29602324962615967
0.3694966733455658
0.20750294625759125
0.35590091347694397
0.23348255455493927
0.13542865216732025
0.13559378683567047
0.06142326071858406
0.08789203315973282
0.12108299881219864
0.22556829452514648
0.07828497141599655
0.26576220989227295
0.04486992582678795
0.2097376585006714
0.3795487582683563
0.39205968379974365
0.29724153876304626
0.219796285033226
0.2798560559749603
0.14017796516418457
0.2733864188194275
0.19122029840946198
0.26343098282814026
0.12308386713266373
0.3279048800468445
0.10720739513635635
0.24779506027698517
0.2812770903110504
0.1400943249464035
0.37748613953590393
0.11587253212928772
0.5379328727722168
0.5163021087646484
0.5027106404304504
0.833431601524353
0.7495431303977966
0.7445815205574036
0.6841779351234436
0.5489341020584106
0.6846464276313782
0.7774184346199036
0.7418781518936157
0.8616613745689392
0.7739282846450806
0.8043829202651978
0.8403812050819397
0.8881115913391113
0.5662058591842651
0.5687737464904785
0.5553470253944397
0.641688346862793
0.7738820910453796
0.8168829083442688
0.19246819615364075
0.3101600408554077
0.7745900750160217
0.8657369613647461
0.21056340634822845
0.6514187455177307
0.9478538632392883
0.7416863441467285
0.4241427481174469
0.3370034694671631
0.42640623450279236
0.3353923559188843
0.30281931161880493
0.6458082795143127
0.40324872732162476
0.3528101444244385
0.05134310945868492
0.40167030692100525
0.04125383123755455
0.5638670921325684
0.25046777725219727
0.10845328122377396
0.024699989706277847
0.15790891647338867
0.02135643921792507
0.16959114372730255
0.2014283686876297
0.14935202896595
0.3113507032394409
0.5241026878356934
0.3198503255844116
0.3684386610984802
0.6152577996253967
0.7970249056816101
0.5350806713104248
0.41802510619163513
0.8876510262489319
0.8560499548912048
0.4743475914001465
0.7229128479957581
0.9479029178619385
0.7338858842849731
0.6218529343605042
0.9685903191566467
0.9691600799560547
0.8760499954223633
0.9359785914421082
0.980839729309082
0.8995445966720581
0.8341100811958313
0.9673874378204346
0.9839813709259033
0.9145196080207825
0.9595313668251038
0.9873974323272705
0.9623686671257019
0.8194794654846191
0.9519516825675964
0.9695237278938293
0.8393985629081726
0.90999436378479
0.9717991352081299
0.9135472178459167
0.836839497089386
0.9538681507110596
0.9609227776527405
0.9680197834968567
0.8652008771896362
0.8771530985832214
0.6107226610183716
0.6244091391563416
0.6112759709358215
0.6705376505851746
0.220049649477005
0.5895595550537109
0.7247388362884521
0.4981066882610321
0.1357981562614441
0.5055866241455078
0.5968592762947083
0.450295090675354
0.15320773422718048
0.46162837743759155
0.5609560608863831
0.676263153553009
0.5605856776237488
0.16090364754199982
0.3935125172138214
0.36754050850868225
0.2990133464336395
0.3786063492298126
0.4037112891674042
0.19563813507556915
0.19017143547534943
0.3151776194572449
0.2942633628845215
0.4995655417442322
0.4279109537601471
0.30701225996017456
0.21376796066761017
0.3653038442134857
0.6442142128944397
0.194970041513443
0.1500217616558075
0.6253473162651062
0.7499465346336365
0.6296371221542358
0.7060630321502686
0.4446309506893158
0.42723655700683594
0.359341561794281
0.4074160158634186
0.4030679166316986
0.0943085327744484
0.18350465595722198
0.4942738115787506
0.33917179703712463
0.2018134593963623
0.3723810017108917
0.44547393918037415
0.2761482894420624
0.3038656711578369
0.3019169270992279
0.5835607647895813
0.490283340215683
0.5490031242370605
0.23312285542488098
0.2733859121799469
0.2871653139591217
0.39179402589797974
0.24050824344158173
0.328145831823349
0.31600725650787354
0.17916664481163025
0.24928498268127441
0.1005716547369957
0.5499089956283569
0.37433677911758423
0.1696031093597412
0.4762713611125946
