0.488675057888031
0.35611480474472046
0.24252335727214813
0.10846397280693054
0.08865553885698318
0.07250291109085083
0.10268057137727737
0.1959695965051651
0.1738152951002121
0.568999171257019
0.699127733707428
0.7399433255195618
0.6840571165084839
0.6695199012756348
0.9462765455245972
0.8080935478210449
0.3339103162288666
0.7876124978065491
0.75858074426651
0.4463578760623932
0.31360360980033875
0.8695563077926636
0.6926010251045227
0.4655788838863373
0.7080312371253967
0.8973279595375061
0.5459427237510681
0.5732552409172058
0.8069077134132385
0.8527607321739197
0.6554797291755676
0.5760490894317627
0.3739374577999115
0.5046561360359192
0.4482288956642151
0.40576547384262085
0.560149073600769
0.17082780599594116
0.332770973443985
0.38541319966316223
0.2465115338563919
0.3250258266925812
0.18139797449111938
0.1781497597694397
0.22242972254753113
0.16940374672412872
0.10080352425575256
0.07234671711921692
0.11167842894792557
0.08554442226886749
0.08250546455383301
0.09628000855445862
0.03185171261429787
0.05597949028015137
0.04397454857826233
0.08230337500572205
0.04448360949754715
0.14456896483898163
0.08206412941217422
0.02057798020541668
0.05799219384789467
0.27589812874794006
0.06970816850662231
0.05587364733219147
0.06300278753042221
0.23933611810207367
0.08290141075849533
0.15516678988933563
0.06042089685797691
0.2158394604921341
0.1621728092432022
0.2549188733100891
0.028477298095822334
0.18639174103736877
0.03833102434873581
0.37741556763648987
0.3489294648170471
0.8537285923957825
0.7784029841423035
0.6032106876373291
0.6856893301010132
0.6924212574958801
0.6547893285751343
0.7280126214027405
0.7978900074958801
0.7694395184516907
0.2308676838874817
0.48318639397621155
0.3593538701534271
0.5206764936447144
0.4924832880496979
0.5870325565338135
0.6866782903671265
0.5040238499641418
0.591594398021698
0.7374743819236755
0.7427013516426086
0.6289082169532776
0.48979103565216064
0.49832192063331604
0.5060531497001648
0.18006631731987
0.13925893604755402
0.03785672038793564
0.20852483808994293
0.040683407336473465
0.11903677880764008
0.21184326708316803
0.2562216818332672
0.6677827835083008
0.3066231310367584
0.23400118947029114
0.21924608945846558
0.05347979813814163
0.10511352121829987
0.04172029346227646
0.01867886818945408
0.20371337234973907
0.1496616005897522
0.15388734638690948
0.1785210222005844
0.3637492060661316
0.6315019726753235
0.4027978479862213
0.44041717052459717
0.6032027006149292
0.8505849242210388
0.9284936189651489
0.9410039186477661
0.9673032760620117
0.9415359497070312
0.9609522223472595
0.9278920292854309
0.8321744203567505
0.8781981468200684
0.944509744644165
0.7741966843605042
0.6994466781616211
0.8537629246711731
0.9151169657707214
0.4644768536090851
0.49765315651893616
0.9202571511268616
0.8352935314178467
0.5101358294487
0.8956606388092041
0.9126262664794922
0.6194202303886414
0.7495225071907043
0.8509653806686401
0.7653135657310486
0.8416913151741028
0.9272788166999817
0.8173491954803467
0.8788764476776123
0.8686863780021667
0.9287894368171692
0.9284575581550598
0.8757296800613403
