0.8206750154495239
0.8937656879425049
0.8794611096382141
0.9319106340408325
0.8705207705497742
0.8775952458381653
0.5423682928085327
0.7017908692359924
0.5710669755935669
0.17162810266017914
0.26165977120399475
0.17069585621356964
0.12686395645141602
0.06323162466287613
0.056793492287397385
0.03970107063651085
0.1152830421924591
0.08686451613903046
0.043593067675828934
0.1285036951303482
0.14622104167938232
0.3903515636920929
0.2918139100074768
0.7610605955123901
0.719079315662384
0.5817055106163025
0.6134598851203918
0.5475680828094482
0.5796136856079102
0.5721606612205505
0.6629016995429993
0.18263328075408936
0.6544747948646545
0.11101461201906204
0.6983650326728821
0.1906968206167221
0.2730691432952881
0.04820409044623375
0.04424673318862915
0.12923306226730347
0.32711148262023926
0.34725841879844666
0.057328514754772186
0.0936681255698204
0.10021979361772537
0.2953542470932007
0.08359196037054062
0.13868756592273712
0.12417708337306976
0.12948663532733917
0.42811039090156555
0.6300608515739441
0.5697900652885437
0.8601927161216736
0.8253386616706848
0.8159587383270264
0.6804520487785339
0.7875092625617981
0.7799528241157532
0.8527871370315552
0.28788045048713684
0.17773334681987762
0.4671521782875061
0.6987098455429077
0.4727855324745178
0.6581528782844543
0.8179760575294495
0.8801312446594238
0.6439446806907654
0.782318651676178
0.7778921723365784
0.8655735850334167
0.9002513885498047
0.8906316757202148
0.9442566633224487
0.8466122150421143
0.8059294819831848
0.79432612657547
0.413889080286026
0.6419376730918884
0.32275381684303284
0.6537517309188843
0.5073733329772949
0.7859127521514893
0.567167341709137
0.711679995059967
0.7488802075386047
0.8679515719413757
0.8116129636764526
0.48189911246299744
0.8020855188369751
0.6707950234413147
0.8677862286567688
0.9167025685310364
0.8886656165122986
0.8980709910392761
0.8214433789253235
0.8838842511177063
0.8879607319831848
0.6650775074958801
0.576881468296051
0.8142193555831909
0.8446874618530273
0.6692270636558533
0.5864638686180115
0.5475665330886841
0.34584543108940125
0.22263403236865997
0.7349591851234436
0.7425343990325928
0.5791807770729065
0.7249860167503357
0.4480026066303253
0.1471683382987976
0.057179976254701614
0.02792092226445675
0.12809208035469055
0.04249832034111023
0.07157550007104874
0.036504678428173065
0.04969250038266182
0.11583539098501205
0.06505142152309418
0.012343823909759521
0.09339656680822372
0.06510679423809052
0.01489540096372366
0.19764192402362823
0.05598587542772293
0.47628846764564514
0.15964919328689575
0.8239873051643372
0.45649099349975586
0.7332028746604919
0.6213554739952087
0.6606543660163879
0.8035396933555603
0.5386520028114319
0.6034038662910461
0.7672062516212463
0.6520719528198242
0.8593382239341736
0.8874092102050781
0.6899315714836121
0.775536298751831
0.6865107417106628
0.8525026440620422
0.8641684055328369
0.8769837617874146
0.7866830229759216
0.876880407333374
0.34387102723121643
0.40262094140052795
0.06879320740699768
0.17886896431446075
0.202150359749794
0.07950331270694733
0.17394398152828217
0.07530505210161209
0.17879675328731537
0.09896262735128403
0.17341655492782593
0.43030017614364624
0.41491374373435974
0.6664131283760071
0.7064560651779175
0.8365381360054016
0.9135720133781433
0.9039878845214844
0.806631326675415
0.8624849915504456
0.5879069566726685
0.6094497442245483
0.6074537634849548
0.362371027469635
0.7079722285270691
0.20295031368732452
0.7353695034980774
0.18553684651851654
0.4754548668861389
0.0884903147816658
0.1548376828432083
0.527370035648346
0.14278621971607208
0.12923680245876312
0.14502683281898499
0.2852018475532532
0.11820445209741592
0.47033894062042236
0.6327791213989258
0.42675843834877014
0.640495777130127
0.42860445380210876
0.804585337638855
0.8303144574165344
0.6546895503997803
0.6333066821098328
0.7827885746955872
0.7682301998138428
0.7662919163703918
0.9098308682441711
0.9191597700119019
0.6745896935462952
0.8167522549629211
0.9560859799385071
0.8388708829879761
0.6517552733421326
0.8640901446342468
0.9103900194168091
0.8771577477455139
0.8192859292030334
0.6865084767341614
0.8446816205978394
0.7533389925956726
0.7584731578826904
0.8352407217025757
0.7012301087379456
0.5412100553512573
0.6482021808624268
0.5496814846992493
0.571557343006134
0.6910362243652344
0.7105734348297119
0.6731126308441162
0.788036584854126
0.8282170295715332
0.44121527671813965
0.7351858615875244
0.7837950587272644
0.937007486820221
0.8593213558197021
0.6633771657943726
0.8638373017311096
0.952998697757721
0.6966123580932617
0.9184777140617371
0.9429957270622253
0.9360388517379761
0.7810459733009338
0.7554380297660828
0.3324943780899048
0.23189666867256165
0.091092050075531
0.06952151656150818
0.1258276402950287
0.06067259982228279
0.15384536981582642
0.0493185818195343
0.27129146456718445
0.1993764191865921
0.2500862181186676
0.2701404392719269
0.6974318623542786
0.22057265043258667
0.8313763737678528
0.17559178173542023
0.767625093460083
0.4277612268924713
0.8065176606178284
0.5857514142990112
0.7311627864837646
0.7107746005058289
0.9443729519844055
0.8804046511650085
0.9063073396682739
0.8954107761383057
0.9093194603919983
0.847300112247467
0.897994875907898
