0.08970686048269272
0.10681383311748505
0.06087559461593628
0.04952244460582733
0.08135976642370224
0.09712348133325577
0.0876263901591301
0.0861951932311058
0.13170050084590912
0.16055431962013245
0.04590921103954315
0.1629125475883484
0.2006499469280243
0.35790935158729553
0.2688249349594116
0.11038561165332794
0.09487561881542206
0.41265520453453064
0.4275379180908203
0.1347348839044571
0.3388451635837555
0.4828546345233917
0.23950845003128052
0.38135504722595215
0.3557525873184204
0.2754933834075928
0.38944199681282043
0.4783135950565338
0.25386184453964233
0.34256401658058167
0.2325545996427536
0.3444245457649231
0.5654070377349854
0.3412100374698639
0.2103818655014038
0.4994106888771057
0.22165820002555847
0.10595488548278809
0.19051620364189148
0.3435727655887604
0.2686149775981903
0.3732295632362366
0.3154410719871521
0.12653416395187378
0.28838464617729187
0.07210492342710495
0.1604999154806137
0.28024858236312866
0.18346424400806427
0.18602170050144196
0.1588239073753357
0.35490652918815613
0.2408618927001953
0.17079025506973267
0.22325845062732697
0.06802941113710403
0.2255338877439499
0.46294307708740234
0.3310702443122864
0.37713679671287537
0.15230262279510498
0.3770392835140228
0.3396313786506653
0.1327776312828064
0.188568577170372
0.16899505257606506
0.5113060474395752
0.12671367824077606
0.23348437249660492
0.2930094301700592
0.3493315279483795
0.17326532304286957
0.10059061646461487
0.25577032566070557
0.20626264810562134
0.27750614285469055
0.12542030215263367
0.15224839746952057
0.40805482864379883
0.13051146268844604
0.15213163197040558
0.10246124863624573
0.14724254608154297
0.21993815898895264
0.20344650745391846
0.24849268794059753
0.14835651218891144
0.4313872158527374
0.28689566254615784
0.3586014211177826
0.17792227864265442
0.11253760755062103
0.11163529008626938
0.2076135277748108
0.13087108731269836
0.1543688029050827
0.21457119286060333
0.12953171133995056
0.14786328375339508
0.21066050231456757
0.1438245177268982
0.1712229996919632
0.260252445936203
0.1857367306947708
0.16826196014881134
0.20367589592933655
0.17799600958824158
0.2573626637458801
0.18546244502067566
0.08970583975315094
0.048449207097291946
0.13608212769031525
0.04530704393982887
0.3479882776737213
0.13292992115020752
0.27720820903778076
0.20015408098697662
0.23834674060344696
0.35658323764801025
0.14573700726032257
0.1860196441411972
0.435968816280365
0.45380938053131104
0.17458662390708923
0.34798792004585266
0.3813350796699524
0.4691769778728485
0.38687607645988464
0.37617191672325134
0.14715975522994995
0.327097624540329
0.3204193711280823
0.4309748113155365
0.3201531171798706
0.3418963849544525
0.5760743021965027
0.3717544674873352
0.42380955815315247
0.6016198992729187
0.6593596935272217
0.6488080620765686
0.41871291399002075
0.4251437783241272
0.25584515929222107
0.5283759236335754
0.18296128511428833
0.2674827575683594
0.19148997962474823
0.22294503450393677
0.0536065436899662
0.3639734089374542
0.5377554297447205
0.3395690619945526
0.12210801988840103
0.08813437819480896
0.26762333512306213
0.12390172481536865
0.46738141775131226
0.4934370815753937
0.6460810899734497
0.2670612037181854
0.26278939843177795
0.20385077595710754
0.16207721829414368
0.1323043555021286
0.07175225019454956
0.09923631697893143
0.05434621870517731
0.0446191281080246
0.08872894197702408
0.21763110160827637
0.08662814646959305
0.07271737605333328
0.16329483687877655
0.1642528623342514
0.13027119636535645
0.14579564332962036
0.16633835434913635
0.22074837982654572
0.1562616378068924
0.19623170793056488
0.12416546791791916
0.3043188750743866
0.20276567339897156
0.23299427330493927
0.15814808011054993
0.32186630368232727
0.28823739290237427
0.2426026612520218
0.2972453832626343
0.22024117410182953
0.2175576388835907
0.311521977186203
0.4583425521850586
0.1290937215089798
0.4324515759944916
0.07988502085208893
0.3675350546836853
0.2707074284553528
0.4424019157886505
0.5514059662818909
0.3550920784473419
0.1796601116657257
0.11749003082513809
0.26886188983917236
0.11261854320764542
0.2776139974594116
0.10392720252275467
0.2619730532169342
0.355380654335022
0.39566999673843384
0.25142902135849
0.19803784787654877
0.26017576456069946
0.3233831524848938
0.3630196154117584
0.2757757604122162
