0.11423905938863754
0.101292185485363
0.23175804316997528
0.14494174718856812
0.0853671208024025
0.12366919964551926
0.13523955643177032
0.4899175465106964
0.23971611261367798
0.4299484193325043
0.06765011698007584
0.2893737852573395
0.25369641184806824
0.09135643392801285
0.05579157546162605
0.4719898998737335
0.22596746683120728
0.05978676304221153
0.1546296775341034
0.34109532833099365
0.3262886106967926
0.05387183651328087
0.05538468435406685
0.17872364819049835
0.07304596155881882
0.026704123243689537
0.03247051313519478
0.13630066812038422
0.25626417994499207
0.8323298692703247
0.645900547504425
0.8222194314002991
0.5429555773735046
0.12177479267120361
0.5252648591995239
0.3084101676940918
0.09095786511898041
0.5649528503417969
0.7582312226295471
0.21598811447620392
0.2245858758687973
0.6882133483886719
0.6829355955123901
0.38152647018432617
0.400088906288147
0.26550865173339844
0.17770268023014069
0.3867945373058319
0.48216453194618225
0.3940505385398865
0.8718155026435852
0.7663114666938782
0.9733969569206238
0.8709649443626404
0.7753165364265442
0.9044283628463745
0.4176758825778961
0.1623821258544922
0.15888482332229614
0.2762928009033203
0.20274341106414795
0.01312828529626131
0.11734668165445328
0.05824989080429077
0.0905405655503273
0.01698387786746025
0.38902390003204346
0.11805318295955658
0.10291559994220734
0.26585039496421814
0.08934058994054794
0.024592019617557526
0.011115618981420994
0.005060225259512663
0.007098638452589512
0.007314967457205057
0.02442651055753231
0.3118344843387604
0.19468918442726135
0.357494056224823
0.9193266034126282
0.38856810331344604
0.16688306629657745
0.8617186546325684
0.8479771018028259
0.15714842081069946
0.8120979070663452
0.8560841679573059
0.3166045546531677
0.10448403656482697
0.8188250064849854
0.7003971934318542
0.07047298550605774
0.3296559154987335
0.8386142253875732
0.5123739242553711
0.11112577468156815
0.1735202819108963
0.05689168721437454
0.010191484354436398
0.010078582912683487
0.008984172716736794
0.00972506683319807
0.00992258358746767
0.033675286918878555
0.10302794724702835
0.39242252707481384
0.28978481888771057
0.5812382698059082
0.7183621525764465
0.5060874223709106
0.5074880719184875
0.8135863542556763
0.8495097160339355
0.8242258429527283
0.7290443181991577
0.9245561957359314
0.8594180941581726
0.453766405582428
0.8517658710479736
0.8033478260040283
0.19030670821666718
0.4283256530761719
0.5528910756111145
0.54537433385849
0.29311612248420715
0.7493427991867065
0.8009668588638306
0.7506900429725647
0.29690462350845337
0.36067718267440796
0.4546346068382263
0.3453811705112457
0.28200531005859375
0.4211210310459137
0.30550578236579895
0.5153353810310364
0.31344571709632874
0.15029478073120117
0.20938199758529663
0.17416900396347046
0.3950178921222687
0.6623490452766418
0.48058414459228516
0.19072845578193665
0.677123486995697
0.8254722952842712
0.33590665459632874
0.22760826349258423
0.6270169019699097
0.5659464597702026
0.19118334352970123
0.27058351039886475
0.8206639289855957
0.10532862693071365
0.13947121798992157
0.293740838766098
0.4110349118709564
0.11918527632951736
0.427849680185318
0.18226122856140137
0.09957998991012573
0.05314015597105026
0.0669265165925026
0.05948678031563759
0.04762496426701546
0.054745864123106
0.08518686890602112
0.0744648203253746
0.09346476197242737
0.2767275869846344
0.6795278191566467
0.6160977482795715
0.46954822540283203
0.8632391095161438
0.5547508597373962
0.6035915613174438
0.34669604897499084
0.17717444896697998
0.18354278802871704
0.0654163733124733
0.054860349744558334
0.2292315512895584
0.18643365800380707
0.218720480799675
0.13846205174922943
0.24661384522914886
0.37054821848869324
0.31450408697128296
0.2968860864639282
0.4531688094139099
0.373893678188324
0.5548157095909119
0.4422664940357208
0.38298624753952026
0.4570794105529785
0.4326157867908478
0.2685186266899109
0.37374886870384216
0.540024995803833
0.6906784772872925
0.5677001476287842
0.5344246029853821
0.4901416599750519
0.6607498526573181
0.4781295955181122
0.2945348620414734
0.06903731822967529
0.4329308569431305
0.2241843044757843
0.2702028751373291
0.6387327313423157
0.3300597071647644
0.11849197000265121
0.30839309096336365
0.455328106880188
0.20636221766471863
0.0707375556230545
0.14074234664440155
0.16686084866523743
0.19286049902439117
0.035746682435274124
0.08079109340906143
0.026649685576558113
0.03562124818563461
0.018940255045890808
0.051437411457300186
0.5079329609870911
0.15068529546260834
0.37443807721138
0.32285818457603455
0.24837923049926758
0.10249409079551697
0.06240220367908478
0.3853708505630493
0.18773901462554932
0.02422381192445755
0.1166931763291359
0.2786269187927246
0.04465411230921745
0.02481844462454319
0.16876867413520813
0.1070457473397255
0.08101701736450195
0.06388706713914871
0.16783949732780457
0.08013055473566055
0.0779840350151062
0.1175544261932373
0.062367089092731476
0.21323087811470032
0.20038361847400665
0.3299807012081146
0.16518521308898926
0.33572810888290405
0.11045121401548386
0.11829919368028641
0.20274005830287933
0.2591724097728729
0.12485561519861221
0.19231073558330536
0.08012135326862335
0.09235475212335587
0.212976336479187
0.1347055733203888
0.07229242473840714
0.08703908324241638
0.1305127590894699
0.11044178158044815
0.1575697660446167
0.13384906947612762
0.030657585710287094
0.060455672442913055
0.11796461045742035
0.08946755528450012
0.07176072895526886
0.19605408608913422
0.17882497608661652
0.03209756314754486
0.12399288266897202
0.08382952958345413
0.02682204358279705
0.026468629017472267
0.04443070665001869
0.01290738396346569
0.04285477474331856
0.41074448823928833
0.6084935069084167
0.3671742379665375
0.3274473249912262
0.29471904039382935
0.6469604969024658
0.30577829480171204
0.06800156831741333
0.46019247174263
0.4757721722126007
0.09216485172510147
0.23838244378566742
0.4468195140361786
0.1688576340675354
0.09736941009759903
0.13916447758674622
0.08042587339878082
0.3175342082977295
0.152691051363945
0.19865305721759796
0.08851488679647446
0.06670944392681122
0.03753887489438057
0.15192684531211853
0.4738222360610962
0.5579681396484375
0.7205448150634766
0.7541483044624329
0.9026502966880798
0.682584822177887
0.6568721532821655
0.7554715275764465
0.6074820756912231
0.843192458152771
0.41720113158226013
0.7296259999275208
0.6211734414100647
0.5796580910682678
0.7483471035957336
0.26345717906951904
0.5355075001716614
0.1826494187116623
0.23523922264575958
0.03352894261479378
0.05924811586737633
0.17393800616264343
0.04405032843351364
0.024896366521716118
0.12032768875360489
0.15798723697662354
0.0906621590256691
0.08963161706924438
0.03472603112459183
0.08403235673904419
0.13445021212100983
0.10418234765529633
0.1828477531671524
0.1502954512834549
0.2030673325061798
0.07551238685846329
0.1313757449388504
0.0860399678349495
0.05334744602441788
0.13632602989673615
0.12539106607437134
0.040173426270484924
0.05243442952632904
0.13712505996227264
0.14474545419216156
0.03246638923883438
0.14118552207946777
0.228837251663208
0.0744582936167717
0.08944202959537506
0.2739356458187103
0.17412051558494568
0.22326387465000153
0.17978106439113617
0.215776726603508
0.1483769416809082
0.23782978951931
0.03814044967293739
0.06811419129371643
0.18517862260341644
0.06512083113193512
0.06668315082788467
0.05037206411361694
0.14428305625915527
0.14299264550209045
0.05177753046154976
0.1735975444316864
0.19935359060764313
0.11791574954986572
0.11775338649749756
0.10616540908813477
0.140121191740036
0.24635665118694305
0.07222307473421097
0.05426223948597908
0.04246344044804573
0.06591580808162689
0.06821567565202713
0.046020593494176865
0.2503054738044739
0.3915925621986389
0.4129149317741394
0.05810992047190666
0.15108324587345123
0.5972018837928772
0.14368005096912384
0.05072074010968208
0.18084758520126343
0.25907817482948303
0.15103308856487274
0.12628568708896637
0.21111175417900085
0.13916142284870148
0.2960515022277832
0.23089146614074707
0.22090251743793488
0.32702893018722534
0.3359895646572113
0.25706592202186584
0.4392883777618408
0.3909236490726471
0.549420177936554
0.6569522023200989
0.7427827715873718
0.8847646117210388
0.8107870221138
0.5732786059379578
0.4571928083896637
0.7107608914375305
0.18124175071716309
0.0634734109044075
0.08582669496536255
0.12428484857082367
0.14327317476272583
0.01965450495481491
0.13201762735843658
0.07589413225650787
0.056676991283893585
0.041411515325307846
0.451499879360199
0.048814963549375534
0.09464846551418304
0.023611728101968765
0.05787821486592293
0.04203050956130028
0.026018857955932617
0.042169518768787384
0.030679749324917793
0.0296392273157835
0.04853711649775505
0.12677137553691864
0.34673866629600525
0.6879574060440063
0.1676904559135437
0.17649029195308685
0.8337014317512512
0.880074143409729
0.2815200388431549
0.9173056483268738
0.95811927318573
0.23908741772174835
0.23204684257507324
0.888557493686676
0.6276835799217224
0.08942920714616776
0.7266972064971924
0.8049910068511963
0.23022069036960602
0.09291324764490128
0.06843278557062149
0.042547862976789474
0.026064017787575722
0.0333772674202919
0.025868920609354973
0.03182454779744148
0.03616759926080704
0.06302405148744583
0.2634331285953522
0.2239828109741211
0.44365227222442627
0.26720505952835083
0.44953230023384094
0.3580518066883087
0.6920263171195984
0.6550790667533875
0.41999128460884094
0.8394936919212341
0.752658486366272
0.8507741093635559
0.7182230353355408
0.7078861594200134
0.7197129130363464
0.6117807626724243
0.6546456217765808
0.4996451735496521
0.622505784034729
0.8236732482910156
0.845477283000946
0.7210662961006165
0.42740294337272644
0.8273302316665649
0.6657066345214844
0.8218629956245422
0.7959154844284058
0.8789643049240112
0.7377421855926514
0.3605157434940338
0.4567217230796814
0.851215660572052
0.7628657817840576
0.2005162090063095
0.5656326413154602
0.8988313674926758
0.846304178237915
0.7566746473312378
0.33808356523513794
0.11527986079454422
0.30498743057250977
0.14031659066677094
0.40356531739234924
0.10889498144388199
0.2651059329509735
0.13461698591709137
0.21350844204425812
0.1275559663772583
0.18997368216514587
0.059355635195970535
0.1267629712820053
0.07392475008964539
0.029995067045092583
0.07258456200361252
0.10546521097421646
0.11165700107812881
0.07230040431022644
0.13682149350643158
0.20862668752670288
0.12761162221431732
0.1518699824810028
0.12912751734256744
0.1000179573893547
0.04166065528988838
0.04992084950208664
0.026868024840950966
0.1775476187467575
0.04207705333828926
0.38142725825309753
0.18634100258350372
0.4007165729999542
0.4618924558162689
0.42025047540664673
0.18369783461093903
0.15586812794208527
0.37798115611076355
0.5110110640525818
0.18239657580852509
0.42818695306777954
0.6405212879180908
0.4029572308063507
0.19371703267097473
0.4470056891441345
0.34933075308799744
0.26822495460510254
0.06976989656686783
0.15413832664489746
0.3730882704257965
0.1865478903055191
