0.17475676536560059
0.15898749232292175
0.2383681982755661
0.23458679020404816
0.18804748356342316
0.2500612437725067
0.360186368227005
0.1263253539800644
0.1694144457578659
0.42422738671302795
0.16532506048679352
0.050557564944028854
0.5019705891609192
0.634268045425415
0.2723063826560974
0.26520490646362305
0.5957573652267456
0.7457221150398254
0.20072560012340546
0.6969267129898071
0.5659530758857727
0.4763280153274536
0.5329217910766602
0.7162687182426453
0.45114031434059143
0.4688805639743805
0.2672552466392517
0.2256791591644287
0.48497554659843445
0.4179506301879883
0.3955346643924713
0.37469685077667236
0.42652833461761475
0.2615889608860016
0.3096569776535034
0.22767101228237152
0.13911183178424835
0.16289710998535156
0.13174721598625183
0.1189209371805191
0.13809199631214142
0.1509764939546585
0.16081498563289642
0.2028094083070755
0.430986225605011
0.21355675160884857
0.5126844048500061
0.47678110003471375
0.4006017744541168
0.71429443359375
0.7237666249275208
0.6809013485908508
0.4031566381454468
0.2981208264827728
0.5006000995635986
0.6641994118690491
0.21838998794555664
0.312144935131073
0.5490249991416931
0.66780686378479
0.13409246504306793
0.3867519199848175
0.6325581669807434
0.48098278045654297
0.0949903056025505
0.40776559710502625
0.5438001751899719
0.3934415876865387
0.28537070751190186
0.3798787593841553
0.18695135414600372
0.145498588681221
0.20524662733078003
0.5538451075553894
0.3269285261631012
0.13597139716148376
0.380864679813385
0.2313069850206375
0.44947323203086853
0.5104833245277405
0.6965261101722717
0.6158443689346313
0.5601049661636353
0.5252168774604797
0.3266129195690155
0.14977289736270905
0.2850554585456848
0.3993964195251465
0.24469678103923798
0.33349913358688354
0.4843882620334625
0.2685132324695587
0.6455435752868652
0.45020791888237
0.8235071897506714
0.4467940330505371
0.2060653269290924
0.4111141562461853
0.2614959180355072
0.10745007544755936
0.10890449583530426
0.14061525464057922
0.04179902747273445
0.05800783634185791
0.05924730747938156
0.23572011291980743
0.11624875664710999
0.06891527771949768
0.1837301403284073
0.2263522744178772
0.1689104586839676
0.17818689346313477
0.16021665930747986
0.18146105110645294
0.12285108119249344
0.2823147475719452
0.09996126592159271
0.030399909242987633
0.08116066455841064
0.24114343523979187
0.35601693391799927
0.06346631795167923
0.4043775200843811
0.5362228155136108
0.40583083033561707
0.2717215120792389
0.6603250503540039
0.72617506980896
0.4612533152103424
0.7354117631912231
0.48184266686439514
0.4194697141647339
0.3019183874130249
0.5211657881736755
0.3759237825870514
0.22126610577106476
0.4005267322063446
0.39361870288848877
0.21872784197330475
0.47879812121391296
0.3816094696521759
0.5684862732887268
0.4839945435523987
0.5583065152168274
0.2872752845287323
0.3971308767795563
0.4825581908226013
0.3042949140071869
0.2057146281003952
0.06818046420812607
0.03271262347698212
0.023600267246365547
0.04302280768752098
0.06882349401712418
0.2333109974861145
0.06335621327161789
0.1620725393295288
0.4214494526386261
0.71693354845047
0.17347843945026398
0.34169235825538635
0.5986770987510681
0.5884467363357544
0.3224318325519562
0.4465768039226532
0.5162139534950256
0.7294644117355347
0.593664288520813
0.6033647656440735
0.6006703972816467
0.5520113110542297
0.6842591762542725
0.641448974609375
0.21365144848823547
0.39749231934547424
0.30644211173057556
0.3494935929775238
0.1147521585226059
0.2513733208179474
0.3426975905895233
0.04153261333703995
0.04135487973690033
0.02615712769329548
0.013306602835655212
0.003414248814806342
0.019360508769750595
0.024978170171380043
0.0996188074350357
0.17067381739616394
0.39804479479789734
0.4684497117996216
0.5784165859222412
0.33759570121765137
0.08729561418294907
0.15791381895542145
0.07925068587064743
0.2733321487903595
0.07915713638067245
0.014792803674936295
0.009794463403522968
0.005623388569802046
0.03557511419057846
0.13158005475997925
0.12740282714366913
0.23232963681221008
0.48168474435806274
0.5828825235366821
0.5455077886581421
0.5800907611846924
0.7136976718902588
0.7409654259681702
0.6195397973060608
0.7058719396591187
0.7123225331306458
0.4842652380466461
0.6624432802200317
0.3490988314151764
0.6490338444709778
0.1752067357301712
0.1440151333808899
0.2215665578842163
0.04349293187260628
0.23403300344944
0.2759193480014801
0.7390762567520142
0.8034271597862244
0.5736702084541321
0.5223606824874878
0.3460310101509094
0.2910047471523285
0.16959185898303986
0.22303175926208496
0.47190630435943604
0.5458664298057556
0.4959568381309509
0.49083244800567627
0.3020740747451782
0.2090008556842804
0.2453652024269104
0.11872092634439468
0.10003993660211563
0.01637961156666279
0.035898253321647644
0.013216209597885609
0.01243595965206623
0.021558066830039024
0.017112798988819122
0.027558328583836555
0.023171575739979744
0.035328369587659836
0.05138637498021126
0.03606933727860451
0.042207974940538406
0.03598165884613991
0.036188460886478424
0.0352458618581295
0.03866108879446983
0.07543664425611496
0.09419414401054382
0.1888655126094818
0.11623169481754303
0.14412584900856018
0.02704859897494316
0.028369013220071793
0.025028789415955544
0.04839666187763214
0.2259574979543686
0.1998893767595291
0.09829971194267273
0.1611206978559494
0.1438397914171219
0.1530669927597046
0.05283033847808838
0.11517197638750076
0.057341329753398895
0.07218796759843826
0.07894932478666306
0.16266493499279022
0.2349281907081604
0.11431171000003815
0.11560846865177155
0.20966042578220367
0.46435990929603577
0.3021301329135895
0.16612711548805237
0.2596530020236969
0.26610633730888367
0.06655275076627731
0.1976739466190338
0.08326605707406998
0.05044742301106453
0.019326167181134224
0.16677795350551605
0.03331952169537544
0.012386394664645195
0.07003963738679886
0.13328881561756134
0.026231812313199043
0.1300700455904007
0.5670377016067505
0.48801809549331665
0.41455700993537903
0.04792080447077751
0.1846630573272705
0.0630812719464302
0.04200572893023491
0.03723721206188202
0.06601026654243469
0.10221049934625626
0.2421514242887497
0.33414679765701294
0.2793087065219879
0.14241401851177216
0.16604940593242645
0.09507036209106445
0.11817391961812973
0.06393808871507645
0.01022347528487444
0.02179599739611149
0.010771991685032845
0.003084641881287098
0.03453373163938522
0.031313586980104446
0.019134780392050743
0.005767276976257563
0.12823107838630676
0.05060674622654915
0.14511428773403168
0.13127925992012024
0.02992979995906353
0.01697610691189766
0.008243762888014317
0.04703942686319351
0.1071992889046669
0.16563358902931213
0.33171188831329346
0.19441840052604675
0.1308203637599945
0.35583487153053284
0.4683675765991211
0.3411058485507965
0.382564902305603
0.24913549423217773
0.263850599527359
0.21388867497444153
0.23897285759449005
0.3966878652572632
0.2494153529405594
0.19985100626945496
0.151370570063591
0.18201275169849396
0.05980844050645828
0.1384478509426117
0.13540583848953247
0.44109681248664856
0.4284045696258545
0.3010093867778778
0.25150471925735474
0.5018107295036316
0.44562992453575134
0.2488553822040558
0.467646986246109
0.32452255487442017
0.42333686351776123
0.35555920004844666
0.3318721354007721
0.29049888253211975
0.20050814747810364
0.12224330008029938
0.43874040246009827
0.14443250000476837
0.06240902468562126
0.03012353554368019
0.0363168939948082
0.009497197344899178
0.048583175987005234
0.2598664164543152
0.05649426952004433
0.10159240663051605
0.1554986834526062
0.1331530660390854
0.06589117646217346
0.12282652407884598
0.10321057587862015
0.08413230627775192
0.16912803053855896
0.12897248566150665
0.18486790359020233
0.10427971184253693
0.18917903304100037
0.18697285652160645
0.16100044548511505
0.21046145260334015
0.1599036157131195
0.14672061800956726
0.1535189151763916
0.10597311705350876
0.12745365500450134
0.16659381985664368
0.08220385760068893
