0.08440040051937103
0.1169246956706047
0.06763330847024918
0.04190749675035477
0.018006065860390663
0.007191537879407406
0.0021683364175260067
0.00397485913708806
0.00296744960360229
0.015858853235840797
0.029644174501299858
0.12240363657474518
0.23574858903884888
0.5624278783798218
0.03356047719717026
0.04531749710440636
0.13115279376506805
0.12731929123401642
0.013715595006942749
0.24157704412937164
0.33948397636413574
0.04541786387562752
0.03726942837238312
0.09752169251441956
0.17536891996860504
0.030961185693740845
0.09713204205036163
0.36306700110435486
0.34752538800239563
0.21263781189918518
0.21634921431541443
0.07686485350131989
0.057749126106500626
0.13403667509555817
0.05689128115773201
0.009629137814044952
0.011007260531187057
0.005746322683990002
0.018723711371421814
0.016094857826828957
0.36489224433898926
0.22464986145496368
0.24172046780586243
0.2373339831829071
0.20953862369060516
0.20680150389671326
0.25005120038986206
0.15799836814403534
0.0993805080652237
0.09763586521148682
0.047456398606300354
0.07539764046669006
0.10812898725271225
0.02658095583319664
0.10858909040689468
0.08156009763479233
0.17144176363945007
0.10308721661567688
0.09630600363016129
0.04589863121509552
0.16763876378536224
0.27831029891967773
0.36225077509880066
0.06596872955560684
0.24255254864692688
0.20030678808689117
0.21321247518062592
0.13321231305599213
0.060222525149583817
0.13597211241722107
0.09851944446563721
0.07482840120792389
0.020793741568922997
0.04599084332585335
0.014527971856296062
0.021688880398869514
0.05815061554312706
0.06415752321481705
0.015089343301951885
0.011514407582581043
0.018445288762450218
0.0039513870142400265
0.004422839265316725
0.021040819585323334
0.01715897209942341
0.004925464279949665
0.013786445371806622
0.004582677502185106
0.0016341336304321885
0.0022825777996331453
0.0026057150680571795
0.014636324718594551
0.02556929551064968
0.19572603702545166
0.1574377417564392
0.37282899022102356
0.3013046085834503
0.02588725835084915
0.047508712857961655
0.2303975224494934
0.02839115634560585
0.008920188061892986
0.045087847858667374
0.03909134864807129
0.013203844428062439
0.03470283001661301
0.019294867292046547
0.02568087726831436
0.010758301243185997
0.015893587842583656
0.015148479491472244
0.02736307680606842
0.006884443107992411
0.010475722141563892
0.0009598118485882878
0.011321346275508404
0.00797621626406908
0.04637159779667854
0.07477264851331711
0.32802122831344604
0.08927742391824722
0.20066896080970764
0.23912279307842255
0.3142300248146057
0.19383558630943298
0.36867427825927734
0.32046738266944885
0.1347627192735672
0.3049383759498596
0.27491146326065063
0.2653065323829651
0.04115777090191841
0.02277185209095478
0.24844898283481598
0.09713717550039291
0.012091455049812794
0.015734653919935226
0.12771601974964142
0.11462316662073135
0.019553329795598984
0.02281278185546398
0.013589419424533844
0.024895787239074707
0.016618145629763603
0.02593069337308407
0.09636912494897842
0.22516094148159027
0.12691140174865723
0.1866026073694229
0.5665071606636047
0.5951952338218689
0.6509793400764465
0.4256695508956909
0.4886488914489746
0.6108558773994446
0.26016876101493835
0.17909206449985504
0.5174553394317627
0.6449678540229797
0.7587257027626038
0.8701253533363342
0.5592257976531982
0.8151324391365051
0.2954590916633606
0.3034912645816803
0.13879863917827606
0.10122596472501755
0.054680440574884415
0.39502349495887756
0.17674748599529266
0.3411547541618347
0.1645948439836502
0.0883452296257019
0.1006568968296051
0.4429633319377899
0.16932512819766998
0.037320028990507126
0.41775810718536377
0.23909789323806763
0.08933086693286896
0.15559110045433044
0.6249551773071289
0.5147067308425903
0.6736219525337219
0.7217457890510559
0.5234611630439758
0.8656854033470154
0.45653587579727173
0.8033466339111328
0.5659410357475281
0.5533694624900818
0.4729263484477997
0.394853800535202
0.32581260800361633
0.28947529196739197
0.27887454628944397
0.20385707914829254
0.09337786585092545
0.2555833160877228
0.1648796945810318
0.09707324951887131
0.11420130729675293
0.14547045528888702
0.18517924845218658
0.14939762651920319
0.04731672629714012
0.09461069107055664
0.06859789043664932
0.1391608715057373
0.09085726737976074
0.2927893102169037
0.13909144699573517
0.2590133547782898
0.3284529447555542
0.6848847270011902
0.4001050591468811
0.7096185684204102
0.8830490708351135
0.851669192314148
0.893580436706543
0.9632489085197449
0.9744066596031189
0.8023855686187744
0.7563675045967102
0.9266958236694336
0.8229873776435852
0.3891603648662567
0.6768178939819336
0.951747477054596
0.5151804089546204
0.20023584365844727
0.782806932926178
0.815166175365448
0.3536461889743805
0.16333331167697906
0.6883715987205505
0.6110528111457825
0.3688112795352936
0.2829430401325226
0.6972830295562744
0.5663471817970276
0.5183469653129578
0.4448014497756958
0.619059681892395
0.469950795173645
0.605347216129303
0.5340316891670227
0.7073321342468262
0.9171121716499329
0.9281143546104431
0.6180538535118103
0.7442606687545776
0.9555162787437439
0.8343198895454407
0.4095748960971832
0.25616300106048584
0.2997230589389801
0.8475695848464966
0.62218177318573
0.22377735376358032
0.33090367913246155
0.8368093371391296
0.5900293588638306
0.33960092067718506
0.34994199872016907
0.9659862518310547
0.8496896028518677
0.4433293342590332
0.4564613699913025
0.14645841717720032
0.3822197914123535
0.5595430135726929
0.1017710343003273
0.1985287368297577
0.4682715833187103
0.1609438806772232
0.379425048828125
0.3307534456253052
0.7221776843070984
0.42852017283439636
0.33948051929473877
0.17709258198738098
0.2315376102924347
0.2900580167770386
0.20878705382347107
0.07221513986587524
0.06611175090074539
0.2345917820930481
0.0915025994181633
0.10849753767251968
0.2769695520401001
0.09509226679801941
0.19108887016773224
0.09540373831987381
0.2813819944858551
0.4129127264022827
0.3017209470272064
0.3329823911190033
0.058723729103803635
0.14507479965686798
0.3404163122177124
0.14064931869506836
0.03828124329447746
0.29903969168663025
0.3147415220737457
0.09755547344684601
0.16695456206798553
0.2023942917585373
0.16438907384872437
0.07750842720270157
0.2652856111526489
0.321674108505249
0.38482481241226196
0.18413656949996948
0.3064946234226227
0.12832514941692352
0.25796791911125183
0.4086984694004059
0.380222886800766
0.24519164860248566
0.20258091390132904
0.07140391319990158
0.07300961762666702
0.16334053874015808
0.05874805524945259
0.09068462997674942
0.204644575715065
0.12691698968410492
0.14979159832000732
0.445107102394104
0.3367283344268799
0.25714200735092163
0.25947341322898865
0.43811503052711487
0.4769378900527954
0.4329550564289093
0.4579264223575592
0.3999482989311218
0.781416118144989
0.5449548363685608
0.30318567156791687
0.6091023683547974
0.7675116062164307
0.5067039132118225
0.4632669687271118
0.5323918461799622
0.5901951193809509
0.7862194180488586
0.6674563884735107
