0.8511301875114441
0.9357784390449524
0.8646001219749451
0.9361457824707031
0.9364567995071411
0.9065436124801636
0.9361269474029541
0.9020629525184631
0.885839581489563
0.9769428372383118
0.9597876071929932
0.958827555179596
0.8706561326980591
0.8227680921554565
0.7160215973854065
0.6943645477294922
0.6625000834465027
0.8337279558181763
0.5712149739265442
0.73709636926651
0.8199091553688049
0.7936118245124817
0.663659393787384
0.8125934600830078
0.9597529172897339
0.5298979878425598
0.8672538995742798
0.906622588634491
0.9265519380569458
0.926176905632019
0.8162882924079895
0.8531444668769836
0.7285395860671997
0.6705700755119324
0.5312299132347107
0.7902299761772156
0.6273496747016907
0.7506725788116455
0.6619648337364197
0.7875697016716003
0.7662006616592407
0.9057565331459045
0.9406649470329285
0.964529812335968
0.9236829876899719
0.9722893834114075
0.9750702381134033
0.9189947843551636
0.9532711505889893
0.9539432525634766
0.8351765871047974
0.9475367069244385
0.9807682037353516
0.920354962348938
0.9133861660957336
0.9591992497444153
0.9681828618049622
0.8176020979881287
0.9172694087028503
0.8731553554534912
0.702838659286499
0.8596731424331665
0.9081276655197144
0.5694410800933838
0.6825235486030579
0.8829525113105774
0.882703423500061
0.5171917080879211
0.6794821619987488
0.7221372127532959
0.45242929458618164
0.7274301648139954
0.7269588708877563
0.7978946566581726
0.6985524892807007
0.542654812335968
0.5219721794128418
0.6228571534156799
0.6072655916213989
0.32426923513412476
0.7355688214302063
0.42947861552238464
0.7524997591972351
0.5376184582710266
0.9092671275138855
0.7695616483688354
0.935893177986145
0.9508244395256042
0.9763928651809692
0.9499560594558716
0.9350504279136658
0.9692946672439575
0.9601917266845703
0.9324414134025574
0.9146111607551575
0.744676411151886
0.774118959903717
0.7016911506652832
0.6759263277053833
0.5602667331695557
0.6048364639282227
0.8413287401199341
0.6098077297210693
0.6640027761459351
0.822945237159729
0.671485185623169
0.8205690979957581
0.7704456448554993
0.9343644380569458
0.9210060238838196
0.9689875841140747
0.9339982271194458
0.9732753038406372
0.9474473595619202
0.9458411335945129
0.9268167614936829
0.9437971115112305
0.9476169943809509
0.9758232235908508
0.9577201008796692
0.9633945822715759
0.9583607912063599
0.9709633588790894
0.9343348741531372
0.9520338773727417
0.9073789715766907
0.7121204733848572
0.9417445063591003
0.7237774729728699
0.8551304340362549
0.9443254470825195
0.7689047455787659
0.8369911313056946
0.7208258509635925
0.7397670745849609
0.7585142850875854
0.5247894525527954
0.6136986613273621
