0.08911406248807907
0.04212731495499611
0.2183227837085724
0.024940725415945053
0.2671092450618744
0.28091099858283997
0.12478199601173401
0.6062933802604675
0.138512521982193
0.4146997630596161
0.5620886087417603
0.45748504996299744
0.5909873843193054
0.5346822738647461
0.5306564569473267
0.12175260484218597
0.4413895010948181
0.7250814437866211
0.0837070420384407
0.3281235098838806
0.8669002652168274
0.5951918363571167
0.456430584192276
0.05763740837574005
0.0870085135102272
0.01072908379137516
0.004857921041548252
0.01297175232321024
0.03027619980275631
0.11142442375421524
0.06759472191333771
0.42057114839553833
0.33349356055259705
0.20753231644630432
0.3331618905067444
0.158271923661232
0.06298486143350601
0.190015509724617
0.30998754501342773
0.18746961653232574
0.09144745767116547
0.17364877462387085
0.15101324021816254
0.08951806277036667
0.02373392879962921
0.07788504660129547
0.1592581421136856
0.12534554302692413
0.029414573684334755
0.07019376754760742
0.14593222737312317
0.01747727394104004
0.06776837259531021
0.1594446301460266
0.20141369104385376
0.13207733631134033
0.04185514897108078
0.028419481590390205
0.023992367088794708
0.01699787750840187
0.016320528462529182
0.019863883033394814
0.03609953075647354
0.08839856088161469
0.03280207887291908
0.10958253592252731
0.06776466220617294
0.16152651607990265
0.20944274961948395
0.09389638900756836
0.026997854933142662
0.04843796789646149
0.10044735670089722
0.10555870831012726
0.22208666801452637
0.23435881733894348
0.29259395599365234
0.06366169452667236
0.18699762225151062
0.21652430295944214
0.08742696791887283
0.023956330493092537
0.07099147140979767
0.20667289197444916
0.017962610349059105
0.06497199088335037
0.23560209572315216
0.03828048333525658
0.010441652499139309
0.2521454393863678
0.06348725408315659
0.009509516879916191
0.031824398785829544
0.18852676451206207
0.04805837199091911
0.03932984545826912
0.039164114743471146
0.049581944942474365
0.011422866024076939
0.0035041533410549164
0.003390795085579157
0.00537441810593009
0.03517969325184822
0.014262731187045574
0.06799010187387466
0.040777117013931274
0.09043861925601959
0.17941370606422424
0.20663796365261078
0.6035851836204529
0.2727207839488983
0.47704586386680603
0.2904803156852722
0.2659302353858948
0.6441736221313477
0.7369411587715149
0.569538414478302
0.609037458896637
0.6037160754203796
0.7488832473754883
0.7070054411888123
0.5329645276069641
0.39190971851348877
0.43829938769340515
0.3112705945968628
0.5463662147521973
0.3811083734035492
0.42343419790267944
0.33134910464286804
0.4803358316421509
0.28463929891586304
0.33484092354774475
0.4250330924987793
0.28204870223999023
0.15075987577438354
0.3571085035800934
0.29044485092163086
0.3797400891780853
0.45638009905815125
0.37436094880104065
0.2722407877445221
0.6613081693649292
0.2762647569179535
0.41401615738868713
0.3935181796550751
0.25979679822921753
0.6168774962425232
0.5748667120933533
0.5216521620750427
0.7104198932647705
0.4810858368873596
0.5293415784835815
0.40841159224510193
0.4797958731651306
0.5388685464859009
0.3034355640411377
0.31535038352012634
0.15733511745929718
0.3978803753852844
0.34872952103614807
0.4223531186580658
0.3423934280872345
0.4138806164264679
0.3013666868209839
0.31254854798316956
0.31055426597595215
0.37950533628463745
0.30671659111976624
0.24432659149169922
0.2644142210483551
0.3121863305568695
0.47891438007354736
0.23261025547981262
0.31906554102897644
0.5408644676208496
0.29822880029678345
0.3285256326198578
0.3099290728569031
0.4418831467628479
0.2238406091928482
0.22273652255535126
0.29236096143722534
0.313275009393692
0.4239140748977661
0.22454680502414703
0.4725872576236725
0.46152830123901367
0.35041242837905884
0.4925558269023895
0.49942779541015625
0.32248392701148987
0.2936745584011078
0.2754923105239868
0.3229770064353943
0.23916155099868774
0.20736224949359894
0.11320868879556656
0.10716670006513596
0.12544530630111694
0.06363816559314728
0.11337436735630035
0.12096023559570312
0.047740161418914795
0.05137691646814346
0.045299842953681946
0.03155301883816719
0.033854324370622635
0.01115416456013918
0.04897751286625862
0.03365910053253174
0.01807187683880329
0.0073188492096960545
0.01373052317649126
0.03131479397416115
0.003625256009399891
0.0021240783389657736
0.019243255257606506
0.013660581782460213
0.0009124011849053204
0.0031880191527307034
0.03612850233912468
0.02911108173429966
0.002791635226458311
0.04472731426358223
0.2286098301410675
0.13262493908405304
0.043879102915525436
0.01028904877603054
0.0946032926440239
0.004161804914474487
0.009622733108699322
0.010702092200517654
0.041701581329107285
0.03826002776622772
0.02950858138501644
0.20520295202732086
0.24440138041973114
0.09997111558914185
0.5678032636642456
0.2464766800403595
0.31824028491973877
0.31925690174102783
0.10877469182014465
0.05946865305304527
0.03812377154827118
0.07466518878936768
0.030457662418484688
0.019457519054412842
0.05367806553840637
0.053483594208955765
0.08051721006631851
0.11487791687250137
0.03865542262792587
0.013411437161266804
0.0834076926112175
0.07348271459341049
0.00928184762597084
0.05750776827335358
0.09224379062652588
0.015248088166117668
0.019486328586935997
0.1334322988986969
0.043140292167663574
0.2074112594127655
0.019467763602733612
0.019207743927836418
0.017708497121930122
0.0137330936267972
0.022024894133210182
0.01300837006419897
0.019765784963965416
0.050557948648929596
0.11710096895694733
0.08694231510162354
0.07753144204616547
0.149151012301445
0.3168553411960602
0.4117148518562317
0.4457954466342926
0.4285854995250702
0.19808192551136017
0.26122453808784485
0.09920497983694077
0.17421014606952667
0.10699783265590668
0.016483787447214127
0.016100797802209854
0.1755008101463318
0.17504388093948364
0.03567055985331535
0.02086418680846691
0.14326351881027222
0.08975422382354736
0.018639661371707916
0.10637269914150238
0.022450517863035202
0.010970146395266056
0.026998408138751984
0.046148646622896194
0.1356445997953415
0.13504436612129211
0.2625912129878998
0.43557700514793396
0.43996310234069824
0.5852136611938477
0.536210298538208
0.3226986229419708
0.49966150522232056
0.4562215805053711
0.2865432798862457
0.38132521510124207
0.5258485078811646
0.4391540586948395
0.43722906708717346
0.7638847231864929
0.48367369174957275
0.8334903120994568
0.8639798164367676
0.47722625732421875
0.5607929229736328
0.36253097653388977
0.6720559000968933
0.35061511397361755
0.931090235710144
0.5786332488059998
0.08411218225955963
0.22170527279376984
0.6601139903068542
0.16880199313163757
0.03580614924430847
0.3216862380504608
0.286266952753067
0.0968998521566391
0.13665907084941864
0.4179460108280182
0.16841621696949005
0.13189451396465302
0.18682123720645905
0.19295817613601685
0.20578953623771667
0.17197687923908234
0.18119245767593384
0.28718262910842896
0.21223388612270355
0.21893265843391418
0.060352716594934464
0.03447328135371208
0.034289028495550156
0.0750429630279541
0.14612257480621338
0.09832902252674103
0.46644338965415955
0.22566808760166168
0.5704013109207153
0.4260188639163971
0.528009831905365
0.8488398194313049
0.797527015209198
0.22957725822925568
0.5829204320907593
0.7470200657844543
0.657049834728241
0.8178671598434448
0.42349106073379517
0.8240789175033569
0.7864949703216553
0.4433120787143707
0.6023277044296265
0.3019220232963562
0.5186626315116882
0.72221440076828
0.43705683946609497
0.38875076174736023
0.7518976330757141
0.9167853593826294
0.2955538332462311
0.3272179663181305
0.9333847165107727
0.9261913299560547
0.1461675614118576
0.9074559807777405
0.9551982879638672
0.8115847110748291
0.5598200559616089
0.9553288221359253
0.9620885848999023
0.6308172941207886
0.693649172782898
0.9401187896728516
0.8939302563667297
0.8478840589523315
0.7038355469703674
0.7257283329963684
0.7511946558952332
