0.07462259382009506
0.3839823305606842
0.36245620250701904
0.09751967340707779
0.5214542746543884
0.36432555317878723
0.4197840988636017
0.3770383894443512
0.4623929262161255
0.5037091374397278
0.6078410744667053
0.5232365131378174
0.43051227927207947
0.07255394756793976
0.09538162499666214
0.19333206117153168
0.19047482311725616
0.07301583141088486
0.13401027023792267
0.24081659317016602
0.3892174959182739
0.3563217222690582
0.5153476595878601
0.3966481685638428
0.42672765254974365
0.3458566963672638
0.18498821556568146
0.4665188193321228
0.4050721228122711
0.2980380058288574
0.28759023547172546
0.18481597304344177
0.1067340150475502
0.07372733950614929
0.1656196415424347
0.20072360336780548
0.2705923616886139
0.17278607189655304
0.11135996878147125
0.11087992042303085
0.40413907170295715
0.4743078052997589
0.6309545040130615
0.44554510712623596
0.19724345207214355
0.13355040550231934
0.3785041868686676
0.2767862379550934
0.42547738552093506
0.3999600410461426
0.36383986473083496
0.3340754508972168
0.45554685592651367
0.39387354254722595
0.35684773325920105
0.29786109924316406
0.2917896807193756
0.09661274403333664
0.1452372819185257
0.22006414830684662
0.25680407881736755
0.09134574979543686
0.1958869844675064
0.2838641107082367
0.3019057512283325
0.06929969042539597
0.0948619470000267
0.2575308084487915
0.15826579928398132
0.06732799857854843
0.06571989506483078
0.23572975397109985
0.10755182057619095
0.06863493472337723
0.047969166189432144
0.227751225233078
0.40536558628082275
0.26833662390708923
0.14377009868621826
0.21306078135967255
0.2383219450712204
0.12064670026302338
0.13472086191177368
0.21091528236865997
0.19475294649600983
0.18708743155002594
0.21155864000320435
0.14428329467773438
0.059129588305950165
0.06511350721120834
0.12688793241977692
0.2555411756038666
0.12527842819690704
0.337691992521286
0.21774449944496155
0.12388547509908676
0.3197110891342163
0.10255566984415054
0.2305244654417038
0.1057232916355133
0.1855505108833313
0.2510732114315033
0.2544741630554199
0.15900976955890656
0.03644614294171333
0.17118149995803833
0.09775328636169434
0.05381467193365097
0.16581609845161438
0.1309724599123001
0.1814679354429245
0.1145612820982933
0.22518160939216614
0.2074558138847351
0.26171642541885376
0.29572734236717224
0.2169141173362732
0.3039633333683014
0.4804428517818451
0.4943055510520935
0.24730725586414337
0.31371742486953735
0.25877079367637634
0.2475707083940506
0.17157408595085144
0.12184471637010574
0.2546631097793579
0.20291860401630402
0.21676842868328094
0.1783793717622757
0.16060498356819153
0.15762223303318024
0.11116184294223785
0.1721000224351883
0.05472670495510101
0.05174850672483444
0.1860654205083847
0.05117810145020485
0.25418248772621155
0.2750631868839264
0.3313743770122528
0.10683058202266693
0.18882790207862854
0.11810949444770813
0.1935017704963684
0.15277184545993805
0.11916371434926987
0.17793498933315277
0.16070854663848877
0.16554293036460876
0.14694583415985107
0.1352354735136032
0.23923179507255554
0.036939483135938644
0.14177437126636505
0.16011078655719757
0.17822030186653137
0.07008723169565201
0.23431754112243652
0.18661141395568848
0.07361570000648499
0.1934043914079666
0.2078830897808075
0.05155292525887489
0.06637538969516754
0.12642578780651093
0.07073955982923508
0.06535493582487106
0.09259293228387833
0.1409635841846466
0.04455505311489105
0.14198653399944305
0.21090586483478546
0.17902998626232147
0.0833042711019516
0.11056368052959442
0.1525391936302185
0.1617850363254547
0.06764005869626999
0.058030325919389725
0.10218781232833862
0.11340975761413574
0.01655593514442444
0.049649614840745926
0.09019522368907928
0.059771578758955
0.026179609820246696
0.09414280951023102
0.2305307686328888
0.049562808126211166
0.1268596053123474
0.09609261155128479
0.18497557938098907
0.13467128574848175
0.10989603400230408
0.14657792448997498
0.2292241007089615
0.03602167218923569
0.11074277013540268
0.2125186026096344
0.12513571977615356
0.07842224836349487
0.33427220582962036
0.21692867577075958
0.14258559048175812
0.18591149151325226
0.31245699524879456
0.24923354387283325
0.14222566783428192
0.2473270446062088
0.23510117828845978
0.30637243390083313
0.12304401397705078
0.1387738734483719
0.35000675916671753
0.15626806020736694
0.07551918178796768
0.24047242105007172
0.3480446934700012
0.16710352897644043
0.10405684262514114
0.387665331363678
0.48060593008995056
0.21299701929092407
0.4057760238647461
0.28068938851356506
0.20417211949825287
0.09812702983617783
0.09253094345331192
0.15716442465782166
0.07512763887643814
0.13820883631706238
0.0741501897573471
0.12823772430419922
0.060405150055885315
0.1752883940935135
0.17825527489185333
0.2364008128643036
0.11845123767852783
0.38991621136665344
0.0630624070763588
0.32613492012023926
0.28140145540237427
0.12921805679798126
0.16931289434432983
0.08038506656885147
0.10473869740962982
0.36063531041145325
0.3155800700187683
0.5388917326927185
0.26975318789482117
0.23079316318035126
0.16230899095535278
0.192523792386055
0.18324290215969086
0.21058785915374756
0.27769961953163147
0.15097330510616302
0.2509183883666992
0.11304505914449692
0.0928463488817215
0.05592462792992592
0.2026936113834381
0.1341577172279358
0.05334693193435669
0.19961658120155334
0.11158134043216705
0.23118072748184204
0.17318327724933624
0.48962661623954773
0.09802977740764618
0.4963703155517578
0.16301606595516205
0.38165104389190674
0.13397100567817688
0.07965046167373657
0.1520088016986847
0.268232524394989
0.6392377614974976
0.5995160937309265
0.6302080154418945
0.32899513840675354
0.37381666898727417
0.232918843626976
0.39155709743499756
0.21065108478069305
0.1024848222732544
0.22858712077140808
0.290398508310318
0.2138494849205017
0.17114737629890442
0.35376110672950745
0.22391192615032196
0.2710011899471283
0.16847306489944458
0.20401228964328766
0.2785640060901642
0.2900024950504303
0.27261626720428467
0.3095320463180542
0.16191303730010986
0.23793663084506989
0.10495214909315109
0.23608072102069855
0.13874655961990356
0.23385119438171387
0.22244644165039062
0.16246040165424347
0.10765880346298218
0.05255700275301933
0.1776377260684967
0.11476413160562515
0.19593188166618347
0.08171229064464569
0.34384259581565857
0.2724723517894745
0.5805234909057617
0.4375969469547272
0.3122107684612274
0.16078738868236542
0.194258451461792
0.10497681051492691
0.14874321222305298
0.061632826924324036
0.10156796127557755
0.04954991489648819
0.08024612814188004
0.022759750485420227
0.04960133507847786
0.17489953339099884
0.11181362718343735
0.11822981387376785
0.07874671369791031
0.11877332627773285
0.04787708446383476
0.12287121266126633
0.1805940419435501
0.39698612689971924
0.08099251985549927
0.1680501401424408
0.09701148420572281
0.08780720084905624
0.03471582382917404
0.27793726325035095
0.03644861653447151
0.23442547023296356
0.39213842153549194
0.12520399689674377
0.13334599137306213
0.009988944046199322
0.06459935009479523
0.03405741602182388
0.10475309193134308
0.14480182528495789
0.11678436398506165
0.09247691929340363
0.1451166272163391
0.10312245041131973
0.0972059816122055
0.11007236689329147
0.0960085466504097
0.30431893467903137
0.22029703855514526
0.3412191867828369
0.30233708024024963
0.21843023598194122
0.10475510358810425
0.27053847908973694
0.17349079251289368
0.10755905508995056
0.1855972558259964
0.4501835107803345
0.24639078974723816
0.08201854676008224
0.13300585746765137
0.07103840261697769
0.09534482657909393
0.015148758888244629
0.04005051031708717
0.028469618409872055
0.15042810142040253
0.049892593175172806
0.24323458969593048
0.026114145293831825
0.19973111152648926
0.1579696387052536
0.10630149394273758
0.27838096022605896
0.08901999890804291
0.36104223132133484
0.23611551523208618
