0.013429595157504082
0.06469058245420456
0.011538278311491013
0.05810374766588211
0.023812299594283104
0.059121157974004745
0.029076308012008667
0.1310894936323166
0.23711244761943817
0.5277369022369385
0.16615086793899536
0.19168621301651
0.20680855214595795
0.4207375943660736
0.407443106174469
0.6759169101715088
0.7509891986846924
0.804202675819397
0.6907332539558411
0.4685664772987366
0.42909279465675354
0.7111786007881165
0.6798460483551025
0.6885949373245239
0.7161677479743958
0.8716145157814026
0.6174232959747314
0.6616395115852356
0.6848220229148865
0.8959601521492004
0.36720001697540283
0.4901300072669983
0.5835676193237305
0.46401309967041016
0.11588513851165771
0.15451011061668396
0.5446279644966125
0.1379770189523697
0.024149421602487564
0.2712162137031555
0.32689419388771057
0.02732059359550476
0.031578656286001205
0.14666102826595306
0.04965620115399361
0.02411065809428692
0.19186894595623016
0.10857079178094864
0.04663217067718506
0.06283257156610489
0.024782396852970123
0.22070400416851044
0.17826060950756073
0.030346333980560303
0.18200869858264923
0.051731426268815994
0.16204765439033508
0.20076461136341095
0.31093406677246094
0.5688419342041016
0.7596576809883118
0.8794134855270386
0.4235597252845764
0.8350232243537903
0.36674222350120544
0.2373502254486084
0.45792633295059204
0.7625531554222107
0.8059952855110168
0.6325854063034058
0.24854782223701477
0.2732219696044922
0.5723681449890137
0.5242246985435486
0.2251691371202469
0.638167679309845
0.6329572796821594
0.5860394835472107
0.7629593014717102
0.7132824063301086
0.9165332913398743
0.9735029935836792
0.842995285987854
0.9532585144042969
0.8797079920768738
0.752276599407196
0.42949798703193665
0.3199498951435089
0.5866772532463074
0.4288884699344635
0.10493245720863342
0.26158207654953003
0.22325849533081055
0.09222213178873062
0.027002666145563126
0.04178605601191521
0.006525983102619648
0.005871281027793884
0.012588844634592533
0.060447175055742264
0.03721259534358978
0.122763991355896
0.44333457946777344
0.5878696441650391
0.5908706784248352
0.746168315410614
0.6076563000679016
0.8542229533195496
0.8231784105300903
0.7840879559516907
0.522986650466919
0.40232354402542114
0.7467620372772217
0.6708049774169922
0.8779631853103638
0.549869954586029
0.8840267658233643
0.8549224138259888
0.9432680606842041
0.5984324216842651
0.3897709846496582
0.7482501864433289
0.5871320962905884
0.536137580871582
0.5538851618766785
0.36318424344062805
0.553503692150116
0.7068813443183899
0.8620163798332214
0.90456622838974
0.6607839465141296
0.617169976234436
0.6922760605812073
0.3399807810783386
0.49530136585235596
0.7000598907470703
0.35335883498191833
0.0696745291352272
0.44772207736968994
0.30925479531288147
0.035366348922252655
0.08117843419313431
0.3130694031715393
0.27252838015556335
0.12372294068336487
0.04308118298649788
0.0237190593034029
0.012179598212242126
0.006074982229620218
0.008241117931902409
0.031833309680223465
0.03582087159156799
0.1042221263051033
0.2352192997932434
0.5185155868530273
0.3881726562976837
0.18054980039596558
0.0870848298072815
0.3809112012386322
0.49357494711875916
0.04217039793729782
0.19428296387195587
0.5025488138198853
0.6035442352294922
0.11870990693569183
0.1146114394068718
0.06507552415132523
0.04485984519124031
0.05057847499847412
0.09155061841011047
0.057001743465662
0.35361436009407043
0.17270953953266144
0.2743949890136719
0.7615604400634766
0.6392725706100464
0.8851174712181091
0.8601131439208984
0.9534242749214172
0.8968203663825989
0.8399472832679749
0.504321277141571
0.8899968266487122
0.7795659899711609
0.643325924873352
0.8295058012008667
0.7477238774299622
0.7041512131690979
0.7097127437591553
0.13007903099060059
0.15110455453395844
0.5891364216804504
0.2087888866662979
0.031442806124687195
0.10456661134958267
0.22687742114067078
0.08212493360042572
0.011135098524391651
0.01755216158926487
0.06119228154420853
0.004054500255733728
0.006307852454483509
0.02402905561029911
0.012244506739079952
0.014999506995081902
0.006242222618311644
0.018902182579040527
0.010999633930623531
0.045440565794706345
0.11831144243478775
0.2643347978591919
0.20683784782886505
0.23352670669555664
0.23562736809253693
0.21804411709308624
0.3651513457298279
0.12623371183872223
0.24853341281414032
0.13322946429252625
0.1762106716632843
0.14025433361530304
0.32712021470069885
0.31224536895751953
0.6706556677818298
0.7090100646018982
0.8412479758262634
0.7756964564323425
0.3960053622722626
0.13833144307136536
0.9279575347900391
0.8785024285316467
0.2072473168373108
0.7417656183242798
0.9648869037628174
0.922928512096405
0.9398829340934753
0.8127980828285217
0.5301790833473206
0.465780109167099
0.5741680264472961
0.39799100160598755
0.63783198595047
0.47802993655204773
0.4571285843849182
0.36782678961753845
0.10879412293434143
0.10660532861948013
0.27319014072418213
0.3567900061607361
0.39507970213890076
0.1593368947505951
0.4922495484352112
0.4079858362674713
0.3537088632583618
0.7922218441963196
0.775253176689148
0.18628735840320587
0.8551698327064514
0.9464572072029114
0.628625214099884
0.6465110778808594
0.9511964917182922
0.95816570520401
0.4291606545448303
0.666498601436615
0.967459499835968
0.8890460133552551
0.48354801535606384
0.9303640723228455
0.9686300754547119
0.8102471232414246
0.8966510891914368
0.9474318027496338
0.8634149432182312
