0.28163543343544006
0.12239757180213928
0.05664287135004997
0.06313689798116684
0.16601188480854034
0.09813638776540756
0.10009726136922836
0.12540403008460999
0.15806783735752106
0.04601062089204788
0.18508769571781158
0.11024121195077896
0.3140276372432709
0.09590145945549011
0.2667634189128876
0.10294660180807114
0.19253699481487274
0.21815279126167297
0.0939302146434784
0.21994097530841827
0.20181487500667572
0.11572367697954178
0.20207077264785767
0.2606372833251953
0.08364197611808777
0.13799378275871277
0.1344481110572815
0.2505338191986084
0.020232193171977997
0.3166714012622833
0.3137923777103424
0.26360470056533813
0.24520474672317505
0.16805510222911835
0.15126465260982513
0.04842941835522652
0.025457588955760002
0.030191153287887573
0.09705149382352829
0.04319198429584503
0.14720413088798523
0.10723886638879776
0.25975948572158813
0.4274522662162781
0.4725995659828186
0.5694199800491333
0.7006211280822754
0.18593889474868774
0.18652541935443878
0.17012906074523926
0.05442960932850838
0.04012753441929817
0.05319717898964882
0.08587262779474258
0.13524095714092255
0.052484653890132904
0.04850205406546593
0.08397690951824188
0.04693371057510376
0.036230962723493576
0.12079356610774994
0.332189679145813
0.13670508563518524
0.18954381346702576
0.14411918818950653
0.12214826047420502
0.084083192050457
0.10931479185819626
0.047617796808481216
0.012842155992984772
0.0752144604921341
0.07771715521812439
0.10983386635780334
0.06169731914997101
0.09991610050201416
0.3285825550556183
0.2506859600543976
0.12313582003116608
0.2612854540348053
0.09144067764282227
0.11551584303379059
0.13382063806056976
0.27070870995521545
0.24649806320667267
0.20600958168506622
0.3472534418106079
0.2951594591140747
0.2269551008939743
0.1564522087574005
0.15053732693195343
0.11756425350904465
0.21676498651504517
0.04710143432021141
0.06624054908752441
0.05288264527916908
0.02056604065001011
0.06519682705402374
0.03667781874537468
0.13408243656158447
0.05686657503247261
0.11519350111484528
0.014042619615793228
0.06887297332286835
0.03313598781824112
0.01773161068558693
0.0289317537099123
0.05341063067317009
0.046621523797512054
0.11820120364427567
0.05024181306362152
0.05760504677891731
0.08533142507076263
0.11205581575632095
0.07111553102731705
0.06659058481454849
0.31693634390830994
0.1487705260515213
0.14181099832057953
0.23574113845825195
0.36312025785446167
0.17231912910938263
0.19812221825122833
0.1598936766386032
0.06852135807275772
0.12292584031820297
0.033613670617341995
0.13810189068317413
0.12243255227804184
0.04657915234565735
0.057036664336919785
0.05014597997069359
0.051031444221735
0.05087648704648018
0.013611041009426117
0.03777284175157547
0.035994287580251694
0.04450955614447594
0.018567079678177834
0.040425632148981094
0.04157243296504021
0.029300179332494736
0.03381152078509331
0.02850251831114292
0.023015180602669716
0.04749281704425812
0.030445661395788193
0.05742168426513672
0.11688575893640518
0.13368770480155945
0.279438853263855
0.3846343457698822
0.4209994375705719
0.4553651809692383
0.3595353662967682
0.4066139757633209
0.17004162073135376
0.4251823425292969
0.24110521376132965
0.4390217363834381
0.38954395055770874
0.5543556213378906
0.6690123081207275
0.793799102306366
0.46595102548599243
0.6221360564231873
0.6808522343635559
0.5776665806770325
0.6368025541305542
0.5556566119194031
0.3274562358856201
0.5460630059242249
0.7158525586128235
0.4679006040096283
0.8019120097160339
0.2690805196762085
0.4023027718067169
0.5085409283638
0.08026186376810074
0.12595973908901215
0.5600463151931763
0.1405666023492813
0.532893717288971
0.3489140570163727
0.412182480096817
0.3699924051761627
0.4020930826663971
0.6716327667236328
0.5094360709190369
0.12415572255849838
0.10629381984472275
0.3387647271156311
0.12849126756191254
0.07804886251688004
0.17730240523815155
0.17891152203083038
0.2243247628211975
0.3090493083000183
0.1430077999830246
0.12085877358913422
0.16642948985099792
0.3842514157295227
0.1514248251914978
0.2969284951686859
0.17461833357810974
0.6089395880699158
0.4510329067707062
0.47691282629966736
0.7057753801345825
0.6312538385391235
0.5771225094795227
0.8597177863121033
0.5839836597442627
0.42563098669052124
0.45924457907676697
0.33835893869400024
0.38176265358924866
0.236587256193161
0.3497209846973419
0.14664871990680695
0.20488643646240234
0.6073375344276428
0.08000529557466507
0.18540188670158386
0.23468030989170074
0.3671710789203644
0.3818439841270447
0.2852292060852051
0.4213036894798279
0.6173831224441528
0.35268592834472656
0.21043822169303894
0.38719823956489563
0.30932486057281494
0.2654482424259186
0.2668286859989166
0.09620466083288193
0.14540666341781616
0.06741514801979065
0.15480808913707733
0.19485104084014893
0.3587191700935364
0.12761105597019196
0.3446942865848541
0.05692579969763756
0.1164320558309555
0.46220239996910095
0.5236988067626953
0.20260010659694672
0.06621260195970535
0.2891353964805603
0.17293238639831543
0.19140401482582092
0.08601950109004974
0.16396236419677734
0.35301753878593445
0.2600425183773041
0.2166089415550232
0.11627855896949768
0.2125333696603775
0.06063878536224365
0.20044071972370148
0.15984798967838287
0.19973501563072205
0.3418337404727936
0.10187188535928726
0.1162247434258461
0.1891997754573822
0.21926544606685638
0.2114008218050003
0.09504585713148117
0.247319757938385
0.4871986210346222
0.17160333693027496
0.1370265632867813
0.402210533618927
0.4986829161643982
0.3728960454463959
0.5138173699378967
0.47483375668525696
0.5253707766532898
0.6559012532234192
0.6632611155509949
0.45463240146636963
0.5349718332290649
0.45392104983329773
0.30690088868141174
0.4287550151348114
0.3860132396221161
0.3233611583709717
0.3047078549861908
0.35827815532684326
0.2795712351799011
0.4245035946369171
0.5217154622077942
0.6569475531578064
0.5926231741905212
0.4954080581665039
0.45834383368492126
0.4472479224205017
0.5211397409439087
0.4998180568218231
0.2487473487854004
0.11838274449110031
0.2540968656539917
0.11726810038089752
0.26727500557899475
0.343729704618454
0.4130716621875763
0.4592856764793396
0.1042785793542862
0.28375521302223206
0.4797094762325287
0.1668877899646759
0.07831399887800217
0.03988860175013542
0.25304585695266724
0.2006305307149887
0.04207015037536621
0.26481494307518005
0.27325594425201416
0.3086828291416168
0.26225242018699646
0.13136525452136993
0.11864341795444489
0.14263494312763214
0.1573583483695984
0.05057552084326744
0.026374338194727898
0.1346394568681717
0.3599283993244171
0.017664121463894844
0.09871033579111099
0.12316078692674637
0.042451709508895874
0.029261406511068344
0.1741490662097931
0.13529382646083832
0.03584982082247734
0.05740979686379433
0.048400599509477615
0.05431558936834335
0.05231418088078499
0.15271393954753876
0.19641928374767303
0.12617436051368713
0.1169319674372673
0.16462206840515137
0.04085205867886543
0.08295265585184097
0.1504983752965927
0.052559513598680496
0.013164054602384567
0.060768697410821915
0.03708408400416374
0.0147505272179842
0.09031297266483307
0.09741620719432831
0.1310182809829712
0.0322641022503376
0.0755968913435936
0.04654436558485031
0.03075636364519596
0.046357411891222
0.044479720294475555
0.011307922191917896
0.006372075993567705
0.03422809764742851
0.03295297548174858
0.008560781367123127
0.03146633878350258
0.06258738040924072
0.033096689730882645
0.036495305597782135
0.038253601640462875
0.08746811002492905
0.06670975685119629
0.04119003564119339
0.04673696309328079
0.05591794475913048
0.06282933056354523
0.06498570740222931
0.07302729040384293
0.014669305644929409
0.024531984701752663
0.055408526211977005
0.03741495683789253
0.018989939242601395
0.011770473793148994
0.028356337919831276
0.009717528708279133
0.01194054540246725
0.012871073558926582
0.016092214733362198
0.008174099028110504
0.0188839640468359
0.019832877442240715
0.020405903458595276
0.024407658725976944
0.0171035323292017
0.031072238460183144
0.015109906904399395
0.06330356001853943
0.017494255676865578
0.03351582959294319
0.0297013521194458
0.029152313247323036
0.03851763531565666
0.03293897584080696
0.056541815400123596
0.04268110916018486
0.011596199125051498
0.011525970883667469
0.06592985987663269
0.028619607910513878
0.01178580429404974
0.008334977552294731
0.050244368612766266
0.0166526697576046
0.017369115725159645
0.008016271516680717
0.020412273705005646
0.015964355319738388
0.028149843215942383
0.016598109155893326
0.031561028212308884
0.0357498899102211
0.05712905153632164
0.038646724075078964
0.011415725573897362
0.003911761566996574
0.04576840624213219
0.06962648779153824
0.009556232020258904
0.010877260938286781
0.13286757469177246
0.03164360299706459
0.013316424563527107
0.03516589477658272
0.043052807450294495
0.02503151074051857
0.059067998081445694
0.17306311428546906
0.23357969522476196
0.11150003969669342
0.07868605107069016
0.0848517194390297
0.06463729590177536
0.047787077724933624
0.09083518385887146
0.030170606449246407
0.018274128437042236
0.027014167979359627
0.09788183122873306
0.05255645513534546
0.02267809957265854
0.024783609434962273
0.0533968023955822
0.09691261500120163
0.009750907309353352
0.012174809351563454
0.05423980951309204
0.050189487636089325
0.019275201484560966
0.027897650375962257
0.0606272891163826
0.018447648733854294
0.01690722070634365
0.021135669201612473
