0.5004696249961853
0.7106044888496399
0.29218849539756775
0.5704448819160461
0.6663792729377747
0.30988776683807373
0.5444321632385254
0.6033765077590942
0.7119656801223755
0.8536525368690491
0.8533681035041809
0.8780800104141235
0.8498547673225403
0.9503554105758667
0.8780136108398438
0.6715062260627747
0.5991453528404236
0.7610491514205933
0.9309017658233643
0.9420601725578308
0.9465473890304565
0.7667327523231506
0.7863876223564148
0.32446324825286865
0.13013742864131927
0.5536388754844666
0.09604525566101074
0.3127706050872803
0.01814560405910015
0.2040284425020218
0.008012604899704456
0.06093098595738411
0.08379299193620682
0.01611754298210144
0.03129660338163376
0.015238864347338676
0.06784416735172272
0.07895252853631973
0.03582911193370819
0.09812412410974503
0.046552807092666626
0.02756126970052719
0.03671589493751526
0.10416416078805923
0.1608392745256424
0.0657225251197815
0.10467176884412766
0.20862135291099548
0.07898712903261185
0.07914591580629349
0.2922195494174957
0.7446332573890686
0.5246912240982056
0.7384495735168457
0.18294097483158112
0.13316424190998077
0.10118822753429413
0.3267250955104828
0.20289890468120575
0.19034086167812347
0.11366567760705948
0.21104831993579865
0.09504425525665283
0.06143243983387947
0.13695374131202698
0.14945921301841736
0.023056158795952797
0.04375113919377327
0.06318480521440506
0.07306063920259476
0.004915854427963495
0.02327110804617405
0.046730611473321915
0.03311134874820709
0.07181725651025772
0.17539340257644653
0.03051117993891239
0.20267841219902039
0.025147872045636177
0.6958312392234802
0.0433092825114727
0.6148692965507507
0.10819583386182785
0.41779032349586487
0.4522826373577118
0.3644319176673889
0.6164242029190063
0.5036177635192871
0.6839109063148499
0.94807368516922
0.9012128114700317
0.9680199027061462
0.8292622566223145
0.6555776596069336
0.7468792796134949
0.45631012320518494
0.24263344705104828
0.2909323573112488
0.26143085956573486
0.14596125483512878
0.5133108496665955
0.24131102859973907
0.6314648389816284
0.1258745938539505
0.4936767816543579
0.10891718417406082
0.43798166513442993
0.4076883792877197
0.48575475811958313
0.3302716314792633
0.3901025652885437
0.6149293184280396
0.4828032851219177
0.3654015362262726
0.33522653579711914
0.2084856778383255
0.4543033838272095
0.33747467398643494
0.33431604504585266
0.17928767204284668
0.10823497176170349
0.1213800385594368
0.054168302565813065
0.1522410660982132
0.6244484782218933
0.46668270230293274
0.7884591221809387
0.8424099087715149
0.8685097694396973
0.602327823638916
0.7554975748062134
0.7259902358055115
0.8960034251213074
0.8714067935943604
0.939255952835083
0.9132614135742188
0.5843101739883423
0.44321903586387634
0.5972621440887451
0.5441067218780518
0.8015148043632507
0.9255128502845764
0.9569091796875
0.9754244685173035
0.987194836139679
0.9253692626953125
0.8399060368537903
0.9754899144172668
0.9526814222335815
0.21732482314109802
0.8913519382476807
0.9138383865356445
0.6974951028823853
0.3541868329048157
0.8625317811965942
0.8076558709144592
0.35739243030548096
0.4420148432254791
0.3095480501651764
0.3466266989707947
0.16662408411502838
0.11383594572544098
0.30487748980522156
0.23115839064121246
0.5418506264686584
0.2932468354701996
0.6976882815361023
0.6694481372833252
0.47396066784858704
0.4767626225948334
0.2059011161327362
0.29330259561538696
0.39280760288238525
0.09586402028799057
0.5962898135185242
0.522418200969696
0.03266273811459541
0.020220695063471794
0.020883670076727867
0.016832325607538223
0.07153186947107315
0.037120427936315536
0.14989343285560608
0.09250513464212418
0.14255447685718536
0.11116210371255875
0.037919096648693085
0.09281355887651443
0.06746196001768112
0.27836769819259644
0.6569057106971741
0.3501976728439331
0.7578023076057434
0.6220501065254211
0.33139652013778687
0.49373510479927063
0.46980032324790955
0.2544925808906555
0.03601902350783348
0.04105105623602867
0.04169156029820442
0.05217229947447777
0.09259786456823349
0.09764502942562103
0.009421931579709053
0.09621041268110275
0.2282940000295639
0.1868460774421692
0.05434602499008179
0.2714178264141083
0.3066931664943695
0.12904143333435059
0.2766093611717224
0.22007456421852112
0.22439619898796082
0.1590157300233841
0.2502041161060333
0.3775109350681305
0.3016280233860016
0.6085293292999268
0.3755718767642975
0.4819791615009308
0.5136829018592834
0.5450621247291565
0.36540687084198
0.07460150867700577
0.27468210458755493
0.1917634755373001
0.04607706144452095
0.08863005042076111
0.027333199977874756
0.015642711892724037
0.011349963955581188
0.008420743979513645
0.01095456350594759
0.09664241224527359
0.08433154970407486
0.21530866622924805
0.17944961786270142
0.09245903789997101
0.025884216651320457
0.10873160511255264
0.08284987509250641
0.05746197700500488
0.2189488410949707
0.1370416134595871
0.12919172644615173
0.25448480248451233
0.4374958574771881
0.20904940366744995
0.2865777015686035
0.14060191810131073
0.3271850049495697
0.13646738231182098
0.13985897600650787
0.10544805973768234
0.04614975303411484
0.16069267690181732
0.23427684605121613
0.19357772171497345
0.05091867968440056
0.13231022655963898
0.23605386912822723
0.2267538458108902
0.11475629359483719
0.307603657245636
0.2828131914138794
0.13075365126132965
0.22770364582538605
