0.17551080882549286
0.14745019376277924
0.0852593407034874
0.06229378283023834
0.10982048511505127
0.026203578338027
0.06259531527757645
0.09264390915632248
0.09929727017879486
0.1636243611574173
0.100825235247612
0.3030024468898773
0.2043684870004654
0.31102707982063293
0.4791327714920044
0.43028366565704346
0.30033332109451294
0.5526285767555237
0.5357111096382141
0.6577526926994324
0.7008145451545715
0.5361345410346985
0.575616717338562
0.2828748822212219
0.25165095925331116
0.120332270860672
0.29502204060554504
0.23651732504367828
0.05241044983267784
0.009567921981215477
0.038224462419748306
0.0031759883277118206
0.05074402689933777
0.014365661889314651
0.08154809474945068
0.05819455161690712
0.06949174404144287
0.14689698815345764
0.13565558195114136
0.14155584573745728
0.009741249494254589
0.11673295497894287
0.0066644879989326
0.09867776930332184
0.007822328247129917
0.16107627749443054
0.11401830613613129
0.4692115783691406
0.4492450952529907
0.5880722999572754
0.6256400346755981
0.2709571421146393
0.6603277921676636
0.3173661231994629
0.2640935480594635
0.1878010332584381
0.21140214800834656
0.13623343408107758
0.008765126578509808
0.04024918004870415
0.10370170325040817
0.0304962657392025
0.00776122510433197
0.10558710247278214
0.09511595964431763
0.0377991683781147
0.039715200662612915
0.2408447563648224
0.15440447628498077
0.07274914532899857
0.16852323710918427
0.20421962440013885
0.14238353073596954
0.11176072061061859
0.1458529233932495
0.19173289835453033
0.07654689997434616
0.026806551963090897
0.19423291087150574
0.0716685876250267
0.19957512617111206
0.06987272202968597
0.0035710828378796577
0.014731054194271564
0.057332053780555725
0.004671286325901747
0.0021553763654083014
0.013771883212029934
0.04354475811123848
0.0032498317304998636
0.008836452849209309
0.028690120205283165
0.11388003826141357
0.018652884289622307
0.1349812150001526
0.27713248133659363
0.21220412850379944
0.15808212757110596
0.3807198107242584
0.36503490805625916
0.1900789886713028
0.03568318113684654
0.12019966542720795
0.20393586158752441
0.09424398094415665
0.0449727363884449
0.04711228981614113
0.06838887929916382
0.09425153583288193
0.0932128056883812
0.3536856174468994
0.39073437452316284
0.4974833130836487
0.48517361283302307
0.714735209941864
0.5486133098602295
0.13367708027362823
0.557180643081665
0.744660496711731
0.39829620718955994
0.14706046879291534
0.5310356020927429
0.6823093295097351
0.2078583836555481
0.3882835805416107
0.18871647119522095
0.21594639122486115
0.08320129662752151
0.024573350325226784
0.016507713124155998
0.017213406041264534
0.024393130093812943
0.2276047319173813
0.0910283625125885
0.20934684574604034
0.5913441777229309
0.770984411239624
0.7271905541419983
0.3459966778755188
0.6883906126022339
0.7818849682807922
0.19086654484272003
0.3572126030921936
0.7716148495674133
0.3976801335811615
0.04312356188893318
0.5962559580802917
0.7712686061859131
0.1181846633553505
0.29646918177604675
0.815502941608429
0.5418245792388916
0.4067673087120056
0.6585924625396729
0.36977148056030273
0.09209991246461868
0.12536032497882843
0.03482021391391754
0.024009360000491142
0.00732154306024313
0.04556184262037277
0.03459969162940979
0.32655957341194153
0.3004372715950012
0.37184664607048035
0.25845950841903687
0.36354589462280273
0.3521246910095215
0.6364786028862
0.3299520015716553
0.0615684911608696
0.5554504990577698
0.7012656927108765
0.19099754095077515
0.21902725100517273
0.7709790468215942
0.7582820057868958
0.3439866602420807
0.585883378982544
0.5310137271881104
0.6254646182060242
0.5029030442237854
0.30346956849098206
0.4458174705505371
0.4124986529350281
0.05252387374639511
0.05471273139119148
0.03948213532567024
0.015797529369592667
0.013838480226695538
0.03250285983085632
0.04509280249476433
0.05508626624941826
0.41564056277275085
0.28420498967170715
0.36790624260902405
0.3684299886226654
0.22405941784381866
0.048454318195581436
0.23124003410339355
0.26255103945732117
0.04403400793671608
0.03379939869046211
0.3486481308937073
0.46111977100372314
0.14745907485485077
0.1379692405462265
0.07670395076274872
0.03912339732050896
0.02386111207306385
0.010868867859244347
0.06545139849185944
0.05059630423784256
0.4095315635204315
0.19663949310779572
0.27964991331100464
0.6688679456710815
0.6496372222900391
0.6691286563873291
0.5285170078277588
0.3130972385406494
0.3853863477706909
0.32100945711135864
0.3145747184753418
0.2696467936038971
0.30196207761764526
0.33562928438186646
0.06847700476646423
0.07050955295562744
0.13759568333625793
0.012417206540703773
0.026617098599672318
0.0243563000112772
0.05047359690070152
0.20925693213939667
0.17361851036548615
0.21629095077514648
0.4438871145248413
0.267856627702713
0.11605232208967209
0.045192740857601166
0.1034766137599945
0.24589017033576965
0.23378001153469086
0.07564039528369904
0.434032678604126
0.35019242763519287
0.181158185005188
0.08251490443944931
0.2761789858341217
0.2049322873353958
0.026841068640351295
0.21732626855373383
0.19201593101024628
0.240788534283638
0.1610185205936432
0.1254316121339798
0.05292873457074165
0.018299544230103493
0.021673867478966713
0.013792688027024269
0.1715664118528366
0.27027836441993713
0.3365746736526489
0.5260342955589294
0.4151862561702728
0.1775389462709427
0.06641603261232376
0.1154477596282959
0.06608191877603531
0.22985540330410004
0.13053971529006958
0.16624155640602112
0.05457713082432747
0.01370992697775364
0.11258362233638763
0.0535736158490181
0.007637289818376303
0.028325259685516357
0.2805234491825104
0.17909270524978638
0.02216474711894989
0.12139597535133362
0.13856907188892365
0.04870983213186264
0.055114492774009705
0.026902178302407265
0.049840543419122696
0.07957122474908829
0.19586549699306488
0.36879661679267883
0.4093814790248871
0.45256340503692627
0.33351272344589233
0.19733376801013947
0.29971253871917725
0.14739876985549927
0.06478589028120041
0.06307313591241837
0.11752846837043762
0.315361887216568
0.4137398302555084
0.19884933531284332
0.28737369179725647
0.4546177089214325
0.3162609338760376
0.5591238141059875
0.2438552975654602
0.5947163701057434
0.3230893909931183
0.21195590496063232
0.404858261346817
0.2789239287376404
0.27493271231651306
0.19312992691993713
0.08665496110916138
0.11464052647352219
0.1890762746334076
0.08660212904214859
0.0856584683060646
