0.6593737006187439
0.8600223660469055
0.7658385038375854
0.7611823081970215
0.6846431493759155
0.5931561589241028
0.7092192769050598
0.7956900000572205
0.42729032039642334
0.6994400024414062
0.8773073554039001
0.6483027338981628
0.7720010876655579
0.8956679105758667
0.9624388813972473
0.9568673372268677
0.8713717460632324
0.9468725323677063
0.6397583484649658
0.32954326272010803
0.466448038816452
0.21013517677783966
0.15286366641521454
0.05254103243350983
0.1696506291627884
0.12511612474918365
0.21734896302223206
0.2102651745080948
0.11337121576070786
0.1401413083076477
0.15499593317508698
0.07119335979223251
0.0576612614095211
0.0452069528400898
0.13813097774982452
0.2761438488960266
0.20897085964679718
0.3448731005191803
0.4090440571308136
0.4469337463378906
0.26711979508399963
0.3563034236431122
0.17448994517326355
0.3241979777812958
0.06986638903617859
0.33575260639190674
0.1404373049736023
0.16857194900512695
0.39171290397644043
0.7138664722442627
0.9190455675125122
0.7673357129096985
0.830707848072052
0.9281615018844604
0.9393118023872375
0.8557259440422058
0.9359658360481262
0.9419943690299988
0.8161695599555969
0.3533392548561096
0.47845882177352905
0.17627671360969543
0.2682410478591919
0.6210349798202515
0.3087766468524933
0.08213026821613312
0.10222554951906204
0.26764732599258423
0.22261466085910797
0.09941086918115616
0.11794548481702805
0.2154449075460434
0.3404202163219452
0.2648955285549164
0.48154163360595703
0.6169843673706055
0.8634656071662903
0.460358202457428
0.7006196975708008
0.9071035385131836
0.969136655330658
0.8442462086677551
0.7394170761108398
0.9675334095954895
0.8722624182701111
0.9775424599647522
0.8047921657562256
0.970428466796875
0.8333300352096558
0.8743560314178467
0.5081102848052979
0.236053466796875
0.7062162160873413
0.6025548577308655
0.37095680832862854
0.6465941667556763
0.7162438631057739
0.7395074963569641
0.8049256205558777
0.4904886782169342
0.9486307501792908
0.8124564290046692
0.9588473439216614
0.6451088786125183
0.9252414703369141
0.44471475481987
0.6212199330329895
0.6031965613365173
0.26388081908226013
0.3655620813369751
0.13663312792778015
0.13803906738758087
0.10572156310081482
0.2526377737522125
0.2068466693162918
0.11526378244161606
0.2574273645877838
0.22061912715435028
0.24964679777622223
0.3047293722629547
0.35819578170776367
0.42263856530189514
0.14460721611976624
0.16313612461090088
0.16216500103473663
0.22340968251228333
0.2319287210702896
0.1763438731431961
0.07737377285957336
0.14990581572055817
0.18956001102924347
0.21091845631599426
0.06150609254837036
0.11091967672109604
0.2203945815563202
0.10482772439718246
0.16822506487369537
0.4451637268066406
0.3492708206176758
0.10884473472833633
0.35474324226379395
0.47285160422325134
0.577620267868042
0.2851924002170563
0.28720566630363464
0.48838821053504944
0.6621090769767761
0.30293765664100647
0.42473551630973816
0.6265042424201965
0.6553263068199158
0.47369518876075745
0.6414852738380432
0.8090564012527466
0.7931867241859436
0.7037165760993958
0.9610164761543274
0.8948699235916138
0.7903421521186829
