0.3892715275287628
0.612167239189148
0.5766451358795166
0.29404252767562866
0.45161232352256775
0.26489219069480896
0.3962225019931793
0.3787553012371063
0.20376597344875336
0.17888177931308746
0.14439159631729126
0.1702503263950348
0.38061290979385376
0.46940645575523376
0.4580651819705963
0.39764729142189026
0.302157998085022
0.37255486845970154
0.2468980997800827
0.2065458595752716
0.15524651110172272
0.1563682109117508
0.21474957466125488
0.2556435167789459
0.1358214169740677
0.18153995275497437
0.13065087795257568
0.2706005573272705
0.2043205350637436
0.18590134382247925
0.28747159242630005
0.41308465600013733
0.49545663595199585
0.518476665019989
0.6582884192466736
0.43567875027656555
0.6241520643234253
0.6401227116584778
0.5457852482795715
0.3101491630077362
0.35107797384262085
0.3648519217967987
0.23098860681056976
0.3942449986934662
0.21081970632076263
0.3660475015640259
0.328327476978302
0.3035668432712555
0.2513205111026764
0.47435930371284485
0.4092446565628052
0.3433462679386139
0.20846502482891083
0.4168616831302643
0.4913368225097656
0.5513255596160889
0.4231659471988678
0.31080374121665955
0.17161591351032257
0.3698866069316864
0.06369298696517944
0.2768379747867584
0.34105610847473145
0.3702666759490967
0.3939160704612732
0.2740955948829651
0.43923187255859375
0.5167001485824585
0.43403422832489014
0.7016117572784424
0.5163548588752747
0.6259793639183044
0.3103206157684326
0.46771472692489624
0.2832489013671875
0.4034654200077057
0.519842267036438
0.4642626941204071
0.534044086933136
0.6371643543243408
0.3335634469985962
0.28742045164108276
0.2816741168498993
0.27433523535728455
0.23670336604118347
0.39338719844818115
0.10671593993902206
0.20575805008411407
0.2928214371204376
0.14568445086479187
0.047461364418268204
0.392863005399704
0.17315077781677246
0.04019876942038536
0.27805420756340027
0.35634297132492065
0.08603256940841675
0.031464383006095886
0.22669550776481628
0.07604479789733887
0.021432919427752495
0.04852626845240593
0.17605137825012207
0.03766000643372536
0.01616589166224003
0.10482380539178848
0.11259112507104874
0.0352996401488781
0.06125238910317421
0.08582113683223724
0.13487501442432404
0.04269995912909508
0.036709483712911606
0.04575718194246292
0.03941088914871216
0.01627946086227894
0.05151205137372017
0.01800341159105301
0.02618628740310669
0.02935171127319336
0.02668791450560093
0.046471353620290756
0.06535714864730835
0.11134771257638931
0.13906411826610565
0.33699408173561096
0.23993270099163055
0.17208093404769897
0.15456514060497284
0.48881641030311584
0.18325676023960114
0.10107991844415665
0.23296433687210083
0.16158126294612885
0.3209953308105469
0.3318251371383667
0.13562045991420746
0.1741519421339035
0.26206257939338684
0.26966729760169983
0.22066180408000946
0.1204921156167984
0.11253247410058975
0.05600893497467041
0.09634340554475784
0.1003827378153801
0.15096189081668854
0.07068993896245956
0.08207256346940994
0.0370110422372818
0.11601931601762772
0.06768209487199783
0.06691915541887283
0.07429427653551102
0.1391361653804779
0.08754246681928635
0.1249099150300026
0.07977763563394547
0.06479997932910919
0.034834928810596466
0.07037532329559326
0.026807168498635292
0.16462083160877228
0.119681715965271
0.17928488552570343
0.051324691623449326
0.32704958319664
0.3004797399044037
0.25636520981788635
0.2650085389614105
0.206501305103302
0.2027725875377655
0.20007111132144928
0.27521491050720215
0.1501627266407013
0.06134984269738197
0.22330239415168762
0.2072800248861313
0.35396283864974976
0.13804566860198975
0.4719083607196808
0.15893949568271637
0.11466827988624573
0.22734573483467102
0.09526986628770828
0.050526317209005356
0.12729859352111816
0.16288729012012482
0.10080284625291824
0.07093203067779541
0.07491143047809601
0.09919407963752747
0.13867223262786865
0.06032043695449829
0.06778925657272339
0.11501382291316986
0.11984077095985413
0.1823256015777588
0.058898866176605225
0.07268106192350388
0.1327551156282425
0.14990107715129852
0.046323154121637344
0.12390653043985367
0.22928394377231598
0.18523690104484558
0.06239280477166176
0.03763287514448166
0.19410648941993713
0.06289489567279816
0.01699371077120304
0.011776273138821125
0.06880303472280502
0.033435430377721786
0.04073657467961311
0.029192546382546425
0.029325541108846664
0.12128904461860657
0.07250648736953735
0.20877347886562347
0.06776726245880127
0.04138384759426117
0.16818469762802124
0.08808061480522156
0.19049863517284393
0.1371551901102066
0.030456334352493286
0.11678092926740646
0.5044793486595154
0.2258782684803009
0.0847853273153305
0.2431987076997757
0.4732380509376526
0.13039082288742065
0.20956529676914215
0.34832799434661865
0.16383479535579681
0.12163601815700531
0.1771528571844101
0.3437488377094269
0.24684129655361176
0.2713817059993744
0.24654708802700043
0.2001773566007614
0.1895146667957306
0.16014567017555237
0.11376244574785233
0.06769076734781265
0.3505840003490448
0.31470179557800293
0.14332804083824158
0.21162527799606323
0.2954232692718506
0.2021590918302536
0.06040804460644722
0.09647759795188904
0.15266107022762299
0.08516815304756165
0.04092366248369217
0.03116416558623314
0.0904490277171135
0.2118072658777237
0.10546539723873138
0.06942431628704071
0.14250057935714722
0.1606881320476532
0.10999992489814758
0.19252000749111176
0.217474102973938
0.037004321813583374
0.1913238912820816
0.3342016637325287
0.2785411775112152
0.1883808672428131
0.2380480319261551
0.11878827959299088
0.32711663842201233
0.19824354350566864
0.15951988101005554
0.3119734823703766
0.2755464017391205
0.22593988478183746
0.13102491199970245
0.19095738232135773
0.14360232651233673
0.1458137035369873
0.13817718625068665
0.22105206549167633
0.23312588036060333
0.1332676261663437
0.2479870319366455
0.18632350862026215
0.24489916861057281
0.40584683418273926
0.30009469389915466
0.5709916353225708
0.5402299761772156
0.6982065439224243
0.3613111972808838
0.24834437668323517
0.47885003685951233
0.47725698351860046
0.4468296468257904
0.3196505606174469
0.4661356210708618
0.3932883143424988
0.39166611433029175
0.150583878159523
0.28733599185943604
0.27530547976493835
0.1561141014099121
0.11479512602090836
0.3113163411617279
0.14148232340812683
