0.09744533151388168
0.151243656873703
0.022969568148255348
0.04339270666241646
0.05003403499722481
0.20914144814014435
0.173624649643898
0.45460182428359985
0.8769784569740295
0.8393791913986206
0.7231313586235046
0.24364349246025085
0.5623749494552612
0.38154157996177673
0.3772250711917877
0.19864127039909363
0.2253647893667221
0.25985655188560486
0.23489467799663544
0.16036000847816467
0.06293591856956482
0.224944069981575
0.1936180740594864
0.08095493167638779
0.13325388729572296
0.0740588828921318
0.0850885882973671
0.1279882788658142
0.08775506168603897
0.1216890811920166
0.26376911997795105
0.6745181083679199
0.6641430258750916
0.49416017532348633
0.8656904101371765
0.5168703198432922
0.7626274824142456
0.8239518404006958
0.8581047058105469
0.7844295501708984
0.7949925661087036
0.7291181683540344
0.6147431135177612
0.7298268675804138
0.6947501301765442
0.41847458481788635
0.5015602111816406
0.7948252558708191
0.6328110694885254
0.1240290030837059
0.40684473514556885
0.1664314717054367
0.19125063717365265
0.5149982571601868
0.3884179890155792
0.3700220584869385
0.08191309869289398
0.19796647131443024
0.08998493105173111
0.39418888092041016
0.2140311300754547
0.11092482507228851
0.05668661370873451
0.1390649825334549
0.049321867525577545
0.03919399157166481
0.036780618131160736
0.17942555248737335
0.15432967245578766
0.32521384954452515
0.3108713924884796
0.5442814230918884
0.6338109374046326
0.4135564863681793
0.6702434420585632
0.660254716873169
0.2410246878862381
0.25979626178741455
0.5717449188232422
0.42410266399383545
0.021220004186034203
0.1617172658443451
0.6175884008407593
0.04973525553941727
0.027280742302536964
0.24016059935092926
0.3061971366405487
0.07524058222770691
0.02306913398206234
0.06025321036577225
0.005560287740081549
0.006198760587722063
0.027236327528953552
0.033882055431604385
0.13664616644382477
0.06600895524024963
0.1044347882270813
0.22595469653606415
0.3552524149417877
0.4801149368286133
0.5917391180992126
0.6152842044830322
0.20528902113437653
0.4196575880050659
0.5580429434776306
0.5211061239242554
0.2629798352718353
0.13272257149219513
0.09793094545602798
0.08583716303110123
0.16163475811481476
0.13121366500854492
0.09921219944953918
0.3059406280517578
0.2924709916114807
0.10082574933767319
0.4333261549472809
0.3850938081741333
0.03969477489590645
0.21901467442512512
0.36095982789993286
0.12810924649238586
0.016162777319550514
0.1665342152118683
0.14095771312713623
0.023584919050335884
0.06681348383426666
0.28242650628089905
0.11710388213396072
0.02264925092458725
0.03335912153124809
0.04372652620077133
0.08996127545833588
0.025337528437376022
0.013230287469923496
0.006845520809292793
0.006552474573254585
0.0044045583344995975
0.020830556750297546
0.02367057278752327
0.16682514548301697
0.062456775456666946
0.06586194038391113
0.38464605808258057
0.381523460149765
0.1826331913471222
0.0896516665816307
0.2882322371006012
0.1320902705192566
0.06594917923212051
0.22566866874694824
0.14914797246456146
0.031544484198093414
0.004708113148808479
0.10430243611335754
0.04294312372803688
0.009561600163578987
0.06162716820836067
0.20450322329998016
0.03007439151406288
0.04255060479044914
0.0050982460379600525
0.01712650991976261
0.02094859816133976
0.0036518615670502186
0.01400675531476736
0.01586761511862278
0.11250633746385574
0.018793078139424324
0.13945330679416656
0.08704303205013275
0.24265912175178528
0.37578970193862915
0.14884398877620697
0.2391243278980255
0.6680517196655273
0.4704163372516632
0.3766823709011078
0.4596376419067383
0.2112165093421936
0.13678349554538727
0.09561605006456375
0.11152008175849915
0.23227030038833618
0.0813642218708992
0.01157591212540865
0.041363392025232315
0.13500599563121796
0.01935284398496151
0.07437419891357422
0.15198783576488495
0.14439930021762848
0.05583164468407631
0.12290792912244797
0.028435118496418
0.036330655217170715
0.008085007779300213
0.02244020253419876
0.008708531968295574
0.03609814867377281
0.05573170259594917
0.2728237211704254
0.05980904400348663
0.3248489201068878
0.1296413540840149
0.17404265701770782
0.30342763662338257
0.09774278104305267
0.0521431565284729
0.17024874687194824
0.29050061106681824
0.021838897839188576
0.08369729667901993
0.16233526170253754
0.2235126495361328
0.04147548973560333
0.05452097952365875
0.022800249978899956
0.19271251559257507
0.04271932318806648
0.026227420195937157
0.03475119173526764
0.03806910291314125
0.09936870634555817
0.5529711842536926
0.09818700700998306
0.10412561893463135
0.26678797602653503
0.23794963955879211
0.09954594820737839
0.08530519902706146
0.05461185798048973
0.05270364135503769
0.051300931721925735
0.1437090039253235
0.03586538881063461
0.030571993440389633
0.09314025938510895
0.20640353858470917
0.20581455528736115
0.1498076468706131
0.23937150835990906
0.19400660693645477
0.07395762205123901
0.14465783536434174
0.16517654061317444
0.07457830011844635
0.12615038454532623
0.10760537534952164
0.03571626916527748
0.05051233246922493
0.18589605391025543
0.12408065795898438
0.12750907242298126
0.24578243494033813
0.42727357149124146
0.1291217803955078
0.4327501356601715
0.5449949502944946
0.7448641657829285
0.4764190912246704
0.5576513409614563
0.6079127788543701
0.5272157788276672
0.6306305527687073
0.4613317549228668
0.6335333585739136
0.5601974129676819
0.20291508734226227
0.3139704763889313
0.7496063709259033
0.600084662437439
0.15927021205425262
0.7002711296081543
0.7951140403747559
0.4823463261127472
0.2698279023170471
0.7509046196937561
0.5889874696731567
0.23970283567905426
0.6138533353805542
0.6798482537269592
0.3769104778766632
0.31411054730415344
0.4284956753253937
0.19847294688224792
0.14167532324790955
0.3915936052799225
0.18634015321731567
0.14660103619098663
0.5571082234382629
0.4666835367679596
0.28688669204711914
0.11008258163928986
0.7920899987220764
0.7389994859695435
0.3625527620315552
0.6827675104141235
0.623988687992096
0.4023710787296295
0.3588290214538574
0.378953218460083
0.08296528458595276
0.11083109676837921
0.2976594567298889
0.13796618580818176
0.06404639035463333
0.16069550812244415
0.12563197314739227
0.12268625199794769
0.15741145610809326
0.0902213305234909
0.1372138112783432
0.08412464708089828
0.095195472240448
