0.20200447738170624
0.35941842198371887
0.5425055623054504
0.4703397750854492
0.677484929561615
0.6250931620597839
0.23160280287265778
0.5214166045188904
0.46339935064315796
0.43318256735801697
0.31161215901374817
0.20014357566833496
0.28650522232055664
0.33186212182044983
0.1222408190369606
0.22785986959934235
0.0643182247877121
0.09246896952390671
0.21428556740283966
0.12993307411670685
0.15973806381225586
0.21341222524642944
0.18392585217952728
0.13156092166900635
0.059946391731500626
0.07197829335927963
0.06712022423744202
0.026059502735733986
0.021480301395058632
0.0594043992459774
0.10538763552904129
0.011186573654413223
0.02206062525510788
0.09503345936536789
0.06743871420621872
0.015368863940238953
0.03639619052410126
0.09541760385036469
0.011035599745810032
0.0165199413895607
0.1348230391740799
0.08544355630874634
0.05183413252234459
0.040159568190574646
0.09526123106479645
0.040710028260946274
0.01157884020358324
0.09155578166246414
0.09537189453840256
0.020613929256796837
0.06561730057001114
0.17548105120658875
0.03814639523625374
0.008774718269705772
0.14119727909564972
0.1987180858850479
0.039719823747873306
0.1325111836194992
0.24876011908054352
0.0988227128982544
0.044449467211961746
0.07962010055780411
0.13561536371707916
0.06213580444455147
0.06840459257364273
0.1570233255624771
0.05467097833752632
0.00901439692825079
0.03995740786194801
0.20328858494758606
0.012227787636220455
0.04305355250835419
0.056547097861766815
0.0889025628566742
0.010789780877530575
0.027189776301383972
0.043639201670885086
0.05076044052839279
0.01596819795668125
0.038975734263658524
0.06518082320690155
0.02270069159567356
0.012339264154434204
0.06798932701349258
0.028221623972058296
0.015114781446754932
0.029080552980303764
0.041483115404844284
0.006253042258322239
0.014779282733798027
0.08437862992286682
0.02785138599574566
0.02000739611685276
0.03013841062784195
0.18321655690670013
0.06334199756383896
0.05158793181180954
0.27119654417037964
0.4134851396083832
0.20247359573841095
0.11459749191999435
0.170699343085289
0.156858891248703
0.3979126214981079
0.18728585541248322
0.49611198902130127
0.4804645776748657
0.16315600275993347
0.1244027391076088
0.11809015274047852
0.17800064384937286
0.07523614913225174
0.07043404132127762
0.5078784227371216
0.2637147009372711
0.06228240206837654
0.1297886073589325
0.14116591215133667
0.16429360210895538
0.2578405439853668
0.20429541170597076
0.17792803049087524
0.15161514282226562
0.13468678295612335
0.0523771308362484
0.14180751144886017
0.09449475258588791
0.061302363872528076
0.07644163072109222
0.02563670463860035
0.07016827911138535
0.030135026201605797
0.04379838705062866
0.05169282481074333
0.1644536405801773
0.108829565346241
0.21587760746479034
0.08156261593103409
0.02165313810110092
0.0982808843255043
0.25615713000297546
0.09164343029260635
0.05615288019180298
0.04449133947491646
0.06372693926095963
0.3472633957862854
0.8260904550552368
0.7780890464782715
0.9175198078155518
0.8228281736373901
0.8855720162391663
0.9176009297370911
0.9439600110054016
0.9272317886352539
0.8726599216461182
0.8814415335655212
0.8446336388587952
0.7219204902648926
0.817818820476532
0.799106240272522
0.6162581443786621
0.6225343346595764
0.42051267623901367
0.07283488661050797
0.26628175377845764
0.7376247048377991
0.6685540080070496
0.14798066020011902
0.4777430593967438
0.9167831540107727
0.26469603180885315
0.04125998541712761
0.5017081499099731
0.920893669128418
0.18770909309387207
0.051657259464263916
0.8424516916275024
0.8398575186729431
0.1647724062204361
0.13166716694831848
0.8866793513298035
0.82474684715271
0.4623965322971344
0.7849909663200378
0.6735624074935913
0.9515288472175598
0.9433626532554626
0.9316443204879761
0.9858260750770569
0.9244434833526611
0.9791631698608398
0.9020941257476807
0.9542251229286194
0.8393491506576538
0.963817298412323
0.8678011298179626
0.9049679636955261
0.6221575140953064
0.6364356279373169
0.5463916063308716
0.39975810050964355
0.576041042804718
0.39496946334838867
0.7161159515380859
0.7558725476264954
0.594809889793396
0.5571900010108948
0.794540286064148
0.837556779384613
0.6603592038154602
0.8003889918327332
0.7258082032203674
0.8931774497032166
0.869304358959198
0.9340187907218933
0.9114359021186829
0.937729001045227
0.8987098336219788
0.8876838684082031
0.9305111765861511
0.8478347659111023
0.8110179305076599
0.5151599645614624
0.5418986082077026
0.6177647709846497
0.2972751557826996
0.6547670960426331
0.7157990336418152
0.7800109386444092
0.5658462047576904
0.6685989499092102
0.8784688115119934
0.9643140435218811
0.8590716123580933
0.906366765499115
0.7826963067054749
0.8634714484214783
0.6737679243087769
0.5682280659675598
0.45605146884918213
0.36531877517700195
0.6159096956253052
0.5213514566421509
0.3526851236820221
0.38131824135780334
0.6302129626274109
0.6500162482261658
0.7222833037376404
0.5329610705375671
0.5848891139030457
0.8905870914459229
0.7018750309944153
0.9464529156684875
0.4321773648262024
0.8486403822898865
0.7425518035888672
0.8093438148498535
0.6722314953804016
0.7940986752510071
0.8023296594619751
0.6978768110275269
0.9243389964103699
0.7697914838790894
0.715140163898468
0.585006594657898
0.7154896855354309
0.5999020934104919
0.3173206150531769
0.2131180316209793
0.3237546384334564
0.6197289228439331
0.5144569873809814
0.7529357075691223
0.8656442761421204
0.6372114419937134
0.7133283615112305
0.3019081950187683
0.11518318206071854
0.22797216475009918
0.06078367680311203
0.34226855635643005
0.06017935276031494
0.301165908575058
0.14478757977485657
0.1589803844690323
0.14549705386161804
0.13796444237232208
0.4402572214603424
0.3079804480075836
0.07697132974863052
0.0533304288983345
0.37927335500717163
0.23089006543159485
0.06515642255544662
0.1565396785736084
0.24210821092128754
0.19725953042507172
0.05228789523243904
0.14805757999420166
0.14842063188552856
0.04293375462293625
0.03365214541554451
0.06679467111825943
0.1207943931221962
0.018490109592676163
0.04098355025053024
0.14554300904273987
0.10316882282495499
0.06705581396818161
0.11109813302755356
0.04840831831097603
0.10487008094787598
0.13006605207920074
0.23851023614406586
0.14117233455181122
0.13866916298866272
0.14580288529396057
0.12513583898544312
0.07490994781255722
0.10989007353782654
0.09278425574302673
0.24628369510173798
0.23534934222698212
0.4069426655769348
0.3502393364906311
0.17871053516864777
0.21060122549533844
0.2602551281452179
0.24863256514072418
0.21068377792835236
0.12031911313533783
0.2038557082414627
0.05494009330868721
0.21770431101322174
0.11879118531942368
0.2816515266895294
0.18763697147369385
0.14771707355976105
0.32214581966400146
0.553135097026825
0.3075856864452362
0.717773973941803
0.39319705963134766
0.493850976228714
0.6104174256324768
0.12633612751960754
0.1041647270321846
0.2532724142074585
0.052162833511829376
0.10939827561378479
0.0967554822564125
0.11165465414524078
0.10971202701330185
0.11127778142690659
0.16489243507385254
0.17845167219638824
0.1279502958059311
0.3768593966960907
0.4815485179424286
0.48067814111709595
0.797192394733429
0.3456607162952423
0.482292115688324
0.21426236629486084
0.30142199993133545
0.0885050892829895
0.1727108508348465
0.1259322315454483
0.17358869314193726
0.28098994493484497
0.24874766170978546
0.10699678212404251
0.3334018290042877
0.06993862241506577
0.07284150272607803
0.05443904548883438
0.03214609622955322
0.1046234741806984
0.04102035239338875
0.10405299812555313
0.0389193631708622
0.06471113115549088
0.07994914799928665
0.1968705952167511
0.08933649212121964
0.23059283196926117
0.05377178266644478
0.03499976918101311
0.02821843884885311
0.05592998489737511
0.02430998720228672
0.02963857166469097
0.06677328795194626
0.07773445546627045
0.061332251876592636
0.023476703092455864
0.015319688245654106
0.04171726480126381
0.044117968529462814
0.020073173567652702
0.053160786628723145
0.0255504809319973
0.08885665982961655
0.03447839990258217
0.039608586579561234
0.06632926315069199
0.09417799115180969
0.03173278644680977
0.06910915672779083
0.49954304099082947
0.47843578457832336
0.15478159487247467
0.13890504837036133
0.17276029288768768
0.06074494868516922
0.03475451096892357
0.06598547101020813
0.05842812731862068
0.07295387983322144
0.18790191411972046
0.1652722805738449
