0.1621057540178299
0.21100354194641113
0.3645862340927124
0.3797658383846283
0.3723438084125519
0.5954049229621887
0.4703240990638733
0.626067578792572
0.7625424861907959
0.7958744764328003
0.7989838123321533
0.7930191159248352
0.8605712056159973
0.7956618070602417
0.822757363319397
0.842189610004425
0.7348822951316833
0.727607250213623
0.6954103112220764
0.7184638977050781
0.7873877882957458
0.7107994556427002
0.6998629570007324
0.7190195918083191
0.7320282459259033
0.7098429203033447
0.6571299433708191
0.7268819212913513
0.7318357229232788
0.7287101745605469
0.7845208048820496
0.7107324004173279
0.7275074124336243
0.7665975689888
0.7214889526367188
0.7526138424873352
0.5184195637702942
0.7668880224227905
0.7408317923545837
0.6277719736099243
0.7044904828071594
0.8354601860046387
0.6394330859184265
0.5226409435272217
0.9008967280387878
0.8228911757469177
0.53501957654953
0.8640799522399902
0.8532219529151917
0.7770090103149414
0.6631373763084412
0.8389495015144348
0.7058966755867004
0.4920315742492676
0.7041196227073669
0.7616876363754272
0.5840897560119629
0.54537433385849
0.6684929728507996
0.6177656054496765
0.33186545968055725
0.6476098299026489
0.5721399188041687
0.4653558135032654
0.4782334566116333
0.7246140241622925
0.655185878276825
0.4935859739780426
0.8299891948699951
0.831425130367279
0.6226540803909302
0.6147775650024414
0.8565239310264587
0.7444837093353271
0.41456905007362366
0.839438259601593
0.8468351364135742
0.6209951043128967
0.5230553150177002
0.8169856667518616
0.8197252750396729
0.44641247391700745
0.6653295755386353
0.719939112663269
0.5302397608757019
0.4138966202735901
0.7656372785568237
0.6402221918106079
0.33051109313964844
0.7863796949386597
0.7162706255912781
0.495015949010849
0.46164581179618835
0.6536080837249756
0.6530757546424866
0.3481595516204834
0.6474876999855042
0.7668309211730957
0.49814796447753906
0.5119137167930603
0.8105154037475586
0.7299506068229675
0.40599358081817627
0.8041242361068726
0.6988489031791687
0.5110958218574524
0.4529300928115845
0.748964250087738
0.721778154373169
0.26997920870780945
0.7551496624946594
0.7721680402755737
0.5116288065910339
0.5371924042701721
0.7451721429824829
0.721097469329834
0.3520251214504242
0.6868454813957214
0.747642457485199
0.4741821885108948
0.5311173796653748
0.7881117463111877
0.6921899318695068
0.2789076864719391
0.7939575910568237
0.714146614074707
0.5301385521888733
0.41062918305397034
0.6591989398002625
0.682830274105072
0.3068837821483612
0.6064192652702332
0.7263355255126953
0.40161678194999695
0.3717431426048279
0.555424153804779
0.512660562992096
0.370395302772522
0.3788059651851654
0.5929387211799622
0.5558453798294067
0.38311970233917236
0.47429153323173523
0.47324222326278687
0.3305324614048004
0.36419060826301575
0.3518245220184326
0.38963431119918823
0.45060792565345764
0.49066653847694397
0.6581920981407166
0.5618717670440674
0.5863052010536194
0.7154220938682556
0.7434308528900146
0.711724579334259
0.7296279072761536
0.7345582246780396
0.6509239673614502
0.5962312817573547
0.745712161064148
0.5141544938087463
0.6158573627471924
0.4518297016620636
0.5356705784797668
0.6947529315948486
0.5977327227592468
0.7726032137870789
0.8274719715118408
0.6368996500968933
0.6912981271743774
0.7202897667884827
0.7055827379226685
0.6062943935394287
0.5556839108467102
0.7643454074859619
0.6690932512283325
0.5365107655525208
0.68169105052948
0.7324175834655762
0.6721523404121399
0.7210979461669922
0.5553775429725647
0.6941097378730774
0.7753187417984009
0.7307841777801514
0.7715188264846802
0.8198946714401245
0.8190078735351562
0.8040485978126526
0.8674628138542175
0.8225042819976807
0.8513343334197998
0.8459928631782532
0.8637208938598633
0.8952829837799072
0.8702046871185303
0.9420623779296875
0.9240225553512573
0.9475969672203064
0.8372716903686523
0.92097407579422
0.7048773169517517
0.8558577299118042
0.900976836681366
0.8631103038787842
0.6788816452026367
0.9212876558303833
0.9591125845909119
0.7516735196113586
0.8999727368354797
0.9586263298988342
0.8506240844726562
0.4965285658836365
0.8569943904876709
0.9370603561401367
0.42332008481025696
0.7883402109146118
0.9096253514289856
0.49312087893486023
0.4882774353027344
0.8995750546455383
0.7145279049873352
0.3267899453639984
0.8660631775856018
0.8396163582801819
0.5801092386245728
0.5905628800392151
0.8945735096931458
0.6390399932861328
0.6708984375
0.5073760747909546
0.4387390613555908
