0.926396369934082
0.9399832487106323
0.9633914232254028
0.9484890699386597
0.8872931003570557
0.8569356799125671
0.9517364501953125
0.9441164135932922
0.9556047916412354
0.9545471668243408
0.7590293884277344
0.907319188117981
0.9377365112304688
0.83121258020401
0.8602373600006104
0.9589492082595825
0.9503628611564636
0.871587872505188
0.9107542037963867
0.9591866731643677
0.9202778935432434
0.8610561490058899
0.6649602055549622
0.6134454011917114
0.3586827218532562
0.418295294046402
0.3377441465854645
0.6072204113006592
0.7668603658676147
0.8719379305839539
0.8082302212715149
0.9033430814743042
0.7712568640708923
0.6783316731452942
0.8437566757202148
0.7975264191627502
0.7244463562965393
0.9180164337158203
0.9185926914215088
0.8527427911758423
0.9451978802680969
0.8131943941116333
0.823958158493042
0.941064715385437
0.915172815322876
0.8773168325424194
0.6106294989585876
0.8539299368858337
0.6837614178657532
0.5171273946762085
0.2832155227661133
0.4092976450920105
0.7315748929977417
0.46893370151519775
0.24023045599460602
0.620661199092865
0.8669068217277527
0.6890056133270264
0.5726608037948608
0.855394184589386
0.9110583066940308
0.8907992243766785
0.850538432598114
0.6088980436325073
0.8110832571983337
0.4076467752456665
0.13203313946723938
0.28891852498054504
0.13614988327026367
0.24822238087654114
0.2358074188232422
0.37532636523246765
0.12632638216018677
0.21414870023727417
0.3833891451358795
0.5010244250297546
0.19951316714286804
0.3070127069950104
0.3222818076610565
0.22091493010520935
0.07825766503810883
0.11510622501373291
0.24331678450107574
0.0734599381685257
0.09750532358884811
0.1360960155725479
0.2815571129322052
0.17917022109031677
0.19295407831668854
0.3762038052082062
0.3847951889038086
0.3961726725101471
0.24193663895130157
0.48515304923057556
0.40052324533462524
0.4553684592247009
0.3440220355987549
0.667431116104126
0.6714785695075989
0.4600733816623688
0.3537907302379608
0.7560747265815735
0.6242339015007019
0.5689979791641235
0.45852088928222656
0.6493953466415405
0.7484233975410461
0.5330378413200378
0.8917684555053711
0.6395425200462341
0.34671783447265625
0.5430979132652283
0.665684700012207
0.27222582697868347
0.2653439939022064
0.23837491869926453
0.8850052356719971
0.7058151364326477
0.748618483543396
0.4072660505771637
0.34731361269950867
0.6275365948677063
0.4129718542098999
0.4282633066177368
0.46822017431259155
0.7692380547523499
0.6475189328193665
0.747837245464325
0.9354889392852783
0.9477629065513611
0.952404797077179
