0.24322618544101715
0.25974228978157043
0.21679557859897614
0.265557199716568
0.30333569645881653
0.0995340645313263
0.12708111107349396
0.13001000881195068
0.13112464547157288
0.20081692934036255
0.19703242182731628
0.060176167637109756
0.34507089853286743
0.45023325085639954
0.4896940290927887
0.6079263687133789
0.5020878911018372
0.37333059310913086
0.6501463651657104
0.33935248851776123
0.696004331111908
0.34957295656204224
0.5179879665374756
0.5615293979644775
0.4444156587123871
0.4700721800327301
0.23517853021621704
0.15312142670154572
0.09872151166200638
0.24489350616931915
0.1448017656803131
0.2560540735721588
0.5198964476585388
0.23167859017848969
0.3924354612827301
0.2145245373249054
0.3983031213283539
0.18509739637374878
0.15519918501377106
0.5111259818077087
0.41624897718429565
0.833001434803009
0.5475968718528748
0.7737451791763306
0.8547590374946594
0.847420334815979
0.9249439239501953
0.8998080492019653
0.7228682637214661
0.4463144838809967
0.29027101397514343
0.8675422668457031
0.8361486196517944
0.7314717769622803
0.9346455335617065
0.5694979429244995
0.844350278377533
0.5128523111343384
0.45561107993125916
0.5220876336097717
0.42932671308517456
0.8105531930923462
0.49418318271636963
0.9039697647094727
0.8984268307685852
0.9039573669433594
0.9061652421951294
0.3914264738559723
0.6742885708808899
0.3388800323009491
0.21518899500370026
0.26648834347724915
0.504087507724762
0.32270348072052
0.18925413489341736
0.4284484088420868
0.7019925713539124
0.7297447323799133
0.6625315546989441
0.8717910647392273
0.8641098141670227
0.38197779655456543
0.8392279744148254
0.7667741179466248
0.3519035875797272
0.32157593965530396
0.40676310658454895
0.179055854678154
0.21259143948554993
0.15372776985168457
0.1998463273048401
0.22137022018432617
0.14345499873161316
0.23232722282409668
0.20352967083454132
0.16472601890563965
0.12014994770288467
0.03644135221838951
0.11445416510105133
0.04104690998792648
0.13810931146144867
0.19014814496040344
0.2020784616470337
0.12983843684196472
0.19201019406318665
0.5037590861320496
0.5297282338142395
0.18076035380363464
0.42471057176589966
