0.039331112056970596
0.10216037929058075
0.02932329662144184
0.03523906320333481
0.030388619750738144
0.024900464341044426
0.18177516758441925
0.05364208668470383
0.14701947569847107
0.18896561861038208
0.06611952930688858
0.04486313834786415
0.048193588852882385
0.09555864334106445
0.07251528650522232
0.03634972497820854
0.05964697152376175
0.0937495231628418
0.15135394036769867
0.04554200544953346
0.13425442576408386
0.16124826669692993
0.15402831137180328
0.11620821058750153
0.2065047174692154
0.19488483667373657
0.25773054361343384
0.1861831396818161
0.19522625207901
0.19710832834243774
0.29385948181152344
0.10033863037824631
0.3144221603870392
0.4341343641281128
0.34405240416526794
0.6129453778266907
0.44200289249420166
0.17393900454044342
0.13506178557872772
0.22545954585075378
0.09223482757806778
0.07924173027276993
0.1336422860622406
0.13273747265338898
0.048938773572444916
0.03281805291771889
0.010415655560791492
0.09551097452640533
0.07344690710306168
0.010841066017746925
0.013689436949789524
0.07579462975263596
0.058897510170936584
0.01962263323366642
0.0207753274589777
0.037654269486665726
0.22902894020080566
0.10757891088724136
0.14198055863380432
0.27215561270713806
0.1136927455663681
0.12982574105262756
0.11787770688533783
0.18067379295825958
0.15552489459514618
0.10810715705156326
0.30245792865753174
0.144448384642601
0.21254822611808777
0.44863516092300415
0.2796686589717865
0.4156861901283264
0.46237272024154663
0.33848053216934204
0.20416170358657837
0.22135372459888458
0.1699196994304657
0.07248454540967941
0.27313342690467834
0.2189512550830841
0.08921694755554199
0.26783064007759094
0.28152331709861755
0.13381227850914001
0.2208818942308426
0.13154736161231995
0.05547158420085907
0.10558146238327026
0.041438814252614975
0.15653926134109497
0.0999804139137268
0.15358084440231323
0.2569673955440521
0.08971191942691803
0.013614688999950886
0.0426272377371788
0.0530209094285965
0.04233831167221069
0.09915884584188461
0.09462939947843552
0.2651267647743225
0.20406851172447205
0.2687723636627197
0.032045986503362656
0.016781654208898544
0.017516853287816048
0.03398805856704712
0.031892791390419006
0.06495551764965057
0.2256033718585968
0.1393442451953888
0.4202767610549927
0.27132365107536316
0.2787294089794159
0.36720725893974304
0.26495546102523804
0.46849802136421204
0.4712304174900055
0.11114263534545898
0.42807304859161377
0.7047157287597656
0.4986764192581177
0.1436183601617813
0.22520428895950317
0.4810437560081482
0.1642734259366989
0.1236705556511879
0.25094348192214966
0.18587026000022888
0.2384657859802246
0.0579240582883358
0.273873895406723
0.14544174075126648
0.18038274347782135
0.20044822990894318
0.13127978146076202
0.16670049726963043
0.1685517579317093
0.0784798115491867
0.06660754978656769
0.10113782435655594
0.1313921958208084
0.06634822487831116
0.05749000608921051
0.15349791944026947
0.04035612940788269
0.11909828335046768
0.020995957776904106
0.033746443688869476
0.12091072648763657
0.11857800930738449
0.0031227755825966597
0.04554232954978943
0.08103988319635391
0.06579118967056274
0.05122100189328194
0.2556714117527008
0.18990521132946014
0.36137962341308594
0.13162408769130707
0.5658154487609863
0.5409335494041443
0.273941308259964
0.4257334768772125
0.3186369240283966
0.5173467993736267
0.3533710837364197
0.30461564660072327
0.16597536206245422
0.10521740466356277
0.41333749890327454
0.386930376291275
0.6049071550369263
0.581053614616394
0.5280261039733887
0.2848198413848877
0.5547221302986145
0.13542278110980988
0.4250054359436035
0.18735939264297485
0.48033609986305237
0.42348185181617737
0.46954187750816345
0.5751858353614807
0.36676159501075745
0.26660752296447754
0.2615874409675598
0.26118388772010803
0.1377684623003006
0.22521278262138367
0.06974031776189804
0.19701890647411346
0.15700918436050415
0.23066581785678864
0.4496906101703644
0.28821560740470886
0.21766649186611176
0.30706506967544556
0.17501480877399445
0.17905083298683167
0.09355183690786362
0.03566192463040352
0.012902185320854187
0.02811347506940365
0.009689712896943092
0.03109712339937687
0.0964275524020195
0.15605157613754272
0.20100416243076324
0.30183669924736023
0.21890349686145782
0.18435563147068024
0.31629592180252075
0.24656516313552856
0.14115990698337555
0.16205868124961853
0.2508538067340851
0.04155445843935013
0.18715867400169373
0.13654093444347382
0.2202211320400238
0.21070902049541473
0.0765896886587143
0.09627106785774231
