0.19189991056919098
0.3394908010959625
0.2482626736164093
0.16481627523899078
0.17184361815452576
0.24881403148174286
0.13099950551986694
0.24145255982875824
0.04915256053209305
0.06523259729146957
0.11091192066669464
0.06118959188461304
0.021580154076218605
0.012877468019723892
0.01059706974774599
0.01823887974023819
0.015891902148723602
0.035595137625932693
0.028519323095679283
0.04779094457626343
0.1433844119310379
0.2914932668209076
0.1802818477153778
0.07508907467126846
0.3654678761959076
0.12171094864606857
0.16718421876430511
0.08985566347837448
0.0795789510011673
0.05835340544581413
0.05302496626973152
0.006997463759034872
0.022699547931551933
0.04336239770054817
0.012326519005000591
0.007971065118908882
0.06303176283836365
0.02427811175584793
0.019951147958636284
0.0059586442075669765
0.025772860273718834
0.014115098863840103
0.005342752672731876
0.04005778953433037
0.016684524714946747
0.1657494753599167
0.1725240796804428
0.3851424753665924
0.4125348627567291
0.3954855501651764
0.3770810663700104
0.22011370956897736
0.2203269749879837
0.21182622015476227
0.09861674904823303
0.08802757412195206
0.11316079646348953
0.14726568758487701
0.1036183312535286
0.10779140889644623
0.0858275517821312
0.02331351861357689
0.06816202402114868
0.058460038155317307
0.005646159872412682
0.026543162763118744
0.03315477445721626
0.016457252204418182
0.0051990472711622715
0.09469140321016312
0.07269934564828873
0.03408893197774887
0.0461929515004158
0.030125876888632774
0.03626939281821251
0.006949108559638262
0.017586061730980873
0.021578261628746986
0.12601883709430695
0.33614397048950195
0.23043765127658844
0.1271534115076065
0.23921850323677063
0.07529398798942566
0.01142522506415844
0.13028283417224884
0.182678684592247
0.044761717319488525
0.2366359978914261
0.033983971923589706
0.0813627690076828
0.026859035715460777
0.03242987394332886
0.11910794675350189
0.14757852256298065
0.27127397060394287
0.617189347743988
0.7495006322860718
0.5451852083206177
0.46505704522132874
0.38622012734413147
0.07419752329587936
0.15206392109394073
0.3633066415786743
0.06741214543581009
0.1081077978014946
0.1662028580904007
0.18302904069423676
0.08077383786439896
0.08282777667045593
0.17260996997356415
0.08423490077257156
0.08138803392648697
0.041969481855630875
0.06405247002840042
0.08109408617019653
0.46203723549842834
0.16895471513271332
0.5306096076965332
0.3502424955368042
0.239808589220047
0.26069730520248413
0.3674415946006775
0.023412594571709633
0.11405479907989502
0.1740042269229889
0.021260494366288185
0.09911274909973145
0.08833549916744232
0.06794469803571701
0.04966561123728752
0.026783276349306107
0.07186905294656754
0.14535148441791534
0.03553662821650505
0.08415629714727402
0.11505471169948578
0.09442232549190521
0.1555279791355133
0.13315652310848236
0.3101213872432709
0.4285980761051178
0.2575353980064392
0.4325648546218872
0.29440081119537354
0.45900759100914
0.4107426404953003
0.5319671630859375
0.4512822926044464
0.5959024429321289
0.443909615278244
0.4981984496116638
0.4139323830604553
0.09272471815347672
0.14872212707996368
0.4096446633338928
0.1923455148935318
0.04552629217505455
0.19027352333068848
0.20193292200565338
0.06213570386171341
0.20605839788913727
0.229195699095726
0.19966982305049896
0.1545339822769165
0.19981269538402557
0.14240022003650665
0.0977906659245491
0.0690164715051651
0.032066840678453445
0.02535856142640114
0.029188986867666245
0.09778396040201187
0.0882098451256752
0.1752765029668808
0.146414116024971
0.1570863276720047
0.13091053068637848
0.19354720413684845
0.30967384576797485
0.06159104406833649
0.0953110083937645
0.21333551406860352
0.04647919908165932
0.03286095708608627
0.1354406476020813
0.07775897532701492
0.09218335151672363
0.021217690780758858
0.07846048474311829
0.017902353778481483
0.012550720013678074
0.02793787606060505
0.04584234580397606
0.1299503743648529
0.22251148521900177
0.10165690630674362
0.06180568411946297
0.0700291320681572
0.23866598308086395
0.11419694870710373
0.27285388112068176
0.13015444576740265
0.04082272946834564
0.04133211448788643
0.041283052414655685
0.018835389986634254
0.008613763377070427
0.06581158190965652
0.08622847497463226
0.05226409062743187
0.07980228215456009
0.0789371058344841
0.19477899372577667
0.029758930206298828
0.10765360295772552
0.11353281140327454
0.16165240108966827
0.06087326258420944
0.058647520840168
0.06773514300584793
0.07238445430994034
