0.2307090014219284
0.2659805119037628
0.4288579821586609
0.4249853491783142
0.5927461385726929
0.8475772738456726
0.8823314905166626
0.4412511885166168
0.8694431781768799
0.48269394040107727
0.4153234660625458
0.14166203141212463
0.3380040228366852
0.25106170773506165
0.15704187750816345
0.12059932202100754
0.14738938212394714
0.2273239642381668
0.1186833381652832
0.11450944095849991
0.24503880739212036
0.19306357204914093
0.10427150875329971
0.22140295803546906
0.36721497774124146
0.2780650556087494
0.12540218234062195
0.3255019783973694
0.3969474136829376
0.3452584743499756
0.6098684072494507
0.12884242832660675
0.19213521480560303
0.4528510272502899
0.6201027035713196
0.4244312345981598
0.7244500517845154
0.9111928939819336
0.6448335647583008
0.21918654441833496
0.880089282989502
0.8322862386703491
0.26859012246131897
0.507019579410553
0.8658934235572815
0.7918297052383423
0.49653229117393494
0.5474770665168762
0.16170808672904968
0.2198820412158966
0.16079290211200714
0.10359197109937668
0.1353800892829895
0.18224024772644043
0.09925001114606857
0.08829089254140854
0.2611667811870575
0.4953722059726715
0.8934616446495056
0.9183579683303833
0.7922790050506592
0.9618775248527527
0.9217054843902588
0.6405498385429382
0.9546827673912048
0.9597275257110596
0.5086089372634888
0.8248892426490784
0.9580919742584229
0.8656066060066223
0.328971266746521
0.9114313125610352
0.8591969609260559
0.705897331237793
0.6807550191879272
0.4059127867221832
0.31674376130104065
0.46884527802467346
0.18038277328014374
0.4030645191669464
0.15974031388759613
0.28800466656684875
0.20994718372821808
0.3290502727031708
0.45934954285621643
0.30281898379325867
0.11078812181949615
0.13358932733535767
0.6624500155448914
0.19153977930545807
0.22475282847881317
0.5648643970489502
0.5876132249832153
0.7433246970176697
0.8571180105209351
0.4580976665019989
0.2200680375099182
0.421830952167511
0.09444526582956314
0.08732442557811737
0.10138813406229019
0.11566571146249771
0.17744354903697968
0.21290190517902374
0.15236937999725342
0.24705664813518524
0.18714112043380737
0.0849040150642395
0.17722368240356445
0.19233842194080353
0.1261078417301178
0.09378588944673538
0.15903131663799286
0.0906820073723793
0.1821848303079605
0.06049220636487007
0.07265498489141464
0.21754209697246552
0.0808011069893837
0.16367146372795105
0.12525811791419983
0.2507692873477936
0.2964167594909668
0.4814150631427765
0.6638888716697693
0.655375599861145
