0.17962919175624847
0.40576159954071045
0.4549831449985504
0.4672839343547821
0.6971141695976257
0.5773003101348877
0.8101223111152649
0.8380295038223267
0.8275079131126404
0.8703063726425171
0.78803950548172
0.4513162076473236
0.5929726958274841
0.525841236114502
0.28243181109428406
0.44958871603012085
0.10333378612995148
0.20125706493854523
0.18018563091754913
0.45500537753105164
0.1045699417591095
0.3086651861667633
0.20671561360359192
0.1158076673746109
0.36115676164627075
0.36355510354042053
0.5788449048995972
0.1864432841539383
0.5847240686416626
0.13022905588150024
0.32582953572273254
0.2188524752855301
0.4461834132671356
0.43989869952201843
0.24184444546699524
0.7711052894592285
0.49522706866264343
0.5995711088180542
0.7613611817359924
0.5324547290802002
0.702797532081604
0.5390114188194275
0.371113121509552
0.33621740341186523
0.3180340528488159
0.22000251710414886
0.2132323980331421
0.15182042121887207
0.12392972409725189
0.03746059164404869
0.025045813992619514
0.01301509514451027
0.014217146672308445
0.07012756913900375
0.0235490333288908
0.22352825105190277
0.27803686261177063
0.6497161984443665
0.9123061299324036
0.7172871828079224
0.8121026754379272
0.3106895983219147
0.8366735577583313
0.782607913017273
0.3450601100921631
0.5982494950294495
0.8961856961250305
0.8878973126411438
0.6026633381843567
0.9265497922897339
0.31360071897506714
0.7048352360725403
0.9126368761062622
0.5190178155899048
0.1808871030807495
0.6522887349128723
0.7600963711738586
0.3347600996494293
0.1976957768201828
0.14729054272174835
0.05603570491075516
0.08961129933595657
0.027301015332341194
0.22969269752502441
0.20009472966194153
0.6776922345161438
0.5030892491340637
0.5531213879585266
0.3586778938770294
0.9006617069244385
0.684421956539154
0.8514826893806458
0.8172751069068909
0.40516048669815063
0.40993550419807434
0.7419263124465942
0.5185652375221252
0.7002456784248352
0.6815723180770874
0.7962525486946106
0.7956850528717041
0.9146000742912292
0.6265777945518494
0.5618416666984558
0.38809213042259216
0.8536301851272583
0.567364513874054
0.3797542154788971
0.3735237717628479
0.395263671875
0.40580445528030396
0.20666809380054474
0.3673001229763031
0.07938734441995621
0.24983848631381989
0.16482798755168915
0.28328460454940796
0.3909066915512085
0.2839497923851013
0.1659115105867386
0.40679749846458435
0.24616122245788574
0.343430757522583
0.27905523777008057
0.30056414008140564
0.1851568967103958
0.32047954201698303
0.18266896903514862
0.04795682802796364
0.09765163064002991
0.30557775497436523
0.17357365787029266
0.06166815757751465
0.07940159738063812
0.3672618865966797
0.2606777250766754
0.11363764852285385
0.12727877497673035
0.3507210314273834
0.4054068624973297
0.38125720620155334
0.2679130733013153
0.4995288848876953
0.4822767674922943
0.21389032900333405
0.2895749807357788
0.25444090366363525
0.24517931044101715
0.11138927936553955
0.07826673239469528
0.06931348890066147
0.3814758360385895
0.2494991570711136
0.10951687395572662
0.03067842125892639
0.010731910355389118
0.007042868994176388
0.009058275260031223
0.00755210081115365
0.10600117594003677
0.0745949000120163
0.18127913773059845
0.025930384173989296
0.007443258538842201
0.04779554530978203
0.022641638293862343
0.0016654891660436988
0.0033943173475563526
0.014425370842218399
0.0027472851797938347
0.024058591574430466
0.016533324494957924
0.060805805027484894
0.02705955132842064
0.051189083606004715
0.07774076610803604
0.08333930373191833
0.12099751085042953
0.2650054097175598
0.06295844912528992
0.06812760978937149
0.018832046538591385
0.004362794570624828
0.004681994207203388
0.0028594215400516987
0.028512457385659218
0.023906860500574112
0.0194803848862648
0.054181940853595734
0.015742363408207893
0.016189822927117348
0.038590021431446075
0.040349628776311874
0.0766734629869461
0.07229851186275482
0.2822349965572357
0.3814795911312103
0.04663228243589401
0.11356847733259201
0.4399123787879944
0.10227712988853455
0.027959028258919716
0.11692991852760315
0.13056834042072296
0.15779827535152435
0.05792396143078804
0.05019938573241234
0.1338626742362976
0.13115443289279938
0.07047431915998459
0.06896445900201797
0.18044660985469818
0.025457965210080147
0.05100010707974434
0.07405421882867813
0.13486024737358093
0.03293648734688759
0.007180134300142527
0.015573350712656975
0.04188425466418266
0.016084006056189537
0.011081124655902386
0.05637047067284584
0.08252287656068802
0.0623786598443985
0.1119905486702919
0.04311024025082588
0.0843292698264122
0.07751397043466568
0.21113981306552887
0.09123491495847702
0.190061554312706
0.018539974465966225
0.0693931132555008
0.018226612359285355
0.10459538549184799
0.03879054635763168
0.061590902507305145
0.22770455479621887
0.34236055612564087
0.11052583158016205
0.43993639945983887
0.36243176460266113
0.16639120876789093
0.23912926018238068
0.2405046671628952
0.17216448485851288
0.06911926716566086
0.051750440150499344
0.020277414470911026
0.0948757454752922
0.02367500588297844
0.012528312392532825
0.13796764612197876
0.06214909628033638
0.020578058436512947
0.034173477441072464
0.14678232371807098
0.12734229862689972
0.061956100165843964
0.05416690185666084
0.04103868082165718
0.14220166206359863
0.24369852244853973
0.15272152423858643
0.07363270223140717
0.4226899743080139
0.22561880946159363
0.4573875665664673
0.4401874840259552
0.35896536707878113
0.6889837384223938
0.4633416533470154
0.33559978008270264
0.4015718996524811
0.36138567328453064
0.6817225217819214
0.661568820476532
0.8960428237915039
0.24869556725025177
0.1808815598487854
0.6456654071807861
0.7184016108512878
0.33818939328193665
0.34274449944496155
0.7685064673423767
0.4601001739501953
0.08096347749233246
0.12638729810714722
0.3552517890930176
0.10283106565475464
0.05368323251605034
0.05456094816327095
0.20112843811511993
0.11488337069749832
0.05892690643668175
0.08474965393543243
0.14289362728595734
0.3184462785720825
