0.07072404772043228
0.11361794918775558
0.13492247462272644
0.035962123423814774
0.16289131343364716
0.09989022463560104
0.11184196919202805
0.11782745271921158
0.07451501488685608
0.041101790964603424
0.1315029263496399
0.17993207275867462
0.19166703522205353
0.2541692852973938
0.0925501212477684
0.16332300007343292
0.16933852434158325
0.09273794293403625
0.12310830503702164
0.31059327721595764
0.10275096446275711
0.03699377924203873
0.2578047811985016
0.21563442051410675
0.11888023465871811
0.0627104789018631
0.18381598591804504
0.18243572115898132
0.13262999057769775
0.13654878735542297
0.1480037122964859
0.03689112886786461
0.1816653460264206
0.1611497700214386
0.260121613740921
0.3461061418056488
0.33213120698928833
0.18710865080356598
0.21128541231155396
0.21441076695919037
0.0658978596329689
0.18248365819454193
0.08922544866800308
0.23416201770305634
0.1951490193605423
0.3196212351322174
0.17918306589126587
0.2414286881685257
0.23796367645263672
0.19366015493869781
0.1810142546892166
0.15880757570266724
0.23814445734024048
0.08582406491041183
0.046890657395124435
0.1269448846578598
0.07047174870967865
0.08323349803686142
0.06401822715997696
0.15466995537281036
0.014312039129436016
0.11470314115285873
0.022387482225894928
0.09031349420547485
0.08750981092453003
0.07990483939647675
0.07158572226762772
0.30245593190193176
0.1400046944618225
0.028650756925344467
0.28464171290397644
0.2666252553462982
0.07606007158756256
0.08551657944917679
0.4818080961704254
0.24557934701442719
0.038784969598054886
0.07659916579723358
0.24108071625232697
0.19779902696609497
0.08515200018882751
0.11081446707248688
0.14835995435714722
0.10035378485918045
0.35213503241539
0.17584700882434845
0.2356107234954834
0.24791033565998077
0.25262609124183655
0.06751496344804764
0.1798434555530548
0.14792902767658234
0.06750799715518951
0.025364268571138382
0.15297125279903412
0.1277814656496048
0.3549756109714508
0.0608309768140316
0.07157833129167557
0.1017116978764534
0.08488935977220535
0.15508431196212769
0.33498242497444153
0.21160800755023956
0.36606308817863464
0.20151129364967346
0.4146933853626251
0.2659592926502228
0.5367566347122192
0.587486207485199
0.21587824821472168
0.2432330697774887
0.08348051458597183
0.18946555256843567
0.15399016439914703
0.4313906729221344
0.26176315546035767
0.05537845194339752
0.30092909932136536
0.2222425490617752
0.220454603433609
0.08752457797527313
0.11704102903604507
0.05098702386021614
0.019327636808156967
0.06969138979911804
0.041770029813051224
0.04818061366677284
0.10350755602121353
0.2627817690372467
0.11123315244913101
0.09053710103034973
0.30479997396469116
0.42107877135276794
0.32211944460868835
0.44352462887763977
0.22330495715141296
0.28634151816368103
0.3287414312362671
0.3652149438858032
0.35699740052223206
0.3034035861492157
0.04904337227344513
0.28296905755996704
0.3146938979625702
0.15891773998737335
0.15093570947647095
0.28809505701065063
0.22744692862033844
0.13288572430610657
0.4209384620189667
0.42385074496269226
0.1044517531991005
0.296306312084198
0.07347067445516586
0.2274191677570343
0.21811430156230927
0.24033305048942566
0.3226017355918884
0.24602532386779785
