0.03970898315310478
0.08790265768766403
0.07609814405441284
0.02930658683180809
0.10185745358467102
0.05937055125832558
0.13197718560695648
0.255293071269989
0.29433536529541016
0.8352321982383728
0.9316219687461853
0.763788640499115
0.8337810635566711
0.8798760175704956
0.5960987210273743
0.4622279405593872
0.8086212277412415
0.938735842704773
0.9039050340652466
0.5979517698287964
0.8727366924285889
0.9365593791007996
0.9179758429527283
0.6930375695228577
0.6577019095420837
0.49733278155326843
0.3232313096523285
0.3725639879703522
0.23218600451946259
0.13670016825199127
0.37776198983192444
0.15541048347949982
0.12451047450304031
0.2245107740163803
0.07125501334667206
0.06017441302537918
0.06751183420419693
0.0627957135438919
0.009192364290356636
0.03596017137169838
0.03633270785212517
0.07960052788257599
0.026299672201275826
0.04662935808300972
0.04942697659134865
0.030034029856324196
0.14678817987442017
0.18011035025119781
0.4827486276626587
0.5751453638076782
0.6361100673675537
0.9486322402954102
0.8178232312202454
0.9396953582763672
0.9670267105102539
0.691229522228241
0.2514146864414215
0.9151511788368225
0.851218044757843
0.34838634729385376
0.33580857515335083
0.9565969109535217
0.6157064437866211
0.1952560395002365
0.8380559682846069
0.7936121821403503
0.23063445091247559
0.17222380638122559
0.20977389812469482
0.30079761147499084
0.10250925272703171
0.09194491058588028
0.1413225531578064
0.5790832042694092
0.3552936613559723
0.7306331992149353
0.9318216443061829
0.9006012082099915
0.7322333455085754
0.8838717937469482
0.9567433595657349
0.7516493797302246
0.9737275242805481
0.9422745108604431
0.49978500604629517
0.931286096572876
0.9776396155357361
0.6964524984359741
0.511506974697113
0.9576756358146667
0.9549582600593567
0.6608905792236328
0.8294479846954346
0.6343110799789429
0.8243411183357239
0.733122706413269
0.589328944683075
0.6691666841506958
0.6717882752418518
0.8740118145942688
0.9212398529052734
0.9354742765426636
0.9386682510375977
0.8555135130882263
0.9468860626220703
0.8936922550201416
0.9013611674308777
0.8977974057197571
0.8582452535629272
0.9203961491584778
0.8578507304191589
0.8914875388145447
0.9153327941894531
0.8679673075675964
0.9581011533737183
0.6884527206420898
0.9031542539596558
0.9725968241691589
0.9291748404502869
0.7595348358154297
0.9500346779823303
0.9400104880332947
0.9623643159866333
0.940754234790802
0.9407682418823242
0.9546517133712769
0.9857261776924133
0.8678975105285645
0.7730429172515869
0.9811937808990479
0.8733735680580139
0.5136874914169312
0.7097317576408386
0.9895840883255005
0.6611614227294922
0.06518569588661194
0.8383123874664307
0.981725811958313
0.24869336187839508
0.08094584196805954
0.7586434483528137
0.8638613224029541
0.28010284900665283
0.29697269201278687
0.8259181380271912
0.5674593448638916
0.09673699736595154
0.46586084365844727
0.2425699532032013
0.15198346972465515
0.1376902312040329
0.4333667755126953
0.13105343282222748
0.06640691310167313
