0.6820713877677917
0.7756922245025635
0.9228827357292175
0.6483057737350464
0.6471834182739258
0.4058522582054138
0.7015975117683411
0.6547415852546692
0.7342756390571594
0.7297549843788147
0.47457069158554077
0.6215710043907166
0.7106940746307373
0.8175512552261353
0.5851917266845703
0.6521046161651611
0.6357085108757019
0.5402536988258362
0.35121816396713257
0.21077801287174225
0.5250700116157532
0.27168694138526917
0.19918780028820038
0.3411106765270233
0.4307447075843811
0.1565328985452652
0.32898080348968506
0.2214066982269287
0.31284770369529724
0.24570372700691223
0.19227345287799835
0.3175031244754791
0.1454475224018097
0.2560812532901764
0.3836221992969513
0.444000244140625
0.41701242327690125
0.8160292506217957
0.563556969165802
0.7016222476959229
0.613830029964447
0.6364229321479797
0.7159706950187683
0.7050127387046814
0.45188596844673157
0.7641768455505371
0.26731446385383606
0.7649205327033997
0.1938348263502121
0.6749857068061829
0.2778869867324829
0.49455463886260986
0.33200302720069885
0.12258711457252502
0.31213849782943726
0.3498358726501465
0.4400481879711151
0.5358309745788574
0.5063906311988831
0.4838629364967346
0.5470210313796997
0.25088992714881897
0.4790889024734497
0.20677147805690765
0.3795474171638489
0.6205208897590637
0.6519692540168762
0.7169959545135498
0.499000608921051
0.38422855734825134
0.16932761669158936
0.4893967807292938
0.20627941191196442
0.24906481802463531
0.19604936242103577
0.4915565550327301
0.4155188798904419
0.44867727160453796
0.40634942054748535
0.4040411710739136
0.5205865502357483
0.39910656213760376
0.5100451707839966
0.49068254232406616
0.8873485326766968
0.8642464876174927
0.881626307964325
0.36083003878593445
0.6286709308624268
0.5635719895362854
0.589049220085144
0.3879423141479492
0.3303414285182953
0.25268837809562683
0.3830675184726715
0.5479737520217896
0.22782699763774872
0.5693560838699341
0.4605887234210968
0.6088345646858215
0.4730321168899536
0.3400544226169586
0.198600634932518
0.34633970260620117
0.2206043154001236
0.42521241307258606
0.4543849229812622
0.3072817325592041
0.5507913827896118
0.7375883460044861
0.6609618067741394
0.943536102771759
0.8244464993476868
0.8554152250289917
0.8216094374656677
0.567221462726593
0.8527941107749939
0.5274935960769653
0.5853115916252136
0.6784514784812927
0.6190802454948425
0.3821559548377991
0.43301311135292053
0.4011979103088379
0.9078826904296875
0.7804527878761292
0.8200700879096985
0.5350131392478943
0.34183722734451294
0.39411672949790955
0.3663817346096039
0.6594629287719727
0.44729381799697876
0.29069772362709045
0.28068509697914124
0.40922224521636963
0.7033623456954956
0.32449349761009216
0.3285973072052002
0.2473020851612091
0.1947636753320694
0.334740549325943
0.09997418522834778
0.20094454288482666
0.2431325912475586
0.3246288299560547
0.5556141138076782
0.35357314348220825
0.6774777770042419
0.4080747067928314
0.6125624775886536
0.7188844680786133
0.7621946930885315
0.646738588809967
0.7384909987449646
