0.440172016620636
0.4622248709201813
0.2835365831851959
0.1276807337999344
0.11007986962795258
0.0980093777179718
0.04824896529316902
0.0474446639418602
0.0585712268948555
0.2548702359199524
0.22884006798267365
0.6382445096969604
0.38405004143714905
0.3443070948123932
0.618425190448761
0.9015734791755676
0.919750452041626
0.9410269856452942
0.5658092498779297
0.3807413876056671
0.7013700604438782
0.8567328453063965
0.18494272232055664
0.2699757218360901
0.7830570936203003
0.499028742313385
0.15168729424476624
0.783437967300415
0.9322434663772583
0.4828360378742218
0.5557585954666138
0.3278716206550598
0.4500636160373688
0.7904826998710632
0.8798264265060425
0.36735770106315613
0.6411152482032776
0.9209570288658142
0.7926293015480042
0.8147245049476624
0.6844895482063293
0.41728276014328003
0.3580981492996216
0.501023530960083
0.5427361726760864
0.4826262891292572
0.4509987235069275
0.5778606534004211
0.2579723298549652
0.6448265314102173
0.505683422088623
0.3891746997833252
0.6688541173934937
0.5575826168060303
0.2222471833229065
0.7103193402290344
0.7251272797584534
0.7278691530227661
0.4992917478084564
0.314546674489975
0.4715914726257324
0.7103394269943237
0.4171117842197418
0.856571614742279
0.5642812252044678
0.5137934684753418
0.32482126355171204
0.32339322566986084
0.4891590476036072
0.206165611743927
0.23949575424194336
0.3036261200904846
0.34835898876190186
0.13587956130504608
0.1819181740283966
0.39391016960144043
0.35369449853897095
0.08920922130346298
0.14065277576446533
0.25326111912727356
0.2223263531923294
0.1307968646287918
0.352030873298645
0.3218279182910919
0.1411152184009552
0.1416856050491333
0.42065662145614624
0.4082238972187042
0.2187269777059555
0.3292599618434906
0.3123111128807068
0.05814735218882561
0.1694279909133911
0.04749475419521332
0.14518339931964874
0.08990804105997086
0.13446472585201263
0.26559939980506897
0.15096540749073029
0.2838381826877594
0.15014030039310455
0.0998668521642685
0.2781624495983124
0.07539442181587219
0.08480355888605118
0.061342909932136536
0.12522351741790771
0.03151519224047661
0.04841874912381172
0.04395245388150215
0.42212995886802673
0.3132988512516022
0.14426158368587494
0.031948454678058624
0.020918337628245354
0.0048109013587236404
0.0024613686837255955
0.0031183594837784767
0.01290807593613863
0.030572907999157906
0.05461568757891655
0.04089692234992981
0.27119046449661255
0.3171532154083252
0.24679262936115265
0.25183674693107605
0.4019884765148163
0.6240447163581848
0.6008387804031372
0.6480638384819031
0.8721771836280823
0.7328475117683411
0.6170458197593689
0.9236652851104736
0.8647926449775696
0.4905177354812622
0.6443133354187012
0.5134504437446594
0.5925520658493042
0.31487828493118286
0.5392525792121887
0.3009680211544037
0.15125097334384918
0.38974878191947937
0.31154897809028625
0.14674098789691925
0.20174600183963776
0.2894222140312195
0.7634852528572083
0.6026697158813477
0.6338481307029724
0.5004043579101562
0.4350401759147644
0.39306387305259705
0.10783257335424423
0.39422303438186646
0.21758003532886505
0.3341447114944458
0.32853373885154724
0.4460560083389282
0.18654616177082062
0.3081298768520355
0.22489802539348602
0.11925528198480606
0.05361229181289673
0.09224454313516617
0.08108548820018768
0.03267703205347061
0.03712954744696617
0.07482324540615082
0.051459901034832
0.18020151555538177
0.22337020933628082
0.5290727019309998
0.8940321803092957
0.8438191413879395
0.8092736005783081
0.7309014201164246
0.7940492033958435
0.45848914980888367
0.4400691092014313
0.8176113963127136
0.4241887629032135
0.32927489280700684
0.13613037765026093
0.7800471186637878
0.478175550699234
0.3551592528820038
0.26840582489967346
0.21888723969459534
0.4092801809310913
0.7797148823738098
0.7083132863044739
0.8712963461875916
0.9094340205192566
0.9853376746177673
0.8471402525901794
0.6668491959571838
0.9785955548286438
0.9818518757820129
0.836791455745697
0.6397409439086914
0.7360199689865112
0.9482329487800598
0.7951567769050598
0.3389746844768524
0.5028371810913086
0.8698781728744507
0.7137117385864258
0.16179819405078888
0.29542315006256104
0.252888023853302
0.2950455844402313
0.021103281527757645
0.17966216802597046
0.16037090122699738
0.04927743226289749
0.00790518056601286
0.02841796912252903
0.0072623142041265965
0.010034141130745411
0.01636800542473793
0.013058183714747429
0.00985102728009224
0.03745536878705025
0.02272423729300499
0.10591509938240051
0.15273486077785492
0.12191589921712875
0.43344709277153015
0.7356755137443542
0.7873407006263733
0.9078002572059631
0.8001788258552551
0.22814767062664032
0.5670366883277893
0.23152361810207367
0.19808530807495117
0.5277999043464661
0.7251861691474915
0.8290315866470337
0.7567867636680603
0.9671869277954102
0.9096651077270508
0.6338497996330261
0.6192581057548523
0.8716682195663452
0.9684211015701294
0.99183589220047
0.87200927734375
0.5097233653068542
0.9867767691612244
0.9738081097602844
0.378063827753067
0.49021923542022705
0.9763874411582947
0.8730382919311523
0.25283506512641907
0.8655129075050354
0.9543996453285217
0.5477325320243835
0.7962286472320557
0.129071444272995
0.1531890332698822
0.0730268731713295
0.016510793939232826
0.022747408598661423
0.02713039703667164
0.045636385679244995
0.03383561596274376
0.1453380435705185
0.09794724732637405
0.4172886610031128
0.7015236616134644
0.9138655066490173
0.8419573307037354
0.4785851836204529
0.7769535779953003
0.881791353225708
0.6739951372146606
0.8296770453453064
0.1863042265176773
0.2538614273071289
0.9096279144287109
0.7662746906280518
0.12212593108415604
0.563784122467041
0.9467456936836243
0.6452615857124329
0.2375233769416809
0.7303368449211121
0.8372820615768433
0.5605404376983643
0.7835425138473511
0.9215013980865479
0.9425914883613586
0.9649468660354614
0.9880511164665222
0.9940159916877747
