0.13395734131336212
0.20949454605579376
0.12821964919567108
0.395001620054245
0.3114786148071289
0.23514795303344727
0.47155630588531494
0.7736494541168213
0.6388590335845947
0.3694275915622711
0.7921953797340393
0.8277361392974854
0.5128844380378723
0.3008802533149719
0.7424700856208801
0.5833783149719238
0.3276582360267639
0.3985625207424164
0.6394418478012085
0.3960568606853485
0.3367927372455597
0.656082808971405
0.4472549855709076
0.6139740347862244
0.7074055671691895
0.8521983623504639
0.7665134072303772
0.8614148497581482
0.9414554238319397
0.9298231601715088
0.8306087255477905
0.9366800785064697
0.9105735421180725
0.9615419507026672
0.7683918476104736
0.4383077919483185
0.8641219735145569
0.9436061978340149
0.7386955618858337
0.5929421186447144
0.5171849727630615
0.22747236490249634
0.06251472234725952
0.03480353578925133
0.017104659229516983
0.010163811966776848
0.08565147966146469
0.2115858793258667
0.29402467608451843
0.2592722773551941
0.22027823328971863
0.1177314892411232
0.05559704825282097
0.01968480460345745
0.13996171951293945
0.01665571704506874
0.1933705359697342
0.29100003838539124
0.7807320356369019
0.5002351999282837
0.6441386342048645
0.9211369752883911
0.7598868608474731
0.459646612405777
0.5311502814292908
0.28093865513801575
0.35704123973846436
0.12788373231887817
0.808613657951355
0.1148979663848877
0.8547462224960327
0.8033251166343689
0.19870546460151672
0.08982830494642258
0.07001034170389175
0.18425947427749634
0.3022877275943756
0.34838929772377014
0.17182524502277374
0.556394100189209
0.5244734883308411
0.3652527630329132
0.34471195936203003
0.04881651699542999
0.07024898380041122
0.33459895849227905
0.22441686689853668
0.024381497874855995
0.15430429577827454
0.2575633227825165
0.19648709893226624
0.08612987399101257
0.15512266755104065
0.29272690415382385
0.27241653203964233
0.07757202535867691
0.33126533031463623
0.3852584958076477
0.6407831311225891
0.1333579272031784
0.08310674875974655
0.20312334597110748
0.379386842250824
0.0724707618355751
0.4793921709060669
0.19280259311199188
0.5639930367469788
0.15951044857501984
0.4803241789340973
0.19888606667518616
0.5002626776695251
0.45309269428253174
0.30244383215904236
0.4781455397605896
0.16637037694454193
0.28452956676483154
0.31169039011001587
0.3782581090927124
0.15843920409679413
0.24642035365104675
0.4692230820655823
0.21827353537082672
0.2752518653869629
0.2132006734609604
0.22973892092704773
0.36073195934295654
0.5115157961845398
0.46582290530204773
0.2597033381462097
0.5149834752082825
0.4331173002719879
0.4112594425678253
0.4012370705604553
0.51185142993927
0.3153047263622284
0.36205539107322693
0.2928136885166168
0.19052322208881378
0.46251562237739563
0.29932117462158203
0.4851464331150055
0.5487857460975647
0.6979084014892578
0.5927163362503052
0.6963369846343994
0.5117371678352356
0.5681011080741882
0.14376680552959442
0.23443801701068878
0.1147506907582283
0.2092858999967575
0.053992368280887604
0.18891602754592896
0.07774452120065689
0.27178245782852173
0.15234419703483582
