0.091431625187397
0.027900077402591705
0.10320843756198883
0.006005297880619764
0.003651462495326996
0.004903680179268122
0.004604658577591181
0.009173460304737091
0.035312581807374954
0.10741539299488068
0.27756738662719727
0.1400299072265625
0.034628789871931076
0.18081636726856232
0.4683639109134674
0.08840124309062958
0.04289909452199936
0.5106757283210754
0.9315622448921204
0.24008134007453918
0.2548491954803467
0.9418106079101562
0.899415135383606
0.7645111083984375
0.27288979291915894
0.46336355805397034
0.10679389536380768
0.024564824998378754
0.021081559360027313
0.01022795494645834
0.03651348128914833
0.0560307651758194
0.336407333612442
0.30832281708717346
0.5938628315925598
0.22315751016139984
0.13644225895404816
0.30037176609039307
0.605793297290802
0.45705392956733704
0.500804603099823
0.565179169178009
0.4422205984592438
0.653446614742279
0.5831636190414429
0.39578649401664734
0.8006556630134583
0.9295361042022705
0.9193491339683533
0.9634900689125061
0.9007691144943237
0.7545500993728638
0.8101610541343689
0.6897220611572266
0.8096987009048462
0.4398210048675537
0.37767258286476135
0.11751163005828857
0.540065586566925
0.3096386790275574
0.19053584337234497
0.14423765242099762
0.347314715385437
0.30567559599876404
0.36973920464515686
0.19488926231861115
0.32158759236335754
0.5304191708564758
0.05175013840198517
0.14949467778205872
0.5774920582771301
0.786344587802887
0.20169697701931
0.07840865850448608
0.09763871133327484
0.14852435886859894
0.10633388161659241
0.3338482677936554
0.0945286750793457
0.12436442822217941
0.022696934640407562
0.08007580786943436
0.03756507858633995
0.011056912131607533
0.011034470982849598
0.06409650295972824
0.04621089622378349
0.07440648972988129
0.07699741423130035
0.042441487312316895
0.00956075917929411
0.03144548833370209
0.006979420781135559
0.04431493207812309
0.03422925993800163
0.10960979014635086
0.0861188992857933
0.05087831988930702
0.09654334932565689
0.06030139699578285
0.05607015639543533
0.0487111397087574
0.005747124087065458
0.08563772588968277
0.020294681191444397
0.001989359501749277
0.0018288956489413977
0.0049264030531048775
0.00374802784062922
0.024944955483078957
0.051396872848272324
0.16275420784950256
0.30731502175331116
0.45867136120796204
0.5270625948905945
0.6837217807769775
0.0950457975268364
0.09448571503162384
0.023196810856461525
0.019704528152942657
0.012139225378632545
0.05462317913770676
0.18297821283340454
0.018513983115553856
0.019159037619829178
0.5444990396499634
0.2838803827762604
0.14843405783176422
0.014299599453806877
0.03456154838204384
0.33487457036972046
0.424230694770813
0.7408939003944397
0.4849277138710022
0.9436601996421814
0.7709565162658691
0.6028591990470886
0.3331255316734314
0.8670088052749634
0.8605714440345764
0.2170589119195938
0.6555671095848083
0.3292096257209778
0.21669310331344604
0.013024247251451015
0.011905004270374775
0.006915184203535318
0.007146481890231371
0.02806279808282852
0.02420135587453842
0.024272233247756958
0.04751292243599892
0.3585437834262848
0.4819154143333435
0.03800904005765915
0.03913209214806557
0.6222856640815735
0.48846855759620667
0.0172517579048872
0.3768416941165924
0.9043906331062317
0.15414611995220184
0.06586559116840363
0.8189459443092346
0.7176797389984131
0.030669650062918663
0.06672415882349014
0.017065055668354034
0.005951059050858021
0.01282613817602396
0.004079725593328476
0.00541687523946166
0.01588563807308674
0.1254292130470276
0.15170596539974213
0.05378785729408264
0.05432213842868805
0.07714709639549255
0.4979509711265564
0.0683850571513176
0.411572128534317
0.44043248891830444
0.7047872543334961
0.21096284687519073
0.09369271248579025
0.18277153372764587
0.43578436970710754
0.0471479557454586
0.18771442770957947
0.10957285016775131
0.10215049982070923
0.09919387847185135
0.09666254371404648
0.020597442984580994
0.017928477376699448
0.03115960583090782
0.011396181769669056
0.019185790792107582
0.01964857429265976
0.02778792753815651
0.07317400723695755
0.01204200740903616
0.005966481287032366
0.0034997770562767982
0.0039748079143464565
0.011859092861413956
0.008853142149746418
0.022659508511424065
0.025373661890625954
0.057155489921569824
0.006371768657118082
0.006346315145492554
0.008718919940292835
0.00300632044672966
0.002114166971296072
0.002910734387114644
0.00517433974891901
0.020629843696951866
0.02222677320241928
0.05750581994652748
0.038156524300575256
0.03616787865757942
0.024214284494519234
0.022512417286634445
0.01797715574502945
0.03572671487927437
0.008563735522329807
0.008507015183568
0.01311176735907793
0.0038595017977058887
0.0380205363035202
0.013186661526560783
0.00864401925355196
0.06765160709619522
0.06149738281965256
0.13127382099628448
0.1840052306652069
0.2947966158390045
0.4917847812175751
0.25033342838287354
0.14320817589759827
0.08589117228984833
0.024137839674949646
0.054413843899965286
0.03313671424984932
0.030574079602956772
0.06963518261909485
0.034413401037454605
0.08482654392719269
0.04993242397904396
0.06101712957024574
0.03022846207022667
0.037834007292985916
0.04697376489639282
0.04134075343608856
0.1151370108127594
0.1362772434949875
0.37109529972076416
0.5127044916152954
0.7372630834579468
0.09557486325502396
0.10958229750394821
0.03255821764469147
0.17665545642375946
0.1929432451725006
0.49008607864379883
0.9082412719726562
0.778972864151001
0.25505000352859497
0.41843122243881226
0.040821000933647156
0.26062697172164917
0.0888550728559494
0.1939907819032669
0.031455155462026596
0.007430594880133867
0.022293468937277794
0.011133527383208275
0.014715961180627346
0.08886668086051941
0.1936800330877304
0.019476361572742462
0.46046575903892517
0.24827009439468384
0.760608434677124
0.4850586950778961
0.95836341381073
0.8542830944061279
0.9506196975708008
0.883531391620636
0.9701979160308838
0.9389019012451172
0.3728847801685333
0.868023157119751
0.9692401885986328
0.6335782408714294
0.0946272686123848
0.895076334476471
0.8628104329109192
0.06108845770359039
0.18530985713005066
0.9685502648353577
0.5954086184501648
0.08323053270578384
0.8547483682632446
0.8837575912475586
0.31871095299720764
0.41675835847854614
0.8382893204689026
0.8043094873428345
0.3167652487754822
