0.3478412926197052
0.6115780472755432
0.5846152305603027
0.5351542830467224
0.6835835576057434
0.7656585574150085
0.7968562245368958
0.8389409184455872
0.9072718024253845
0.9187737703323364
0.9267243146896362
0.9255997538566589
0.9381331205368042
0.9197940826416016
0.9188283085823059
0.9294494986534119
0.910965085029602
0.9148457050323486
0.9229938983917236
0.8852924108505249
0.8336817622184753
0.6912366151809692
0.7436680793762207
0.8546233773231506
0.7231234908103943
0.26430606842041016
0.8166729807853699
0.861461877822876
0.5926753282546997
0.6334276795387268
0.9265470504760742
0.8217794299125671
0.2305593192577362
0.59402996301651
0.9049202799797058
0.6061199307441711
0.47226157784461975
0.91285240650177
0.8782544732093811
0.300899863243103
0.8899504542350769
0.8938968777656555
0.816356897354126
0.8283272385597229
0.8941335678100586
0.877162754535675
0.6035558581352234
0.8849180936813354
0.77895587682724
0.5786259174346924
0.6277066469192505
0.9183733463287354
0.827521562576294
0.7735680937767029
0.8645536303520203
0.7866695523262024
0.3111753761768341
0.7916555404663086
0.6873218417167664
0.6555737853050232
0.309770792722702
0.6526439189910889
0.45535019040107727
0.6709046363830566
0.6453887820243835
0.5858454704284668
0.5743755102157593
0.7761315703392029
0.823106586933136
0.5337899327278137
0.6471248269081116
0.7222840785980225
0.7394580245018005
0.5790393948554993
0.7233753800392151
0.5849636793136597
0.41921091079711914
0.4950549900531769
0.3251860439777374
0.18667741119861603
0.6238479614257812
0.33999842405319214
0.4595749080181122
0.4772004187107086
0.7869926691055298
0.3793541491031647
0.33171534538269043
0.601434051990509
0.8427553772926331
0.5884345173835754
0.9117679595947266
0.9237977266311646
0.7566540241241455
0.881750226020813
0.9627850651741028
0.9678446650505066
0.9306061863899231
0.9459398984909058
0.8020840883255005
0.924464225769043
0.9291918873786926
0.8139821887016296
0.9248056411743164
0.6516474485397339
0.5402655005455017
0.5010035634040833
0.7289111018180847
0.662502110004425
0.5118778347969055
0.43756967782974243
0.6948149800300598
0.6358699798583984
0.452544629573822
0.7135437726974487
0.6782587766647339
0.6133421659469604
0.5058842301368713
0.7905324697494507
0.6951934099197388
0.5060688257217407
0.5732994675636292
0.795948326587677
0.796128511428833
0.39668887853622437
0.6228004097938538
0.866432249546051
0.8465312123298645
0.5983572602272034
0.833903431892395
