0.29586583375930786
0.29592084884643555
0.20862215757369995
0.37228262424468994
0.22168174386024475
0.07617481797933578
0.18283770978450775
0.07991492748260498
0.180581733584404
0.06227244436740875
0.15749019384384155
0.16803452372550964
0.5196807980537415
0.15848171710968018
0.2286248505115509
0.35991135239601135
0.4989592730998993
0.46324190497398376
0.5619712471961975
0.7328940033912659
0.687429666519165
0.8906340003013611
0.588710367679596
0.6183652281761169
0.46463480591773987
0.47613224387168884
0.39507168531417847
0.3283374309539795
0.22896787524223328
0.5548902750015259
0.37372317910194397
0.13630658388137817
0.26708489656448364
0.2932201027870178
0.3512169420719147
0.14027230441570282
0.30285537242889404
0.48161137104034424
0.3755472004413605
0.20333713293075562
0.40233883261680603
0.511374831199646
0.5217244029045105
0.22166313230991364
0.7435863018035889
0.5334300994873047
0.4174302816390991
0.2431022673845291
0.5874778032302856
0.6163385510444641
0.708042562007904
0.4339996874332428
0.6347713470458984
0.6010876297950745
0.6735255122184753
0.4476190209388733
0.4549435079097748
0.5065341591835022
0.3533913791179657
0.4794013798236847
0.2883104681968689
0.3178364336490631
0.3211127519607544
0.19097764790058136
0.25091561675071716
0.4135368764400482
0.1953037828207016
0.20784685015678406
0.2152116298675537
0.33327993750572205
0.15959998965263367
0.18239401280879974
0.3846316635608673
0.3648048937320709
0.3382236063480377
0.4481068253517151
0.3157002031803131
0.47395527362823486
0.6742176413536072
0.5033940672874451
0.38265401124954224
0.6397778987884521
0.5534895062446594
0.5471299886703491
0.6012502908706665
0.23899944126605988
0.513466477394104
0.7249862551689148
0.5616291761398315
0.2163163423538208
0.5428673028945923
0.46286970376968384
0.3484099805355072
0.25375092029571533
0.5827627182006836
0.5001766681671143
0.5555128455162048
0.4722382128238678
0.17382676899433136
0.31608977913856506
0.250501424074173
0.14604784548282623
0.22307144105434418
0.3694096803665161
0.1416446715593338
0.28643789887428284
0.41800886392593384
0.3237265646457672
0.3109302818775177
0.4192154109477997
0.560775101184845
0.3301016092300415
0.4561520218849182
0.5151575207710266
0.44859790802001953
0.35686194896698
0.5564053058624268
0.5478614568710327
0.6999853253364563
0.4395669996738434
0.5194997191429138
0.3170895576477051
0.6009877324104309
0.5468494296073914
0.7509142160415649
0.8559077382087708
0.5341729521751404
0.6405952572822571
0.4642774760723114
0.7597494721412659
0.8359056711196899
0.651993989944458
0.7548683285713196
0.7204641699790955
0.5653039813041687
0.5747535824775696
0.2706888020038605
0.44334882497787476
0.1822672188282013
0.3426157832145691
0.39051055908203125
0.48026779294013977
0.3755331039428711
0.7130780220031738
0.518358051776886
0.5571263432502747
0.4962521195411682
0.47348225116729736
0.2043367624282837
0.19220241904258728
0.3369848132133484
0.47455522418022156
0.45280060172080994
0.35909825563430786
0.288222074508667
0.5616845488548279
0.3233218491077423
0.36030837893486023
0.30021366477012634
0.30469226837158203
0.33506542444229126
0.3147265315055847
0.2680363953113556
0.4581810534000397
0.50056391954422
0.33915039896965027
0.32849857211112976
0.6535090208053589
0.40235060453414917
0.74811190366745
0.412566214799881
0.6008284687995911
0.6767188310623169
0.5691360831260681
0.47822755575180054
0.841078519821167
0.7811132669448853
0.8082919120788574
0.7068839073181152
0.882877767086029
0.6437236070632935
0.772321879863739
0.6162412166595459
0.3845927119255066
0.24541613459587097
0.16157957911491394
0.18876469135284424
0.38525673747062683
0.4709473252296448
0.4086456894874573
0.39648905396461487
0.29506561160087585
0.20944862067699432
0.12287160009145737
0.2030586451292038
0.07864940166473389
0.16491831839084625
0.19758093357086182
0.12464413791894913
0.08449669182300568
0.07991404831409454
0.0784149169921875
0.12739591300487518
0.07728283107280731
0.20060303807258606
0.29174530506134033
0.26791906356811523
0.3353258967399597
0.5390409231185913
0.5449162721633911
0.707284152507782
0.6306097507476807
0.7960177659988403
0.7916522026062012
0.8682929873466492
0.7851256132125854
0.5413316488265991
0.7107914686203003
0.3933200538158417
0.354011595249176
0.6439444422721863
0.3215039074420929
0.33736398816108704
0.5899932384490967
0.5113546848297119
0.9025871753692627
0.5092095136642456
0.913463294506073
0.8676769137382507
0.8534497022628784
0.5109253525733948
0.7217472195625305
0.42445799708366394
0.6459542512893677
0.15443888306617737
0.5588108897209167
0.26007574796676636
0.36910519003868103
0.2065495252609253
0.2035095989704132
0.16647906601428986
0.12661650776863098
0.22599837183952332
0.20854026079177856
0.2853342890739441
0.1768692135810852
0.09281878918409348
0.26168641448020935
0.312500536441803
0.41743114590644836
0.4685276448726654
0.3999539911746979
0.6318876147270203
0.5511113405227661
0.3585846424102783
0.3731025159358978
0.6363714337348938
0.4729844331741333
0.34754419326782227
0.596142053604126
0.6299906969070435
0.6151025891304016
0.49239879846572876
0.5983996987342834
0.6184834241867065
0.4778456687927246
0.5320284962654114
0.8132320046424866
0.615369439125061
0.438319593667984
0.8324536085128784
0.8078593015670776
0.8723104596138
0.8092839121818542
0.7695187330245972
0.7801016569137573
0.6019871234893799
0.7400686144828796
0.7423236966133118
0.5849708318710327
0.5691437721252441
0.7804716229438782
0.6600307822227478
0.5576832890510559
0.40293553471565247
0.5300921201705933
0.7320693135261536
0.6379536986351013
0.46694836020469666
0.7124611139297485
0.7133658528327942
0.757280170917511
0.5410908460617065
0.7797918319702148
0.8649581670761108
0.8161954879760742
0.7559216022491455
0.8765966296195984
0.8461387753486633
0.4755502939224243
0.44649839401245117
0.446228563785553
0.5744983553886414
0.5444644093513489
0.6044738292694092
0.5869361162185669
0.475583553314209
0.4860811233520508
0.41005194187164307
0.4890364110469818
0.5094923973083496
0.272322416305542
0.5588698983192444
0.44138720631599426
0.2892311215400696
0.33576393127441406
0.3495919108390808
0.6854560971260071
0.23497168719768524
0.6267032623291016
0.6629504561424255
0.6455363035202026
0.43011921644210815
0.8191348314285278
0.3765667676925659
0.8129553198814392
0.6515331268310547
0.5313535928726196
0.4835233688354492
0.7594506144523621
0.7208558320999146
0.6875047087669373
0.8215152621269226
0.8770368695259094
0.9100104570388794
0.9281399846076965
0.8971087336540222
0.936108410358429
0.9297398328781128
0.90719074010849
0.940639078617096
0.9161404371261597
0.856717050075531
0.7587221264839172
0.8940526247024536
0.8095839619636536
0.7424203753471375
0.8597695231437683
0.7473337054252625
