0.3810715675354004
0.3177385628223419
0.4066106677055359
0.11673525720834732
0.37154945731163025
0.35518497228622437
0.4280489981174469
0.45247697830200195
0.5434490442276001
0.4672716557979584
0.19603416323661804
0.5007931590080261
0.5132871270179749
0.4543931782245636
0.2248174399137497
0.6460834741592407
0.5126723051071167
0.6442118287086487
0.48720216751098633
0.5659555196762085
0.5605354905128479
0.46987688541412354
0.30092036724090576
0.6872895359992981
0.4286115765571594
0.6142778396606445
0.601078987121582
0.5899079442024231
0.48129716515541077
0.47635310888290405
0.3975837528705597
0.2752324640750885
0.6906440258026123
0.4840651750564575
0.3660224974155426
0.3755146563053131
0.6111428141593933
0.3760877251625061
0.39431026577949524
0.6048458814620972
0.6238585710525513
0.6176022291183472
0.4090041220188141
0.5192487835884094
0.33742478489875793
0.34498563408851624
0.21621128916740417
0.28550782799720764
0.44595542550086975
0.5056630373001099
0.4635559618473053
0.4078485071659088
0.41842350363731384
0.5589656233787537
0.6986799240112305
0.6779677867889404
0.6438949108123779
0.5867693424224854
0.677632212638855
0.708643913269043
0.614016592502594
0.558008074760437
0.5990703105926514
0.5968289375305176
0.5350414514541626
0.4803784191608429
0.4032741189002991
0.5024807453155518
0.26559415459632874
0.3840635418891907
0.35667404532432556
0.39580509066581726
0.25569644570350647
0.3644731938838959
0.2754499018192291
0.6426502466201782
0.6568564176559448
0.2654212415218353
0.4949469566345215
0.7249758839607239
0.8251991271972656
0.4017001688480377
0.35761740803718567
0.26714470982551575
0.5340599417686462
0.4122850298881531
0.49818652868270874
0.6181774139404297
0.5016877055168152
0.3879774808883667
0.6685298681259155
0.6309258937835693
0.68491131067276
0.5162165760993958
0.5085769295692444
0.6363023519515991
0.5667333006858826
0.6075911521911621
0.7418171763420105
0.5414811372756958
0.6223332285881042
0.7148407101631165
0.7659671306610107
0.4641124904155731
0.6895318627357483
0.8302686810493469
0.7484891414642334
0.560803234577179
0.5472654104232788
0.6716470122337341
0.5766514539718628
0.5279944539070129
0.5999395847320557
0.4787957966327667
0.6413413286209106
0.6470714807510376
0.6601179242134094
0.6174392700195312
0.645182728767395
0.6778663992881775
0.5053972005844116
0.4880462884902954
