0.7700124382972717
0.8584825396537781
0.9677072167396545
0.9218894243240356
0.9794086813926697
0.8301066756248474
0.8994075059890747
0.810028076171875
0.6728557348251343
0.7938514351844788
0.8889912366867065
0.6183223128318787
0.7647206783294678
0.7460843324661255
0.8472530245780945
0.4145476520061493
0.5780069828033447
0.5199161171913147
0.5297208428382874
0.5730774998664856
0.8229603171348572
0.8342364430427551
0.8713237047195435
0.9462072849273682
0.7083950042724609
0.8981689810752869
0.7024820446968079
0.5304182171821594
0.44117996096611023
0.8175067901611328
0.7740957736968994
0.8515724539756775
0.904468834400177
0.9312414526939392
0.6334014534950256
0.5300947427749634
0.6295177340507507
0.6622806191444397
0.9689064025878906
0.7964235544204712
0.9548529386520386
0.9822764992713928
0.9636831283569336
0.9180243611335754
0.9771440625190735
0.9454081058502197
0.9827685952186584
0.9695060849189758
0.9250312447547913
0.9336727857589722
0.9854112267494202
0.901123046875
0.6788782477378845
0.9380921125411987
0.9749361872673035
0.777824342250824
0.3253757655620575
0.9074277877807617
0.9422332048416138
0.7167636156082153
0.3061453402042389
0.6743703484535217
0.5893042683601379
0.3864979147911072
0.28267624974250793
0.16711030900478363
0.16125449538230896
0.6031765341758728
0.45703035593032837
0.7814831137657166
0.8567902445793152
0.9298602342605591
0.8855890035629272
0.9397652745246887
0.871143639087677
0.9210549592971802
0.896775484085083
0.8716850280761719
0.9147239327430725
0.7542929649353027
0.8831216096878052
0.7825442552566528
0.7010404467582703
0.6697056889533997
0.6084931492805481
0.839149534702301
0.7940176129341125
0.9328516125679016
0.7889139652252197
0.8548585772514343
0.4496760964393616
0.44055721163749695
0.43720877170562744
0.5391141176223755
0.34919771552085876
0.6374987959861755
0.3886898458003998
0.4478827118873596
0.11256542801856995
0.4920840859413147
0.07393848896026611
0.12095683068037033
0.10187456011772156
0.06530208885669708
0.13299399614334106
0.05228357017040253
0.07169974595308304
0.05760233849287033
0.18066225945949554
0.13529759645462036
0.21759289503097534
0.3005545139312744
0.35626259446144104
0.621221661567688
0.3951791226863861
0.45520347356796265
0.8020316958427429
0.9278770089149475
0.7804596424102783
0.9762590527534485
0.9511589407920837
0.7374086380004883
0.9454246163368225
0.9788393378257751
0.9408876895904541
0.8955987095832825
0.8721889853477478
0.9271103739738464
0.8908762335777283
0.7481914758682251
0.7169831395149231
0.6743460297584534
0.7774344682693481
0.6597264409065247
0.605234682559967
0.5450127124786377
0.39437398314476013
0.6449776291847229
0.2947182357311249
0.5391418933868408
0.31368470191955566
