0.8766839504241943
0.7959192395210266
0.8383134007453918
0.6325825452804565
0.4540422260761261
0.6042906045913696
0.3953695595264435
0.38758736848831177
0.5386624336242676
0.4757770895957947
0.4238876700401306
0.25409460067749023
0.4382570683956146
0.5561245083808899
0.5372890830039978
0.5182732343673706
0.46814075112342834
0.5612207651138306
0.20393657684326172
0.1640361249446869
0.2031080722808838
0.09562661498785019
0.3866966664791107
0.42261600494384766
0.49266502261161804
0.6040982007980347
0.559219241142273
0.899679958820343
0.6710011959075928
0.7914140820503235
0.5576627850532532
0.7788478136062622
0.4577251076698303
0.6568999290466309
0.6551986336708069
0.5813668370246887
0.46054014563560486
0.4515700340270996
0.4156932234764099
0.515238344669342
0.3696829080581665
0.38795003294944763
0.56098473072052
0.55720454454422
0.20746667683124542
0.5731638073921204
0.8440258502960205
0.4967803955078125
0.12535202503204346
0.41412627696990967
0.7389811873435974
0.4937885105609894
0.24987244606018066
0.6685494184494019
0.7807819247245789
0.7760561108589172
0.8477671146392822
0.6826221942901611
0.7059970498085022
0.734329879283905
0.30047842860221863
0.26869168877601624
0.4101645052433014
0.33983728289604187
0.2678869366645813
0.5833219885826111
0.4269978702068329
0.7256352305412292
0.7166494727134705
0.6989583373069763
0.2598685622215271
0.2724444568157196
0.2820856273174286
0.4084821939468384
0.4189239740371704
0.157333105802536
0.1300235092639923
0.09882117807865143
0.156057208776474
0.12495565414428711
0.13855405151844025
0.3658374845981598
0.16156098246574402
0.7022706270217896
0.6996046900749207
0.9235992431640625
0.8914594650268555
0.9602643251419067
0.9180783033370972
0.6440178155899048
0.7461632490158081
0.7919602394104004
0.8350661396980286
0.7910676598548889
0.822710394859314
0.9040440320968628
0.8617568612098694
0.899297297000885
0.7714136242866516
0.8884227871894836
0.8959035873413086
0.8116883039474487
0.764801025390625
0.6076566576957703
0.6958651542663574
0.8769158720970154
0.712609589099884
0.528557300567627
0.4076552987098694
0.5598929524421692
0.37557241320610046
0.22809229791164398
0.5271506905555725
0.46270254254341125
0.49650838971138
0.11858092248439789
0.12980543076992035
0.3550071716308594
0.3436846435070038
0.0720611959695816
0.22714143991470337
0.3757457137107849
0.28073573112487793
0.19977712631225586
0.25829192996025085
0.10441134124994278
0.24054953455924988
0.24454651772975922
0.21769900619983673
0.1562829613685608
0.08700664341449738
0.12071839720010757
0.1559627801179886
0.09956100583076477
0.042955610901117325
0.045331843197345734
0.06705355644226074
0.20186765491962433
0.09835319966077805
0.08588448166847229
0.06274355202913284
0.06877686828374863
0.040221456438302994
0.04411628469824791
0.0760393738746643
0.14452502131462097
0.19468620419502258
0.20388385653495789
0.6743102669715881
0.149953693151474
0.31431567668914795
0.15632884204387665
0.1082463189959526
0.16409359872341156
0.21001626551151276
0.07353294640779495
0.14617416262626648
0.2955900728702545
0.43280014395713806
0.6644079685211182
0.89385986328125
0.8886759281158447
0.7355126738548279
0.9291393756866455
0.8404585719108582
0.659506618976593
0.8739064335823059
0.8906571269035339
0.8504264950752258
0.8773403167724609
0.7815020680427551
0.9440533518791199
0.9359683990478516
0.9420928955078125
0.9312950968742371
0.9674869179725647
0.9616753458976746
0.9699646830558777
0.9455209374427795
0.9616665244102478
0.8516880869865417
