0.5071763396263123
0.7600401639938354
0.5946637392044067
0.7861374020576477
0.356487900018692
0.6552526950836182
0.5531677007675171
0.5489407777786255
0.5910719037055969
0.7034730911254883
0.29003238677978516
0.649793803691864
0.2816372215747833
0.5299022793769836
0.29109907150268555
0.4785308837890625
0.4708106219768524
0.36245793104171753
0.4940560758113861
0.15762975811958313
0.467069536447525
0.29352867603302
0.6354113817214966
0.7932597398757935
0.17381325364112854
0.515835165977478
0.27887338399887085
0.2508243918418884
0.3456675112247467
0.6928844451904297
0.5722010731697083
0.5008658170700073
0.6542246341705322
0.6629722118377686
0.5140702724456787
0.395681768655777
0.7192433476448059
0.5807974934577942
0.5149713158607483
0.49978107213974
0.43328651785850525
0.4697667360305786
0.38866177201271057
0.32798925042152405
0.4321344196796417
0.31209075450897217
0.4943236708641052
0.5427049398422241
0.3012973666191101
0.6898833513259888
0.42359548807144165
0.6605554819107056
0.4668775200843811
0.18947134912014008
0.5102083683013916
0.3697318136692047
0.4567730724811554
0.20303352177143097
0.31260478496551514
0.46934086084365845
0.6219692826271057
0.2326188087463379
0.24365343153476715
0.305233895778656
0.45698779821395874
0.3751493990421295
0.5232617259025574
0.35794752836227417
0.5957626104354858
0.3209536671638489
0.5211330652236938
0.20149923861026764
0.3989516794681549
0.5735750198364258
0.6881082653999329
0.48101648688316345
0.37384817004203796
0.43887636065483093
0.689890444278717
0.43695640563964844
0.44694578647613525
0.6143320798873901
0.4612276256084442
0.3326149880886078
0.5249890089035034
0.33666205406188965
0.5137835144996643
0.22713743150234222
0.6106789708137512
0.14650657773017883
0.6158083081245422
0.3188689053058624
0.45646196603775024
0.333013117313385
0.4240603744983673
0.42887645959854126
0.49844449758529663
0.5422291159629822
0.6710256338119507
0.7172212600708008
0.7243178486824036
0.8424348831176758
0.7869505286216736
0.8416546583175659
0.43864384293556213
0.6260541081428528
0.544723391532898
0.5307585597038269
0.551219642162323
0.7506522536277771
0.3925556540489197
0.7262775301933289
0.4157254993915558
0.6449920535087585
0.37314125895500183
0.5443651080131531
0.5186606049537659
0.39730820059776306
0.4840252697467804
0.16486716270446777
0.48921340703964233
0.33310264348983765
0.5948508381843567
0.7573811411857605
0.24253156781196594
0.4758637845516205
0.29355213046073914
0.22890064120292664
0.40833017230033875
0.7090896964073181
0.5796099901199341
0.5144982933998108
0.5726070404052734
0.661571741104126
0.539694607257843
0.5102666616439819
0.7934171557426453
0.6266290545463562
0.589718759059906
0.5166120529174805
0.49407604336738586
0.4601351022720337
0.4021866023540497
0.3948872685432434
0.4319268763065338
0.2764827311038971
0.5274471640586853
0.46166181564331055
0.30460110306739807
0.6472724676132202
0.3561885952949524
0.5133008360862732
0.3591126501560211
0.19667336344718933
0.4675711691379547
0.26370278000831604
0.3986679017543793
0.19107457995414734
0.3426327705383301
0.4592896103858948
0.635111391544342
0.34790411591529846
0.4915042519569397
0.4277653396129608
0.5231525301933289
0.5757167935371399
0.6947908401489258
0.2703006863594055
0.7028411030769348
0.4118880331516266
0.6386759281158447
0.23932939767837524
0.3916196823120117
0.5006276965141296
0.5301697850227356
0.3970573842525482
0.3364028036594391
0.33348381519317627
0.5215541124343872
0.3381503224372864
0.3624630272388458
0.5475702881813049
0.3619556725025177
0.3409575819969177
0.5561620593070984
0.37078922986984253
0.5958312153816223
0.21474169194698334
0.6272347569465637
0.21968764066696167
0.5170356631278992
0.45101797580718994
0.36658966541290283
0.2701961100101471
0.27957025170326233
