0.1704424023628235
0.14563541114330292
0.33404573798179626
0.3948100507259369
0.4440516531467438
0.3002837598323822
0.21556751430034637
0.21972179412841797
0.45952850580215454
0.2486104518175125
0.11487703770399094
0.25289779901504517
0.221291184425354
0.1498780995607376
0.1585819572210312
0.5432091951370239
0.34702974557876587
0.4529559314250946
0.3300210237503052
0.47415003180503845
0.49882104992866516
0.7020347118377686
0.6762024760246277
0.6553507447242737
0.4838201105594635
0.6149163842201233
0.6720952987670898
0.6667231917381287
0.47232353687286377
0.5778270363807678
0.4733828008174896
0.5611271858215332
0.5599325895309448
0.38997331261634827
0.3022066056728363
0.1627250611782074
0.2683050036430359
0.20601427555084229
0.4963068962097168
0.2319805920124054
0.5350976586341858
0.5635767579078674
0.5320563912391663
0.4364880621433258
0.29525116086006165
0.5214754343032837
0.4896813631057739
0.20215153694152832
0.559474766254425
0.6499145030975342
0.4189838469028473
0.5500710606575012
0.5934322476387024
0.6078126430511475
0.6763129830360413
0.6279999613761902
0.5250272750854492
0.4368843138217926
0.32729047536849976
0.5442845225334167
0.6087287068367004
0.6294319033622742
0.7575646638870239
0.558517575263977
0.11281798034906387
0.20550282299518585
0.3766329884529114
0.16095750033855438
0.12262708693742752
0.2308417111635208
0.26969167590141296
0.26605239510536194
0.2652939558029175
0.4926559627056122
0.4583771526813507
0.3417002856731415
0.14467236399650574
0.44788822531700134
0.5339334607124329
0.25730425119400024
0.3882460296154022
0.2166484147310257
0.5780565738677979
0.6254820823669434
0.6779291033744812
0.37215715646743774
0.6845048666000366
0.2094237357378006
0.28039422631263733
0.24099881947040558
0.3570016622543335
0.1388661414384842
0.4733377993106842
0.5456034541130066
0.498636931180954
0.3075615167617798
0.3464869558811188
0.42287442088127136
0.10131611675024033
0.2258029729127884
0.42164939641952515
0.32423967123031616
0.348972350358963
0.6026290059089661
0.25701904296875
0.5867128372192383
0.3697303831577301
0.5302358269691467
0.6473288536071777
0.5499675869941711
0.6511220335960388
0.29603272676467896
0.6095148324966431
0.6504330635070801
0.6163902282714844
0.7419357895851135
0.5866882801055908
0.3154642879962921
0.7005497813224792
0.503555178642273
0.29021820425987244
0.5753229856491089
