0.15640847384929657
0.2089741826057434
0.29932862520217896
0.17281290888786316
0.359260231256485
0.4981135427951813
0.4242614805698395
0.4281150996685028
0.6015528440475464
0.5472143888473511
0.3452364504337311
0.41703835129737854
0.5177417397499084
0.5515038967132568
0.22018492221832275
0.37379828095436096
0.32169532775878906
0.2685609757900238
0.4059157073497772
0.5714395642280579
0.5679236650466919
0.5781341195106506
0.7012532353401184
0.3252444863319397
0.7242034077644348
0.46110355854034424
0.6678971648216248
0.8004782795906067
0.7156758904457092
0.43728819489479065
0.645980179309845
0.30420199036598206
0.5804675817489624
0.24642443656921387
0.26927903294563293
0.5417524576187134
0.46709421277046204
0.5254064798355103
0.681774377822876
0.5581596493721008
0.38374805450439453
0.4127241373062134
0.1733325719833374
0.4896319806575775
0.4997665584087372
0.7278014421463013
0.37230587005615234
0.5193291306495667
0.1360805332660675
0.3010796010494232
0.15446244180202484
0.3339623212814331
0.3568575382232666
0.26127561926841736
0.296644389629364
0.16165733337402344
0.265289843082428
0.23105740547180176
0.11009863018989563
0.2515755295753479
0.21747231483459473
0.44013097882270813
0.3332739770412445
0.4244350492954254
0.45592042803764343
0.4739392101764679
0.43097633123397827
0.2656693160533905
0.6311676502227783
0.4373585283756256
0.6760343909263611
0.22947080433368683
0.3992239534854889
0.23293498158454895
0.5198369026184082
0.2525024116039276
0.4668301045894623
0.23419547080993652
0.5768881440162659
0.2429400533437729
0.5961617827415466
0.613867461681366
0.5121898055076599
0.6131133437156677
0.6004979610443115
0.37680962681770325
0.2655430734157562
0.23134472966194153
0.16911417245864868
0.19992180168628693
0.165691539645195
0.14628292620182037
0.20742842555046082
0.10646218806505203
0.1706678569316864
0.3692179322242737
0.23662026226520538
0.4979907274246216
0.20869524776935577
0.5696793794631958
0.48881855607032776
0.30872851610183716
0.573218047618866
0.4540730118751526
0.2762824296951294
0.43232589960098267
0.3716108798980713
0.2914692461490631
0.2565462589263916
0.1693078875541687
0.3023492991924286
0.5135735273361206
0.4561610817909241
0.26460009813308716
0.4607381820678711
0.40771815180778503
0.5167380571365356
0.596283495426178
0.6364810466766357
0.5287825465202332
0.5148157477378845
0.2601729929447174
0.14757490158081055
0.14120040833950043
0.0911104679107666
0.22947163879871368
0.2326180636882782
0.3522404730319977
0.38956719636917114
0.5794011950492859
0.5521087050437927
0.4065920412540436
0.5662534832954407
0.5072067379951477
0.3515903651714325
0.5232734084129333
0.2921646535396576
0.474718302488327
0.6271575689315796
0.6821743845939636
0.4861610233783722
0.2991894781589508
0.23952776193618774
0.23380854725837708
0.29702121019363403
0.2645070254802704
0.44954338669776917
0.43467020988464355
0.36075082421302795
0.33230262994766235
0.4333166182041168
0.32506200671195984
0.7189858555793762
0.7131474614143372
0.46024027466773987
0.5601036548614502
0.7084563970565796
0.5380200743675232
0.6493392586708069
0.606281042098999
0.38805294036865234
0.45688024163246155
0.41378772258758545
0.39775124192237854
0.4697929620742798
0.24707908928394318
0.5712423324584961
0.1997477114200592
0.5290377736091614
0.2581751346588135
0.742808997631073
0.7744712829589844
0.8764880299568176
0.6059989929199219
0.8475188612937927
0.8903174996376038
0.6925914883613586
0.8522154092788696
0.39125242829322815
0.723658561706543
0.1910487860441208
0.5497349500656128
0.3838210701942444
0.5155364871025085
0.4458237290382385
0.48966169357299805
0.41326653957366943
0.4012332558631897
0.5375664830207825
0.4983544945716858
0.5963371992111206
0.5328382253646851
0.8432613015174866
0.5026134848594666
0.8427923321723938
0.7751069664955139
0.8429490327835083
0.5775922536849976
0.7571675777435303
0.29496070742607117
0.41538113355636597
0.5144144296646118
0.42775294184684753
0.2927202582359314
0.3979669213294983
0.4264080226421356
0.42736658453941345
0.0892258808016777
0.21182286739349365
0.19203072786331177
0.21706144511699677
0.26099929213523865
0.21446187794208527
0.1630673110485077
0.3641429543495178
0.32709330320358276
0.2912570834159851
0.7249313592910767
0.7335163354873657
0.7216454148292542
0.45557233691215515
0.542384922504425
0.3813965618610382
0.44732752442359924
0.3910377025604248
0.35591214895248413
0.4433523714542389
0.21784958243370056
0.6888721585273743
0.4111829102039337
0.36179015040397644
0.4913148880004883
0.34985557198524475
0.5755478143692017
0.17878897488117218
0.5903411507606506
0.23050358891487122
0.39626482129096985
0.3687779903411865
