0.05725116282701492
0.08725827932357788
0.1444634348154068
0.12242865562438965
0.30367082357406616
0.1568305790424347
0.3932943046092987
0.4339054524898529
0.6995919346809387
0.7609289884567261
0.792238712310791
0.9241388440132141
0.7155729532241821
0.7971383929252625
0.8234029412269592
0.8340725898742676
0.7116165161132812
0.7641861438751221
0.877055823802948
0.5986177325248718
0.6796080470085144
0.8019334077835083
0.9010180234909058
0.7596564292907715
0.8684728741645813
0.6705220937728882
0.8876150846481323
0.5558440685272217
0.7834270596504211
0.7593924403190613
0.6906130909919739
0.4905225932598114
0.38860389590263367
0.32664981484413147
0.15383180975914001
0.32809194922447205
0.12524642050266266
0.3499264419078827
0.36984407901763916
0.528403103351593
0.4562760591506958
0.6757559776306152
0.7381054162979126
0.7760462164878845
0.8062267899513245
0.7419454455375671
0.4078192114830017
0.4978692829608917
0.24366514384746552
0.18163836002349854
0.23603619635105133
0.25911253690719604
0.3173612654209137
0.46566882729530334
0.26833072304725647
0.23438160121440887
0.4322373569011688
0.466839998960495
0.5836889743804932
0.5369249582290649
0.39559879899024963
0.6315076351165771
0.5029506087303162
0.501762866973877
0.412164568901062
0.39188408851623535
0.6623846292495728
0.42826181650161743
0.5519618988037109
0.36170604825019836
0.4335632622241974
0.40206998586654663
0.4909614622592926
0.5052434206008911
0.42284634709358215
0.5100322365760803
0.4623514413833618
0.3688334822654724
0.5925129055976868
0.3077954649925232
0.5093821883201599
0.41084951162338257
0.5021883845329285
0.4318767786026001
0.23764964938163757
0.2472173422574997
0.37540385127067566
0.2680474519729614
0.24422629177570343
0.40566104650497437
0.6065852642059326
0.4891485273838043
0.6017940640449524
0.5865946412086487
0.6677470207214355
0.6466146111488342
0.6867385506629944
0.6700876951217651
0.4162403643131256
0.5171741247177124
0.4419957995414734
0.23048441112041473
0.19740049540996552
0.4145907461643219
0.24987252056598663
0.3387802541255951
0.3725660741329193
0.6522042751312256
0.6287268996238708
0.6558045148849487
0.6200465559959412
0.5495695471763611
0.36341193318367004
0.5062547326087952
0.46559014916419983
0.556218147277832
0.5008314847946167
0.6448495984077454
0.5686010122299194
0.5105220675468445
0.5689165592193604
0.5667285919189453
0.6295588612556458
0.5505654215812683
0.4717244505882263
0.5319554805755615
0.3407168686389923
0.6152133345603943
0.5252324938774109
0.4846809208393097
0.42668670415878296
0.48421159386634827
0.5487937331199646
0.7776736617088318
0.7346476316452026
0.7842509150505066
0.8874253630638123
0.6607909798622131
0.7362740635871887
0.4112754166126251
0.4482406973838806
0.6368353962898254
0.3965950310230255
0.3662530481815338
0.5392845273017883
0.5771220922470093
0.5802486538887024
0.6650646924972534
0.44511160254478455
0.7983152270317078
0.5666034817695618
0.6073244214057922
0.5582809448242188
0.426748663187027
