0.03499893471598625
0.03150559961795807
0.05354825407266617
0.031733956187963486
0.07713528722524643
0.007476652041077614
0.004474438726902008
0.002853271784260869
0.009482461027801037
0.002067818306386471
0.0038423046935349703
0.029294291511178017
0.11929938942193985
0.031022846698760986
0.01622602343559265
0.15980876982212067
0.277901828289032
0.023221464827656746
0.017647527158260345
0.44670116901397705
0.5537054538726807
0.04704075679183006
0.09815042465925217
0.7859074473381042
0.4602619409561157
0.3484577238559723
0.16393892467021942
0.05887711048126221
0.011962412856519222
0.007261030375957489
0.004656339064240456
0.003612770466133952
0.008401750586926937
0.036998581141233444
0.28249838948249817
0.2668570578098297
0.03418724611401558
0.04451708495616913
0.10137403756380081
0.46530500054359436
0.37546467781066895
0.19546623528003693
0.23538367450237274
0.23937135934829712
0.258331298828125
0.5040217638015747
0.39164650440216064
0.1865188628435135
0.4240396320819855
0.6991312503814697
0.2924317717552185
0.318311482667923
0.4704684317111969
0.928838849067688
0.4819795787334442
0.33214983344078064
0.8409997820854187
0.8990095853805542
0.6043583154678345
0.6484770178794861
0.8033120632171631
0.48480626940727234
0.45618030428886414
0.5618855357170105
0.7192212343215942
0.40770453214645386
0.4210576117038727
0.5848420858383179
0.8981838226318359
0.6826830506324768
0.5965421795845032
0.44770348072052
0.48431164026260376
0.46405845880508423
0.6582019925117493
0.35984155535697937
0.44573974609375
0.5582341551780701
0.5151190757751465
0.09689660370349884
0.3892323970794678
0.20168283581733704
0.19486835598945618
0.12583273649215698
0.556308925151825
0.14955317974090576
0.44459977746009827
0.20400898158550262
0.4174257516860962
0.14712519943714142
0.27067726850509644
0.37842416763305664
0.6577146649360657
0.14183549582958221
0.3502017557621002
0.41400206089019775
0.17278364300727844
0.1033937931060791
0.6663177609443665
0.6148633360862732
0.046419907361269
0.3923180401325226
0.7067910432815552
0.4903632700443268
0.43609535694122314
0.04153324291110039
0.03197357803583145
0.05211459472775459
0.041128188371658325
0.08961091190576553
0.02499435283243656
0.0912594124674797
0.01883959025144577
0.03623013570904732
0.028866924345493317
0.06061940640211105
0.04664793983101845
0.030930330976843834
0.07035454362630844
0.03660893440246582
0.013072582893073559
0.07505863159894943
0.027290552854537964
0.0942038968205452
0.08874896913766861
0.09533845633268356
0.16465170681476593
0.1147521361708641
0.08179521560668945
0.10068699717521667
0.09019409120082855
0.06634499132633209
0.019038822501897812
0.025103436782956123
0.01400474738329649
0.1248050406575203
0.03503917157649994
0.008014468476176262
0.005043085664510727
0.008869344368577003
0.007388091180473566
0.022844482213258743
0.024456948041915894
0.06527633219957352
0.11863739043474197
0.09917736053466797
0.171517014503479
0.048319850116968155
0.015200717374682426
0.0707528218626976
0.020388342440128326
0.011866751126945019
0.022393042221665382
0.09362921863794327
0.021511796861886978
0.04315263032913208
0.008919281885027885
0.01220796536654234
0.049892883747816086
0.08901913464069366
0.3527838885784149
0.4941093623638153
0.23501913249492645
0.2312299907207489
0.3484393060207367
0.4707256555557251
0.26682448387145996
0.360948771238327
0.24732600152492523
0.3018629252910614
0.12752513587474823
0.0687541514635086
0.013665124773979187
0.0070929089561104774
0.004058334976434708
0.0031787485349923372
0.00366676552221179
0.006260143592953682
0.008553614839911461
0.04219217598438263
0.35971736907958984
0.20490463078022003
0.016186336055397987
0.035052113234996796
0.3501877784729004
0.17732103168964386
0.011159708723425865
0.3290809392929077
0.334214448928833
0.1280694305896759
0.06054168939590454
0.4127136468887329
0.5589187741279602
0.18178007006645203
0.05852832272648811
0.035056356340646744
0.004413092043250799
0.006439379882067442
0.00122156273573637
0.0010242268908768892
0.008472640067338943
0.05170953646302223
0.10015887022018433
0.08791834115982056
0.10873893648386002
0.028460562229156494
0.10769171267747879
0.13512903451919556
0.7185171246528625
0.47271087765693665
0.10568585991859436
0.17456182837486267
0.31497880816459656
0.09732355177402496
0.09542941302061081
0.178201362490654
0.2039751559495926
0.08748550713062286
0.020207494497299194
0.10588546842336655
0.1795070916414261
0.014825938269495964
0.03973521664738655
0.17352229356765747
0.08563850075006485
0.020348580554127693
0.01864473521709442
0.007751108147203922
0.002338885562494397
0.012116397731006145
0.01927175372838974
0.02252318151295185
0.010727106593549252
0.015565184876322746
0.0028707438614219427
0.005921913776546717
0.002171502448618412
0.0026285462081432343
0.0036551032681018114
0.002698298776522279
0.006601302418857813
0.004937799647450447
0.011647849343717098
0.008222904987633228
0.0016396405408158898
0.004432177636772394
0.0005863129626959562
0.003389212070032954
0.009369557723402977
0.003599390387535095
0.01092754490673542
0.026088453829288483
0.006107904016971588
0.008039739914238453
0.005489197093993425
0.019377917051315308
0.010347303003072739
0.018640432506799698
0.018979717046022415
0.005105157848447561
0.03815503045916557
0.016559580340981483
0.00259395525790751
0.009660282172262669
0.00794597715139389
0.016466354951262474
0.037992965430021286
0.07377097010612488
0.15407420694828033
0.049909014254808426
0.022675633430480957
0.054071612656116486
0.012822626158595085
0.07390700280666351
0.045447658747434616
0.02327117696404457
0.012521479278802872
0.015179974026978016
0.04892620071768761
0.03170834481716156
0.03413980081677437
0.042016152292490005
0.016222823411226273
0.050853777676820755
0.06494926661252975
0.05678008869290352
0.11001516878604889
0.18629787862300873
0.052756983786821365
0.01993981935083866
0.016466403380036354
0.026421794667840004
0.08002083003520966
0.5169887542724609
0.5134788155555725
0.628882884979248
0.07879560440778732
0.16305041313171387
0.024538574740290642
0.1115587055683136
0.04440964013338089
0.04930008202791214
0.07931612432003021
0.013585609383881092
0.03492084890604019
0.007374241948127747
0.01138330902904272
0.02858520857989788
0.03997485712170601
0.008383077569305897
0.039499372243881226
0.07159507274627686
0.22506017982959747
0.3868240416049957
0.2979595363140106
0.4438042938709259
0.3951454162597656
0.789591908454895
0.1833859235048294
0.0493241623044014
0.3419678807258606
0.47706419229507446
0.21562817692756653
0.033076636493206024
0.5474032163619995
0.3262052536010742
0.029737409204244614
0.06006459519267082
0.4744114279747009
0.34139758348464966
0.1354474127292633
0.3272501528263092
0.5464448928833008
0.5502264499664307
0.6845659613609314
0.42939844727516174
0.9004088640213013
0.8664366006851196
0.6335909366607666
0.7682130932807922
0.870279848575592
0.5573604702949524
0.6926673054695129
0.6871142387390137
0.5740165114402771
0.6376565098762512
0.7907224893569946
0.6422037482261658
0.35867732763290405
0.7639582753181458
0.2917858362197876
0.5824862718582153
0.2980722486972809
0.41356849670410156
0.29432743787765503
0.24101890623569489
0.5029650330543518
0.3902585208415985
0.2453012764453888
0.18574252724647522
0.06261138617992401
0.07366644591093063
0.07650504261255264
0.08412863314151764
0.009809930808842182
0.04410330206155777
0.07297410815954208
0.14077305793762207
0.056134480983018875
0.09481555223464966
0.07331571727991104
0.04551592841744423
0.2233431041240692
0.16900844871997833
0.16447323560714722
0.603082001209259
0.38730689883232117
0.7149327993392944
0.4300949275493622
0.8332463502883911
0.7895436882972717
0.7672644853591919
0.8983168005943298
0.8701737523078918
0.4843406677246094
0.9220541715621948
0.8889747262001038
0.8960552215576172
0.6869406700134277
0.7226283550262451
0.571665346622467
0.43903598189353943
0.23187071084976196
0.4260766804218292
0.2044154554605484
0.08540485054254532
0.12796442210674286
0.035820189863443375
0.12430417537689209
0.2303154170513153
0.2568844258785248
0.5007837414741516
0.8303535580635071
0.4429785907268524
0.8153743743896484
0.621801495552063
0.2049170583486557
0.11080510914325714
0.09950452297925949
0.1246747300028801
0.2705806493759155
0.20303864777088165
0.33040887117385864
0.7807024121284485
0.8727519512176514
0.43658390641212463
0.7888959050178528
0.9652008414268494
0.7724547982215881
0.7311157584190369
0.9637371897697449
0.9399046301841736
0.6046726703643799
0.8225006461143494
0.9762778878211975
0.8331438302993774
0.8925001621246338
0.9691115617752075
0.9846765995025635
0.9569445848464966
0.9497707486152649
0.9006903171539307
0.5053032040596008
0.8764846920967102
0.9451218843460083
0.8161845207214355
0.8589624166488647
0.9740011692047119
0.9590498805046082
0.9759965538978577
0.9278736114501953
0.9708965420722961
0.9660464525222778
0.9426891803741455
0.911296010017395
0.8457679748535156
0.8826890587806702
0.7740762233734131
0.4537251889705658
0.6253238320350647
0.8607269525527954
0.6210201382637024
0.26032590866088867
0.49852487444877625
0.8499255776405334
0.3254953622817993
0.32299137115478516
0.7548254132270813
0.75147545337677
0.8825220465660095
0.6542966365814209
0.9082748889923096
0.8679779767990112
0.7795575857162476
