0.04918121173977852
0.05716923251748085
0.00780439144000411
0.004953513387590647
0.013213333673775196
0.014773933216929436
0.0415547750890255
0.13286973536014557
0.24035705626010895
0.42163947224617004
0.672734797000885
0.7503005266189575
0.5152433514595032
0.7353575825691223
0.7031863331794739
0.2881743013858795
0.19474679231643677
0.3141428232192993
0.3603794276714325
0.3368818461894989
0.6317771077156067
0.15574193000793457
0.052473802119493484
0.19304317235946655
0.5124645829200745
0.06614740192890167
0.19127316772937775
0.5806676745414734
0.48763900995254517
0.1405012458562851
0.11938724666833878
0.07842756062746048
0.021991746500134468
0.014673595316708088
0.010452224873006344
0.01955408789217472
0.025849416851997375
0.026306144893169403
0.069024458527565
0.09652332216501236
0.330638587474823
0.5618193745613098
0.5785616636276245
0.7594296932220459
0.42175450921058655
0.2036285102367401
0.07407162338495255
0.10786869376897812
0.23148679733276367
0.08833419531583786
0.09672806411981583
0.21671858429908752
0.1578013151884079
0.12890130281448364
0.022389600053429604
0.0626322478055954
0.07741957157850266
0.021396413445472717
0.0273587666451931
0.021614259108901024
0.01781034842133522
0.017630696296691895
0.01766742765903473
0.004940665327012539
0.03750012442469597
0.04683782160282135
0.03056548722088337
0.0168850626796484
0.11154929548501968
0.02482219971716404
0.0183529332280159
0.04881914705038071
0.05337470397353172
0.25351759791374207
0.2986752688884735
0.19689376652240753
0.06094389036297798
0.16794997453689575
0.10996749252080917
0.09395883232355118
0.07865449786186218
0.08523465692996979
0.036638494580984116
0.04506474733352661
0.023525038734078407
0.16160939633846283
0.20343700051307678
0.07802503556013107
0.02958519011735916
0.04085204750299454
0.012061197310686111
0.04215772822499275
0.043124157935380936
0.3219884932041168
0.03564894199371338
0.34835678339004517
0.10074523836374283
0.23375752568244934
0.4340161383152008
0.2780352532863617
0.34582313895225525
0.16597884893417358
0.13152143359184265
0.07110892981290817
0.14190225303173065
0.027011606842279434
0.018167251721024513
0.0877891480922699
0.09450475126504898
0.018542760983109474
0.009850268252193928
0.01405295729637146
0.037111978977918625
0.009637955576181412
0.03690912202000618
0.04593594744801521
0.22014960646629333
0.3103019595146179
0.18183350563049316
0.05684282258152962
0.16015677154064178
0.3932575285434723
0.41157782077789307
0.5149170160293579
0.4706578254699707
0.598882794380188
0.48602810502052307
0.6763147115707397
0.5158407688140869
0.5054414868354797
0.7978922128677368
0.7929507493972778
0.7850930690765381
0.5547555088996887
0.8847152590751648
0.8058018088340759
0.47153255343437195
0.17055875062942505
0.8870656490325928
0.8430671691894531
0.24962224066257477
0.22454839944839478
0.9550673365592957
0.7900711894035339
0.26425856351852417
0.700133740901947
0.9395554065704346
0.5127618908882141
0.21932347118854523
0.7826752066612244
0.8981455564498901
0.8717501759529114
0.6923918724060059
0.5531393885612488
0.3700045049190521
0.6549791693687439
0.7567160725593567
0.6972113251686096
0.9098836183547974
0.59486323595047
0.7629122734069824
0.857917845249176
0.9659200310707092
0.9673565626144409
0.961873471736908
0.953545868396759
0.9099344611167908
0.731593906879425
0.3324063718318939
0.4413863718509674
0.04029387608170509
0.026622803881764412
0.02062476985156536
0.04573247209191322
0.02819865383207798
0.06128114461898804
0.2826181948184967
0.6715568900108337
0.1448107808828354
0.04473878815770149
0.8383641839027405
0.47080081701278687
0.06614099442958832
0.07124044001102448
0.8705480098724365
0.8822420835494995
0.17545339465141296
0.6623297929763794
0.933282196521759
0.8966224789619446
0.688330888748169
0.3288264870643616
0.5621828436851501
0.11585462093353271
0.16446177661418915
0.030793700367212296
0.13694459199905396
0.19715240597724915
0.7414442896842957
0.6902983784675598
0.9112688899040222
0.8311244249343872
0.5373506546020508
0.43613100051879883
0.9264172315597534
0.8820232152938843
0.48672518134117126
0.8304484486579895
0.9285523295402527
0.8862398266792297
0.8110538721084595
0.9183257222175598
0.8203933238983154
0.8824421763420105
0.5218915343284607
0.8545007705688477
0.6325190663337708
0.7912023067474365
0.8919194340705872
0.6366947293281555
0.6171958446502686
0.6051085591316223
0.8321285247802734
0.6056874394416809
0.30131664872169495
0.33528199791908264
0.22778603434562683
0.12813697755336761
0.06444301456212997
0.2393457591533661
0.5022173523902893
0.0694245845079422
0.24340397119522095
0.06860297173261642
0.0276254303753376
0.020791135728359222
0.027729148045182228
0.02465261146426201
0.15229828655719757
0.46269524097442627
0.5873777866363525
0.46863916516304016
0.2075733244419098
0.25545379519462585
0.38538140058517456
0.12394605576992035
0.53048175573349
0.6185987591743469
0.47254297137260437
0.13857217133045197
0.32101574540138245
0.41579973697662354
0.2391839623451233
0.20543108880519867
0.11969786137342453
0.12662683427333832
0.21531109511852264
0.0833996906876564
0.3317776322364807
0.5058292746543884
0.15056876838207245
0.06981126219034195
0.14202070236206055
0.04694560170173645
0.18246689438819885
0.12909823656082153
0.2391040027141571
0.1682138442993164
0.43297505378723145
0.87053382396698
0.288080632686615
0.42357388138771057
0.1386914700269699
0.0833381935954094
0.19684627652168274
0.6084920167922974
0.48159319162368774
0.291031152009964
0.9268141984939575
0.8710023760795593
0.7365334033966064
0.8804417252540588
0.9381840229034424
0.8285459876060486
0.7239364385604858
0.6272009611129761
0.6559378504753113
0.814138650894165
0.6374812722206116
0.24683663249015808
0.3616659939289093
0.5063782334327698
0.15734685957431793
0.3136950731277466
0.27437639236450195
0.5403285026550293
0.35620972514152527
0.827581524848938
0.8324998617172241
0.8616425395011902
0.8723486065864563
0.8202856183052063
0.8550398945808411
0.9317501783370972
0.9289504289627075
0.7189741134643555
0.9310911893844604
0.9538149237632751
0.7085309624671936
0.5666163563728333
0.9595974683761597
0.9117746353149414
0.6108161211013794
0.6645570397377014
0.923046886920929
0.762287437915802
0.3015926480293274
0.45184674859046936
0.5708372592926025
0.14088135957717896
0.10034163296222687
0.20822735130786896
0.08556465059518814
0.06072216108441353
0.06292848289012909
0.1832956075668335
0.10231925547122955
0.043938737362623215
0.0729716345667839
0.15425890684127808
0.08229611068964005
0.06037241220474243
0.04664508253335953
0.167399600148201
0.12460577487945557
0.13298018276691437
0.10454849153757095
0.13030900061130524
0.04474513232707977
0.02652423083782196
0.16147466003894806
0.019263600930571556
0.02492910623550415
0.02873098850250244
0.029728472232818604
0.05370362475514412
0.12482714653015137
0.08227156102657318
0.04559651389718056
0.10096798092126846
0.07779399305582047
0.16570058465003967
0.21730197966098785
0.42587870359420776
0.1817130744457245
0.041684869676828384
0.1682101935148239
0.351757675409317
0.2560848593711853
0.2871103286743164
0.2547237277030945
0.334944486618042
0.3941117227077484
0.1734226495027542
0.2375536561012268
0.12043064087629318
0.1425839215517044
0.19018563628196716
0.10977321118116379
0.09696215391159058
0.1899564564228058
