0.06932733207941055
0.2020922750234604
0.07616312801837921
0.22423574328422546
0.13916142284870148
0.061829302459955215
0.1463487148284912
0.10389905422925949
0.26612961292266846
0.11287256330251694
0.06757752597332001
0.06290540844202042
0.1921667605638504
0.13170337677001953
0.12038566172122955
0.24119244515895844
0.2279122918844223
0.040370091795921326
0.2120448350906372
0.6576693058013916
0.21758390963077545
0.3894156515598297
0.7176185846328735
0.9042366147041321
0.6988661885261536
0.9783865809440613
0.7949541211128235
0.9733371734619141
0.9839619398117065
0.9254897236824036
0.9538898468017578
0.9361994862556458
0.598816990852356
0.34097373485565186
0.1364266276359558
0.11680298298597336
0.09063240140676498
0.21619948744773865
0.1287512481212616
0.2682333290576935
0.5538356900215149
0.697839081287384
0.4418889582157135
0.6679216027259827
0.42218151688575745
0.8323987126350403
0.4870985448360443
0.44546425342559814
0.6385799050331116
0.7416266798973083
0.9593524932861328
0.9226879477500916
0.9782906770706177
0.9885245561599731
0.991511344909668
0.9920251965522766
0.9931002855300903
0.9907415509223938
0.9526606798171997
0.9737623929977417
0.9202690124511719
0.41289404034614563
0.5406963229179382
0.9743213653564453
0.9278343319892883
0.2652895152568817
0.8823351860046387
0.9869872331619263
0.937606930732727
0.6082138419151306
0.9748317003250122
0.9886190891265869
0.8737929463386536
0.9000523090362549
0.794475257396698
0.9450162053108215
0.7808042168617249
0.4440612494945526
0.6812097430229187
0.2424720674753189
0.04708413407206535
0.17796353995800018
0.03961491957306862
0.0916115865111351
0.08382020145654678
0.08545710146427155
0.5953092575073242
0.15368598699569702
0.3471957743167877
0.3845135569572449
0.3447329103946686
0.21499256789684296
0.47224342823028564
0.8190916180610657
0.6648387312889099
0.9531823396682739
0.9656246304512024
0.9841294884681702
0.5990050435066223
0.7617770433425903
0.9690588712692261
0.9676645398139954
0.3422837257385254
0.7143657803535461
0.9594658017158508
0.948045015335083
0.47741562128067017
0.6130293011665344
0.5949214100837708
0.3400932550430298
0.20156194269657135
0.15391050279140472
0.11623593419790268
0.0977785661816597
0.13376417756080627
0.06585053354501724
0.06515201181173325
0.15070682764053345
0.11658566445112228
0.13733157515525818
0.15868444740772247
0.26388388872146606
0.26921334862709045
0.5059655904769897
0.37675783038139343
0.5444594621658325
0.34751325845718384
0.3688339293003082
0.42873939871788025
0.6233487129211426
0.6532562375068665
0.862747848033905
0.9566876292228699
0.9487048387527466
0.8669723868370056
0.9766961336135864
0.843396008014679
0.8466981053352356
0.8113806247711182
0.9178582429885864
0.9370278120040894
0.82295161485672
