0.41650548577308655
0.5622522830963135
0.29562780261039734
0.5446771383285522
0.7476417422294617
0.6344698667526245
0.428869366645813
0.507352352142334
0.2572273313999176
0.6491705179214478
0.5988451242446899
0.19134287536144257
0.3683839440345764
0.6684131622314453
0.601284384727478
0.4526728093624115
0.6417823433876038
0.7006919980049133
0.4526576101779938
0.6409986615180969
0.709893524646759
0.5795258283615112
0.6500995755195618
0.5069625973701477
0.21272335946559906
0.15049666166305542
0.07772684842348099
0.0460524745285511
0.04738805815577507
0.07072330266237259
0.29468536376953125
0.3662432134151459
0.7067756652832031
0.5434514284133911
0.5064406991004944
0.6457751989364624
0.5507458448410034
0.31467896699905396
0.26676639914512634
0.0877540111541748
0.2804467976093292
0.2794097363948822
0.17597757279872894
0.13147953152656555
0.24213923513889313
0.21614761650562286
0.26414743065834045
0.2425350695848465
0.1903216689825058
0.14015348255634308
0.20692412555217743
0.4009639322757721
0.2142714262008667
0.18111006915569305
0.18435914814472198
0.19979190826416016
0.28345099091529846
0.1987450122833252
0.5063287019729614
0.3049110472202301
0.18623025715351105
0.19441522657871246
0.20796005427837372
0.3245658576488495
0.4362174868583679
0.3784978985786438
0.5530219078063965
0.42564839124679565
0.4157167971134186
0.3210292458534241
0.317836195230484
0.3401488661766052
0.2670516073703766
0.16874472796916962
0.09149856865406036
0.11654084175825119
0.06676280498504639
0.08477681130170822
0.041128117591142654
0.17542380094528198
0.1359604150056839
0.041063692420721054
0.0591973140835762
0.3060523569583893
0.15592947602272034
0.049890320748090744
0.12745536863803864
0.3017851412296295
0.11187819391489029
0.32516586780548096
0.2630266845226288
0.41073378920555115
0.0701003298163414
0.12681367993354797
0.016422070562839508
0.08903574198484421
0.11153937876224518
0.4492782950401306
0.36520689725875854
0.29484978318214417
0.1860903799533844
0.41303080320358276
0.10497812181711197
0.06737789511680603
0.34332597255706787
0.5480889678001404
0.056499745696783066
0.10671348124742508
0.5200439691543579
0.43942198157310486
0.049118321388959885
0.058950211852788925
0.11579189449548721
0.07961899787187576
0.03077332116663456
0.21229645609855652
0.39944472908973694
0.49487584829330444
0.14295609295368195
0.3847818672657013
0.26058870553970337
0.17566339671611786
0.304422527551651
0.15407949686050415
0.2277379333972931
0.34316983819007874
0.24221327900886536
0.1065857782959938
0.4102512300014496
0.5239684581756592
0.5683433413505554
0.5817143321037292
0.4693832993507385
0.3439115285873413
0.25720036029815674
0.22851689159870148
0.425088495016098
0.40053340792655945
0.4526808559894562
0.31670063734054565
0.6045624017715454
0.4594559073448181
0.35697683691978455
0.21430444717407227
0.4862278401851654
0.5545902848243713
0.5803596377372742
0.4272146224975586
0.14365403354167938
0.22774216532707214
0.06018425524234772
0.11961822956800461
0.0662621259689331
0.26260218024253845
0.1519608348608017
0.09431133419275284
0.20252114534378052
0.1352464109659195
0.4436621069908142
0.2236817628145218
0.18398793041706085
0.17958582937717438
0.12895826995372772
0.26044583320617676
0.13539382815361023
0.31120896339416504
0.09643442928791046
0.019848693162202835
0.04611212760210037
0.058382559567689896
0.016386454924941063
0.02964629791676998
0.09106564521789551
0.03839719668030739
0.013936180621385574
0.010556609369814396
0.013215774670243263
0.022088544443249702
0.03102104924619198
0.04654143750667572
0.08202207833528519
0.05746449902653694
0.027141893282532692
0.019210128113627434
0.04281754046678543
0.01941242627799511
0.12077295780181885
0.19846554100513458
0.12875232100486755
0.032346244901418686
0.13732460141181946
0.038180362433195114
0.04864855483174324
0.0355866439640522
0.09344200044870377
0.14895577728748322
0.22364187240600586
0.14347775280475616
0.466003954410553
0.5572658181190491
0.45396825671195984
0.6481341123580933
0.28465303778648376
0.2974516451358795
0.05160528048872948
0.023067137226462364
0.06652277708053589
0.0685243308544159
0.05364473536610603
0.029719842597842216
0.03432871773838997
0.06978722661733627
0.0595538355410099
0.030571933835744858
0.08193935453891754
0.19018107652664185
0.10080371797084808
0.03411833941936493
0.058881476521492004
0.1596708744764328
0.18109796941280365
0.3694511651992798
0.4125072658061981
0.2138492912054062
0.2477928251028061
0.19884176552295685
0.24015328288078308
0.10913991183042526
0.4309272766113281
0.35537171363830566
0.19777752459049225
0.2856684923171997
0.19290757179260254
0.08240456134080887
0.2068461924791336
0.06431456655263901
0.09552165865898132
0.051820989698171616
0.0621066577732563
0.10502155870199203
0.033120956271886826
0.06029124930500984
0.09771249443292618
0.15445533394813538
0.11839689314365387
0.1747148483991623
0.05732817202806473
0.08900167047977448
0.10217642784118652
0.07103966176509857
0.1086491271853447
0.11933199316263199
0.0516703799366951
0.2277822196483612
0.0590968020260334
0.058984532952308655
0.01928962580859661
0.07439286261796951
0.06896983087062836
0.11865535378456116
0.2628924250602722
0.12379232794046402
0.3455325663089752
0.07400647550821304
0.03086707927286625
0.3335244655609131
0.12925012409687042
0.02183789759874344
0.237567737698555
0.4029332399368286
0.15585723519325256
0.03939221054315567
0.4249628484249115
0.44114407896995544
0.08847745507955551
0.2882835268974304
0.28415268659591675
0.3020896911621094
0.2113587111234665
0.18766504526138306
0.1661832481622696
0.1359790861606598
0.11513617634773254
0.35169053077697754
0.15567035973072052
0.11848774552345276
0.211327463388443
0.24815000593662262
0.15424992144107819
0.05581247806549072
0.3003322184085846
0.46200031042099
0.25774285197257996
0.054680485278367996
0.1301184743642807
0.27103129029273987
0.13748542964458466
0.06927112489938736
0.14611463248729706
0.043614938855171204
0.07141413539648056
0.08725431561470032
0.08501678705215454
0.08265379816293716
