0.297309935092926
0.689725935459137
0.6564355492591858
0.7470642924308777
0.7312437295913696
0.7442726492881775
0.724690318107605
0.5495080947875977
0.7017576694488525
0.8281486630439758
0.421256422996521
0.6467186808586121
0.7138888239860535
0.5375288128852844
0.23433023691177368
0.35649609565734863
0.521117091178894
0.5330536365509033
0.47657886147499084
0.2802756726741791
0.6724077463150024
0.5109952092170715
0.6856516003608704
0.6529882550239563
0.5515902638435364
0.5127401351928711
0.532813310623169
0.45035499334335327
0.342842161655426
0.45676469802856445
0.5640053153038025
0.5320131778717041
0.5452060699462891
0.4224514067173004
0.6323480010032654
0.36649376153945923
0.7018331289291382
0.3319217264652252
0.6744692325592041
0.9066610336303711
0.8678086400032043
0.8219081163406372
0.9022642970085144
0.7090549468994141
0.3978172242641449
0.20629318058490753
0.3635859489440918
0.20763668417930603
0.850936233997345
0.22485025227069855
0.6863104104995728
0.3429226577281952
0.5128840804100037
0.5207171440124512
0.5479243397712708
0.43111640214920044
0.8150324821472168
0.3424524962902069
0.868927538394928
0.25511929392814636
0.7093801498413086
0.33481472730636597
0.8278282284736633
0.47618335485458374
0.6603689193725586
0.3855990469455719
0.3022482693195343
0.26082757115364075
0.1725292056798935
0.34817641973495483
0.4064151644706726
0.376519113779068
0.43297186493873596
0.5227506756782532
0.3049744665622711
0.17994055151939392
0.6736052632331848
0.16754142940044403
0.8338747024536133
0.3160226047039032
0.85385662317276
0.5985038876533508
0.8903661370277405
0.825708270072937
0.7174389958381653
0.9045750498771667
0.8138883113861084
0.7258283495903015
0.6161734461784363
0.9038084745407104
0.7149114608764648
0.36859387159347534
0.7928441762924194
0.8545401692390442
0.2759173810482025
0.3176400661468506
0.7821415066719055
0.6445143818855286
0.05436839535832405
0.36698856949806213
0.7377496361732483
0.1471516489982605
0.07221493870019913
0.4171845018863678
0.19100984930992126
0.3131765127182007
0.39669352769851685
0.17819470167160034
0.07967325299978256
0.10722801089286804
0.10935499519109726
0.18515941500663757
0.17566464841365814
0.12050241976976395
0.2830302119255066
0.19755426049232483
0.13497386872768402
0.22880207002162933
0.19304366409778595
0.23167367279529572
0.12486093491315842
0.36487022042274475
0.3913249969482422
0.3135678172111511
0.7938564419746399
0.10407096892595291
0.8529554605484009
0.14627332985401154
0.8600249886512756
0.3413065969944
0.9120266437530518
0.7913526892662048
0.43163391947746277
0.7193088531494141
0.4601020812988281
0.7427799105644226
0.3450755178928375
0.3346686065196991
0.405673086643219
0.15270966291427612
0.13278426229953766
0.17614910006523132
0.4644318222999573
0.04880233854055405
0.08077062666416168
0.28010451793670654
0.10020889341831207
0.03569886460900307
0.14184845983982086
0.12507161498069763
0.1953427642583847
0.12158911675214767
0.3500351011753082
0.2654447555541992
0.30815374851226807
0.26364848017692566
0.3189395070075989
0.40775400400161743
0.2804183065891266
0.372419148683548
0.40560799837112427
0.31523191928863525
0.1326737254858017
0.40707626938819885
0.39999791979789734
0.4566241502761841
0.42300134897232056
0.370470255613327
0.49364981055259705
0.2323170304298401
0.4542722702026367
0.37512922286987305
0.3849423825740814
0.4986294209957123
0.6610794067382812
0.3416643440723419
0.32657289505004883
0.27514463663101196
0.2864724397659302
0.14914563298225403
0.18334287405014038
0.07185353338718414
0.17613409459590912
0.1157979816198349
0.1151619479060173
0.2809404134750366
0.17871646583080292
0.24127274751663208
0.5463287830352783
0.3754825294017792
0.320607990026474
0.3469220697879791
0.26350313425064087
0.26387426257133484
0.6418226361274719
0.4436994791030884
0.43056610226631165
0.3863937556743622
0.3686349093914032
0.6100059151649475
0.44187721610069275
0.5304962396621704
0.583437442779541
0.4972187578678131
0.4293763041496277
0.4810580611228943
0.45546334981918335
0.3500734567642212
0.34492141008377075
0.4790729880332947
0.5269520878791809
0.5345991253852844
0.6256330609321594
0.6149009466171265
0.5065677165985107
0.4116751253604889
0.19458284974098206
0.26489925384521484
0.43188732862472534
0.3593957722187042
0.631434440612793
0.6239426732063293
0.6590450406074524
0.8487694263458252
0.6535377502441406
0.9145052433013916
0.957569420337677
0.9254135489463806
0.8690758347511292
0.8491586446762085
0.5906965732574463
0.6663028597831726
0.781030535697937
0.6253086924552917
0.49921444058418274
0.7387168407440186
0.6672613620758057
0.8097521066665649
0.7097352147102356
0.7517814040184021
0.862714946269989
0.635513186454773
0.5162516832351685
0.8116813898086548
0.804298996925354
0.6760649681091309
0.3016912341117859
0.7287175059318542
0.38655030727386475
0.3992484211921692
0.19954319298267365
0.41380536556243896
0.41725048422813416
0.4904234707355499
0.2075185328722
0.2419765293598175
0.370699405670166
0.4159274399280548
0.34848150610923767
0.39151421189308167
0.39592283964157104
0.27861663699150085
0.32614070177078247
0.397030234336853
0.36666569113731384
