0.09455791860818863
0.09192369878292084
0.5267798900604248
0.057366032153367996
0.061581168323755264
0.12407079339027405
0.20512422919273376
0.06793434172868729
0.13331978023052216
0.1255754977464676
0.2645387053489685
0.16074496507644653
0.0794355571269989
0.2572542726993561
0.24791479110717773
0.1848059445619583
0.21826472878456116
0.26589086651802063
0.19509267807006836
0.3081275522708893
0.3833748400211334
0.5256401896476746
0.6663033366203308
0.6384723782539368
0.16706949472427368
0.4516558051109314
0.6363452076911926
0.6400973796844482
0.15383784472942352
0.12674526870250702
0.6261056065559387
0.3077164888381958
0.3358512222766876
0.49846214056015015
0.4728992283344269
0.2779403328895569
0.3908015787601471
0.46754783391952515
0.3137550950050354
0.47257259488105774
0.5948293805122375
0.44765982031822205
0.24070146679878235
0.21668741106987
0.40179046988487244
0.5250319838523865
0.30552536249160767
0.3117925822734833
0.6782305836677551
0.549119770526886
0.8539652824401855
0.7098612189292908
0.845951497554779
0.8971606492996216
0.8140780329704285
0.7689893841743469
0.6986072659492493
0.3572278320789337
0.7649353742599487
0.25265827775001526
0.4548843204975128
0.08263189345598221
0.2542036473751068
0.35311537981033325
0.650489866733551
0.3368961811065674
0.6938669681549072
0.38274940848350525
0.6983769536018372
0.3028346002101898
0.39345958828926086
0.5150848627090454
0.5308123826980591
0.4832386374473572
0.559557318687439
0.23756994307041168
0.28478825092315674
0.16464513540267944
0.13065001368522644
0.07551198452711105
0.053558602929115295
0.12573321163654327
0.09294552356004715
0.12532766163349152
0.12222319096326828
0.13342279195785522
0.10132526606321335
0.17451606690883636
0.3492901623249054
0.5956444144248962
0.1963653266429901
0.7455495595932007
0.6553036570549011
0.3966844975948334
0.24569474160671234
0.11179602146148682
0.05319300666451454
0.060366544872522354
0.12835921347141266
0.14442351460456848
0.16711454093456268
0.2558683156967163
0.27214446663856506
0.21831971406936646
0.40626832842826843
0.49064579606056213
0.5952259302139282
0.5113257169723511
0.8353593945503235
0.8698822855949402
0.8703038692474365
0.5886277556419373
0.7993888258934021
0.9571568369865417
0.8196040987968445
0.5189698934555054
0.9124667048454285
0.9170756936073303
0.5235133171081543
0.6321306824684143
0.9117607474327087
0.801365315914154
0.26436635851860046
0.4703214466571808
0.7802094221115112
0.36043834686279297
0.5911280512809753
0.19801993668079376
0.21706557273864746
0.456853985786438
0.20910565555095673
0.22446100413799286
0.24647589027881622
0.4201504588127136
0.25972437858581543
0.17336416244506836
0.33129599690437317
0.25114011764526367
0.14856785535812378
0.08223094046115875
0.10545618087053299
0.07081308960914612
0.060795921832323074
0.05751632899045944
0.06923268735408783
0.09990307688713074
0.03417287394404411
0.08022558689117432
0.4374053180217743
0.21755577623844147
0.4234077036380768
