0.4741300642490387
0.5793902277946472
0.42827245593070984
0.6921209692955017
0.28757861256599426
0.1617233157157898
0.3769679069519043
0.43120598793029785
0.7211596965789795
0.8147178292274475
0.8407343626022339
0.8926634192466736
0.8957337141036987
0.9264715313911438
0.8682087063789368
0.8084777593612671
0.5203583836555481
0.884833812713623
0.49711909890174866
0.7590807676315308
0.8007382750511169
0.8087279796600342
0.8643565773963928
0.7833598256111145
0.8975977301597595
0.6682109832763672
0.7840765714645386
0.7653346061706543
0.8037891387939453
0.7420392632484436
0.8564478158950806
0.6937212347984314
0.4844779968261719
0.6606013178825378
0.36764734983444214
0.5447507500648499
0.4634186029434204
0.45001640915870667
0.44255176186561584
0.26634472608566284
0.1594529002904892
0.5285677909851074
0.48856401443481445
0.4983440935611725
0.4735281765460968
0.6396263837814331
0.5186095833778381
0.23476828634738922
0.5205435156822205
0.3703628182411194
0.7119457721710205
0.829785168170929
0.82087242603302
0.8126643300056458
0.893473744392395
0.9435020089149475
0.9577932357788086
0.8310847878456116
0.9258883595466614
0.6852372288703918
0.8815229535102844
0.49117761850357056
0.6700972318649292
0.6185145378112793
0.752661406993866
0.7739410996437073
0.7872441411018372
0.8043617010116577
0.8675753474235535
0.9404114484786987
0.869983971118927
0.9587671756744385
0.8371530771255493
0.9178091883659363
0.9346617460250854
0.7897220253944397
0.46675580739974976
0.8100741505622864
0.8356359601020813
0.67708420753479
0.7450305819511414
0.48674213886260986
0.44497886300086975
0.38956958055496216
0.2689625918865204
0.36043718457221985
