0.35617923736572266
0.4928717017173767
0.3142870366573334
0.5662143230438232
0.3781881332397461
0.4014889895915985
0.15793967247009277
0.3702695965766907
0.5061044692993164
0.3808533251285553
0.438814252614975
0.5506213307380676
0.5442262887954712
0.3168959617614746
0.7263593673706055
0.8269774913787842
0.5566864013671875
0.31586557626724243
0.4618994891643524
0.5345385670661926
0.22203153371810913
0.14861206710338593
0.22893445193767548
0.20716913044452667
0.09613188356161118
0.19024908542633057
0.1736651360988617
0.12484775483608246
0.09086618572473526
0.05154053866863251
0.12815290689468384
0.22135145962238312
0.24168477952480316
0.09679042547941208
0.04962003603577614
0.22418256103992462
0.06156716123223305
0.08490151166915894
0.03084745444357395
0.054011303931474686
0.10008447617292404
0.0384884774684906
0.030364355072379112
0.07691945880651474
0.11905664950609207
0.08590514957904816
0.16367140412330627
0.44611459970474243
0.40781503915786743
0.5599620938301086
0.373314768075943
0.40818965435028076
0.31552407145500183
0.15577895939350128
0.014067118056118488
0.08286071568727493
0.09194468706846237
0.020163236185908318
0.013960682787001133
0.05619962513446808
0.023338178172707558
0.007745333947241306
0.036359917372465134
0.01925009861588478
0.0139243733137846
0.0908103808760643
0.08536901324987411
0.16286112368106842
0.050800491124391556
0.26127415895462036
0.38589078187942505
0.040839701890945435
0.2867695987224579
0.6496299505233765
0.2713788151741028
0.08011485636234283
0.10688894242048264
0.6573039889335632
0.3263624310493469
0.05390810966491699
0.32412031292915344
0.4516686499118805
0.23604579269886017
0.287852942943573
0.7766731381416321
0.7057875990867615
0.38875097036361694
0.8890253901481628
0.8219745755195618
0.5786268711090088
0.6486285924911499
0.39241474866867065
0.6202132701873779
0.9274820685386658
0.9551951289176941
0.9384986162185669
0.7674251794815063
0.7624403834342957
0.9369286298751831
0.7726643681526184
0.29706647992134094
0.6817114949226379
0.8071774244308472
0.09398306161165237
0.23373527824878693
0.7015596032142639
0.24566788971424103
0.015761254355311394
0.31403684616088867
0.21945814788341522
0.05523792654275894
0.04129212722182274
0.16323724389076233
0.13654489815235138
0.055075425654649734
0.1658371090888977
0.1277504712343216
0.11412499845027924
0.11798768490552902
0.08938043564558029
0.22474803030490875
0.1125212088227272
0.09501897543668747
0.0525975227355957
0.04562472179532051
0.03485538437962532
0.023637520149350166
0.04527468979358673
0.0667119100689888
0.07789798825979233
0.11366870999336243
0.21222937107086182
0.594249427318573
0.2869814932346344
0.9151214957237244
0.789090633392334
0.8125312924385071
0.9633820652961731
0.7668856382369995
0.3581451177597046
0.9308324456214905
0.9376622438430786
0.2921570837497711
0.41884201765060425
0.8971773982048035
0.8066897988319397
0.24921481311321259
0.8626435399055481
0.5456926822662354
0.7234673500061035
0.3341006338596344
0.17927014827728271
0.2422914057970047
0.29081445932388306
0.20088785886764526
0.7073093056678772
0.35836151242256165
0.4488448202610016
0.7168143391609192
0.6613303422927856
0.307189017534256
0.2288985252380371
0.11539529263973236
0.27950215339660645
0.23650649189949036
0.03803921490907669
0.061853986233472824
0.068034328520298
0.0530201755464077
0.03824606165289879
0.08393136411905289
0.10676904022693634
0.1048441156744957
0.1072525680065155
0.07637573778629303
0.07171598821878433
0.04527412727475166
0.020527847111225128
0.06312260776758194
0.025574494153261185
0.13804492354393005
0.09619405120611191
0.7395220398902893
0.759797990322113
0.8455093502998352
0.8638031482696533
0.40146902203559875
0.47906383872032166
0.8089777827262878
0.2622317969799042
0.16749413311481476
0.4667426347732544
0.37994590401649475
0.08913309872150421
0.10870632529258728
0.2851959764957428
0.07322815805673599
0.033044762909412384
0.2494972050189972
0.18912577629089355
0.09107080101966858
0.09349440783262253
0.11648563295602798
0.21830782294273376
0.11481012403964996
0.05241209268569946
0.08827375620603561
0.06881929934024811
0.057887885719537735
0.0668652132153511
0.3209798038005829
0.7163603901863098
0.5408945083618164
0.257828027009964
0.5895361304283142
0.26263532042503357
0.5352547764778137
0.5730901956558228
0.1346300095319748
0.2890303134918213
0.6373245716094971
0.4855954349040985
0.3840554356575012
0.18646712601184845
0.08142925798892975
0.09618420898914337
0.1863413006067276
0.12358377873897552
0.6083306074142456
0.8946307301521301
0.6811763048171997
0.8679215312004089
0.46096092462539673
0.13199889659881592
0.41203632950782776
0.5193582773208618
0.09730349481105804
0.019151596352458
0.06482589244842529
0.017337040975689888
0.04281816631555557
0.04964681342244148
0.022591914981603622
0.039802711457014084
0.017548708245158195
0.04868008568882942
0.07543739676475525
0.12409301847219467
0.050939638167619705
0.02290661633014679
0.03233802691102028
0.16805091500282288
0.04934709146618843
0.03663094714283943
0.17378875613212585
0.0953524112701416
0.1884496510028839
0.19031067192554474
