0.10783042758703232
0.22774097323417664
0.13800150156021118
0.07516481727361679
0.06158732250332832
0.016723159700632095
0.006680814549326897
0.015077228657901287
0.04502275958657265
0.027527345344424248
0.022404955700039864
0.055393368005752563
0.06671157479286194
0.12549349665641785
0.017990434542298317
0.06788773089647293
0.17594781517982483
0.06934835016727448
0.06594757735729218
0.2308575063943863
0.15467573702335358
0.16013070940971375
0.10561531037092209
0.020662013441324234
0.01263499353080988
0.004004643764346838
0.0022909243125468493
0.008046519942581654
0.006198330316692591
0.021385643631219864
0.10018868744373322
0.08467802405357361
0.016491804271936417
0.016554469242691994
0.015489473938941956
0.039304353296756744
0.07910362631082535
0.011427747085690498
0.0006543945637531579
0.022761285305023193
0.08162073791027069
0.0068711391650140285
0.003688684431836009
0.06268856674432755
0.14930245280265808
0.021761659532785416
0.037741828709840775
0.1000709980726242
0.02969365380704403
0.005352586042135954
0.007283392827957869
0.0040654330514371395
0.010532007552683353
0.028716273605823517
0.2895205020904541
0.3465559482574463
0.4194113314151764
0.5382519364356995
0.14235460758209229
0.1445314586162567
0.686587393283844
0.47219881415367126
0.05936633422970772
0.29209819436073303
0.6534064412117004
0.2229338437318802
0.10246104747056961
0.5106469988822937
0.44953209161758423
0.1884130984544754
0.3341899514198303
0.09128079563379288
0.2787359356880188
0.2635428011417389
0.24754483997821808
0.10306341201066971
0.10138154774904251
0.08653177320957184
0.07024209201335907
0.15698757767677307
0.10758636146783829
0.3070586621761322
0.30828166007995605
0.31207457184791565
0.20001652836799622
0.48913171887397766
0.12529948353767395
0.1691681146621704
0.39704573154449463
0.34274327754974365
0.16194982826709747
0.3417358100414276
0.500238835811615
0.24223358929157257
0.11731431633234024
0.31212034821510315
0.26101139187812805
0.38673749566078186
0.19827057421207428
0.21984143555164337
0.1738092303276062
0.2116231471300125
0.321859210729599
0.38060611486434937
0.17173504829406738
0.30910739302635193
0.12943895161151886
0.26076847314834595
0.1118941605091095
0.08072529733181
0.09597786515951157
0.1038329005241394
0.2240699976682663
0.10554604977369308
0.18405456840991974
0.07488084584474564
0.3515024781227112
0.4283882677555084
0.45709526538848877
0.16312827169895172
0.6843664646148682
0.4049436151981354
0.13873504102230072
0.2566501200199127
0.4779459536075592
0.09760385006666183
0.10372629761695862
0.24884918332099915
0.18948732316493988
0.1254749745130539
0.05400117486715317
0.2666016221046448
0.19310159981250763
0.1815049946308136
0.2574850618839264
0.149930939078331
0.08489290624856949
0.07952653616666794
0.2911788523197174
0.2193577140569687
0.05262705683708191
0.11600204557180405
0.3302670419216156
0.20491965115070343
0.10064513236284256
0.20703764259815216
0.3345410227775574
0.2744251787662506
0.20261524617671967
0.173667311668396
0.016791364178061485
0.034258950501680374
0.027125269174575806
0.08569655567407608
0.16320692002773285
0.11806230992078781
0.13309460878372192
0.246294766664505
0.051594190299510956
0.058879077434539795
0.1278114765882492
0.26090699434280396
0.5745573043823242
0.31908491253852844
0.226204052567482
0.32968786358833313
0.5901082754135132
0.2535783350467682
0.38622310757637024
0.2336561232805252
0.1807616502046585
0.10617973655462265
0.14301039278507233
0.23950181901454926
0.09281398355960846
0.011090745218098164
0.004093697760254145
0.0046817222610116005
0.009486299939453602
0.026232266798615456
0.05073530599474907
0.009998864494264126
0.14541088044643402
0.18129585683345795
0.02505267970263958
0.2902481257915497
0.2892496883869171
0.04708024486899376
0.11050484329462051
0.29852357506752014
0.19836902618408203
0.24128828942775726
0.1510981321334839
0.1999468356370926
0.15112453699111938
0.0793028324842453
0.12589368224143982
0.1801242232322693
0.43122154474258423
0.23875294625759125
0.03625142201781273
0.2827517092227936
0.4290860593318939
0.09555400907993317
0.11291658878326416
0.47834259271621704
0.4182894825935364
0.1486533135175705
0.3134552240371704
0.15225370228290558
0.15904071927070618
0.19824393093585968
0.06400246173143387
0.21239760518074036
0.09094563871622086
0.06350574642419815
0.07401348650455475
0.15148665010929108
0.11512039601802826
0.03950997069478035
0.1292169839143753
0.10493768006563187
0.06555423140525818
0.029424849897623062
0.2973306179046631
0.17040260136127472
0.06164861470460892
0.06122424826025963
0.17886923253536224
0.3162182867527008
0.26713287830352783
0.21402320265769958
0.28515559434890747
0.18986625969409943
0.157664492726326
0.18526943027973175
0.05218125134706497
0.19362030923366547
0.1240609884262085
0.07013680785894394
0.06367907673120499
0.10674329102039337
0.08385227620601654
0.10441324859857559
0.22274170815944672
0.14695070683956146
0.05376671627163887
0.18159641325473785
0.34444528818130493
0.15459392964839935
0.0913974791765213
0.4942372143268585
0.4068605601787567
0.1764686107635498
0.43353965878486633
0.5545656681060791
0.3587333559989929
0.33311501145362854
0.33116966485977173
0.2981102764606476
0.20074525475502014
0.14523181319236755
0.21574826538562775
0.2372473031282425
0.20612415671348572
0.15218974649906158
0.26085570454597473
0.08445500582456589
0.24433594942092896
0.48294979333877563
0.29944950342178345
0.2744848132133484
0.1062970981001854
0.19512252509593964
0.17164158821105957
0.091823510825634
0.29036226868629456
0.49943050742149353
0.10352388024330139
0.13405729830265045
0.3715408742427826
0.19257676601409912
0.10649974644184113
0.26511839032173157
0.4217304289340973
0.30630484223365784
0.2665352523326874
0.1262669414281845
0.26099398732185364
0.08298003673553467
0.10310477763414383
0.04080241546034813
0.16257935762405396
0.11170653253793716
0.1514609307050705
0.1292235404253006
0.02091151475906372
0.05684727430343628
0.03850587084889412
0.09787891805171967
0.12079153209924698
0.24069052934646606
0.2027321457862854
0.06103609874844551
0.06984445452690125
0.16892188787460327
0.07878830283880234
0.008513330481946468
0.06324032694101334
0.0706251934170723
0.008590320125222206
0.02592647448182106
0.04516327381134033
0.11842399090528488
0.09672847390174866
0.05452321469783783
0.04086057469248772
0.013103670440614223
0.0026236039120703936
0.0010720930295065045
0.0042031374759972095
0.011890717782080173
0.016825001686811447
0.12513704597949982
0.021353336051106453
0.10366767644882202
0.2512945234775543
0.04274370148777962
0.12634140253067017
0.22554384171962738
0.010162805207073689
0.032947856932878494
0.21595211327075958
0.12245641648769379
0.05068250000476837
0.03423243761062622
0.018308477476239204
0.04638515040278435
0.03727099299430847
0.07692078500986099
0.011422731913626194
0.05299654230475426
0.020928876474499702
0.008777424693107605
0.010875281877815723
0.006116054952144623
0.008214855566620827
0.022462895140051842
0.009866137988865376
0.019360387697815895
0.03967045620083809
0.014493050053715706
0.049686070531606674
0.017628202214837074
0.0242618378251791
0.018617862835526466
0.06335615366697311
0.06701692938804626
0.1344575583934784
0.022543366998434067
0.05511538311839104
0.022592706605792046
0.012012731283903122
0.049859240651130676
0.06916523724794388
0.038050003349781036
0.0653948038816452
0.09452813118696213
0.22070594131946564
0.43246015906333923
0.23505786061286926
0.11467181146144867
0.1668720543384552
0.06992696225643158
0.08533581346273422
0.08886726945638657
0.0698363333940506
0.06433022767305374
0.06328938156366348
0.06068937107920647
0.02541983686387539
0.015146818943321705
0.09225884824991226
0.05282945558428764
0.0016709272749722004
0.04241663217544556
0.10534042119979858
0.017753586173057556
0.015362215228378773
0.1260535717010498
0.1616949588060379
0.042313121259212494
0.09705720841884613
0.0484393946826458
0.03884946182370186
0.00842372514307499
0.036441221833229065
0.0054079205729067326
0.020940270274877548
0.02385741099715233
0.19820086658000946
0.1519043743610382
0.2504846155643463
0.18517501652240753
0.04507864639163017
0.009917236864566803
0.10559211671352386
0.1241176426410675
0.008021648041903973
0.009434623643755913
0.05459197983145714
0.12686701118946075
0.029887080192565918
0.09123029559850693
0.051849883049726486
0.078466035425663
0.0460193008184433
0.07347393035888672
0.09732188284397125
0.10015522688627243
0.13848768174648285
0.3140428364276886
0.3231208324432373
0.09991232305765152
0.1268504559993744
0.21848519146442413
0.28509482741355896
0.12392742186784744
0.049844782799482346
0.14252765476703644
0.0951090157032013
0.04975121095776558
0.03248463571071625
0.12051863223314285
0.08459999412298203
0.045467957854270935
0.05938093736767769
0.04394236579537392
0.0262154508382082
0.009613251313567162
0.011926984414458275
0.009945182129740715
0.035686999559402466
0.04507068544626236
0.1195765882730484
0.5409223437309265
0.14340512454509735
0.343124657869339
0.06871908158063889
0.14830106496810913
0.4912518560886383
0.34555676579475403
0.2341536432504654
0.27309224009513855
0.08962520211935043
0.1252889186143875
0.060368504375219345
0.0886043831706047
0.08351552486419678
0.09739764779806137
0.04841937497258186
0.05423487722873688
0.04046972468495369
0.03342325612902641
0.018959343433380127
0.01502970326691866
0.006610735785216093
0.034412406384944916
0.02592555806040764
0.04514399170875549
0.23143015801906586
0.16988058388233185
0.5210418701171875
0.5790665745735168
0.5632483959197998
0.7308279275894165
0.29693225026130676
0.27817729115486145
0.41208669543266296
0.46089592576026917
0.5233896970748901
0.4274842441082001
0.39326876401901245
0.3624691367149353
0.6034643650054932
0.5700322389602661
0.48808521032333374
0.6574514508247375
0.42291221022605896
0.685441792011261
0.6809139251708984
0.4249823987483978
0.5043519735336304
0.6249449253082275
0.428932785987854
0.5806216597557068
0.43056830763816833
0.35454392433166504
0.4983946979045868
0.581520140171051
0.56199711561203
0.4256977140903473
0.5699753165245056
0.13365133106708527
0.3350450098514557
0.2853516936302185
0.2332521229982376
0.1361657679080963
0.555615246295929
0.31860843300819397
0.10083481669425964
0.15008163452148438
0.13535268604755402
0.23371334373950958
0.03136526420712471
0.043062757700681686
0.24547916650772095
0.0761227086186409
0.04560665413737297
0.059682488441467285
0.03816906735301018
0.0794246718287468
0.01815182715654373
0.024874800816178322
0.009872814640402794
0.03532335162162781
0.018190329894423485
0.02564663626253605
0.045006103813648224
0.07789062708616257
0.3350307047367096
0.07376094162464142
0.08006694167852402
0.10330444574356079
0.17552883923053741
0.24714408814907074
0.14275139570236206
0.060929909348487854
0.18943555653095245
0.3250861167907715
0.1723712831735611
0.09137587249279022
0.03816192224621773
0.16644318401813507
0.13680137693881989
0.026361508294939995
0.05262148380279541
0.10398093611001968
0.054082054644823074
0.06950769573450089
0.07541606575250626
