0.02107422612607479
0.044187281280756
0.02804459072649479
0.01499268226325512
0.046409524977207184
0.15358473360538483
0.21615107357501984
0.6492207646369934
0.5064712762832642
0.7311155200004578
0.5752142667770386
0.7114741802215576
0.7792251706123352
0.6494145393371582
0.30677884817123413
0.19474561512470245
0.32425421476364136
0.13398951292037964
0.04705420881509781
0.009848867543041706
0.04101548716425896
0.03861964866518974
0.006883496884256601
0.029838139191269875
0.046591538935899734
0.03448652848601341
0.032497309148311615
0.0216207392513752
0.0659283697605133
0.031927935779094696
0.009705549106001854
0.06768076866865158
0.06533452868461609
0.46161705255508423
0.5908195376396179
0.8949794769287109
0.8839390873908997
0.9204901456832886
0.8820140957832336
0.923033595085144
0.9649772644042969
0.30152177810668945
0.8880536556243896
0.9786580204963684
0.37720736861228943
0.10714532434940338
0.9279316067695618
0.9060843586921692
0.06979956477880478
0.2602764070034027
0.8591117858886719
0.33289554715156555
0.11381522566080093
0.1263173371553421
0.09323625266551971
0.023594336584210396
0.022755108773708344
0.037269603461027145
0.029835350811481476
0.04625602811574936
0.0882561057806015
0.11938776075839996
0.2568490505218506
0.5139260292053223
0.29655152559280396
0.5061734914779663
0.8706044554710388
0.9673601984977722
0.9044173359870911
0.6099879741668701
0.9256384968757629
0.9764412045478821
0.32744207978248596
0.34611237049102783
0.9627559781074524
0.8205331563949585
0.11227348446846008
0.5034384727478027
0.9334859848022461
0.4139716327190399
0.17559567093849182
0.8156312108039856
0.9245461225509644
0.32496610283851624
0.36365121603012085
0.06337166577577591
0.11618033796548843
0.021823497489094734
0.01518009603023529
0.032684724777936935
0.023296723142266273
0.04944280534982681
0.07792222499847412
0.3389093279838562
0.4349733889102936
0.6453776955604553
0.3710857033729553
0.6141608357429504
0.5691618919372559
0.24405302107334137
0.49600839614868164
0.7474767565727234
0.7182841897010803
0.4815850853919983
0.5327525734901428
0.2379264533519745
0.26227378845214844
0.18313786387443542
0.28994354605674744
0.19986195862293243
0.31767168641090393
0.2455333024263382
0.17363744974136353
0.0842210054397583
0.28627052903175354
0.3348637521266937
0.21321648359298706
0.0657694935798645
0.37749090790748596
0.38763558864593506
0.2059280425310135
0.16038314998149872
0.25272756814956665
0.49916306138038635
0.2862860858440399
0.10309594124555588
0.2809154689311981
0.2693425416946411
0.6615052819252014
0.44111964106559753
0.7324466705322266
0.8502822518348694
0.7942441701889038
0.7396585941314697
0.8001092672348022
0.7536043524742126
0.9376490116119385
0.9345930218696594
0.8607712388038635
0.6663971543312073
0.181118443608284
0.39964500069618225
0.07738202065229416
0.16413690149784088
0.09711898863315582
0.07410851120948792
0.03806423023343086
0.031578510999679565
0.026601938530802727
0.04006107524037361
0.09612194448709488
0.06715979427099228
0.5095246434211731
0.3668980300426483
0.3830622732639313
0.47807762026786804
0.10028956830501556
0.0464426651597023
0.0538790300488472
0.1505969613790512
0.00417022081092
0.004731389228254557
0.05113746598362923
0.0870991051197052
0.016442714259028435
0.0411531999707222
0.006910672876983881
0.004954255651682615
0.015854770317673683
0.02952972799539566
0.29956939816474915
0.14294002950191498
0.06233346462249756
0.04148918762803078
0.05648735538125038
0.05927254259586334
0.07571960985660553
0.007769964635372162
0.03840570151805878
0.1121702566742897
0.05711635574698448
0.013760196045041084
0.021949583664536476
0.07009409368038177
0.004166815895587206
0.0170395877212286
0.0328228622674942
0.005822263192385435
0.005660987924784422
0.023010024800896645
0.01236546877771616
0.02651052363216877
0.019058817997574806
0.011898281052708626
0.007610728498548269
0.010595468804240227
0.009401684626936913
0.003026004880666733
0.004192530643194914
0.009944840334355831
0.0035185255110263824
0.006281921174377203
0.004110921174287796
0.06583373993635178
0.01376297790557146
0.03905510902404785
0.03312234580516815
0.02856634370982647
0.02475985884666443
0.0235548485070467
0.08753174543380737
0.08677026629447937
0.050263114273548126
0.038668978959321976
0.06673777848482132
0.015297144651412964
0.03544796630740166
0.083017498254776
0.16220809519290924
0.0432603545486927
0.026544449850916862
0.2779163420200348
0.2617948651313782
0.022244617342948914
0.047727108001708984
0.5250886082649231
0.14497575163841248
0.02496146783232689
0.14257636666297913
0.3583434522151947
0.2528901696205139
0.45938926935195923
0.23374438285827637
0.2845134139060974
0.22446687519550323
0.06677526980638504
0.10019756108522415
0.2177334427833557
0.04742561653256416
0.03719841688871384
0.04812416806817055
0.04396987333893776
0.063934326171875
0.029752884060144424
0.03228011727333069
0.04596606642007828
0.06739883124828339
0.024008119478821754
0.024009596556425095
0.052609752863645554
0.03486071154475212
0.0218989048153162
0.12267761677503586
0.1052975133061409
0.056952398270368576
0.07629817724227905
0.040575601160526276
0.19495715200901031
0.03379254415631294
0.0050507765263319016
0.011463619768619537
0.08032114058732986
0.010780242271721363
0.011104244738817215
0.015279248356819153
0.029185060411691666
0.009311624802649021
0.004346015397459269
0.007042597513645887
0.004889060743153095
0.011944534257054329
0.012120777741074562
0.03140299394726753
0.01777626946568489
0.03274708241224289
0.03303129971027374
0.01652020774781704
0.034441884607076645
0.04069885239005089
0.07637030631303787
0.09233037382364273
0.016673490405082703
0.02379567362368107
0.040458809584379196
0.11081786453723907
0.008222280070185661
0.03460843116044998
0.017873525619506836
0.011427645571529865
0.013535742647945881
0.03966066241264343
0.031129959970712662
0.01149755995720625
0.0044478122144937515
0.014888286590576172
0.012246423400938511
0.010223419405519962
0.012112663127481937
0.02813330665230751
0.04901597276329994
0.27933257818222046
0.14127473533153534
0.09033115953207016
0.02698897384107113
0.045102521777153015
0.11182839423418045
0.23270316421985626
0.08858755975961685
0.09594442695379257
0.026267699897289276
0.03000422939658165
0.033458512276411057
0.03648622706532478
0.02486521750688553
0.01630803383886814
0.03591635450720787
0.008285734802484512
0.027466192841529846
0.0525042824447155
0.030858004465699196
0.05466930568218231
