0.15560367703437805
0.385463684797287
0.19654424488544464
0.3473145067691803
0.5899213552474976
0.1761314421892166
0.2780499756336212
0.06744993478059769
0.043448492884635925
0.09293752163648605
0.017638087272644043
0.049384910613298416
0.02205951139330864
0.055719297379255295
0.09066245704889297
0.07724756002426147
0.12464189529418945
0.12326117604970932
0.1444253772497177
0.22872689366340637
0.21137507259845734
0.21670399606227875
0.36084601283073425
0.43961286544799805
0.4482196867465973
0.37048086524009705
0.3937290608882904
0.29147493839263916
0.37230294942855835
0.16812852025032043
0.23064759373664856
0.4105648696422577
0.16576699912548065
0.09218329936265945
0.16193927824497223
0.13663899898529053
0.1988709568977356
0.07100436836481094
0.16848185658454895
0.20588605105876923
0.1109541580080986
0.19356155395507812
0.2429153472185135
0.3945067524909973
0.4778825044631958
0.2878105938434601
0.30458104610443115
0.0959324762225151
0.3019518256187439
0.3442423641681671
0.4177189767360687
0.20175588130950928
0.2439216524362564
0.1466502696275711
0.10269805043935776
0.17947742342948914
0.12865468859672546
0.12979459762573242
0.0449591688811779
0.05783208832144737
0.05554350093007088
0.05990448221564293
0.15418405830860138
0.09090804308652878
0.21020570397377014
0.2778523564338684
0.18312257528305054
0.2520318329334259
0.4528449475765228
0.7288572788238525
0.40295934677124023
0.2560741901397705
0.3801233172416687
0.18184931576251984
0.1457323580980301
0.33595797419548035
0.18156464397907257
0.13186423480510712
0.047923196107149124
0.09976235777139664
0.09231049567461014
0.1977931708097458
0.10437354445457458
0.13120847940444946
0.40604427456855774
0.1708051711320877
0.13468727469444275
0.1456841379404068
0.13647644221782684
0.1385328322649002
0.22550660371780396
0.1395091861486435
0.3419429361820221
0.07386819273233414
0.1796303540468216
0.34158802032470703
0.7242812514305115
0.10772792994976044
0.131150022149086
0.3048033118247986
0.27038970589637756
0.0809386745095253
0.32371339201927185
0.5694499015808105
0.2859449088573456
0.1926477700471878
0.23586246371269226
0.1678878217935562
0.058895766735076904
0.027154207229614258
0.03777732327580452
0.01305404119193554
0.08458482474088669
0.02102263644337654
0.04404817894101143
0.012047690339386463
0.033329419791698456
0.01838439702987671
0.008424661122262478
0.0045380257070064545
0.00925601739436388
0.014933533035218716
0.053850531578063965
0.0699211061000824
0.2026781290769577
0.38236403465270996
0.46703046560287476
0.31962263584136963
0.16689571738243103
0.17739585041999817
0.11167020350694656
0.15863199532032013
0.033013321459293365
0.004632983822375536
0.021573586389422417
0.0830829069018364
0.027987249195575714
0.04534425213932991
0.09623103588819504
0.1454906016588211
0.2605551779270172
0.08215443789958954
0.2792632579803467
0.16354510188102722
0.027358487248420715
0.08960220217704773
0.09931724518537521
0.0730523020029068
0.01981494575738907
0.17961516976356506
0.15809635818004608
0.12664036452770233
0.11010775715112686
0.18131914734840393
0.20264893770217896
0.37371015548706055
0.5417874455451965
0.1444212943315506
0.1876107007265091
0.020157264545559883
0.05246574804186821
0.019807469099760056
0.02660609781742096
0.016936643049120903
0.04444250091910362
0.017823494970798492
0.007427574135363102
0.03468196839094162
0.058387596160173416
0.23196329176425934
0.05927034094929695
0.30401521921157837
0.1409824639558792
0.025957079604268074
0.0679980143904686
0.1048426628112793
0.10465462505817413
0.07841529697179794
0.25465941429138184
0.12775719165802002
0.314879834651947
0.5385403633117676
0.30175846815109253
0.0976499617099762
0.19943788647651672
0.4644868075847626
0.14633531868457794
0.043768756091594696
0.042564887553453445
0.007539736572653055
0.01852523349225521
0.0631302148103714
0.021558282896876335
0.007870643399655819
0.040717918425798416
0.04212673008441925
0.007185950875282288
0.008420384488999844
0.007150584831833839
0.0038321383763104677
0.01056587602943182
0.02410653419792652
0.0466715469956398
0.10210253298282623
0.19882158935070038
0.5478661060333252
0.4877370297908783
0.7207295298576355
0.5057948231697083
0.4827602207660675
0.34425756335258484
0.2881986200809479
0.3865434229373932
0.605076253414154
0.6468345522880554
0.40871408581733704
0.28894680738449097
0.5917772054672241
0.5637243390083313
0.22378979623317719
0.43179574608802795
0.645173966884613
0.3787141442298889
0.1978001594543457
0.5724725723266602
0.4217410087585449
0.23869405686855316
0.2598254382610321
0.567748486995697
0.38358354568481445
0.3661910593509674
0.4916166663169861
0.34877803921699524
0.14712922275066376
0.13024277985095978
0.14551065862178802
0.1021813452243805
0.16947801411151886
0.21592016518115997
0.2930240333080292
0.19301839172840118
0.07518396526575089
0.2214786559343338
0.08378345519304276
0.21914704144001007
0.3062279522418976
0.0733683779835701
0.31752777099609375
0.5661768913269043
0.22153574228286743
0.17545631527900696
0.6754196286201477
0.40223562717437744
0.1230635941028595
0.31458601355552673
0.28538885712623596
0.33141446113586426
0.2347259819507599
0.23983807861804962
0.11034467816352844
0.5285383462905884
0.3836008608341217
0.25252196192741394
0.08373769372701645
0.2863597273826599
0.31569385528564453
0.4595787227153778
0.5553618669509888
0.20588000118732452
0.5524002909660339
0.3377370834350586
0.18151815235614777
0.13532687723636627
0.09475627541542053
0.28605690598487854
0.11957132816314697
0.13907615840435028
0.22359569370746613
0.2986588478088379
0.3350682556629181
0.2982529103755951
0.22011396288871765
0.21557457745075226
0.37525537610054016
0.3241920471191406
0.5119175910949707
0.6924501657485962
0.5562409162521362
0.8242009282112122
0.7900719046592712
0.6766498684883118
0.6693422198295593
0.21856294572353363
0.24058781564235687
0.19672687351703644
0.12058191746473312
0.21637922525405884
0.13509345054626465
0.10168513655662537
0.27874675393104553
0.26700809597969055
0.3631073534488678
0.2859856188297272
0.20368856191635132
0.21277804672718048
0.2159302532672882
0.15119534730911255
0.21308641135692596
0.1759018748998642
0.15747477114200592
0.25594961643218994
0.2953088581562042
0.3904113173484802
0.1015392616391182
0.1366082727909088
0.36295202374458313
0.08668643981218338
0.043391190469264984
0.05841713026165962
0.2045183926820755
0.1395171880722046
0.04010813683271408
0.19793611764907837
0.17408138513565063
0.3194410502910614
0.32965338230133057
0.17151394486427307
0.2578972578048706
0.07679857313632965
0.07484010607004166
0.16312536597251892
0.19088707864284515
0.020315762609243393
0.12819631397724152
0.19820545613765717
0.056257832795381546
0.025909384712576866
0.13479267060756683
0.19034239649772644
0.030681248754262924
0.03491990640759468
0.07614737749099731
0.11126440018415451
0.06778056919574738
0.2126055806875229
0.08567992597818375
0.0051564802415668964
0.018056998029351234
0.030370229855179787
0.019275005906820297
0.004748562816530466
0.035220853984355927
0.05215243622660637
0.016783952713012695
0.02879752404987812
0.14175567030906677
0.05291295424103737
0.035131681710481644
0.09532912820577621
0.20580625534057617
0.0624171644449234
0.16304828226566315
0.04340224340558052
0.030089527368545532
0.024464191868901253
0.06819675117731094
0.07699209451675415
0.029523814097046852
0.02693905681371689
0.06579775363206863
0.03477590158581734
0.023676970973610878
0.034400392323732376
0.025230642408132553
0.1489362269639969
0.35117509961128235
0.15498484671115875
0.04645049571990967
0.1390259563922882
0.048500556498765945
0.02229399047791958
0.009399107657372952
0.19460201263427734
0.025125043466687202
0.008145377039909363
0.0043183499947190285
0.029461676254868507
0.02005491405725479
0.008837854489684105
0.012936817482113838
0.051102057099342346
0.13954924046993256
0.03918161615729332
0.04551658406853676
0.05669873207807541
0.017161987721920013
0.09648923575878143
0.2582003176212311
0.031477104872465134
0.09741276502609253
0.33310627937316895
0.14593835175037384
0.09473738819360733
0.5591633915901184
0.5436655282974243
0.15649326145648956
0.06932546198368073
0.39752769470214844
0.33572152256965637
0.29997169971466064
0.33677002787590027
0.24977724254131317
0.2551421523094177
0.33747610449790955
0.25276440382003784
0.19739975035190582
0.24631738662719727
0.26355114579200745
0.2289985865354538
0.27574488520622253
0.5011727213859558
0.27149200439453125
0.2841426432132721
0.6554062366485596
0.5206501483917236
0.3895564079284668
0.5266034603118896
0.39745667576789856
0.3359490633010864
0.2651919424533844
0.2404516041278839
0.142412468791008
0.11164140701293945
0.10940338671207428
0.32460781931877136
0.13080637156963348
0.07127302139997482
0.13578589260578156
0.40293946862220764
0.155447319149971
0.17501986026763916
0.24483844637870789
0.20296317338943481
0.4580931067466736
0.19943207502365112
0.18968604505062103
0.2633124887943268
0.5264474749565125
0.5483551025390625
0.23062001168727875
0.1626008152961731
0.47837918996810913
0.1613231599330902
0.31292399764060974
0.39606955647468567
0.20752142369747162
0.20701032876968384
0.3609638214111328
0.5468913316726685
0.5238092541694641
0.6092777252197266
0.6913197636604309
0.7029204964637756
0.5475366115570068
0.3473086357116699
0.3908049166202545
0.2895733416080475
0.46898895502090454
0.2712598443031311
0.2903943657875061
0.29620474576950073
0.2410859763622284
0.48656007647514343
0.17527548968791962
0.04775198549032211
0.39096108078956604
0.4280511736869812
0.11637779325246811
0.17769178748130798
0.5904498100280762
0.28461509943008423
0.17194411158561707
0.10047560930252075
0.43590715527534485
0.28251659870147705
0.10184511542320251
0.16951997578144073
0.3342757821083069
0.2629193961620331
0.118904709815979
0.21057341992855072
0.22559499740600586
0.3550349771976471
0.5487696528434753
0.5509282350540161
0.6060442328453064
0.34803593158721924
0.502372145652771
0.4612864851951599
0.40498244762420654
0.403439998626709
0.5297476053237915
0.4746896028518677
0.5465582609176636
0.3853025734424591
0.36741429567337036
0.24575941264629364
0.37815675139427185
0.24708805978298187
0.22331078350543976
0.17851193249225616
0.1707698106765747
0.16214382648468018
0.20941691100597382
0.32015299797058105
0.48251840472221375
0.427314430475235
0.35955893993377686
0.3270808756351471
0.4232560694217682
0.5478430986404419
0.21389266848564148
0.2037372589111328
0.2924618422985077
0.09697607159614563
0.08591858297586441
0.0929509773850441
0.04624202847480774
0.06017006188631058
0.037586089223623276
0.20112019777297974
0.023477716371417046
0.06896180659532547
0.0887494906783104
0.17028088867664337
0.11419187486171722
0.12438694387674332
0.053995370864868164
0.14364834129810333
0.27440521121025085
0.11466973274946213
0.1963285654783249
0.09191778302192688
0.16449277102947235
0.09963373839855194
0.13226766884326935
0.42772170901298523
0.21275296807289124
0.19888563454151154
0.23165003955364227
0.25163525342941284
0.2772134840488434
0.24048466980457306
0.4154883623123169
0.2006865292787552
0.2613568902015686
0.2787865996360779
0.35899463295936584
0.37610283493995667
0.14443950355052948
0.3063378930091858
0.2737394869327545
0.3536664843559265
0.38710781931877136
0.11497076600790024
0.26745131611824036
0.2085643857717514
0.4054371416568756
0.2484615445137024
0.09413032978773117
0.3711078464984894
0.11334200948476791
0.1832347810268402
0.1587640792131424
0.08862397819757462
0.07884922623634338
0.058262746781110764
0.2200988382101059
0.05781341344118118
0.055965762585401535
0.07613340020179749
0.1771654635667801
0.18065078556537628
0.025651274248957634
0.04856647551059723
0.04518038034439087
0.046680424362421036
0.05271592736244202
0.01946142129600048
0.09041605144739151
0.044261518865823746
0.01825820840895176
0.024501202628016472
0.01806832291185856
0.018558360636234283
0.005842955317348242
0.013551246374845505
0.028004296123981476
0.02182818204164505
0.019327545538544655
0.02897624857723713
0.0071895238943398
0.11204534024000168
0.17547166347503662
0.07160568237304688
