0.24660161137580872
0.20693863928318024
0.436519593000412
0.414564311504364
0.4002167880535126
0.41234293580055237
0.18181321024894714
0.2001642882823944
0.0772010013461113
0.06945912539958954
0.10701441019773483
0.31646546721458435
0.38912221789360046
0.5955662727355957
0.7813290357589722
0.16753122210502625
0.0693763941526413
0.22593875229358673
0.5331288576126099
0.13652987778186798
0.3658108711242676
0.16029560565948486
0.16806946694850922
0.4197256565093994
0.42867961525917053
0.11835404485464096
0.2555058002471924
0.30181682109832764
0.27579087018966675
0.25972238183021545
0.563836932182312
0.5727117657661438
0.5799657702445984
0.20944996178150177
0.7352858781814575
0.8431152701377869
0.44708251953125
0.37831225991249084
0.913567841053009
0.9130690097808838
0.8165495991706848
0.93693608045578
0.8750359416007996
0.7651813626289368
0.4126875698566437
0.3114420473575592
0.18561628460884094
0.30474719405174255
0.148757204413414
0.30649808049201965
0.34661364555358887
0.1651235818862915
0.2936694025993347
0.12611785531044006
0.15335747599601746
0.12524163722991943
0.14576633274555206
0.08077133446931839
0.11358209699392319
0.09044084697961807
0.447118878364563
0.16996432840824127
0.3207409679889679
0.7400864362716675
0.8397113084793091
0.8593910336494446
0.7880432605743408
0.7157226204872131
0.590053915977478
0.4010445773601532
0.20216310024261475
0.22626443207263947
0.1601671278476715
0.2965746223926544
0.16232873499393463
0.10546568781137466
0.11707580089569092
0.11215279996395111
0.08460983633995056
0.05899706110358238
0.16667258739471436
0.20328393578529358
0.20906725525856018
0.1321883350610733
0.34105798602104187
0.5930611491203308
0.22944599390029907
0.14231787621974945
0.1852751076221466
0.21256119012832642
0.19756893813610077
0.045896340161561966
0.19417937099933624
0.05899069085717201
0.09069743007421494
0.09296189993619919
0.5234085917472839
0.36204102635383606
0.2166965752840042
0.17657659947872162
0.11945126950740814
0.1275499016046524
0.02890453115105629
0.11569929122924805
0.13793760538101196
0.2590729296207428
0.3355352580547333
0.554473340511322
0.4626615345478058
0.34893813729286194
0.30713504552841187
0.24809588491916656
0.28807729482650757
0.12709128856658936
0.03377756103873253
0.06069381535053253
0.03493039682507515
0.1319669634103775
0.1203523650765419
0.22196851670742035
0.12963655591011047
0.07548694312572479
0.27789562940597534
0.11452598124742508
0.2419988363981247
0.19474846124649048
0.1075054258108139
0.24050027132034302
0.31325018405914307
0.13842926919460297
0.20562361180782318
0.3655027747154236
0.07380805909633636
0.126059889793396
0.29305577278137207
0.07613921165466309
0.14559884369373322
0.19925330579280853
0.27908292412757874
0.28330889344215393
0.273220032453537
0.08365937322378159
0.21059320867061615
0.17403936386108398
0.17082957923412323
0.07352504134178162
0.0807620957493782
0.0619669109582901
0.04980484023690224
0.2526308298110962
0.09943992644548416
0.24913617968559265
0.2185349464416504
0.19521404802799225
0.04344410449266434
0.02863757126033306
0.031022684648633003
0.03322410583496094
0.037428878247737885
0.055890824645757675
0.17712590098381042
0.11591192334890366
0.18594826757907867
0.34315013885498047
0.0824882760643959
0.036856696009635925
0.27340954542160034
0.3377934694290161
0.16184990108013153
0.5499845147132874
0.16303692758083344
0.4294978976249695
0.4562249779701233
0.4518345892429352
0.19103306531906128
0.08033496886491776
0.25334659218788147
0.17560353875160217
0.13054047524929047
0.3932090997695923
0.343598335981369
0.09995253384113312
0.03264325112104416
0.024576742202043533
0.012225673533976078
0.01932371035218239
0.034454282373189926
0.01919727958738804
0.03647368773818016
0.06453246623277664
0.018764469772577286
0.08023519814014435
0.11145317554473877
0.011938684619963169
0.14041133224964142
0.020572243258357048
0.13426890969276428
0.04607268050312996
0.09545551240444183
0.06953024119138718
0.2492131143808365
0.21338917315006256
0.5494300127029419
0.6408289074897766
0.5384059548377991
0.513390302658081
0.39554426074028015
0.2226680964231491
0.1016954556107521
0.05950174853205681
0.08017364889383316
0.08630184084177017
0.1521316021680832
0.0225774385035038
0.011624593287706375
0.01688023842871189
0.04860617592930794
0.009085695259273052
0.006433035712689161
0.039368439465761185
0.07214591652154922
0.021580521017313004
0.03821319714188576
0.2361336350440979
0.17946168780326843
0.06631090492010117
0.09437787532806396
0.0436735674738884
0.09969726949930191
0.07709439843893051
0.0844288021326065
0.07718698680400848
0.048326749354600906
0.007777620572596788
0.055882859975099564
0.007092918734997511
0.14958550035953522
0.07837962359189987
0.04015180468559265
0.22561505436897278
0.3399391770362854
0.4288577139377594
0.29012855887413025
0.32556140422821045
0.134348064661026
0.027546769008040428
0.150298073887825
0.01117026712745428
0.07129950821399689
0.004695946350693703
0.04595469310879707
0.025893017649650574
0.1504109501838684
0.08312030136585236
0.22497302293777466
0.06185217201709747
0.19612249732017517
0.18284925818443298
0.08104673773050308
0.217535138130188
0.17304523289203644
0.015080002136528492
0.07417730987071991
0.01759040541946888
0.035590071231126785
0.04609040543437004
0.2097257524728775
0.1216973215341568
0.4493291676044464
0.6229488253593445
0.7323112487792969
0.6742568016052246
0.7982965707778931
0.6420974731445312
0.72110515832901
0.6102938055992126
0.6598162651062012
0.4818684160709381
