0.18200094997882843
0.26961591839790344
0.42258721590042114
0.19303229451179504
0.4335387051105499
0.4928573966026306
0.5222591757774353
0.6039615273475647
0.20424604415893555
0.45185986161231995
0.361649751663208
0.16662251949310303
0.06978415697813034
0.062249090522527695
0.023885685950517654
0.007521966937929392
0.008630779571831226
0.0034918333403766155
0.02998916618525982
0.006799694616347551
0.12006143480539322
0.08631664514541626
0.6343807578086853
0.4438992738723755
0.32922884821891785
0.3710494935512543
0.14049910008907318
0.559745192527771
0.4880821406841278
0.16442181169986725
0.47611284255981445
0.7799047827720642
0.5931715369224548
0.16291633248329163
0.7352357506752014
0.8024346232414246
0.36049145460128784
0.37639904022216797
0.7970682978630066
0.5102827548980713
0.21353599429130554
0.5305138826370239
0.1919001042842865
0.08816897124052048
0.0703764408826828
0.13969305157661438
0.06569048017263412
0.0466989241540432
0.07172637432813644
0.18991999328136444
0.16045886278152466
0.3906428813934326
0.4900915324687958
0.6518574953079224
0.6478626728057861
0.3784497380256653
0.6075341701507568
0.6833704113960266
0.767717182636261
0.7454561591148376
0.6625713109970093
0.8331267833709717
0.7384949922561646
0.5947327613830566
0.3692023754119873
0.3530304431915283
0.1874408721923828
0.2832191288471222
0.5344759225845337
0.5104207396507263
0.6232171058654785
0.573258101940155
0.7120891809463501
0.6259270906448364
0.6113407611846924
0.4410913288593292
0.6217228174209595
0.46511104702949524
0.338596373796463
0.35095760226249695
0.4973219931125641
0.4312379062175751
0.5036882162094116
0.07939096540212631
0.2427009791135788
0.17166145145893097
0.04945056885480881
0.03180675581097603
0.15955473482608795
0.09430286288261414
0.007998799905180931
0.05397002771496773
0.1103183850646019
0.053730133920907974
0.012987601570785046
0.047504961490631104
0.052006836980581284
0.02944730408489704
0.04895617067813873
0.11212476342916489
0.11608599126338959
0.06129290163516998
0.030405644327402115
0.025851381942629814
0.016596490517258644
0.042066022753715515
0.04672716185450554
0.00459423940628767
0.040844470262527466
0.0032901710364967585
0.012152439914643764
0.009736282750964165
0.15696981549263
0.1067034974694252
0.18640068173408508
0.014314834959805012
0.014925519935786724
0.036129407584667206
0.006670165807008743
0.0018118728185072541
0.03410472720861435
0.06374243646860123
0.009174907580018044
0.013688347302377224
0.048846710473299026
0.16140425205230713
0.10634367167949677
0.03071463480591774
0.08457430452108383
0.011928965337574482
0.02563963644206524
0.009942789562046528
0.02404225803911686
0.02108735777437687
0.0104166679084301
0.011831158772110939
0.015972787514328957
0.05385718494653702
0.06007257476449013
0.03785198926925659
0.23334701359272003
0.03503284975886345
0.23637056350708008
0.22104579210281372
0.09259694069623947
0.11405888944864273
0.27774715423583984
0.37219610810279846
0.0887385904788971
0.1072131097316742
0.05059447139501572
0.02905951254069805
0.025941217318177223
0.019018393009901047
0.01366178598254919
0.024828538298606873
0.03313935175538063
0.013139637187123299
0.06428053230047226
0.02361977845430374
0.07204046100378036
0.017827419564127922
0.03752153366804123
0.07294782996177673
0.09847304970026016
0.4255305826663971
0.6841877102851868
0.18432259559631348
0.7229036688804626
0.6648005247116089
0.2639522850513458
0.4448474943637848
0.19981510937213898
0.30382993817329407
0.3249378800392151
0.03443041816353798
0.2873501181602478
0.19534076750278473
0.057063329964876175
0.10077140480279922
0.1538766473531723
0.10052137821912766
0.04776472970843315
0.18785406649112701
0.09024540334939957
0.14609695971012115
0.09519382566213608
0.05520195886492729
0.26688554883003235
0.11397385597229004
0.30526402592658997
0.3286173939704895
0.5167989730834961
0.2849094569683075
0.5524556636810303
0.6679866909980774
0.4743899703025818
0.3783276081085205
0.54973965883255
0.7973042726516724
0.6735261082649231
0.7014237642288208
0.827815055847168
0.6952533721923828
0.4101111590862274
0.7375252842903137
0.7339422702789307
0.4453032910823822
0.3510209321975708
0.4107329845428467
0.34956303238868713
0.28194165229797363
0.08350075781345367
0.28078413009643555
0.25828948616981506
0.4203815162181854
0.12395170331001282
0.24913650751113892
