0.4154634177684784
0.36874669790267944
0.44172850251197815
0.668472945690155
0.3364585041999817
0.17754943668842316
0.5233485102653503
0.6516217589378357
0.25802409648895264
0.3749050199985504
0.7264547348022461
0.7262387871742249
0.4221886396408081
0.3526059687137604
0.26380693912506104
0.2631436586380005
0.283597469329834
0.10638222843408585
0.08600519597530365
0.2075260877609253
0.11284366995096207
0.28899314999580383
0.2502536475658417
0.24403016269207
0.16383567452430725
0.4773221015930176
0.6971613764762878
0.46786585450172424
0.476399689912796
0.1571095883846283
0.39449164271354675
0.41178420186042786
0.37656888365745544
0.603144109249115
0.6926641464233398
0.5536593794822693
0.5530487298965454
0.5917595028877258
0.7484971880912781
0.433147132396698
0.49101924896240234
0.768412172794342
0.7951610684394836
0.8736808896064758
0.8351836204528809
0.607733964920044
0.694879412651062
0.1931508332490921
0.11577926576137543
0.3455550968647003
0.37100183963775635
0.4849662780761719
0.5090277791023254
0.40130770206451416
0.6703623533248901
0.2514714300632477
0.43098941445350647
0.2760728895664215
0.5405792593955994
0.7000411152839661
0.45074865221977234
0.6681182980537415
0.6852013468742371
0.3171409070491791
0.2308564931154251
0.660878598690033
0.24419906735420227
0.09065902978181839
0.5633127093315125
0.7391307353973389
0.06549999117851257
0.19371069967746735
0.06770651042461395
0.12327466160058975
0.18102975189685822
0.06301987916231155
0.04750886186957359
0.06004346162080765
0.006735664792358875
0.019837120547890663
0.009272865951061249
0.025595925748348236
0.034727323800325394
0.017842577770352364
0.03655533865094185
0.05510667338967323
0.03501416742801666
0.395184725522995
0.06550619751214981
0.006086639128625393
0.06333054602146149
0.08198408037424088
0.004684534855186939
0.021034961566329002
0.16203351318836212
0.04230118915438652
0.018318064510822296
0.04196956008672714
0.1076444536447525
0.23089636862277985
0.03016774170100689
0.07051096111536026
0.01161098387092352
0.05709608271718025
0.015028233639895916
0.05015568435192108
0.030455010011792183
0.37445199489593506
0.16076461970806122
0.363687664270401
0.1757851243019104
0.06340386718511581
0.015172620303928852
0.14051593840122223
0.14403507113456726
0.012831714935600758
0.1378852277994156
0.18244986236095428
0.0763077661395073
0.017123112455010414
0.08318185061216354
0.43605509400367737
0.2093982696533203
0.09462467581033707
0.06959400326013565
0.1429256647825241
0.09012778103351593
0.052955418825149536
0.20134028792381287
0.07817979156970978
0.28319990634918213
0.2294805645942688
0.26704540848731995
0.3400191366672516
0.0948607549071312
0.3859391510486603
0.6080215573310852
0.14543387293815613
0.11339497566223145
0.27013641595840454
0.3473571240901947
0.20299561321735382
0.08317124098539352
0.13451074063777924
0.05406484007835388
0.047910839319229126
0.004149453714489937
0.0032278536818921566
0.006350396201014519
0.00796348974108696
0.08092927187681198
0.16479580104351044
0.09916303306818008
0.12576034665107727
0.16915245354175568
0.2171846628189087
0.37746551632881165
0.3472815155982971
0.5289402604103088
0.34958750009536743
0.13190363347530365
0.3746762275695801
0.22791023552417755
0.06758072227239609
0.03637244179844856
0.13254600763320923
0.24260547757148743
0.1986081302165985
0.06940586119890213
0.057996444404125214
0.010753657668828964
0.04560071974992752
0.07779697328805923
0.23064149916172028
0.354500949382782
0.5107042789459229
0.4740385413169861
0.3718391954898834
0.5196961760520935
0.7402760982513428
0.8451908230781555
0.8401773571968079
0.611352264881134
0.5894301533699036
0.36056652665138245
0.5411980748176575
0.35730594396591187
0.18760794401168823
0.5012299418449402
0.213994100689888
0.6250165700912476
0.46528783440589905
0.48506709933280945
0.5352185964584351
0.24505546689033508
0.4612638056278229
0.5103801488876343
0.7665135860443115
0.8443599939346313
0.7655434012413025
0.8754051327705383
0.8496938943862915
0.6960158348083496
0.9096686244010925
0.5244887471199036
0.8074764609336853
0.558541476726532
0.12498386949300766
0.2183360457420349
0.2304428219795227
0.17588494718074799
0.09346947073936462
0.11772051453590393
0.22378812730312347
0.201786607503891
0.3188260793685913
0.32343316078186035
0.3692815601825714
0.12666508555412292
0.3761521279811859
0.3470253646373749
0.3236069679260254
0.37847834825515747
0.42146483063697815
0.44277164340019226
0.22721560299396515
0.3548435568809509
0.45859432220458984
0.22469615936279297
0.3516384959220886
0.4070162773132324
0.30094870924949646
0.5551827549934387
0.23631736636161804
0.6175233125686646
0.563999593257904
0.21008211374282837
0.5922546982765198
0.34212782979011536
0.11660856753587723
0.16983933746814728
0.25580596923828125
0.09039553999900818
0.0658438578248024
0.1932222694158554
0.3173644542694092
0.0879187136888504
0.11439597606658936
0.4039577543735504
0.23864108324050903
0.1857970654964447
0.10855165123939514
0.26942113041877747
0.37467995285987854
0.4772947132587433
0.34670159220695496
0.31164637207984924
0.27029722929000854
0.2966765761375427
0.11037127673625946
0.11971662193536758
0.05077866092324257
0.19614286720752716
0.2648603022098541
0.04198986664414406
0.1165001168847084
0.06759651005268097
0.2918929159641266
0.16883443295955658
0.3495515286922455
0.4852098524570465
0.45130932331085205
0.2934207618236542
0.12259498983621597
0.39413511753082275
0.10253847390413284
0.3048080503940582
0.14029547572135925
0.13350680470466614
0.06250844150781631
0.12863722443580627
0.10137072950601578
0.033107537776231766
0.1486719697713852
0.06654178351163864
0.0615348145365715
0.22738176584243774
0.1826842576265335
0.1833922266960144
0.24571816623210907
0.45014727115631104
0.23574037849903107
0.24031145870685577
0.36667007207870483
0.5069695711135864
0.4342067539691925
0.4582638144493103
0.5923586487770081
0.7756876349449158
0.6875137686729431
0.3193233907222748
0.6298683285713196
0.3566957712173462
0.5102053284645081
0.32650327682495117
0.19062548875808716
0.4421338140964508
0.6408607363700867
0.4830454885959625
0.4897567927837372
0.16432888805866241
0.5263524055480957
0.18633024394512177
0.5538766980171204
0.5145596265792847
0.5807837247848511
0.790262758731842
