0.39953285455703735
0.5273078680038452
0.21070720255374908
0.20735009014606476
0.14528824388980865
0.2091117650270462
0.10798479616641998
0.22751113772392273
0.053292352706193924
0.326735258102417
0.2574548125267029
0.5072198510169983
0.5596715807914734
0.5387725234031677
0.7423030138015747
0.4370591342449188
0.7853444814682007
0.6097883582115173
0.8355290293693542
0.595146656036377
0.5025037527084351
0.4632307291030884
0.7510023713111877
0.8259237408638
0.8819977641105652
0.7704721093177795
0.8453502655029297
0.8610789775848389
0.7307268977165222
0.8387358784675598
0.657561719417572
0.5464328527450562
0.501733124256134
0.565946638584137
0.26957470178604126
0.27743402123451233
0.4392688274383545
0.5507198572158813
0.31198418140411377
0.42603233456611633
0.4246106743812561
0.5095170140266418
0.6926054954528809
0.5321159362792969
0.5917834043502808
0.44935429096221924
0.3112389147281647
0.38945338129997253
0.48077672719955444
0.5097938776016235
0.30124175548553467
0.4277098476886749
0.4247318208217621
0.3011690676212311
0.1983294039964676
0.11728060245513916
0.2401995211839676
0.1078331395983696
0.11229162663221359
0.16220390796661377
0.36082351207733154
0.49120277166366577
0.5217444896697998
0.3904053270816803
0.660725474357605
0.7948229908943176
0.8246190547943115
0.873928964138031
0.8768742680549622
0.9049055576324463
0.7435711026191711
0.33853426575660706
0.32834115624427795
0.5909587144851685
0.23526830971240997
0.27562806010246277
0.5261811017990112
0.3645454943180084
0.16459296643733978
0.3914666175842285
0.2617763876914978
0.4718281328678131
0.24237942695617676
0.25031018257141113
0.1504496932029724
0.04864240437746048
0.1645452231168747
0.47566619515419006
0.580845057964325
0.7094451189041138
0.964049756526947
0.8534243702888489
0.49473196268081665
0.8924146294593811
0.9472742080688477
0.6146220564842224
0.28740641474723816
0.595820963382721
0.7885273098945618
0.4940846264362335
0.2793032228946686
0.45004209876060486
0.48722043633461
0.49217578768730164
0.19102178514003754
0.4947783052921295
0.11165715754032135
0.31917884945869446
0.10849658399820328
0.034623026847839355
0.1673593968153
0.19934438169002533
0.07259377837181091
0.03224795311689377
0.09236106276512146
0.25555625557899475
0.08882427215576172
0.021654585376381874
0.048287782818078995
0.03166928142309189
0.052454639226198196
0.06057068333029747
0.05745653435587883
0.16377125680446625
0.220709428191185
0.05457955598831177
0.0449209101498127
0.05063162371516228
0.03566523268818855
0.06051182746887207
0.01545079704374075
0.13834618031978607
0.045502353459596634
0.026231244206428528
0.01995815709233284
0.032140277326107025
0.04449333995580673
0.0657886490225792
0.13946451246738434
0.08062569797039032
0.5214622616767883
0.2061852216720581
0.4738195836544037
0.5799010396003723
0.3872387409210205
0.8972155451774597
0.7452287673950195
0.3000570237636566
0.46209898591041565
0.43750616908073425
0.5017838478088379
0.5262671709060669
0.3085664212703705
0.5415207743644714
0.28650033473968506
0.7761265635490417
0.891046941280365
0.4454522132873535
0.49578264355659485
0.8438482880592346
0.728628933429718
0.39648672938346863
0.6400912404060364
0.8002512454986572
0.4005861282348633
0.32231053709983826
0.5245801210403442
0.500805675983429
