0.08542633056640625
0.232712984085083
0.22665105760097504
0.5972352623939514
0.3927597105503082
0.7748410105705261
0.8548399209976196
0.8173779845237732
0.5374268293380737
0.6586117744445801
0.7871680855751038
0.7716750502586365
0.6521517634391785
0.582335352897644
0.291735976934433
0.3356088697910309
0.08272623270750046
0.1775694489479065
0.16009660065174103
0.1976008415222168
0.24005386233329773
0.11578002572059631
0.25414934754371643
0.20217299461364746
0.3134866952896118
0.19872410595417023
0.29155096411705017
0.3970288634300232
0.35572516918182373
0.09415040165185928
0.05976855754852295
0.2311760038137436
0.1538774073123932
0.01873091235756874
0.07698420435190201
0.39424195885658264
0.11951739341020584
0.07543212175369263
0.02805505506694317
0.1981322020292282
0.08834610134363174
0.06858514994382858
0.07049228250980377
0.1766263097524643
0.05712408572435379
0.3236570358276367
0.13096104562282562
0.11095242947340012
0.1730789691209793
0.04091395437717438
0.009221041575074196
0.06871180981397629
0.09506673365831375
0.08992621302604675
0.09016047418117523
0.1605481207370758
0.12286170572042465
0.1692616492509842
0.061473242938518524
0.043998055160045624
0.030756907537579536
0.007998649962246418
0.011261234991252422
0.03968553617596626
0.10023194551467896
0.1255810409784317
0.05293731763958931
0.10954710096120834
0.07759568095207214
0.033332742750644684
0.12815065681934357
0.18312159180641174
0.05354936793446541
0.09260590374469757
0.03124183788895607
0.02345285192131996
0.12057045847177505
0.1593713015317917
0.072362020611763
0.4511285424232483
0.09551315754652023
0.030963441357016563
0.40075913071632385
0.1956680566072464
0.035412997007369995
0.23726651072502136
0.057316139340400696
0.11239857226610184
0.08009298145771027
0.1676526963710785
0.06980812549591064
0.007141499314457178
0.00967394094914198
0.01104549691081047
0.02544054388999939
0.06761715561151505
0.24506527185440063
0.3243948519229889
0.35081177949905396
0.16603319346904755
0.5170448422431946
0.1834804266691208
0.2595108449459076
0.6104987263679504
0.5437313318252563
0.1903018355369568
0.5997492074966431
0.7489126324653625
0.5608429908752441
0.42877283692359924
0.5870234370231628
0.5898622274398804
0.4362547993659973
0.3993562161922455
0.37450331449508667
0.2572089433670044
0.3010665476322174
0.6109524965286255
0.3519727289676666
0.3801189363002777
0.3394848704338074
0.8111581206321716
0.5415087342262268
0.18285168707370758
0.16756103932857513
0.7958387732505798
0.5719022750854492
0.08283787220716476
0.4559956192970276
0.6706146597862244
0.6130614280700684
0.07640890777111053
0.35570162534713745
0.20242507755756378
0.11700545251369476
0.038543712347745895
0.207176074385643
0.17169497907161713
0.267646461725235
0.2358361929655075
0.2507844567298889
0.31903836131095886
0.5389404296875
0.6488233208656311
0.7840654253959656
0.9487307667732239
0.8685932159423828
0.7328534722328186
0.9101476669311523
0.5241430401802063
0.47129884362220764
0.8247718811035156
0.7887229919433594
0.28526535630226135
0.15920251607894897
0.5482115745544434
0.7144123315811157
0.24730733036994934
0.20978803932666779
0.8797310590744019
0.6828135251998901
0.1646321713924408
0.6665324568748474
0.917074978351593
0.6607115864753723
0.3443284332752228
0.37215274572372437
0.4595770835876465
0.7031437158584595
0.7373575568199158
0.8432184457778931
0.9777495265007019
0.8444330096244812
0.39798256754875183
0.9605486392974854
0.977222740650177
0.6046812534332275
0.790939211845398
0.9710965752601624
0.9177818298339844
0.6827782988548279
0.9660550355911255
0.953690230846405
0.8995063900947571
0.8944545388221741
0.800658643245697
0.5321216583251953
0.6891599893569946
0.7246707677841187
0.47170788049697876
0.3511413633823395
0.6358824372291565
0.9283966422080994
0.5300242900848389
0.8303058743476868
0.6185131669044495
0.1938927173614502
0.6908257603645325
0.380622923374176
0.10376175493001938
0.5211389660835266
0.45086511969566345
0.22498992085456848
0.1875646412372589
0.130716010928154
0.1583377718925476
0.29733380675315857
0.1231827512383461
0.18422134220600128
0.4714113473892212
0.43451452255249023
0.27137017250061035
0.2678074836730957
0.5474505424499512
0.7586573958396912
0.6384931802749634
0.8545077443122864
0.5050833821296692
0.7141578197479248
0.38347649574279785
0.34720292687416077
0.2374161034822464
0.4133218228816986
0.42703965306282043
0.6413689851760864
0.3597468137741089
0.5007509589195251
0.3197351396083832
0.28343328833580017
0.28848138451576233
0.15406127274036407
0.22319725155830383
0.13469213247299194
0.2084670513868332
0.13780958950519562
0.2268591970205307
0.2909131944179535
