0.23129065334796906
0.6129088401794434
0.28149309754371643
0.2703920006752014
0.08663658052682877
0.15623943507671356
0.03885113447904587
0.185780867934227
0.15037019550800323
0.2371883988380432
0.49236127734184265
0.3458327353000641
0.10499674826860428
0.14398355782032013
0.16536815464496613
0.571476399898529
0.529635488986969
0.09749564528465271
0.07053708285093307
0.4937366843223572
0.4808231592178345
0.06911616772413254
0.13876740634441376
0.34286215901374817
0.2929571270942688
0.22727394104003906
0.3554445505142212
0.3236454725265503
0.3075060546398163
0.2542208433151245
0.34890544414520264
0.39711475372314453
0.5648468136787415
0.673413097858429
0.4869045317173004
0.15282289683818817
0.47304508090019226
0.5224226713180542
0.1197444349527359
0.05477573722600937
0.24015821516513824
0.44726330041885376
0.15493732690811157
0.03718588501214981
0.4172869920730591
0.4388311207294464
0.11415786296129227
0.2822432219982147
0.1835753321647644
0.2694178521633148
0.2509813606739044
0.2769797444343567
0.12549477815628052
0.13422277569770813
0.225802481174469
0.047397181391716
0.03191646561026573
0.0893927589058876
0.17257656157016754
0.05118023604154587
0.0219690203666687
0.15603232383728027
0.11491131782531738
0.09212497621774673
0.08319219946861267
0.05789932236075401
0.3577650189399719
0.33410540223121643
0.47448742389678955
0.19978590309619904
0.42804664373397827
0.28279832005500793
0.5175605416297913
0.38216331601142883
0.4944680631160736
0.42511722445487976
0.18377767503261566
0.2866280972957611
0.04919382184743881
0.20611393451690674
0.21244314312934875
0.36121872067451477
0.5252296924591064
0.33974742889404297
0.4566737413406372
0.6040735244750977
0.6141093373298645
0.49819469451904297
0.8537741899490356
0.5241782069206238
0.6393925547599792
0.6849972605705261
0.29720255732536316
0.6246466636657715
0.6837974190711975
0.4893069863319397
0.4270738363265991
0.49778324365615845
0.36168909072875977
0.12665481865406036
0.3745349943637848
0.4985591173171997
0.19359268248081207
0.38712188601493835
0.12032487988471985
0.058296773582696915
0.6115602850914001
0.26179268956184387
0.1109069362282753
0.16748963296413422
0.45692792534828186
0.2523879408836365
0.1831710785627365
0.21264035999774933
0.64003986120224
0.3292331099510193
0.5055850148200989
0.41128668189048767
0.26368066668510437
0.3836425542831421
0.16978426277637482
0.08895201981067657
0.13266879320144653
0.22154124081134796
0.3013954162597656
0.7102749943733215
0.5186206102371216
0.21854348480701447
0.10144629329442978
0.41539931297302246
0.6627249121665955
0.4308148920536041
0.44453611969947815
0.6216543316841125
0.71737140417099
0.3848663866519928
0.5311115384101868
0.461419016122818
0.2570301592350006
0.2296568602323532
0.18613776564598083
0.09333232045173645
0.23574815690517426
0.235801562666893
0.32553958892822266
0.3970103859901428
0.3530294597148895
0.30232343077659607
0.34825727343559265
0.1107659712433815
0.5497503280639648
0.5179608464241028
0.5290236473083496
0.2683330476284027
0.6514562964439392
0.5824577808380127
0.5850122570991516
0.459541916847229
0.36381199955940247
0.3361084461212158
0.5214157700538635
0.33197692036628723
0.3916366696357727
0.29210415482521057
0.32024770975112915
0.31474319100379944
0.43585559725761414
0.23409529030323029
0.291258841753006
0.44882193207740784
0.6392250061035156
0.3883035480976105
0.43454137444496155
0.5556449890136719
0.35596027970314026
0.4918977916240692
0.4729357957839966
0.5850011110305786
0.40529072284698486
0.4342309534549713
0.32133638858795166
0.31076571345329285
0.6055134534835815
0.4951099753379822
0.3533845543861389
0.5015617609024048
0.2931467890739441
0.4391725957393646
0.525485098361969
0.15412254631519318
0.27250126004219055
0.46542438864707947
0.5155437588691711
0.38130950927734375
0.5038612484931946
0.35403338074684143
0.5023888945579529
0.1513911485671997
0.08589082956314087
0.3626568615436554
0.5631774663925171
0.1569814682006836
0.35324111580848694
0.4174872934818268
0.6433010697364807
0.38997673988342285
0.6761475205421448
0.7156179547309875
