0.02404058165848255
0.2917703688144684
0.06049545109272003
0.23821541666984558
0.09589021652936935
0.34353652596473694
0.09295103698968887
0.11006629467010498
0.18927478790283203
0.3105764091014862
0.4235454201698303
0.36219820380210876
0.36873358488082886
0.0808880627155304
0.044641539454460144
0.1126786470413208
0.11089981347322464
0.2050405740737915
0.0632183849811554
0.30509886145591736
0.11352303624153137
0.09952086955308914
0.1462671309709549
0.15304355323314667
0.23714065551757812
0.023864904418587685
0.02886897698044777
0.015095191076397896
0.01536706741899252
0.02497570961713791
0.07707182317972183
0.24624668061733246
0.27357664704322815
0.6130358576774597
0.5247370004653931
0.5280788540840149
0.37029463052749634
0.40081319212913513
0.5301957130432129
0.6150766611099243
0.2606987953186035
0.5908664464950562
0.47121307253837585
0.42163124680519104
0.29880252480506897
0.39432668685913086
0.24622885882854462
0.15628261864185333
0.033508431166410446
0.09703335911035538
0.12512798607349396
0.030518893152475357
0.1513681709766388
0.01837897300720215
0.005139454267919064
0.013593226671218872
0.015418263152241707
0.017770865932106972
0.04544791579246521
0.10084978491067886
0.5357668995857239
0.6721464395523071
0.31365329027175903
0.06638704240322113
0.1176760196685791
0.21676917374134064
0.30490776896476746
0.016082895919680595
0.06129719316959381
0.25831785798072815
0.019153205677866936
0.01609698124229908
0.28702130913734436
0.14469771087169647
0.04386793449521065
0.02408151514828205
0.11996539682149887
0.014082152396440506
0.016256609931588173
0.004725790582597256
0.050118617713451385
0.03848787397146225
0.06882674247026443
0.38654565811157227
0.17255577445030212
0.03338772803544998
0.0683966800570488
0.33568498492240906
0.35431256890296936
0.06813887506723404
0.27390995621681213
0.5507875680923462
0.516762912273407
0.12499187886714935
0.662907063961029
0.7491321563720703
0.5526343584060669
0.29802218079566956
0.7755870819091797
0.8405714631080627
0.5545437932014465
0.500775158405304
0.5379037261009216
0.4759204685688019
0.482610285282135
0.3696903586387634
0.13706202805042267
0.27963748574256897
0.3212986886501312
0.07875309139490128
0.05558253824710846
0.16547518968582153
0.074655681848526
0.01261972077190876
0.10370227694511414
0.07976118475198746
0.05480187013745308
0.03450937941670418
0.127200186252594
0.3208758234977722
0.2085985690355301
0.40681812167167664
0.6099444031715393
0.3901141583919525
0.40272659063339233
0.47698524594306946
0.13024687767028809
0.2726910412311554
0.09062906354665756
0.11707863956689835
0.14830587804317474
0.0535583421587944
0.08707229793071747
0.057390134781599045
0.2237437516450882
0.15152187645435333
0.10374827682971954
0.30243247747421265
0.018327757716178894
0.023000575602054596
0.05006936565041542
0.12298093736171722
0.21408525109291077
0.08972686529159546
0.024715520441532135
0.02583291195333004
0.03858046606183052
0.014746210537850857
0.09588657319545746
0.013517179526388645
0.10864121466875076
0.061646394431591034
0.09468183666467667
0.10251200944185257
0.09877541661262512
0.024034544825553894
0.010753056965768337
0.008015354163944721
0.018255650997161865
0.0032208827324211597
0.00455050403252244
0.00959954783320427
0.00601371843367815
0.009080067276954651
0.057466235011816025
0.14434519410133362
0.2158251702785492
0.1799858957529068
0.38502854108810425
0.2299845814704895
0.24079005420207977
0.30406761169433594
0.158736914396286
0.04154684767127037
0.22668592631816864
0.08763609826564789
0.02838611975312233
0.1009332537651062
0.06890315562486649
0.014165831729769707
0.04060867428779602
0.033881980925798416
0.009408432058990002
0.01599593088030815
0.005809740629047155
0.02412431128323078
0.011132574640214443
0.048380475491285324
0.057048261165618896
0.007478807587176561
0.03458784520626068
0.0692545548081398
0.056788522750139236
0.048346925526857376
0.14820496737957
0.11590979993343353
0.19039283692836761
0.27095329761505127
0.0855037197470665
0.03646622970700264
0.10745374113321304
0.11715541779994965
0.08397874981164932
0.027526402845978737
0.07743777334690094
0.05734272673726082
0.025625381618738174
0.014160439372062683
0.0564572699368
0.06733771413564682
0.03929789364337921
0.015891293063759804
0.07515817880630493
0.16144557297229767
0.06527853012084961
0.05350369215011597
0.13889621198177338
0.01778263971209526
0.08051183819770813
0.05169593542814255
0.15492112934589386
0.08474941551685333
0.6382714509963989
0.41295483708381653
0.6340681910514832
0.29241636395454407
0.21869739890098572
0.06848117709159851
0.4241776168346405
0.17586134374141693
0.022033831104636192
0.07707007229328156
0.2828807234764099
0.09486202150583267
0.044897954910993576
0.23834453523159027
0.29444029927253723
0.21866947412490845
0.05506113916635513
0.3664554953575134
0.23267126083374023
0.061082880944013596
0.107896588742733
0.35642051696777344
0.11367581784725189
0.136432945728302
0.10630730539560318
0.09615223109722137
0.16107405722141266
0.1259363293647766
0.31171485781669617
0.7650147080421448
0.8159969449043274
0.3488796353340149
0.35021042823791504
0.8250330686569214
0.5150065422058105
0.4229336380958557
0.6802898049354553
0.586292564868927
0.5588379502296448
0.5614042282104492
0.7164706587791443
0.39410877227783203
0.41296645998954773
0.6627921462059021
0.38488584756851196
0.3389156460762024
0.24400369822978973
0.36547979712486267
0.302314430475235
0.1713128387928009
0.40254858136177063
0.21459729969501495
0.3129107356071472
0.5161162614822388
0.5349745750427246
0.4052315354347229
0.4281376302242279
0.32730963826179504
0.3130913972854614
0.15248243510723114
0.1929665207862854
0.3171582520008087
0.09927266836166382
0.18539206683635712
0.2545749247074127
0.17208702862262726
0.27776360511779785
0.5540016293525696
0.280685693025589
0.6423593163490295
0.5510168075561523
0.5947941541671753
0.3340987265110016
0.10837505757808685
0.21184632182121277
0.45423194766044617
0.19398492574691772
0.19207803905010223
0.34304845333099365
0.5163367390632629
0.22750282287597656
0.23811960220336914
0.10976844280958176
0.0864366665482521
0.09391937404870987
0.03587106987833977
0.03584878891706467
0.09479591995477676
0.06636472046375275
0.10301032662391663
0.30138087272644043
0.16790679097175598
0.4018237590789795
0.17304934561252594
0.47002241015434265
0.37184539437294006
0.4523560702800751
0.4827224910259247
0.11652159690856934
0.43227386474609375
0.4846513569355011
0.1937766820192337
0.13220220804214478
0.28826916217803955
0.38141801953315735
0.07196632772684097
0.07134047150611877
0.14341938495635986
0.18534520268440247
0.10172656923532486
0.20835737884044647
0.056754667311906815
0.02281675674021244
0.026664400473237038
0.010989343747496605
0.0469527430832386
0.038616616278886795
0.09920713305473328
0.6360439658164978
0.21742554008960724
0.38805049657821655
0.3200977146625519
0.31427064538002014
0.20550976693630219
0.2352140247821808
0.06628818809986115
0.13543543219566345
0.10688462853431702
0.060312893241643906
0.16735078394412994
0.09931177645921707
0.1602296680212021
0.1402549296617508
0.17648762464523315
0.1117883026599884
0.1069667786359787
0.36145225167274475
0.22147205471992493
0.6014368534088135
0.38495469093322754
0.36158525943756104
0.24768324196338654
0.12458667904138565
0.152606800198555
0.07526791840791702
0.27976492047309875
0.09723230451345444
0.09891873598098755
0.056122083216905594
0.07228794693946838
0.0873659998178482
0.032914236187934875
0.05154810845851898
0.06433633714914322
0.08114365488290787
0.09326054900884628
0.05858573690056801
0.03306278958916664
0.010641556233167648
0.006532927509397268
0.014748213812708855
0.02796083129942417
0.013822508044540882
0.0017043696716427803
0.008502544835209846
0.02009667083621025
0.01155123207718134
0.00788127351552248
0.030863706022500992
0.02356526255607605
0.011697094887495041
0.03433431684970856
0.05939165875315666
0.008261539041996002
0.02387700416147709
0.02163785882294178
0.02903108485043049
0.06689504534006119
0.05342122167348862
0.29401957988739014
0.1993526965379715
0.08108044415712357
0.04887120798230171
0.014398263767361641
0.07423365116119385
0.0326666422188282
0.019650384783744812
0.03498755395412445
0.1728835552930832
0.10544715821743011
0.027299979701638222
0.09680814296007156
0.16989335417747498
0.11096064746379852
0.04525809362530708
0.04365001991391182
0.09962324798107147
0.041378144174814224
0.1273781657218933
0.19950993359088898
0.2139231562614441
0.5301225781440735
0.5643594861030579
0.4484075605869293
0.474688857793808
0.30298733711242676
0.13105176389217377
0.22095710039138794
0.035939477384090424
