0.15986500680446625
0.45856401324272156
0.37552765011787415
0.1994229108095169
0.1468801349401474
0.20760126411914825
0.18315303325653076
0.30103105306625366
0.21939587593078613
0.210420623421669
0.11190172284841537
0.29152411222457886
0.20431585609912872
0.19326455891132355
0.5805113911628723
0.9528250098228455
0.8645713925361633
0.5767072439193726
0.7811577916145325
0.9799057841300964
0.7920092940330505
0.16967792809009552
0.9535219669342041
0.9386529922485352
0.28605976700782776
0.6646490693092346
0.9496487379074097
0.7330623269081116
0.6118199229240417
0.7620476484298706
0.4972372055053711
0.40398526191711426
0.3236137926578522
0.22721052169799805
0.29845017194747925
0.049544382840394974
0.08667659759521484
0.04509745165705681
0.09851476550102234
0.06321597844362259
0.06527664512395859
0.10347048193216324
0.23571236431598663
0.4673025906085968
0.2754439413547516
0.1366698294878006
0.282141774892807
0.338119775056839
0.18283198773860931
0.2297205626964569
0.15641342103481293
0.2576397955417633
0.17660237848758698
0.3410874605178833
0.16824083030223846
0.1497892439365387
0.2791675925254822
0.3961920440196991
0.10065937042236328
0.048961639404296875
0.35538801550865173
0.328909695148468
0.2577090859413147
0.2941676676273346
0.6191204786300659
0.8402695655822754
0.8482053875923157
0.7884271740913391
0.7786924242973328
0.49363481998443604
0.4195084869861603
0.37345096468925476
0.371398001909256
0.42105767130851746
0.22659434378147125
0.09220285713672638
0.16550461947917938
0.23294878005981445
0.23307561874389648
0.163290336728096
0.09169235825538635
0.19146321713924408
0.05351158604025841
0.36491361260414124
0.37025395035743713
0.23597706854343414
0.2806098163127899
0.08284182846546173
0.025331374257802963
0.19158144295215607
0.18700166046619415
0.10191070288419724
0.07816334813833237
0.1759168803691864
0.24268658459186554
0.22137150168418884
0.10292885452508926
0.17411288619041443
0.1327619105577469
0.27464166283607483
0.11876026540994644
0.29802611470222473
0.2520076334476471
0.18894125521183014
0.34660330414772034
0.474672794342041
0.3607196807861328
0.7801268100738525
0.615805983543396
0.20532524585723877
0.4581018090248108
0.6172417998313904
0.2634257376194
0.37719112634658813
0.5102406740188599
0.6648429036140442
0.5794165730476379
0.3231545090675354
0.3116566836833954
0.507301926612854
0.3395364582538605
0.15539975464344025
0.45538392663002014
0.5395824313163757
0.2814575433731079
0.2644200325012207
0.49492380023002625
0.2543502151966095
0.18891523778438568
0.09814685583114624
0.46607670187950134
0.38494884967803955
0.8702410459518433
0.8909462690353394
0.7442722916603088
0.8022111058235168
0.6190363764762878
0.5055841207504272
0.484478622674942
0.3439439833164215
0.501555860042572
0.5368303060531616
0.6009505987167358
0.5413832068443298
0.6935004591941833
0.6005532741546631
0.544459342956543
0.7885851860046387
0.8595770597457886
0.9702925086021423
0.9695391058921814
0.9715490341186523
0.9605802893638611
0.8967788815498352
0.8106598854064941
0.4378076493740082
0.7771132588386536
0.7998663783073425
0.28411272168159485
0.3366658091545105
0.47735506296157837
0.7561611533164978
0.27120208740234375
0.3376028835773468
0.4628078043460846
0.39567461609840393
0.7495129704475403
0.8741322159767151
0.5866531729698181
0.9180172681808472
0.9749001264572144
0.8726907968521118
0.4916130602359772
0.6606959104537964
0.8088001608848572
0.4496706426143646
0.13302460312843323
0.5401250720024109
0.3865627944469452
0.2498951554298401
0.11179826408624649
0.3638888895511627
0.4171845614910126
0.19552016258239746
0.055864062160253525
0.08268227428197861
0.13324670493602753
0.17337976396083832
0.11887889355421066
