0.029703978449106216
0.19595398008823395
0.005188521463423967
0.04012530669569969
0.004686287604272366
0.017743151634931564
0.06399912387132645
0.19916805624961853
0.699927568435669
0.8534317016601562
0.836948573589325
0.8197210431098938
0.6629201769828796
0.8211818337440491
0.365975946187973
0.13277754187583923
0.07836925983428955
0.018571197986602783
0.06027299165725708
0.08120113611221313
0.05362279340624809
0.17144007980823517
0.12614241242408752
0.033882394433021545
0.26831936836242676
0.4755253791809082
0.4309566617012024
0.26676154136657715
0.3218519687652588
0.4764668047428131
0.5823130011558533
0.5128971934318542
0.7282331585884094
0.7785979509353638
0.8571523427963257
0.8553783297538757
0.9021958112716675
0.917008638381958
0.8528594970703125
0.8767451047897339
0.6042879223823547
0.8837540745735168
0.8723395466804504
0.7600737810134888
0.5522043704986572
0.19310732185840607
0.6416006684303284
0.8946040272712708
0.2944585680961609
0.3976275622844696
0.7850412130355835
0.7704337239265442
0.10316069424152374
0.3229469358921051
0.6105378270149231
0.6131106615066528
0.31909409165382385
0.4547788202762604
0.4025021493434906
0.2427179515361786
0.1658458411693573
0.18599703907966614
0.14584285020828247
0.11312077939510345
0.130368173122406
0.021013857796788216
0.02702891267836094
0.008921239525079727
0.07216303050518036
0.034944940358400345
0.3992514908313751
0.39334651827812195
0.39900293946266174
0.4294360876083374
0.3981471657752991
0.3023432791233063
0.5187891125679016
0.6766887903213501
0.5582488179206848
0.5295892357826233
0.5051316022872925
0.5534611940383911
0.49573537707328796
0.5702651143074036
0.7107356190681458
0.6433722376823425
0.6229968667030334
0.4631205201148987
0.3539077341556549
0.6307099461555481
0.342813640832901
0.18826942145824432
0.4524661600589752
0.6781770586967468
0.4778751730918884
0.4103231728076935
0.5667533874511719
0.4374261498451233
0.733994722366333
0.6763263940811157
0.5072298049926758
0.45093169808387756
0.23258596658706665
0.4725261330604553
0.18682733178138733
0.2156279981136322
0.15108974277973175
0.32511013746261597
0.25052502751350403
0.12035475671291351
0.3348377048969269
0.05248994007706642
0.4875478744506836
0.19140653312206268
0.22665663063526154
0.2138882279396057
0.01287076435983181
0.03301725536584854
0.010037732310593128
0.050927046686410904
0.051771748811006546
0.056007757782936096
0.13886137306690216
0.10940517485141754
0.2968575358390808
0.23079848289489746
0.19814331829547882
0.22753770649433136
0.13923117518424988
0.0959099531173706
0.010313889943063259
0.005625679157674313
0.0036565910559147596
0.0050467271357774734
0.012213810347020626
0.005264604464173317
0.0448983870446682
0.09024640917778015
0.3988575041294098
0.24435894191265106
0.4845937192440033
0.7502661943435669
0.4325258433818817
0.19412480294704437
0.21090655028820038
0.21029157936573029
0.14332345128059387
0.022777313366532326
0.11563421785831451
0.02492101490497589
0.12325356155633926
0.1777193546295166
0.13086509704589844
0.21430853009223938
0.187051460146904
0.40159156918525696
0.5616893768310547
0.32530033588409424
0.6449945569038391
0.684603750705719
0.6499171853065491
0.5972029566764832
0.2215368002653122
0.19593892991542816
0.4221644401550293
0.17074579000473022
0.03876197338104248
0.10623989254236221
0.38259273767471313
0.05919429287314415
0.02212570421397686
0.2902761697769165
0.3222200274467468
0.08637995272874832
0.036178261041641235
0.41629138588905334
0.21084564924240112
0.030739691108465195
0.06128011271357536
0.15563268959522247
0.09118358790874481
0.3023048937320709
0.7449281811714172
0.266081303358078
0.04705636948347092
0.12184832245111465
0.2452797144651413
0.012469208799302578
0.04678550362586975
0.04803653061389923
0.04153494909405708
0.011883649975061417
0.1576373130083084
0.33231714367866516
0.020482132211327553
0.06316468864679337
0.014220009557902813
0.030714001506567
0.008691608905792236
0.007469610311090946
0.01842069812119007
0.01066204160451889
0.0327228419482708
0.019461261108517647
0.017853621393442154
0.02234238013625145
0.03176037222146988
0.05133892595767975
0.07536386698484421
0.09058356285095215
0.009144670329988003
0.06131276860833168
0.12179246544837952
0.1357346624135971
0.18496881425380707
0.2006785124540329
0.2792561948299408
0.5679522156715393
0.37051138281822205
0.6866957545280457
0.28133368492126465
0.5262055993080139
0.2403603196144104
0.5099031329154968
0.5870270133018494
0.48535481095314026
0.69661545753479
0.5492934584617615
0.29948464035987854
0.7344771027565002
0.6518703103065491
0.24403664469718933
0.21627160906791687
0.6111745238304138
0.7019544839859009
0.28734326362609863
0.35834065079689026
0.6498088836669922
0.339394748210907
0.15875965356826782
0.1194634959101677
0.34544679522514343
0.23844684660434723
0.12730389833450317
0.20951682329177856
0.40101391077041626
0.27026453614234924
0.2376336306333542
0.2795361876487732
0.08059746772050858
0.30872467160224915
0.38489821553230286
0.28092217445373535
0.35002797842025757
0.28705495595932007
0.3909364342689514
0.1409534513950348
0.25793835520744324
0.14429479837417603
0.14962685108184814
0.23871800303459167
0.3545476198196411
0.19802334904670715
0.1042998656630516
0.2947917878627777
0.0845794826745987
0.08139678835868835
0.16473491489887238
0.15046757459640503
0.27241817116737366
0.04396281763911247
0.34659701585769653
0.3356477916240692
0.17570172250270844
0.1321764439344406
0.09387913346290588
0.07423890382051468
0.011285161599516869
0.012448531575500965
0.008167659863829613
0.006109734531491995
0.00912435445934534
0.01338658481836319
0.0032981738913804293
0.004311205353587866
0.015388128347694874
0.03548135608434677
0.009481426328420639
0.002540089190006256
0.09140805155038834
0.03041449561715126
0.0737890973687172
0.006420866120606661
0.07006693631410599
0.1303606778383255
0.021923238411545753
0.023140449076890945
0.11925506591796875
0.39807307720184326
0.03449905291199684
0.03196360915899277
0.042323220521211624
0.08609890937805176
0.036746639758348465
0.005165586248040199
0.013535672798752785
0.005805616267025471
0.00867471657693386
0.011974764987826347
0.03359277546405792
0.012657349929213524
0.00864802859723568
0.14374230802059174
0.011403676122426987
0.08189726620912552
0.06015573814511299
0.004365373868495226
0.024874666705727577
0.07798418402671814
0.18699386715888977
0.011236880905926228
0.12728264927864075
0.32973751425743103
0.13786208629608154
0.26378878951072693
0.10375669598579407
0.04335266724228859
0.14718443155288696
0.17623285949230194
0.08540557324886322
0.27027279138565063
0.08063114434480667
0.2719559371471405
0.2676527500152588
0.2693522274494171
0.07908681780099869
0.23447847366333008
0.1969214230775833
0.31519731879234314
0.04427458345890045
0.0361427441239357
0.00812259130179882
0.07523863017559052
0.010723200626671314
0.009519057348370552
0.003734096186235547
0.040512267500162125
0.06225421652197838
0.016304224729537964
0.018509099259972572
0.11541304737329483
0.1647992879152298
0.04872943460941315
0.06585852056741714
0.034037552773952484
0.141368567943573
0.0808514952659607
0.2928377091884613
0.5173592567443848
0.31275302171707153
0.3443085253238678
0.11745674163103104
0.1978754848241806
0.12957678735256195
0.20992697775363922
0.5266236662864685
0.22360140085220337
0.4083123207092285
0.39019718766212463
0.24422985315322876
0.10354460030794144
0.054884232580661774
0.04454490542411804
0.13533397018909454
0.016258515417575836
0.04833102971315384
0.09192989021539688
0.10561729967594147
0.044244322925806046
0.1558762490749359
0.43133288621902466
0.2622597813606262
0.15270845592021942
0.23740601539611816
0.14258477091789246
0.04638993367552757
0.06868867576122284
0.06125018373131752
0.02770300582051277
0.03604954481124878
0.02500949241220951
0.006928157061338425
0.010676025412976742
0.019042380154132843
0.009254295378923416
0.0019130829023197293
0.0025179542135447264
0.010440056212246418
0.012857463210821152
0.006302746012806892
0.02012583799660206
0.016046391800045967
0.017149224877357483
0.041741374880075455
0.04940608888864517
0.02467142604291439
0.03094162605702877
0.03348816558718681
0.025698771700263023
0.10095343738794327
0.05871422588825226
0.3818148374557495
0.1372295469045639
0.08299446851015091
0.4097069799900055
0.5598100423812866
0.7828290462493896
0.29297956824302673
0.050653744488954544
0.0406029038131237
0.036428142338991165
0.04703747108578682
0.10368213057518005
0.04838079586625099
0.15528428554534912
0.02599460631608963
0.06205691397190094
0.054333385080099106
0.07761532813310623
0.24874264001846313
0.09847038239240646
0.4247594475746155
0.34049203991889954
0.06353913247585297
0.3910115659236908
0.4590819180011749
0.34539246559143066
0.15911637246608734
0.31254497170448303
0.5655253529548645
0.6254200339317322
0.3791433870792389
0.43770885467529297
0.6636312007904053
0.6679733395576477
0.5565117597579956
0.7138791084289551
0.5432813763618469
0.5711730122566223
0.464413583278656
0.3269544541835785
0.12572284042835236
0.0633954331278801
0.056233037263154984
0.033019330352544785
0.036342836916446686
0.0683530643582344
0.049369413405656815
0.04784854128956795
0.014697104692459106
0.04660015180706978
0.05834037810564041
0.08429167419672012
0.0675189420580864
0.1911042183637619
0.21018770337104797
0.0969032347202301
0.07855402678251266
0.10296694189310074
0.14794133603572845
0.22921378910541534
0.2984563410282135
0.06843890994787216
0.09148728847503662
0.10774702578783035
0.17963474988937378
0.1264437884092331
0.26846960186958313
0.08807734400033951
0.1821901947259903
0.17334876954555511
0.14005550742149353
0.14888447523117065
0.1590077131986618
0.35467496514320374
0.30238035321235657
0.1164533942937851
0.38177525997161865
0.0838988646864891
0.10084883123636246
0.10319801419973373
0.3918391764163971
0.6815218329429626
0.6433545351028442
0.26248785853385925
0.2966447174549103
0.10187284648418427
0.22675104439258575
0.06829886138439178
0.06458012014627457
0.03390113636851311
0.015782704576849937
0.03498918190598488
0.06517139822244644
0.0915558859705925
0.05914333090186119
0.030253281816840172
0.04819321259856224
0.032230444252491
0.03549903258681297
0.03240904584527016
0.022786054760217667
0.0028839686419814825
0.004102726466953754
0.01718941517174244
0.007558182813227177
0.008780555799603462
0.006738539319485426
0.02280820533633232
0.009922224096953869
0.05764158442616463
0.0703418031334877
0.09912832826375961
0.01326191145926714
0.046394918113946915
0.01197832077741623
0.028580648824572563
0.02372175082564354
0.196330264210701
0.23084895312786102
0.1478535383939743
0.49702855944633484
0.6349388957023621
0.7829758524894714
0.731080174446106
0.7763811945915222
0.6860214471817017
0.49558156728744507
0.32904502749443054
0.45465824007987976
0.3592861294746399
0.11638393998146057
0.4139246940612793
0.4636057913303375
0.11169395595788956
0.2718713581562042
0.7801411747932434
0.34889310598373413
0.2241932898759842
0.6477144360542297
0.8260498642921448
0.3968839943408966
0.5277649164199829
0.18231679499149323
0.061772361397743225
0.024899354204535484
0.044783931225538254
0.01953968219459057
0.018010608851909637
0.012270165607333183
0.032866787165403366
0.021682405844330788
0.0075875637121498585
0.05940507724881172
0.11017847806215286
0.3528349995613098
0.18992993235588074
0.3247082233428955
0.3273794949054718
0.350678026676178
