0.017358699813485146
0.019828373566269875
0.015901220962405205
0.017086036503314972
0.04220904782414436
0.02669711410999298
0.06749339401721954
0.1951121985912323
0.577433705329895
0.257073312997818
0.21596190333366394
0.2508662939071655
0.24674265086650848
0.2591724395751953
0.06440022587776184
0.1528729945421219
0.11327581852674484
0.06445266306400299
0.06312272697687149
0.1508355587720871
0.13202285766601562
0.12811188399791718
0.026670273393392563
0.09025142341852188
0.16448147594928741
0.06543353945016861
0.057189907878637314
0.06014299392700195
0.06427432596683502
0.06443557888269424
0.04701611027121544
0.17493601143360138
0.07136412709951401
0.09937320649623871
0.22481802105903625
0.08691107481718063
0.35993698239326477
0.12467046827077866
0.03244899958372116
0.028900736942887306
0.041109222918748856
0.014148619957268238
0.006260094698518515
0.012358893640339375
0.05394330248236656
0.003228347050026059
0.005919537041336298
0.012918037362396717
0.003730103839188814
0.014511985704302788
0.006635358091443777
0.008319862186908722
0.019537433981895447
0.0458383783698082
0.5150447487831116
0.5452785491943359
0.22684155404567719
0.16351447999477386
0.03248047083616257
0.018277453258633614
0.021185804158449173
0.015493394806981087
0.0059864153154194355
0.005428836680948734
0.013248687610030174
0.009882918559014797
0.0034949067048728466
0.023794734850525856
0.012092695571482182
0.005343015771359205
0.04193476587533951
0.013204440474510193
0.004738121759146452
0.01909150928258896
0.08459606766700745
0.07446898519992828
0.09789904206991196
0.4715862274169922
0.36567947268486023
0.2182224541902542
0.5830926895141602
0.2536150813102722
0.03701877221465111
0.015963099896907806
0.04080550745129585
0.05742674320936203
0.012250344268977642
0.0015289075672626495
0.033934541046619415
0.05270038917660713
0.016753770411014557
0.07686582952737808
0.015834186226129532
0.025412151589989662
0.012308168224990368
0.020515838637948036
0.07640953361988068
0.04887240007519722
0.42221662402153015
0.46149173378944397
0.257509708404541
0.39480987191200256
0.5682979822158813
0.8927169442176819
0.7475801110267639
0.3521769046783447
0.15318135917186737
0.9677309393882751
0.8756413459777832
0.06039084866642952
0.7005175948143005
0.9270526170730591
0.5664151310920715
0.0890585333108902
0.9346997141838074
0.9273112416267395
0.39918237924575806
0.6721904873847961
0.9506726861000061
0.8196659088134766
0.8194411396980286
0.9718924760818481
0.9306369423866272
0.8848637342453003
0.8977542519569397
0.9510238766670227
0.9313364028930664
0.8938324451446533
0.949256181716919
0.7028675079345703
0.8528234958648682
0.45015662908554077
0.44486209750175476
0.021643321961164474
0.0027827054727822542
0.0008577202679589391
0.002100840676575899
0.0039346166886389256
0.0051470594480633736
0.017492080107331276
0.09918704628944397
0.5587403774261475
0.08265814185142517
0.03844954073429108
0.17669525742530823
0.6759428977966309
0.07092548906803131
0.06585387140512466
0.8279162049293518
0.924183189868927
0.11311457306146622
0.5453144311904907
0.9298607707023621
0.9322776794433594
0.5520580410957336
0.1565043181180954
0.19188077747821808
0.019893107935786247
0.008334746584296227
0.004319836385548115
0.015752088278532028
0.020178088918328285
0.07340425252914429
0.22572173178195953
0.14023248851299286
0.12667518854141235
0.030441531911492348
0.09925821423530579
0.01806941069662571
0.02422017604112625
0.013808720745146275
0.06401856988668442
0.020356694236397743
0.009680169634521008
0.00952913984656334
0.004708161577582359
0.002897205064073205
0.004623705986887217
0.024258282035589218
0.01425563171505928
0.010039445012807846
0.18339991569519043
0.036740925163030624
0.004893557634204626
0.0020524945575743914
0.0023310205433517694
0.012672483921051025
0.008904121816158295
0.059822361916303635
0.0741419792175293
0.07561688870191574
0.06672904640436172
0.05479377135634422
0.008789708837866783
0.029766367748379707
0.006398508790880442
0.03804200515151024
0.009610801935195923
0.0032760214526206255
0.024410972371697426
0.007758114021271467
0.008082077838480473
0.006841284688562155
0.019923508167266846
0.027192460373044014
0.04233917221426964
0.09330792725086212
0.4654889702796936
0.17081664502620697
0.029820425435900688
0.06853115558624268
0.009873570874333382
0.026773173362016678
0.029588570818305016
0.08245144784450531
0.051350295543670654
0.1444099396467209
0.11699771881103516
0.09414360672235489
0.007833368144929409
0.012717221863567829
0.005885830149054527
0.04730836674571037
0.05269252881407738
0.004425665829330683
0.007102773524820805
0.029943300411105156
0.02544063702225685
0.010966075584292412
0.025659611448645592
0.08980315178632736
0.03680906072258949
0.06546663492918015
0.20693723857402802
0.21665680408477783
0.0311414897441864
0.14195659756660461
0.08889993280172348
0.2130815088748932
0.20053736865520477
0.3772079050540924
0.23783206939697266
0.7038522958755493
0.17899447679519653
0.3880216181278229
0.1528082638978958
0.6847296357154846
0.10187462717294693
0.10907541215419769
0.4437617361545563
0.4186120629310608
0.10195473581552505
0.11880896985530853
0.6582942008972168
0.4935787618160248
0.3622593283653259
0.3280985653400421
0.6522925496101379
0.7609473466873169
0.882177472114563
0.9754045605659485
0.9609764814376831
0.90869140625
0.8955743908882141
0.6851070523262024
0.7264049053192139
0.9391053318977356
0.8673332333564758
0.7741042375564575
0.8310692310333252
0.3189198672771454
0.35436370968818665
0.1419399380683899
0.36410608887672424
0.10159867256879807
0.02843385376036167
0.1291790008544922
0.15537391602993011
0.01964050717651844
0.02210443653166294
0.11363784223794937
0.08652647584676743
0.020458001643419266
0.0696333721280098
0.0734872967004776
0.03077707439661026
0.03748912736773491
0.13288109004497528
0.17200085520744324
0.12121615558862686
0.03927436098456383
0.17633648216724396
0.4152553677558899
0.28972846269607544
0.10457735508680344
0.11308112740516663
0.04408114030957222
0.2082480490207672
0.09214987605810165
