0.15507470071315765
0.17469345033168793
0.29875877499580383
0.47883886098861694
0.4480797052383423
0.571504533290863
0.5012952089309692
0.6861713528633118
0.3478231728076935
0.6518905758857727
0.3678547739982605
0.44797277450561523
0.38065654039382935
0.7900182008743286
0.6281187534332275
0.7917079925537109
0.8034080862998962
0.7489398121833801
0.5879846215248108
0.3616859018802643
0.5214376449584961
0.48402705788612366
0.1544741541147232
0.5662477612495422
0.30429163575172424
0.2840292155742645
0.32398080825805664
0.5721438527107239
0.33070406317710876
0.26895660161972046
0.35467612743377686
0.5606091618537903
0.4258919954299927
0.47032251954078674
0.4595590829849243
0.44233813881874084
0.4374014437198639
0.6474977135658264
0.4917973577976227
0.7504367828369141
0.7299293279647827
0.8010093569755554
0.810060441493988
0.6415740251541138
0.6583322882652283
0.6307110786437988
0.9077427387237549
0.8098857998847961
0.7075605392456055
0.8335267901420593
0.8155064582824707
0.6906566619873047
0.5873973369598389
0.8781598806381226
0.7745490074157715
0.7694833278656006
0.9177793860435486
0.7286999821662903
0.9446781873703003
0.9178499579429626
0.7472761869430542
0.3218380808830261
0.503114640712738
0.3241419494152069
0.6608107089996338
0.6193041205406189
0.7064335942268372
0.8305245041847229
0.8242371082305908
0.8209053874015808
0.7925613522529602
0.87173992395401
0.8259986042976379
0.8753233551979065
0.6998389363288879
0.916911244392395
0.7406948208808899
0.7100368142127991
0.35824424028396606
0.5913571715354919
0.5837694406509399
0.5058867335319519
0.5507495403289795
0.7099505066871643
0.20661243796348572
0.35267767310142517
0.6882623434066772
0.7081947922706604
0.535883903503418
0.585089921951294
0.5380098819732666
0.6728059649467468
0.6960119605064392
0.39714205265045166
0.47524160146713257
0.5609909296035767
0.32046961784362793
0.17842695116996765
0.22384169697761536
0.19469335675239563
0.148795947432518
0.25197523832321167
