0.18959780037403107
0.6730132102966309
0.48249128460884094
0.7700992226600647
0.3592379689216614
0.8860155940055847
0.8159143328666687
0.8329132199287415
0.26382237672805786
0.6953637599945068
0.6847110986709595
0.4935559630393982
0.39335331320762634
0.49990230798721313
0.514863133430481
0.5266658067703247
0.4351731538772583
0.5958601832389832
0.5586716532707214
0.4930613934993744
0.5594940781593323
0.4238739609718323
0.3509570062160492
0.4232918918132782
0.23399022221565247
0.323020339012146
0.28631025552749634
0.32768067717552185
0.4906614124774933
0.4704832136631012
0.4380302429199219
0.5501416921615601
0.43072396516799927
0.4734954833984375
0.351997971534729
0.3260974586009979
0.36145496368408203
0.5607243776321411
0.3971114158630371
0.3076860010623932
0.3651800751686096
0.3984864354133606
0.36999306082725525
0.5185166001319885
0.6932371258735657
0.8376858830451965
0.8381528854370117
0.9224591851234436
0.606741726398468
0.8891985416412354
0.7285313010215759
0.8423025012016296
0.9449753165245056
0.8989141583442688
0.965286135673523
0.6765088438987732
0.7574781775474548
0.7981593608856201
0.6373351216316223
0.6683371663093567
0.5840466022491455
0.3805065453052521
0.4064309298992157
0.35329464077949524
0.6431036591529846
0.616855263710022
0.7500349283218384
0.4290432035923004
0.8289240002632141
0.5495505928993225
0.9117518663406372
0.8630678653717041
0.9340649843215942
0.9593310952186584
0.959492027759552
0.9512038826942444
0.9367713928222656
