0.7379873991012573
0.8180609345436096
0.2803930640220642
0.7872576117515564
0.5664022564888
0.8286488056182861
0.7211365103721619
0.8154615163803101
0.3584984242916107
0.4362007677555084
0.1276957243680954
0.249018594622612
0.42371731996536255
0.418934166431427
0.30255281925201416
0.3284912109375
0.6669114232063293
0.3280408978462219
0.429914265871048
0.7214226722717285
0.6404865980148315
0.6834594011306763
0.8475173115730286
0.9179317951202393
0.6416230797767639
0.8524206280708313
0.38300076127052307
0.5593114495277405
0.6566873788833618
0.6860817670822144
0.4616571068763733
0.5315597057342529
0.6330947279930115
0.37925177812576294
0.5686996579170227
0.842003583908081
0.8932433724403381
0.9300544857978821
0.9783387780189514
0.8970445990562439
0.9574112296104431
0.910328209400177
0.9268465042114258
0.948456346988678
0.9303534626960754
0.8159491419792175
0.7685611844062805
0.6767594218254089
0.7150290608406067
0.28720611333847046
0.8084645867347717
0.47143036127090454
0.903890073299408
0.7704606056213379
0.9208887815475464
0.607364296913147
0.8665598630905151
0.24667008221149445
0.6692799925804138
0.36437058448791504
0.6955307126045227
0.22988325357437134
0.17067264020442963
0.5085081458091736
0.4780154824256897
0.2800472676753998
0.42753899097442627
0.7143637537956238
0.5254018902778625
0.381801038980484
0.3756476044654846
0.22798892855644226
0.5754875540733337
0.5655350685119629
0.2733897268772125
0.49887391924858093
0.7622828483581543
0.3698089122772217
0.42121225595474243
0.37349262833595276
0.2936041057109833
0.06683366000652313
0.09004785120487213
0.20781616866588593
0.2153109610080719
0.19969825446605682
0.2814640700817108
0.25464993715286255
0.2808305323123932
0.27810138463974
0.2803037762641907
0.4917058050632477
0.5735338926315308
0.8281373381614685
0.922551691532135
0.9514506459236145
0.9345743656158447
0.90617436170578
0.9688137173652649
0.9179670810699463
0.9491702318191528
0.9752443432807922
0.9870566129684448
0.9583842158317566
0.9915074110031128
0.9721795320510864
0.9758521318435669
