0.34857839345932007
0.38719645142555237
0.4625631868839264
0.41967305541038513
0.7429588437080383
0.7176690101623535
0.5499142408370972
0.6678692102432251
0.6060546040534973
0.7487476468086243
0.6481325626373291
0.4180903434753418
0.39133337140083313
0.6762266755104065
0.6135990023612976
0.7650379538536072
0.6094072461128235
0.5312418341636658
0.7166436314582825
0.8150185346603394
0.7484885454177856
0.9069656729698181
0.7551417350769043
0.9258645176887512
0.8754767179489136
0.7703396081924438
0.443727970123291
0.3611395061016083
0.14268861711025238
0.21490561962127686
0.32780754566192627
0.03157399222254753
0.021512189880013466
0.00439122598618269
0.014979196712374687
0.0021255756728351116
0.06010260805487633
0.04412037879228592
0.009257808327674866
0.03530769795179367
0.06475606560707092
0.139552503824234
0.15896810591220856
0.1006968766450882
0.2993182837963104
0.41664090752601624
0.4316675662994385
0.39301103353500366
0.34460413455963135
0.3517126142978668
0.24403874576091766
0.1450454443693161
0.15911352634429932
0.12158926576375961
0.044440533965826035
0.050875160843133926
0.08050183206796646
0.06433158367872238
0.006638677790760994
0.03412036970257759
0.21772727370262146
0.017185714095830917
0.03329910710453987
0.1013033539056778
0.09348414838314056
0.011046730913221836
0.07838036864995956
0.10447398573160172
0.07122238725423813
0.0459756962954998
0.04244750365614891
0.11753746122121811
0.012988572008907795
0.011669410392642021
0.01265433244407177
0.03243732824921608
0.06692595779895782
0.24045062065124512
0.3243410885334015
0.12343977391719818
0.3016350567340851
0.3955762982368469
0.6479220390319824
0.7558634281158447
0.893843948841095
0.809448778629303
0.5925882458686829
0.7611130475997925
0.9449396133422852
0.7785336375236511
0.5977784395217896
0.8319576978683472
0.9184048771858215
0.7454421520233154
0.28577741980552673
0.3999622166156769
0.18446822464466095
0.09844476729631424
0.20116348564624786
0.18521276116371155
0.17294955253601074
0.19045746326446533
0.1669856309890747
0.07132373750209808
0.08195914328098297
0.09060804545879364
0.023598359897732735
0.06339289993047714
0.09079110622406006
0.06278003007173538
0.013245096430182457
0.027211390435695648
0.029353009536862373
0.02671917714178562
0.10756637901067734
0.12768658995628357
0.03895251825451851
0.07439841330051422
0.08396277576684952
0.07652409374713898
0.43491116166114807
0.36849090456962585
0.7300841212272644
0.9239376783370972
0.9472563862800598
0.7981923222541809
0.31278911232948303
0.6992571949958801
0.9059883952140808
0.9123907089233398
0.39418426156044006
0.4700803756713867
0.16184966266155243
0.6291760206222534
0.5651427507400513
0.30777740478515625
0.10534295439720154
0.8750609755516052
0.41869470477104187
0.2332211136817932
0.2950969636440277
0.2678275406360626
0.5362036824226379
0.2211333066225052
0.062095966190099716
0.06808092445135117
0.02905370481312275
0.00898804236203432
0.026631610468029976
0.1646333932876587
0.49056878685951233
0.216537207365036
0.8751423954963684
0.9139578342437744
0.4069425165653229
0.150114968419075
0.8782647848129272
0.9409888386726379
0.19143129885196686
0.19136427342891693
0.9566131234169006
0.8909295201301575
0.31459060311317444
0.9457022547721863
0.9800941944122314
0.9094809293746948
0.9528202414512634
0.5975885391235352
0.5900614857673645
0.2466062754392624
0.2952430546283722
0.1597341150045395
0.044647954404354095
0.18116910755634308
0.20058360695838928
0.02717749774456024
0.13882695138454437
0.3662647306919098
0.32808226346969604
0.6898358464241028
0.7817258238792419
0.6192673444747925
0.821000874042511
0.8171960115432739
0.3735429048538208
0.7291460037231445
0.9498850703239441
0.5349444150924683
0.4352817237377167
0.8846310973167419
0.9651535749435425
0.41648176312446594
0.3966276943683624
0.9314703345298767
0.9728065133094788
0.8736495971679688
0.5319421887397766
0.49717140197753906
0.42542919516563416
0.55097895860672
0.16347813606262207
0.06073543056845665
0.24810995161533356
0.615489661693573
0.1883607655763626
0.2043510526418686
0.46855270862579346
