0.06234487518668175
0.027476951479911804
0.07301568984985352
0.005007169675081968
0.014164741151034832
0.008416881784796715
0.02568119205534458
0.03506223484873772
0.015147943049669266
0.1904897391796112
0.04367266967892647
0.021400971338152885
0.32029709219932556
0.22657425701618195
0.028215914964675903
0.13137125968933105
0.28140223026275635
0.1746176928281784
0.10037608444690704
0.03924231603741646
0.11429844051599503
0.1513720154762268
0.16226747632026672
0.035890765488147736
0.08036509901285172
0.11726555973291397
0.08050606399774551
0.05856095999479294
0.021364789456129074
0.041129305958747864
0.009943734854459763
0.002956097712740302
0.000566634873393923
0.002159483963623643
0.00750671187415719
0.04239681363105774
0.04450797289609909
0.2455700784921646
0.11175233870744705
0.24791450798511505
0.260763555765152
0.192111074924469
0.19262082874774933
0.20153194665908813
0.1536969691514969
0.12355140596628189
0.08214936405420303
0.1301550716161728
0.31344732642173767
0.18517912924289703
0.037479743361473083
0.20430590212345123
0.16801129281520844
0.07124529033899307
0.16076599061489105
0.09346267580986023
0.13458721339702606
0.172681525349617
0.19133083522319794
0.2949530780315399
0.08117250353097916
0.287527471780777
0.5018501877784729
0.5868724584579468
0.3740347921848297
0.46963924169540405
0.11487441509962082
0.017492122948169708
0.006805238779634237
0.015506724826991558
0.004098485689610243
0.08057917654514313
0.015522087924182415
0.1878141313791275
0.08782313019037247
0.11092730611562729
0.029328055679798126
0.0776754692196846
0.05763731524348259
0.0735183134675026
0.08631531894207001
0.15601195394992828
0.06495510786771774
0.09935419261455536
0.18433956801891327
0.0941895842552185
0.15103210508823395
0.0600772388279438
0.03254101797938347
0.06788547337055206
0.16964897513389587
0.06574330478906631
0.04971950128674507
0.06907743215560913
0.028089020401239395
0.003204464679583907
0.034754689782857895
0.0015802026027813554
0.01999576948583126
0.016337888315320015
0.015273611061275005
0.04959532245993614
0.01641862653195858
0.004913749638944864
0.001626159530133009
0.0025568469427525997
0.0011621162993833423
0.005658885929733515
0.03666630759835243
0.04512382298707962
0.10178128629922867
0.24698993563652039
0.04773008078336716
0.20088700950145721
0.309876948595047
0.2594810724258423
0.2326325923204422
0.17708826065063477
0.1283608227968216
0.14127442240715027
0.1293104588985443
0.05845438316464424
0.049265485256910324
0.34591785073280334
0.14201924204826355
0.03244197368621826
0.07604069262742996
0.11853326857089996
0.038446683436632156
0.02908666618168354
0.1547987014055252
0.09962329268455505
0.1561698466539383
0.019120417535305023
0.08263067156076431
0.0624726228415966
0.0414668470621109
0.11149443686008453
0.11052802205085754
0.06504125893115997
0.04532996192574501
0.045572806149721146
0.02639348991215229
0.011698801070451736
0.013953285291790962
0.01486113853752613
0.003739784937351942
0.02023852989077568
0.037348926067352295
0.08615750074386597
0.08780123293399811
0.05747903883457184
0.06972584873437881
0.20926183462142944
0.21377995610237122
0.3290655314922333
0.41611430048942566
0.0954522043466568
0.07638103514909744
0.30101943016052246
0.3948501646518707
0.31012219190597534
0.43447577953338623
0.24759574234485626
0.20568914711475372
0.31608983874320984
0.40362128615379333
0.44071805477142334
0.2356775403022766
0.09774047881364822
0.10414256155490875
0.23267847299575806
0.34604883193969727
0.3525833189487457
0.08951224386692047
0.27400511503219604
0.20518551766872406
0.0902240127325058
0.1005997434258461
0.13257940113544464
0.12387364357709885
0.03530227392911911
0.1557740569114685
0.37111276388168335
0.2639522850513458
0.0878765657544136
0.09478209912776947
0.0924200639128685
0.08874137699604034
0.10310659557580948
0.043804723769426346
0.20482470095157623
0.3321645259857178
0.1622169315814972
0.2735280692577362
0.4330796003341675
0.34480875730514526
0.33671441674232483
0.24339018762111664
0.18485794961452484
0.14649060368537903
0.1989029198884964
0.08028548210859299
0.21974046528339386
0.2615608274936676
0.5154914259910583
0.7382380366325378
0.8114309310913086
0.5963538289070129
0.6277430653572083
0.1978643536567688
0.46723970770835876
0.36262205243110657
0.530125617980957
0.4365760385990143
0.2518896758556366
0.09463602304458618
0.1855667680501938
0.18104290962219238
0.06373445689678192
0.02330034412443638
0.08353296667337418
0.02481665648519993
0.02153913863003254
0.02431151084601879
0.04170370101928711
0.11469675600528717
0.07782487571239471
0.02933194302022457
0.051559895277023315
0.10121916234493256
0.0880165621638298
0.06421785801649094
0.2587215006351471
0.23625214397907257
0.08101604878902435
0.5402452945709229
0.3566085398197174
0.42268118262290955
0.5485365390777588
0.48160138726234436
0.3391762375831604
0.5778191089630127
0.17794053256511688
0.1528395414352417
0.46639707684516907
0.1241597905755043
0.18445010483264923
0.20005229115486145
0.05239029973745346
0.1444271355867386
0.03918616101145744
0.11969416588544846
0.06885458528995514
0.19936195015907288
0.07924684137105942
0.07475820928812027
0.03374510258436203
0.07653126865625381
