0.20473381876945496
0.3786492645740509
0.18555684387683868
0.3967425525188446
0.21629370748996735
0.19796425104141235
0.46199527382850647
0.678195595741272
0.689890444278717
0.649660050868988
0.6526549458503723
0.6832458972930908
0.6438146233558655
0.527721107006073
0.5244606137275696
0.4937596917152405
0.42856231331825256
0.3269423842430115
0.2383711338043213
0.21269312500953674
0.1408853381872177
0.32507970929145813
0.30737391114234924
0.29726606607437134
0.31341567635536194
0.3210066556930542
0.08391629159450531
0.33732685446739197
0.16787226498126984
0.34590891003608704
0.31545308232307434
0.41501960158348083
0.41811037063598633
0.782791793346405
0.6952918767929077
0.4926452040672302
0.34235671162605286
0.416449636220932
0.2966618835926056
0.3679116666316986
0.2794036865234375
0.4955483675003052
0.49193641543388367
0.42920246720314026
0.4124855101108551
0.44772255420684814
0.32803836464881897
0.49029436707496643
0.43555688858032227
0.5477855801582336
0.3569302558898926
0.30844318866729736
0.39829960465431213
0.3691350221633911
0.18453280627727509
0.3934052884578705
0.4322580397129059
0.20661503076553345
0.22537676990032196
0.4688818156719208
0.6516547203063965
0.6594260334968567
0.7395227551460266
0.689300537109375
0.7486761212348938
0.3767305910587311
0.6682836413383484
0.7451032400131226
0.7783281803131104
0.692955732345581
0.5143530964851379
0.40884679555892944
0.5205665230751038
0.5559800863265991
0.2636251151561737
0.48113012313842773
0.13781125843524933
0.4747934341430664
0.3392261862754822
0.33224207162857056
0.2299160659313202
0.36640065908432007
0.28130975365638733
0.3708064556121826
0.23947817087173462
0.5774018168449402
0.26057037711143494
0.6788007020950317
0.7811501622200012
0.5877546072006226
0.7324716448783875
0.8755013346672058
0.857000470161438
0.8447351455688477
0.42979884147644043
0.5937096476554871
0.30891746282577515
0.24766646325588226
0.04338793829083443
0.1827676147222519
0.08617822080850601
0.30715927481651306
