0.3941950798034668
0.38664865493774414
0.5981726050376892
0.44375574588775635
0.5841008424758911
0.3437158763408661
0.3091427981853485
0.3738566040992737
0.44703784584999084
0.30925852060317993
0.4520401954650879
0.35247641801834106
0.48842063546180725
0.2781149446964264
0.4852118492126465
0.3084074556827545
0.1388011872768402
0.19786082208156586
0.48446163535118103
0.159868523478508
0.15182916820049286
0.4267576336860657
0.3944936692714691
0.43116873502731323
0.24309542775154114
0.3743817210197449
0.41364070773124695
0.3437516391277313
0.135580375790596
0.20662234723567963
0.2677415907382965
0.25236478447914124
0.1820562332868576
0.17975060641765594
0.21218863129615784
0.31260254979133606
0.26396656036376953
0.6400929689407349
0.6515089869499207
0.8104824423789978
0.7250637412071228
0.24719150364398956
0.6148661971092224
0.4882189929485321
0.2838645279407501
0.5311226844787598
0.20682497322559357
0.33947667479515076
0.21164962649345398
0.14126704633235931
0.11619594693183899
0.14258061349391937
0.13116003572940826
0.16358083486557007
0.12271092087030411
0.2595064342021942
0.21487711369991302
0.19554847478866577
0.33003130555152893
0.259421706199646
0.41956907510757446
0.4327884316444397
0.6678395867347717
0.2224624752998352
0.7202555537223816
0.7175312638282776
0.8715800046920776
0.7544329762458801
0.7680233716964722
0.9079629182815552
0.5192307829856873
0.9228186011314392
0.8652928471565247
0.423096239566803
0.381096750497818
0.4833725392818451
0.3988083302974701
0.3202893137931824
0.23215161263942719
0.17228782176971436
0.12330097705125809
0.0692143440246582
0.04964234679937363
0.08795585483312607
0.045085515826940536
0.10305384546518326
0.05266445502638817
0.0565745048224926
0.10693191736936569
0.03327205032110214
0.00911618396639824
0.04916512593626976
0.19573111832141876
0.14093628525733948
0.022160733118653297
0.058423154056072235
0.3151310682296753
0.012552440166473389
0.033799488097429276
0.29899922013282776
0.3611249327659607
0.16681484878063202
0.05374537780880928
0.11061085760593414
0.03258397802710533
0.036306604743003845
0.06524137407541275
0.07287906110286713
0.04493017867207527
0.05089383199810982
0.11146126687526703
0.039588648825883865
0.17209665477275848
0.08946435898542404
0.02631920389831066
0.011441102251410484
0.0078020342625677586
0.08552789688110352
0.0652468204498291
0.21125438809394836
0.3479476571083069
0.4844371974468231
0.4385290741920471
0.28829002380371094
0.31338292360305786
0.3593102991580963
0.10262896120548248
0.045031774789094925
0.037430379539728165
0.03764241561293602
0.05664975941181183
0.07799071073532104
0.25917115807533264
0.22049769759178162
0.20947115123271942
0.16953091323375702
0.2178913950920105
0.6100689768791199
0.491640567779541
0.1449626237154007
0.23429661989212036
0.13637113571166992
0.22732912003993988
0.38126683235168457
0.556326687335968
0.1607559472322464
0.539771318435669
0.20130807161331177
0.3156946301460266
0.17586933076381683
0.2482486069202423
0.08323533087968826
0.12322764843702316
0.18372344970703125
0.07513650506734848
0.11336848884820938
0.16157229244709015
0.03213730454444885
0.035978127270936966
0.10745663940906525
0.13534508645534515
0.16014282405376434
0.281372606754303
0.24357496201992035
0.6653576493263245
0.649503767490387
0.1369410753250122
0.327750563621521
0.4661695659160614
0.11631368100643158
0.07591058313846588
0.3542841970920563
0.39253783226013184
0.15682080388069153
0.23633043467998505
0.6212118268013
0.5936011075973511
0.5876442790031433
0.30144768953323364
0.20646952092647552
0.12410277873277664
0.11790071427822113
0.18707658350467682
0.07637499272823334
0.13140031695365906
0.1956222802400589
0.3332027494907379
0.37605419754981995
0.1387711763381958
0.04279087483882904
0.04554901644587517
0.01896466128528118
0.10861360281705856
0.26655179262161255
0.4169767200946808
0.5147091150283813
0.3278651535511017
0.3127295672893524
0.13151103258132935
0.2420305758714676
0.08720088005065918
0.08549132943153381
0.1069711223244667
0.051660388708114624
0.04878229647874832
0.25534719228744507
0.4213368594646454
0.6016099452972412
0.6967858076095581
0.7720168232917786
0.7734102010726929
0.7536792159080505
0.5203250050544739
0.8649476170539856
0.7626415491104126
0.43812528252601624
0.5976402163505554
0.39321810007095337
0.4851350784301758
0.4946531653404236
0.7973945736885071
0.7378399968147278
0.519582211971283
0.32053425908088684
0.3927813172340393
0.5795010924339294
0.15292485058307648
0.4649692177772522
0.17399083077907562
0.4053403437137604
0.2004457712173462
0.12889449298381805
0.0846552848815918
0.18561168015003204
0.3842354416847229
0.2916080355644226
0.46181604266166687
0.3138448894023895
0.4419301152229309
0.16685855388641357
0.44908201694488525
0.4505910277366638
0.6750510334968567
0.6325880885124207
0.6188089847564697
0.8552932739257812
0.5296905636787415
0.7436025738716125
0.43687883019447327
0.5626976490020752
0.6940997242927551
0.6804961562156677
0.7437686324119568
0.5493578314781189
0.4632996618747711
0.27549853920936584
0.3048626482486725
0.22891418635845184
0.13537976145744324
0.7224173545837402
0.5523629188537598
0.8994860053062439
0.5666972398757935
0.6137129664421082
0.32161617279052734
0.6654327511787415
0.48821741342544556
0.7186297178268433
0.47823604941368103
0.41854289174079895
0.25324052572250366
0.12289578467607498
0.1536179482936859
0.3763429820537567
0.26303163170814514
0.4416561424732208
0.26900243759155273
0.3736626207828522
0.3876044750213623
0.526215136051178
0.530979335308075
0.32396191358566284
0.5313905477523804
0.47470077872276306
0.41479063034057617
0.39160603284835815
0.2533071041107178
0.2155751734972
0.4093438386917114
0.5136930346488953
0.3603566884994507
0.39251822233200073
0.2118678092956543
0.39680591225624084
0.5977716445922852
0.7238597273826599
0.27672824263572693
0.35125231742858887
0.40204599499702454
0.35985249280929565
0.30619534850120544
0.17570467293262482
0.3486692011356354
0.16037055850028992
0.2291518896818161
0.23043346405029297
0.527719259262085
0.36892589926719666
0.3254261016845703
0.33642667531967163
0.23266386985778809
0.2727081775665283
0.2101009339094162
0.268877774477005
