0.29260557889938354
0.18970796465873718
0.5481671094894409
0.2365027219057083
0.7431929111480713
0.6990297436714172
0.8572882413864136
0.7069230675697327
0.6772984862327576
0.783163845539093
0.5945448875427246
0.6238176226615906
0.34160110354423523
0.4897020161151886
0.39271852374076843
0.556414783000946
0.416664719581604
0.38804811239242554
0.12622377276420593
0.19260041415691376
0.3255775570869446
0.4697228670120239
0.250006765127182
0.5616510510444641
0.44624748826026917
0.4520627558231354
0.5540422201156616
0.3514026701450348
0.5212311148643494
0.5446737408638
0.7488892674446106
0.8125314712524414
0.5124807357788086
0.7609503865242004
0.5804538726806641
0.5725947618484497
0.25990238785743713
0.21147437393665314
0.28388532996177673
0.42417144775390625
0.3329800069332123
0.11534392833709717
0.255655974149704
0.32504621148109436
0.10462303459644318
0.2932809889316559
0.2761717140674591
0.23903656005859375
0.2186966836452484
0.40203991532325745
0.2283836156129837
0.0431448370218277
0.13130328059196472
0.1806221306324005
0.13661573827266693
0.10200867056846619
0.40035945177078247
0.14824478328227997
0.18003177642822266
0.18996869027614594
0.2003440409898758
0.18326839804649353
0.18881337344646454
0.12736208736896515
0.11121927201747894
0.20470736920833588
0.18843495845794678
0.12636162340641022
0.34494295716285706
0.5905923843383789
0.5792483687400818
0.34538066387176514
0.228011816740036
0.601015567779541
0.5945448875427246
0.3383108675479889
0.763993501663208
0.32096266746520996
0.7630502581596375
0.3314129412174225
0.28471994400024414
0.18266122043132782
0.35747382044792175
0.3600004017353058
0.3462944030761719
0.5364255309104919
0.48066383600234985
0.42971357703208923
0.5630819201469421
0.43186143040657043
0.6976621747016907
0.5691028237342834
0.46765509247779846
0.38041040301322937
0.6650456190109253
0.7209782004356384
0.3947695791721344
0.4575355350971222
0.24212795495986938
0.2553854286670685
0.15788058936595917
0.22640392184257507
0.2011101245880127
0.2261039763689041
0.3066849112510681
0.3887079060077667
0.7287353277206421
0.4582304060459137
0.3219503164291382
0.3315196931362152
0.3448587954044342
0.30639171600341797
0.5761587023735046
0.341337114572525
0.6842878460884094
0.6627976298332214
0.6637134552001953
0.4137682616710663
0.6889103055000305
0.5269309282302856
0.6384151577949524
0.5777931213378906
0.5667049288749695
0.6751022338867188
0.8214738965034485
0.7191810607910156
0.7087158560752869
0.3407060205936432
0.5398917198181152
0.5472298264503479
0.6985095143318176
0.47464239597320557
0.4537229537963867
0.5509013533592224
0.49677774310112
0.5548089146614075
0.359142929315567
0.39619019627571106
0.5023163557052612
0.399397075176239
0.46377214789390564
0.2941034734249115
0.5983896851539612
0.3559727966785431
0.7695446610450745
0.7329395413398743
0.8358758091926575
0.5420540571212769
0.6290814280509949
0.6374700665473938
0.43504926562309265
0.44613468647003174
0.1939230114221573
0.20956085622310638
0.1907627284526825
0.2853330671787262
0.26748624444007874
0.5674677491188049
0.2624741196632385
0.30594974756240845
0.3550483286380768
0.31285715103149414
0.43785521388053894
0.4628109335899353
0.2251497358083725
0.5517580509185791
0.4113282263278961
0.2560633718967438
0.3315524458885193
0.43609848618507385
