0.6911774277687073
0.8161216974258423
0.9117684960365295
0.9255960583686829
0.8784330487251282
0.9093084335327148
0.8414409756660461
0.7193747758865356
0.6167414784431458
0.8654372096061707
0.7576610445976257
0.6063547134399414
0.7328471541404724
0.9304496049880981
0.7036251425743103
0.3019753694534302
0.902887225151062
0.9116619229316711
0.6578112244606018
0.6958128213882446
0.8834978938102722
0.6382663249969482
0.32099682092666626
0.8707152009010315
0.8870237469673157
0.6946869492530823
0.46226629614830017
0.9387204051017761
0.8434920310974121
0.49079450964927673
0.8570950031280518
0.9110344052314758
0.6982947587966919
0.38159915804862976
0.8620589375495911
0.855320155620575
0.5544303059577942
0.7380496859550476
0.854668915271759
0.7845408916473389
0.5301893949508667
0.8570456504821777
0.9131773114204407
0.8553904294967651
0.7914288640022278
0.7803420424461365
0.8838447332382202
0.7841171026229858
0.5254185199737549
0.8643141388893127
0.9204199314117432
0.7911363840103149
0.39577165246009827
0.916513979434967
0.8671730756759644
0.5677264332771301
0.7459700703620911
0.9330766797065735
0.7704899311065674
0.4178180396556854
0.9051401615142822
0.8702422976493835
0.5353586077690125
0.859448254108429
0.9713025689125061
0.6610764861106873
0.6241729855537415
0.9609119892120361
0.8493629693984985
0.5486378073692322
0.8003589510917664
0.9687351584434509
0.4663088023662567
0.32640260457992554
0.9464378356933594
0.86849445104599
0.5061262249946594
0.8236674070358276
0.9479742050170898
0.6030837297439575
0.424439936876297
0.8924775719642639
0.9153844118118286
0.7914271354675293
0.6452966332435608
0.8964718580245972
0.8507478833198547
0.6573936939239502
0.7719420790672302
0.9042892456054688
