0.2112487554550171
0.17768968641757965
0.19792044162750244
0.12789030373096466
0.24262982606887817
0.1554708033800125
0.24535319209098816
0.333126425743103
0.2929323613643646
0.62115877866745
0.5918005108833313
0.2874758243560791
0.4612233340740204
0.8055055737495422
0.5723532438278198
0.3386828899383545
0.758467972278595
0.7945289015769958
0.45700255036354065
0.27649152278900146
0.9030293226242065
0.8033831715583801
0.41789814829826355
0.5132906436920166
0.5106019973754883
0.7732527852058411
0.7344570159912109
0.7757694721221924
0.7375741600990295
0.5942525267601013
0.6563495993614197
0.4474271833896637
0.2689603865146637
0.14081032574176788
0.12941019237041473
0.5365113615989685
0.1933095008134842
0.542002260684967
0.32495981454849243
0.4202600121498108
0.3402043879032135
0.22309501469135284
0.33090081810951233
0.39382660388946533
0.22859393060207367
0.44891881942749023
0.5337356328964233
0.31191667914390564
0.2562989890575409
0.27465105056762695
0.38187849521636963
0.3368132412433624
0.37476637959480286
0.4024887979030609
0.3123761713504791
0.38402634859085083
0.34388765692710876
0.5347743034362793
0.7103968858718872
0.6143009662628174
0.3786620497703552
0.4615725576877594
0.7393158078193665
0.5544300675392151
0.507088840007782
0.631597638130188
0.5696877837181091
0.40028539299964905
0.37849918007850647
0.33151209354400635
0.3745623826980591
0.062129247933626175
0.3256535530090332
0.29268166422843933
0.11775011569261551
0.13789494335651398
0.0915350690484047
0.2838822603225708
0.2666216492652893
0.4948171079158783
0.6249335408210754
0.44934314489364624
0.33458706736564636
0.32476767897605896
0.44847431778907776
0.27671685814857483
0.50147545337677
0.3275688588619232
0.4948767125606537
0.305854856967926
0.140838623046875
0.24098597466945648
0.1756008416414261
0.5591418147087097
0.6880772113800049
0.7870019674301147
0.8986778259277344
0.3552180528640747
0.8167980313301086
0.4119414985179901
0.41932788491249084
0.2021682858467102
0.5779848694801331
0.4068005383014679
0.15974366664886475
0.07257790118455887
0.07616312056779861
0.2421899139881134
0.018329769372940063
0.006955753546208143
0.1091650202870369
0.20360837876796722
0.02763993665575981
0.054500263184309006
0.23942020535469055
0.3699483871459961
0.23871101438999176
0.11839766055345535
0.4329272508621216
0.3508906960487366
0.17782233655452728
0.09895168989896774
0.15578125417232513
0.012639220803976059
0.025319145992398262
0.008255825378000736
0.030526453629136086
0.08784058690071106
0.032774776220321655
0.08484214544296265
0.13103137910366058
0.03156685829162598
0.09554189443588257
0.03445855900645256
0.0035628043115139008
0.04472095146775246
0.10007939487695694
0.003416776657104492
0.04399018734693527
0.30122750997543335
0.2622765600681305
0.0975230261683464
0.05509759858250618
0.15316206216812134
0.01280947681516409
0.029322640970349312
0.004570470191538334
0.034307170659303665
0.06330657005310059
0.48321014642715454
0.5764259696006775
0.5533280968666077
0.730561375617981
0.2199905812740326
0.12912900745868683
0.5050464868545532
0.5370867848396301
0.02542513608932495
0.13563957810401917
0.18290367722511292
0.15716338157653809
0.022886212915182114
0.23746967315673828
0.37178781628608704
0.17257685959339142
0.11583173274993896
0.08952899277210236
0.11945793777704239
0.0212542861700058
0.19354231655597687
0.03038647398352623
0.27956777811050415
0.5536251068115234
0.2745702564716339
0.25132647156715393
0.10732376575469971
0.2939807176589966
0.255374938249588
0.07064133137464523
0.2797374725341797
0.39469581842422485
0.3170803487300873
0.19873152673244476
0.21976737678050995
0.1482679545879364
0.09242545068264008
0.021517479792237282
0.009231937117874622
0.005692829843610525
0.004340232815593481
0.06542226672172546
0.15190871059894562
0.4430640935897827
0.08513573557138443
0.4691813886165619
0.2717844247817993
0.04448474943637848
0.07864225655794144
0.3061826527118683
0.1896771937608719
0.019108498468995094
0.13425607979297638
0.24874073266983032
0.036472249776124954
0.08223645389080048
0.1831101030111313
0.024633441120386124
0.03577420860528946
0.16157269477844238
0.1687999963760376
0.1208893358707428
0.03666295111179352
0.07668469846248627
0.007238513324409723
0.010375116020441055
0.007822265848517418
0.019255587831139565
0.04200055077672005
0.07198534160852432
0.39404550194740295
0.41394340991973877
0.5196862816810608
0.3412088453769684
0.05052528530359268
0.17962220311164856
0.24942786991596222
0.024225182831287384
0.24761788547039032
0.2818227708339691
0.0741320550441742
0.01219344511628151
0.13108041882514954
0.1496938169002533
0.05479932576417923
0.09494154900312424
0.04808090627193451
0.18191228806972504
0.1431354433298111
0.13986550271511078
0.1348230093717575
0.1764766424894333
0.10579493641853333
0.20793676376342773
0.1849605292081833
0.3726085424423218
0.44363734126091003
0.1614416092634201
0.023266930133104324
0.02567661739885807
0.019104907289147377
0.02607809752225876
0.03433756157755852
0.03438032791018486
0.025319363921880722
