0.9397178292274475
0.9776799082756042
0.9596958160400391
0.9753891825675964
0.9173720479011536
0.9451038837432861
0.8942453861236572
0.826680064201355
0.7825263142585754
0.7420535683631897
0.832802951335907
0.7105397582054138
0.8481864333152771
0.9099419713020325
0.5424718856811523
0.7731546759605408
0.7706652879714966
0.8397275805473328
0.6554446220397949
0.6822961568832397
0.8710591197013855
0.5328162312507629
0.6582133173942566
0.7212400436401367
0.6861901879310608
0.5275278091430664
0.7094582319259644
0.7316502332687378
0.5751137137413025
0.7698811888694763
0.6925374269485474
0.7045632004737854
0.9735609889030457
0.8736051917076111
0.5960773825645447
0.5972388386726379
0.9397339224815369
0.8495944142341614
0.37747278809547424
0.8620004057884216
0.9684147238731384
0.7342846989631653
0.4653511047363281
0.9436028599739075
0.9807831645011902
0.6906051635742188
0.8302927613258362
0.9850482940673828
0.9732756018638611
0.8356948494911194
0.9501904249191284
0.868994414806366
0.8253612518310547
0.798878014087677
0.8184548616409302
0.7519174218177795
0.5267050862312317
0.4539649784564972
0.4560781717300415
0.7518389821052551
0.4032617211341858
0.22273363173007965
0.41283467411994934
0.7813113331794739
0.5486655831336975
0.41029468178749084
0.7455339431762695
0.9059661030769348
0.7705233693122864
0.5992065072059631
0.9810638427734375
0.9055457711219788
0.47749683260917664
0.902985155582428
0.9725075960159302
0.7808514833450317
0.5492101311683655
0.9525043964385986
0.926559567451477
0.7378628849983215
0.7802284359931946
0.9438082575798035
0.7391617894172668
0.5739707946777344
0.8195589780807495
0.7097525000572205
0.7288352847099304
0.5929827690124512
0.5132516026496887
0.55727219581604
0.4624282419681549
0.6038128733634949
0.6940615773200989
0.2750048339366913
0.440745085477829
0.4822518527507782
0.5347186326980591
0.5142405033111572
0.621606707572937
0.7691057324409485
0.6372640132904053
0.7607449293136597
0.7693355679512024
0.8991104960441589
0.7338137626647949
0.9153735041618347
0.8699313998222351
0.9323185682296753
0.8939650654792786
0.8367975950241089
0.9640725255012512
0.8204014897346497
0.9275173544883728
0.9506939649581909
0.894034206867218
0.8734799027442932
0.9713463187217712
0.9698525667190552
0.9042978286743164
0.8153243660926819
0.7912951111793518
0.9336227774620056
0.902477502822876
0.9340441226959229
0.9782202243804932
0.8766709566116333
0.6965599060058594
0.8855647444725037
0.9792330265045166
0.9391071796417236
0.9674889445304871
0.9797634482383728
0.9690863490104675
0.977904200553894
0.9810851216316223
0.9922207593917847
0.9734637141227722
0.9690234065055847
0.9675225019454956
0.9238304495811462
0.9163777232170105
0.8989295959472656
0.9241083860397339
0.5885292291641235
0.7126824259757996
0.9032564163208008
0.44397974014282227
0.17448140680789948
0.8157461881637573
0.8250925540924072
0.24425244331359863
0.45968225598335266
0.9469814300537109
0.6462442278862
0.29876816272735596
0.6417822241783142
0.8432589769363403
0.31429269909858704
0.6303486227989197
0.9078243374824524
0.7809388637542725
0.4389704167842865
0.8641756176948547
0.9524631500244141
0.5665820837020874
0.8120736479759216
0.9475880861282349
0.9139968156814575
0.5393360257148743
0.8213512301445007
0.5503748059272766
0.7731748819351196
0.6029161214828491
0.3277615010738373
0.7865500450134277
0.6631731986999512
0.6125535368919373
0.4325130581855774
0.43755316734313965
0.7554118037223816
0.41193607449531555
0.6471651196479797
0.5314568281173706
0.7160137891769409
0.4619990885257721
0.5849367380142212
0.5896510481834412
0.3512836694717407
0.357181578874588
0.5515297055244446
0.46391403675079346
0.21558777987957
0.30303993821144104
0.533210277557373
0.28957515954971313
0.340250700712204
0.5963833332061768
0.6567378640174866
0.799598753452301
0.7983739972114563
0.6768725514411926
0.7914190888404846
0.6942271590232849
0.3690350651741028
0.5568981170654297
0.8174819946289062
0.8445059657096863
0.8007305860519409
0.7838897705078125
0.8373600244522095
0.8851587772369385
0.8595142364501953
0.8797968626022339
0.7201067209243774
0.5066229104995728
0.5856228470802307
0.8609679341316223
0.7198041677474976
0.7196375131607056
0.5795627236366272
0.29521644115448
0.4642261564731598
0.6131759881973267
0.6226038932800293
0.47106027603149414
0.7066314816474915
0.8354054689407349
0.5099126696586609
0.5780460834503174
0.5922917127609253
0.6703255772590637
0.5978926420211792
0.5293726921081543
0.729058563709259
0.5654461979866028
0.8916887640953064
0.6866668462753296
0.7599319815635681
0.6950352787971497
0.7170756459236145
0.5201200246810913
0.5234193801879883
0.42852360010147095
0.1933215856552124
0.4575801491737366
0.6967599391937256
0.4295440912246704
0.6295271515846252
0.785879373550415
0.6331971287727356
0.7741851806640625
0.5072270035743713
0.7491247057914734
0.6495336890220642
0.7096363306045532
0.6853417754173279
0.7015770673751831
0.6776562929153442
0.46035873889923096
0.6451401710510254
0.5587393641471863
0.7254710793495178
0.5706673860549927
0.5296769738197327
0.725746750831604
0.6149893403053284
0.6575191617012024
0.5559247732162476
0.6394328474998474
0.8723369836807251
0.9235289692878723
0.8479212522506714
0.777396023273468
0.590401291847229
0.456525593996048
0.3494440019130707
0.5074442625045776
0.47034814953804016
0.5618483424186707
0.814850926399231
0.9387770891189575
0.781428337097168
0.844645619392395
0.7718584537506104
0.8396396636962891
0.7963151335716248
0.8633781671524048
0.607979953289032
0.7922106385231018
0.9134539365768433
0.8826865553855896
0.4710738956928253
0.8738909959793091
0.8954699635505676
0.6473143100738525
0.7331243753433228
0.8992565274238586
0.8690347671508789
0.4932924807071686
0.7829660773277283
0.8367741703987122
0.6134880781173706
