0.11540412902832031
0.1845453679561615
0.1095646396279335
0.12918329238891602
0.23664362728595734
0.2365875542163849
0.2553127408027649
0.22862546145915985
0.19365830719470978
0.3453657329082489
0.5547335743904114
0.25475889444351196
0.6548728346824646
0.36072173714637756
0.3851131200790405
0.2586126923561096
0.2088693231344223
0.1853695660829544
0.17382454872131348
0.16861242055892944
0.10181224346160889
0.18535345792770386
0.1921868622303009
0.19527822732925415
0.3225519359111786
0.33827248215675354
0.28725576400756836
0.3114872872829437
0.13954567909240723
0.4282812178134918
0.41475245356559753
0.17810969054698944
0.08710773289203644
0.21850651502609253
0.18052752315998077
0.22403457760810852
0.25722378492355347
0.08950091898441315
0.1524023860692978
0.176590234041214
0.1334598809480667
0.22444817423820496
0.250129371881485
0.17010349035263062
0.4664452373981476
0.29082658886909485
0.4187987148761749
0.20372147858142853
0.16652703285217285
0.12589967250823975
0.2586871385574341
0.40674248337745667
0.07929806411266327
0.10444390028715134
0.0353497751057148
0.1109139695763588
0.10334048420190811
0.11795894056558609
0.19146950542926788
0.09159897267818451
0.14714790880680084
0.04688788205385208
0.1335311233997345
0.04037820175290108
0.09012044221162796
0.4132543206214905
0.3501855432987213
0.8447337746620178
0.6531442999839783
0.8813088536262512
0.9366878867149353
0.9865981340408325
0.9238430857658386
0.9199478626251221
0.8447418212890625
0.5685122609138489
0.5212910771369934
0.9201630353927612
0.9367769956588745
0.6258723735809326
0.8018053770065308
0.6513140201568604
0.7989962697029114
0.6542444825172424
0.4573749899864197
0.41309696435928345
0.4002207815647125
0.31503841280937195
0.5577738881111145
0.44006577134132385
0.9437544345855713
0.9419333338737488
0.9131980538368225
0.593626856803894
0.5658746361732483
0.25868144631385803
0.4396602213382721
0.21880705654621124
0.3210231363773346
0.21510601043701172
0.29029861092567444
0.11574073880910873
0.23446114361286163
0.3041755259037018
0.6321125030517578
0.671855628490448
0.5511953234672546
0.8682141900062561
0.8584185242652893
0.8085474967956543
0.8049424886703491
0.7790805101394653
0.6905843019485474
0.8696513772010803
0.787337601184845
0.7230647206306458
0.6303077340126038
0.88912433385849
0.7901394963264465
0.5614460110664368
0.30941644310951233
0.42769378423690796
0.13243477046489716
0.16649171710014343
0.07724089920520782
0.04615168273448944
0.18944205343723297
0.2875201106071472
0.1435893326997757
0.12842661142349243
0.08844763785600662
0.1959388703107834
0.03296976909041405
0.08574477583169937
0.038988009095191956
0.13574568927288055
0.21547602117061615
0.11516479402780533
0.26541367173194885
0.1358216404914856
0.2660629153251648
0.11567558348178864
0.15864680707454681
0.14678142964839935
0.14565308392047882
0.0920877754688263
0.171396866440773
0.20690147578716278
0.21149253845214844
0.2876192033290863
0.3320050835609436
0.28050053119659424
0.15803594887256622
0.15852390229701996
0.13445205986499786
0.1607688069343567
0.09446792304515839
0.07249239832162857
0.033938221633434296
0.057131893932819366
0.0687934011220932
0.08524361997842789
0.30045193433761597
0.21564550697803497
0.544137716293335
0.44308581948280334
0.11715197563171387
0.5597541928291321
0.16953977942466736
0.25236776471138
0.11956306546926498
0.47597047686576843
0.21224099397659302
0.03903575614094734
0.10307235270738602
0.4924013912677765
0.295583039522171
0.20563636720180511
0.36661195755004883
0.5696713924407959
0.4443018138408661
0.7618840336799622
0.751498818397522
0.7356840968132019
0.827505886554718
0.8163155913352966
0.5479413866996765
0.6316537261009216
0.6554514765739441
0.2277212142944336
0.6394820213317871
0.24022793769836426
0.13028231263160706
0.4626193046569824
0.4163314700126648
0.2217380553483963
0.35312265157699585
0.2215617299079895
0.25999128818511963
0.31592270731925964
0.4383459687232971
0.5198758840560913
0.3203086853027344
0.5553644299507141
0.7306855320930481
0.6329032182693481
0.44619137048721313
0.5608144402503967
0.6760344505310059
0.8141144514083862
0.7777155637741089
0.46651744842529297
0.17855580151081085
0.1440211832523346
0.33457985520362854
0.1997186690568924
0.07836052775382996
0.23603759706020355
0.32526612281799316
0.13706304132938385
0.4336089491844177
0.2368740290403366
0.08246325701475143
0.10590677708387375
0.07651444524526596
0.029167333617806435
0.05130140110850334
0.2489038109779358
0.09691492468118668
0.16856464743614197
0.16262459754943848
0.21446092426776886
0.31637245416641235
0.2528058588504791
0.14276055991649628
0.6106929779052734
0.5414953827857971
0.45323923230171204
0.4686333239078522
0.4621139168739319
0.3058865964412689
0.5704203844070435
0.8424625992774963
0.80848628282547
0.744304358959198
0.7413309812545776
0.6075453162193298
0.6969481706619263
0.6612200736999512
0.4724867641925812
0.20030753314495087
0.2570239007472992
0.5700187683105469
0.2525970935821533
0.5244184732437134
0.34551215171813965
0.6392157673835754
0.26499325037002563
0.5203706622123718
0.5889843702316284
0.4402875602245331
0.2478117197751999
0.21310126781463623
0.25125810503959656
0.24919316172599792
0.22917021811008453
0.5346407890319824
0.3960496485233307
0.2656165659427643
0.21548157930374146
0.2272716611623764
0.29362455010414124
0.3740071952342987
0.4803580641746521
0.4630548655986786
0.1782384067773819
0.27670732140541077
0.4529714584350586
0.46655458211898804
0.2006494700908661
0.28213778138160706
0.21745793521404266
0.09605202823877335
0.1602957844734192
0.23239871859550476
0.08373268693685532
0.21782317757606506
0.17560113966464996
0.22521014511585236
0.24448807537555695
0.3841772973537445
0.3104787766933441
0.18417207896709442
0.04686896875500679
0.2101157009601593
0.07504362612962723
0.08437877148389816
0.07648038864135742
0.10480152070522308
0.06596577167510986
0.09804216027259827
0.0486580915749073
0.06735829263925552
0.028966188430786133
0.09322395920753479
0.0756431519985199
0.06376748532056808
0.06299684941768646
0.03574994206428528
0.05921102315187454
0.0661139190196991
0.0809270516037941
0.04735579714179039
0.13330622017383575
0.1379821002483368
0.1579245626926422
0.07619573920965195
0.299483060836792
0.21107737720012665
0.3805108666419983
0.171373188495636
0.17495392262935638
0.41223421692848206
0.24117594957351685
0.10537328571081161
0.13523712754249573
0.5200594663619995
0.2986394762992859
0.4060877859592438
0.33614394068717957
0.6021943092346191
0.6512588262557983
0.34517964720726013
0.4096810519695282
0.8963929414749146
0.47234025597572327
0.2385796159505844
0.49887847900390625
0.8400602340698242
0.616564929485321
0.4393467605113983
0.7998951077461243
0.8951331377029419
0.633643388748169
0.5997917056083679
0.6232681274414062
0.3223017156124115
0.5705555081367493
0.3960293233394623
0.5155696272850037
0.6371889710426331
0.8152726888656616
0.909195065498352
0.967960774898529
0.9365803599357605
0.9565102458000183
0.9041302800178528
0.6878923177719116
0.7952150702476501
0.7317442297935486
0.3477555513381958
0.5312659740447998
0.8086914420127869
0.3809867203235626
0.37724921107292175
0.550878643989563
0.5091813802719116
0.1644955575466156
0.24819332361221313
0.1780736744403839
0.2984231114387512
0.35280290246009827
0.2848311960697174
0.4692922830581665
0.27292534708976746
0.31248611211776733
0.07365018129348755
0.09792456775903702
0.14188644289970398
0.16055145859718323
0.09444180876016617
0.10692944377660751
0.20364172756671906
0.16388508677482605
