0.4960085153579712
0.817643404006958
0.800072431564331
0.7826734185218811
0.9534795880317688
0.9473235011100769
0.6667655110359192
0.8105872273445129
0.941666841506958
0.8603523373603821
0.6827811002731323
0.8809210062026978
0.8915659785270691
0.8120958209037781
0.750093936920166
0.9268515110015869
0.8609848618507385
0.7046306729316711
0.8632447123527527
0.9029622673988342
0.7440307140350342
0.8591650724411011
0.7941456437110901
0.8437554836273193
0.8865464329719543
0.7736655473709106
0.8646087646484375
0.7593715786933899
0.6051641702651978
0.8084753155708313
0.8258833289146423
0.7700067758560181
0.7561076879501343
0.30206185579299927
0.5789273381233215
0.334478497505188
0.4640776216983795
0.5543490648269653
0.9268949627876282
0.8427311182022095
0.9688814282417297
0.9300025105476379
0.7961524128913879
0.9575538635253906
0.8604503870010376
0.9261481165885925
0.9671097993850708
0.8646624684333801
0.9324721097946167
0.951198160648346
0.9068573117256165
0.9246695041656494
0.9547496438026428
0.8524811863899231
0.8676485419273376
0.8359748721122742
0.9033620953559875
0.9247771501541138
0.8454316854476929
0.9540888667106628
0.8878251314163208
0.8156759142875671
0.49909862875938416
0.4925951063632965
0.7185584306716919
0.3468184769153595
0.8230322003364563
0.925500214099884
0.9610219597816467
0.6375261545181274
0.8016155362129211
0.9799571633338928
0.9285753965377808
0.399248331785202
0.8658974170684814
0.9569700956344604
0.5486164689064026
0.5177345275878906
0.9141743183135986
0.9526689648628235
0.8479955792427063
0.6386740803718567
0.35806623101234436
0.6034523248672485
0.7980645298957825
0.21578426659107208
0.709744930267334
0.06378542631864548
0.3626011610031128
0.14622896909713745
0.38677579164505005
0.5231758952140808
0.7291272282600403
0.5225540399551392
0.6912181973457336
0.5298704504966736
0.706533670425415
0.7601142525672913
0.7300523519515991
0.5830676555633545
0.525793194770813
0.21407842636108398
0.48568567633628845
0.585166335105896
0.2600090205669403
0.21842139959335327
0.5688058733940125
0.6322593092918396
0.44659286737442017
0.5522474050521851
0.7327098250389099
0.7847467660903931
0.49466457962989807
0.5922387838363647
0.4553817808628082
0.3305986821651459
0.3235599398612976
0.5822224617004395
0.7925435304641724
0.8280261158943176
0.7732217907905579
0.8284015655517578
0.34300369024276733
0.5492768287658691
0.5890608429908752
0.330808162689209
0.3014505207538605
0.16885532438755035
0.22736713290214539
0.22211286425590515
0.04145115241408348
0.23103883862495422
0.34586048126220703
0.19730159640312195
0.08830464631319046
0.20079772174358368
0.5155535936355591
0.16969986259937286
0.4955536425113678
0.5764756798744202
0.6256983876228333
0.8622475266456604
0.9157765507698059
0.452275812625885
0.6173925399780273
0.41146454215049744
0.6229195594787598
0.5123587846755981
0.7614651322364807
0.27191978693008423
0.6837917566299438
0.14018894731998444
0.26510751247406006
0.15722225606441498
0.5096471905708313
0.5083000063896179
0.6676587462425232
0.8015299439430237
0.7369928956031799
0.7864350080490112
0.7586895227432251
0.6505287885665894
0.455739825963974
0.5377271771430969
0.12426551431417465
0.2329694777727127
