0.5806479454040527
0.8494265675544739
0.9067482352256775
0.9266794919967651
0.9297688007354736
0.870793342590332
0.8568307161331177
0.7492015957832336
0.5894857048988342
0.8549267053604126
0.7329138517379761
0.6807036995887756
0.6192412972450256
0.8974688053131104
0.6382565498352051
0.42785218358039856
0.9100785851478577
0.9127621054649353
0.46413591504096985
0.5912407636642456
0.8660820126533508
0.6334441900253296
0.3588017523288727
0.890967071056366
0.8787716031074524
0.5479685068130493
0.6372037529945374
0.9379984736442566
0.856677234172821
0.4736383259296417
0.8805115818977356
0.9186561703681946
0.5858045220375061
0.5536180138587952
0.8791316151618958
0.7916424870491028
0.41712766885757446
0.7823606133460999
0.8770478367805481
0.7317436933517456
0.7413564920425415
0.8940619230270386
0.9254189729690552
0.8664530515670776
0.8094429969787598
0.7943680882453918
0.9141968488693237
0.8611419796943665
0.6169098615646362
0.8440080285072327
0.9436511993408203
0.7976058125495911
0.3291035294532776
0.9460042119026184
0.9229596257209778
0.5960668325424194
0.7684333920478821
0.9555807113647461
0.6701252460479736
0.3294481635093689
0.9417873024940491
0.9319411516189575
0.5125521421432495
0.8072677850723267
0.9698053002357483
0.6032834053039551
0.4688677191734314
0.9584084749221802
0.869360625743866
0.5231093168258667
0.8396718502044678
0.9631937146186829
0.6026140451431274
0.395158976316452
0.9630482792854309
0.885556161403656
0.5082910656929016
0.789337694644928
0.939448893070221
0.6259025931358337
0.34996938705444336
0.8658355474472046
0.9002042412757874
0.6668145060539246
0.44917386770248413
0.8578975796699524
0.8438706398010254
0.3970625102519989
0.55848228931427
0.8541658520698547
0.6287583708763123
0.3444748520851135
0.7505713105201721
0.8069198131561279
0.49719154834747314
0.35951507091522217
