0.09917006641626358
0.09848704934120178
0.27021488547325134
0.2288408875465393
0.2558145523071289
0.4225534200668335
0.30691465735435486
0.3209015727043152
0.611248254776001
0.5958964824676514
0.4010881185531616
0.38049110770225525
0.6232939958572388
0.4505898654460907
0.16808462142944336
0.18687352538108826
0.12502923607826233
0.0592099092900753
0.2031031996011734
0.36885306239128113
0.11658481508493423
0.21004219353199005
0.48929357528686523
0.34898656606674194
0.3331542909145355
0.28079500794410706
0.31348976492881775
0.11991951614618301
0.6417472958564758
0.4062458574771881
0.8156974911689758
0.8492158651351929
0.9268465042114258
0.7107461094856262
0.7557737231254578
0.8670927882194519
0.8426610231399536
0.8935056328773499
0.919647216796875
0.8871060609817505
0.8220198750495911
0.6665277481079102
0.696156919002533
0.628372311592102
0.27707740664482117
0.27347055077552795
0.42191416025161743
0.36416763067245483
0.24969980120658875
0.2903425097465515
0.2948117256164551
0.4118567705154419
0.4423263669013977
0.5719431638717651
0.642224133014679
0.32267189025878906
0.5995795130729675
0.7717096209526062
0.7890558242797852
0.8583690524101257
0.8317026495933533
0.9773901104927063
0.925910234451294
0.9809090495109558
0.928318440914154
0.9805596470832825
0.7019621729850769
0.797256588935852
0.18900758028030396
0.10946617275476456
0.2968744933605194
0.05292337387800217
0.6507155299186707
0.04124623164534569
0.0446128249168396
0.21614141762256622
0.1191309317946434
0.4573005735874176
0.3381786048412323
0.4350178837776184
0.2906333804130554
0.3962710201740265
0.5234006643295288
0.4789118766784668
0.6179329752922058
0.5239208936691284
0.8789038062095642
0.9259846210479736
0.6103307008743286
0.221715047955513
0.19736357033252716
0.1845107525587082
0.14093677699565887
0.14987964928150177
0.11471088975667953
0.19153782725334167
0.0730142891407013
0.04303168132901192
0.05195605754852295
0.23625609278678894
0.05402567610144615
0.07772813737392426
0.21480809152126312
0.10749365389347076
0.17159196734428406
0.1245981976389885
0.12588195502758026
0.16009922325611115
0.3812819719314575
0.38222846388816833
0.6854864954948425
0.5995553731918335
0.3667988181114197
0.20254869759082794
0.3228904604911804
0.18421916663646698
0.3343816101551056
0.5838680267333984
0.32436397671699524
0.3713637590408325
0.3045435845851898
0.3805486261844635
0.46394428610801697
0.15970638394355774
0.14042122662067413
0.10252208262681961
0.362446129322052
0.2905423939228058
0.2630567252635956
0.1614212691783905
0.10142310708761215
0.3040049970149994
0.5328073501586914
0.7322096228599548
0.8730689287185669
0.23412343859672546
0.9092954993247986
0.5982199311256409
0.8171399235725403
0.6753700971603394
0.8171204924583435
0.41353127360343933
0.31080883741378784
0.3808900713920593
0.8408904671669006
0.7191802859306335
0.5293341279029846
0.6535808444023132
0.5124145746231079
0.3444904088973999
0.2990676462650299
0.3197413384914398
0.30612513422966003
0.38854748010635376
0.12443338334560394
0.07268724590539932
0.0178651362657547
0.06650898605585098
0.1045638918876648
0.0956401601433754
0.06500596553087234
0.17287518084049225
0.11504202336072922
0.07058748602867126
0.3936026990413666
0.2225920408964157
0.28323403000831604
0.28909021615982056
0.17422804236412048
0.09702103585004807
0.07724934816360474
0.07999562472105026
0.10484084486961365
0.032807692885398865
0.20411677658557892
0.12925396859645844
0.2950133681297302
0.13482189178466797
0.1674904227256775
0.03690515458583832
0.0645134374499321
0.08814922720193863
0.07717493921518326
0.12375947088003159
0.12520039081573486
0.057776737958192825
0.12498316913843155
0.11330762505531311
0.07335691899061203
0.10372591018676758
0.10088161379098892
0.0739782378077507
0.23973695933818817
0.3175499141216278
0.21569287776947021
0.08905220776796341
0.26600879430770874
