0.7030510306358337
0.8743093609809875
0.8174552917480469
0.7309690713882446
0.6300445795059204
0.7324345707893372
0.7197535634040833
0.3803097903728485
0.5682509541511536
0.8009770512580872
0.7508313059806824
0.3571839928627014
0.6339496970176697
0.7265748381614685
0.5210455060005188
0.21808893978595734
0.7445284724235535
0.7627362608909607
0.27544575929641724
0.5204600691795349
0.8308308720588684
0.6100578904151917
0.3123966455459595
0.8320277333259583
0.877090573310852
0.4195598065853119
0.27044418454170227
0.5706772208213806
0.38048848509788513
0.7660967707633972
0.47450193762779236
0.8794615864753723
0.6798645853996277
0.9190271496772766
0.9476661682128906
0.9024520516395569
0.9293105006217957
0.898015558719635
0.9115608334541321
0.9279181361198425
0.9169739484786987
0.6563860177993774
0.9637268781661987
0.9664554595947266
0.7254640460014343
0.9283798336982727
0.9579296112060547
0.9472334384918213
0.9349606037139893
0.8205921053886414
0.9623385667800903
0.9682911038398743
0.8710058331489563
0.954213559627533
0.4601740837097168
0.8999164700508118
0.6206706166267395
0.9157282710075378
0.5362945795059204
0.7387933731079102
0.8657481074333191
0.722328245639801
0.9460542798042297
0.9017950892448425
0.8634557723999023
0.7874810099601746
0.43893519043922424
0.6977567076683044
0.8356729745864868
0.4474767744541168
0.4253528118133545
0.7053165435791016
0.47358110547065735
0.35199227929115295
0.3545840382575989
0.3532988429069519
0.07111087441444397
0.16193242371082306
0.04407054930925369
0.2205287516117096
0.01738743856549263
0.021520357578992844
0.01861738972365856
0.026632657274603844
0.07306370884180069
0.045533277094364166
0.023785237222909927
0.016328368335962296
0.046781111508607864
0.03479624167084694
0.043159451335668564
0.07799836248159409
0.05914241075515747
0.14058426022529602
0.41717568039894104
0.3185209333896637
0.800358772277832
0.6930097937583923
0.9624074101448059
0.8903971910476685
0.44304731488227844
0.9169549942016602
0.8185109496116638
0.20971892774105072
0.24803508818149567
0.8446177840232849
0.7370813488960266
0.16016264259815216
0.13932347297668457
0.9371464848518372
0.5727829337120056
0.2971072196960449
0.4426906108856201
0.5449255704879761
0.9131541848182678
0.7832576036453247
0.19792355597019196
0.19368097186088562
0.03416462987661362
0.03829219937324524
0.03181998431682587
0.08088193833827972
0.4231301546096802
0.6495042443275452
0.304146945476532
0.20787593722343445
0.2467941790819168
0.15756507217884064
0.5845240354537964
0.78617262840271
0.5978137850761414
0.17968294024467468
0.1255003809928894
0.36946964263916016
0.3504357635974884
0.40483495593070984
0.4737541377544403
0.47380056977272034
0.6187058687210083
0.6246401071548462
0.637526273727417
0.5296000838279724
0.9382233023643494
0.3115784823894501
0.23225590586662292
0.7264502644538879
0.7951539158821106
0.3445974588394165
0.5372222661972046
0.1727447807788849
0.3248612880706787
0.31219449639320374
0.09169144928455353
0.3532613515853882
0.18595640361309052
0.3055388629436493
0.43367692828178406
0.41037917137145996
0.20058226585388184
0.4860824942588806
0.12225691229104996
0.10136047750711441
0.032911788672208786
0.14518140256404877
0.16615578532218933
0.012738743796944618
0.04595699906349182
0.3058971166610718
0.22376295924186707
0.025051137432456017
0.21032404899597168
0.44018617272377014
0.2284538745880127
0.2859868109226227
0.0647440180182457
0.18654903769493103
0.015437464229762554
0.008584066294133663
0.02256321907043457
0.0060487170703709126
0.041933294385671616
0.19276085495948792
0.4374983608722687
0.2195626050233841
0.33049774169921875
0.14566512405872345
0.49368980526924133
0.06799032539129257
0.015466094017028809
0.029461383819580078
0.0048867808654904366
0.03331949934363365
0.012587063945829868
0.004278067499399185
0.08765985071659088
0.04147568717598915
0.00776641583070159
0.009088186547160149
0.15268932282924652
0.0873446837067604
0.11140637844800949
0.2971402406692505
0.043463148176670074
0.15686097741127014
0.0049963477067649364
0.02224852703511715
0.005469231866300106
0.04769516736268997
0.018394816666841507
0.1967781037092209
0.5209032297134399
0.04889928176999092
0.13514600694179535
0.09357170015573502
0.07943505048751831
0.02097124420106411
0.0830506905913353
0.051316000521183014
0.190144345164299
0.09565040469169617
0.044632092118263245
0.04080929234623909
0.04216213896870613
0.009180977940559387
0.042514462023973465
0.13060016930103302
0.020579809322953224
0.017008937895298004
0.05482713505625725
0.0338398776948452
0.008156031370162964
0.04797598719596863
0.05204734206199646
0.6278408169746399
0.508780300617218
0.9264230728149414
0.7546995878219604
0.6164010763168335
0.597911536693573
0.8850735425949097
0.7816469669342041
0.8143094182014465
0.9803249835968018
0.5302668213844299
0.27661868929862976
0.15008176863193512
0.10836455971002579
0.03076031804084778
0.17296965420246124
0.04745936766266823
0.021451525390148163
0.02489125356078148
0.27141323685646057
0.13552644848823547
0.2288787066936493
0.13959427177906036
0.10342481732368469
0.36537617444992065
0.7489364147186279
0.6469741463661194
0.20798297226428986
0.7608506679534912
0.926687479019165
0.7492932677268982
0.7060878872871399
0.8934233784675598
0.9749721884727478
0.9635595679283142
0.9701517820358276
0.94740229845047
0.9222944378852844
0.9164214730262756
0.8686540722846985
0.9618648886680603
0.7553216218948364
0.8856269717216492
0.9063771367073059
0.45302116870880127
0.6262243390083313
0.5863565802574158
0.24244649708271027
0.1178613230586052
0.6000974774360657
0.5737883448600769
0.051539577543735504
0.30093151330947876
0.5439159274101257
0.08428695052862167
0.042969513684511185
0.15649069845676422
0.17451691627502441
0.6326335072517395
0.23553530871868134
0.14059725403785706
0.15511862933635712
0.8617938756942749
0.15941493213176727
0.17600999772548676
0.16823843121528625
0.1837824434041977
0.12260951101779938
0.05690135434269905
0.01757463440299034
0.013202019967138767
0.08054971694946289
0.00802399031817913
0.004585286136716604
0.01073049008846283
0.014069229364395142
0.0013975987676531076
0.0016110696597024798
0.05917095020413399
0.012691621668636799
0.007394080515950918
0.030048323795199394
0.01887504942715168
0.09869310259819031
0.08402261883020401
0.1504797637462616
0.24198020994663239
0.23887793719768524
0.08330632001161575
0.09514784067869186
0.251812607049942
0.08271043002605438
0.3574366569519043
0.24784578382968903
0.027094241231679916
0.11264161020517349
0.014802525751292706
0.12000755220651627
0.028109636157751083
0.42908230423927307
0.04909516125917435
0.03558452054858208
0.09473420679569244
0.04332142323255539
0.10346005856990814
0.06513948738574982
0.2386327087879181
0.07518111169338226
0.028470056131482124
0.502033531665802
0.4402627944946289
0.06603268533945084
0.08355160802602768
0.7369178533554077
0.3440037667751312
0.08511940389871597
0.5639267563819885
0.2555568814277649
0.8022583723068237
0.41476255655288696
0.8579123616218567
0.5078447461128235
0.3208494782447815
0.39475908875465393
0.23189854621887207
0.45885589718818665
0.5686845183372498
0.3465088903903961
0.5668084621429443
0.502450704574585
0.6195266842842102
0.6848151087760925
0.5692619681358337
0.2678050994873047
0.3191901743412018
0.09679485112428665
0.12993505597114563
0.44053640961647034
0.11579547822475433
0.3419629633426666
0.09634481370449066
0.6281511783599854
0.6292531490325928
0.41588130593299866
0.387521356344223
0.727203369140625
0.5475627183914185
0.20036369562149048
0.11526934057474136
0.1818917840719223
0.023416263982653618
0.022136976942420006
0.048161812126636505
0.003850148292258382
0.008853791281580925
0.04473257064819336
0.03926985710859299
0.0007170657627284527
0.002923745196312666
0.02075957879424095
0.008496595546603203
0.0027966853231191635
0.007553118746727705
0.014129895716905594
0.0057623437605798244
0.006059534382075071
0.028562327846884727
0.014850043691694736
0.00387367932125926
0.0032423590309917927
0.008006167598068714
0.012375286780297756
0.008449834771454334
0.022004665806889534
0.04491886869072914
0.015645068138837814
0.08708851784467697
0.1204981580376625
0.26319196820259094
0.22043444216251373
0.0617833137512207
0.05001087114214897
0.29040560126304626
0.08384348452091217
0.011416124179959297
0.09672723710536957
0.1535968780517578
0.08276093006134033
0.029731038957834244
0.03267184644937515
0.029466547071933746
0.0843077003955841
0.04538729041814804
0.01747201755642891
0.030532177537679672
0.32783108949661255
0.016694284975528717
0.06515052914619446
0.05049659684300423
0.1828388124704361
0.05026606097817421
0.1406974494457245
0.20896610617637634
0.3219878375530243
0.22902189195156097
0.4589943289756775
0.6072239279747009
0.7706063985824585
0.804447591304779
