0.06748495250940323
0.02674899250268936
0.041489411145448685
0.04276721924543381
0.03670184314250946
0.07618413865566254
0.019508574157953262
0.024109359830617905
0.043983690440654755
0.02475959062576294
0.0242620836943388
0.03943708911538124
0.03792381286621094
0.024792194366455078
0.03893737867474556
0.015353088267147541
0.019190886989235878
0.0045370315201580524
0.0031429852824658155
0.0021381534170359373
0.007024759892374277
0.00400387030094862
0.01753467507660389
0.009998197667300701
0.1008470356464386
0.11609406024217606
0.042260777205228806
0.010822361335158348
0.004289647098630667
0.01592777483165264
0.017363369464874268
0.008045927621424198
0.011928034946322441
0.020180553197860718
0.010670273564755917
0.007449235301464796
0.02855260856449604
0.04230182245373726
0.021232368424534798
0.07471482455730438
0.018541375175118446
0.018523212522268295
0.004309716168791056
0.015733331441879272
0.05094997584819794
0.0100057078525424
0.004560720641165972
0.0329340398311615
0.04944491758942604
0.01170403603464365
0.1726704090833664
0.11904367059469223
0.021468844264745712
0.05093945190310478
0.1776730865240097
0.03899092227220535
0.22936595976352692
0.39722228050231934
0.10351536422967911
0.04099966958165169
0.05224674195051193
0.03293752670288086
0.01490005012601614
0.06271744519472122
0.03421377018094063
0.0410662442445755
0.024282488971948624
0.027137985453009605
0.022617453709244728
0.01918795146048069
0.04206482693552971
0.06681840121746063
0.024829784408211708
0.099161297082901
0.09751567989587784
0.1582074761390686
0.024738481268286705
0.022274086251854897
0.08408913016319275
0.0334969200193882
0.008737433701753616
0.002568040508776903
0.003940445836633444
0.0033127462957054377
0.004368787165731192
0.00115826481487602
0.0005126254982315004
0.003448530100286007
0.008956094272434711
0.0007325809565372765
0.0007400974864140153
0.010894285514950752
0.007370846811681986
0.0014310780679807067
0.007776283659040928
0.015652397647500038
0.007185005582869053
0.0012797409435734153
0.008692389354109764
0.00499253673478961
0.000794324791058898
0.02031690627336502
0.028706708922982216
0.4156608283519745
0.7605618834495544
0.874987006187439
0.4922182261943817
0.3095029294490814
0.9474402666091919
0.8762672543525696
0.7650147080421448
0.838036835193634
0.8656412959098816
0.32691511511802673
0.11590907722711563
0.8048251867294312
0.342290461063385
0.0232363510876894
0.23157429695129395
0.5241300463676453
0.07244564592838287
0.0025629934389144182
0.15661925077438354
0.22221465408802032
0.03383605554699898
0.012727897614240646
0.5016628503799438
0.23759479820728302
0.08092796057462692
0.2707013189792633
0.035798341035842896
0.05753125622868538
0.038655396550893784
0.03251619264483452
0.14819319546222687
0.27477675676345825
0.44037774205207825
0.773777425289154
0.698384165763855
0.852710485458374
0.9115294218063354
0.9504750370979309
0.7124524712562561
0.9392631649971008
0.9230940937995911
0.25157639384269714
0.6718500256538391
0.9355905652046204
0.7681949138641357
0.26208391785621643
0.7714011073112488
0.9259846806526184
0.3459777235984802
0.2904410660266876
0.6922335028648376
0.8984753489494324
0.6186144948005676
0.6858645081520081
0.1581120640039444
0.21843403577804565
0.0640956237912178
0.16083669662475586
0.31216204166412354
0.26450085639953613
0.8647524118423462
0.4496186077594757
0.9562643766403198
0.9542670845985413
0.8284419775009155
0.3364312946796417
0.7725759744644165
0.49075406789779663
0.0674421638250351
0.30443865060806274
0.5456787943840027
0.14152617752552032
0.04297749325633049
0.07140329480171204
0.13284781575202942
0.17765332758426666
0.22987818717956543
0.21891282498836517
0.05447500944137573
0.05228228494524956
0.019795559346675873
0.11744112521409988
0.057211119681596756
0.015371400862932205
0.07863930612802505
0.10230877995491028
0.573772132396698
0.11937549710273743
0.3676617443561554
0.7150128483772278
0.4857681095600128
0.8498711585998535
0.6758649945259094
0.8162620663642883
0.6473891735076904
0.5703652501106262
0.8035521507263184
0.8206825256347656
0.4480516016483307
0.5614197254180908
0.6852823495864868
0.6485490798950195
0.5378775000572205
0.6264827847480774
0.39603230357170105
0.3948329985141754
0.24597740173339844
0.34355491399765015
0.44913455843925476
0.22840701043605804
0.18899409472942352
0.36141589283943176
0.4306134283542633
0.06024535372853279
0.22493097186088562
0.33745813369750977
0.03654125705361366
0.07659236341714859
0.18030282855033875
0.0762973204255104
0.014805540442466736
0.060999348759651184
0.2833975851535797
0.06159986928105354
0.0811443030834198
0.019429218024015427
0.05500247702002525
0.0893615260720253
0.022226518020033836
0.0469820536673069
0.013925229199230671
0.05183799937367439
0.032050568610429764
0.06535449624061584
0.023854704573750496
0.13476139307022095
0.04094287380576134
0.027977867051959038
0.026714393869042397
0.39869633316993713
0.11488815397024155
0.12544816732406616
0.3949742317199707
0.2536560595035553
0.017173003405332565
0.15258361399173737
0.2772621810436249
0.03635584935545921
0.060639772564172745
0.15680722892284393
0.36999666690826416
0.14951634407043457
0.13155806064605713
0.10199035704135895
0.04839058965444565
0.05564548447728157
0.01890881359577179
0.03151220083236694
0.02791179157793522
0.12445846945047379
0.028806263580918312
0.0532616525888443
0.13129176199436188
0.21739408373832703
0.3846069276332855
0.26259079575538635
0.04313643276691437
0.07676086574792862
0.042175233364105225
0.09944386035203934
0.0976884588599205
0.020851150155067444
0.021503129974007607
0.03176049515604973
0.07885488122701645
0.040337368845939636
0.07581660151481628
0.0300404392182827
0.0900782123208046
0.03834950178861618
0.02742592990398407
0.025163434445858
0.03195938467979431
0.01698748581111431
0.013034747913479805
0.02016274817287922
0.024368029087781906
0.033661819994449615
0.020394349470734596
0.25788232684135437
0.06296573579311371
0.017178138718008995
0.011171107180416584
0.04935340955853462
0.044884905219078064
0.06373117864131927
0.07481797784566879
0.006269864737987518
0.028648069128394127
0.045907650142908096
0.016690576449036598
0.0030113081447780132
0.028634104877710342
0.059380903840065
0.051675423979759216
0.021041389554739
0.043054986745119095
0.0956445038318634
0.029205594211816788
0.0777079164981842
0.048650432378053665
0.07020675390958786
0.06916077435016632
0.0932493805885315
0.06499698758125305
0.048801667988300323
0.059993352741003036
0.05627806484699249
0.02865738421678543
