0.3047375977039337
0.17782510817050934
0.2711505889892578
0.19233833253383636
0.8484899997711182
0.1790468692779541
0.633433997631073
0.3682296574115753
0.3555225729942322
0.4272199869155884
0.4984097480773926
0.8226720690727234
0.3158959448337555
0.7810641527175903
0.1288939267396927
0.16504350304603577
0.0827491283416748
0.1407075822353363
0.08641023188829422
0.18546642363071442
0.05812888219952583
0.056952375918626785
0.1761215478181839
0.23881657421588898
0.11641900986433029
0.06606936454772949
0.04649370536208153
0.06596896797418594
0.03409034013748169
0.16272825002670288
0.15322664380073547
0.27504339814186096
0.5695593953132629
0.7460524439811707
0.8400657773017883
0.5771391987800598
0.8608063459396362
0.7997164130210876
0.8363444209098816
0.6150595545768738
0.6659327745437622
0.6060927510261536
0.4115806221961975
0.3791116178035736
0.41202834248542786
0.1815849095582962
0.25516071915626526
0.1806308627128601
0.10246537625789642
0.20849579572677612
0.2855558395385742
0.3011530935764313
0.8420680165290833
0.5427396893501282
0.7658315300941467
0.8433398008346558
0.6242721080780029
0.7698712944984436
0.9694738388061523
0.8299767971038818
0.9187042713165283
0.8929803967475891
0.4006911814212799
0.6784763336181641
0.2937697470188141
0.26442772150039673
0.2329951971769333
0.33149489760398865
0.10250920057296753
0.07480274885892868
0.0725565031170845
0.0555276945233345
0.07789389044046402
0.03562852367758751
0.06997127085924149
0.17703421413898468
0.2882973253726959
0.34919387102127075
0.25350040197372437
0.14081580936908722
0.11988947540521622
0.050349775701761246
0.14509128034114838
0.162213996052742
0.16326814889907837
0.5109854936599731
0.3163396418094635
0.8699283599853516
0.8798025250434875
0.8272425532341003
0.9447815418243408
0.7202134728431702
0.9430930018424988
0.91150963306427
0.9794648289680481
0.7078759074211121
0.753662109375
0.6429544687271118
0.34028521180152893
0.4735865592956543
0.678034245967865
0.48325926065444946
0.4195009469985962
0.12739244103431702
0.5518698692321777
0.16986186802387238
0.705748438835144
0.7137361168861389
0.9044961929321289
0.29197993874549866
0.4178693890571594
0.30055728554725647
0.1449580043554306
0.13923320174217224
0.044785864651203156
0.07760331779718399
0.02200685627758503
0.04977145791053772
0.0328158475458622
0.07020888477563858
0.19684384763240814
0.16109643876552582
0.15830035507678986
0.2384144514799118
0.5972661972045898
0.6694726347923279
0.3947429060935974
0.7830458283424377
0.8138657212257385
0.17501914501190186
0.2913488447666168
0.11251633614301682
0.10635273903608322
0.08223462104797363
0.03922879323363304
0.14217320084571838
0.08015230298042297
0.09470441192388535
0.0973825603723526
0.3979291319847107
0.13862550258636475
0.03458728268742561
0.10429593175649643
0.014620034024119377
0.10558036714792252
0.06705662608146667
0.195255309343338
0.12765975296497345
0.18849799036979675
0.22301965951919556
0.42126795649528503
0.4454168677330017
0.43117502331733704
0.582598090171814
0.8148214817047119
0.7506904602050781
0.8786329627037048
0.8252906799316406
0.9293816685676575
0.8017322421073914
0.9147313237190247
0.9542039036750793
0.38360193371772766
0.5937644839286804
0.7665532231330872
0.8853424787521362
0.9389522671699524
0.47681131958961487
0.6593613028526306
0.4667327105998993
0.20322254300117493
0.3730108141899109
0.25404611229896545
0.4482487738132477
0.3022843897342682
0.13482727110385895
0.13385803997516632
0.18884415924549103
0.14932619035243988
0.06035808101296425
0.13441689312458038
0.09994205087423325
0.04542098939418793
0.034675151109695435
0.05959111452102661
0.09530682861804962
0.051686741411685944
0.025909101590514183
0.04741530492901802
0.01664852350950241
0.04375573620200157
0.01846892386674881
0.1372581124305725
0.033194515854120255
0.06540105491876602
0.08648616820573807
0.12196531891822815
0.09456373751163483
0.13650250434875488
0.12778659164905548
0.13505060970783234
0.20126792788505554
0.07183369249105453
0.03857092931866646
0.09507761150598526
0.04123230651021004
0.034024666994810104
0.06060091778635979
0.08713249117136002
0.10342054069042206
0.0970553383231163
0.21255309879779816
0.3440491259098053
0.09871084988117218
0.05994020774960518
0.04511468857526779
0.20586282014846802
0.15315961837768555
0.034969866275787354
0.2368241399526596
0.781109631061554
0.6223046183586121
0.2760838568210602
0.8034633994102478
0.938025712966919
0.9378755688667297
0.8694441914558411
0.47320979833602905
0.8557069301605225
0.5486844182014465
0.5204264521598816
0.4792560935020447
0.30313822627067566
0.23867252469062805
0.1413855254650116
0.08665964752435684
0.0462244413793087
0.08572718501091003
0.02686670422554016
0.03401863947510719
0.038993872702121735
0.053513262420892715
0.06964953988790512
0.12210431694984436
0.04038698971271515
0.06288520246744156
0.1009540855884552
0.0751953050494194
0.027879931032657623
0.1381654590368271
0.013260243460536003
0.08158855885267258
0.008926724083721638
0.026922831311821938
0.025027403607964516
0.03943098336458206
0.05210023745894432
0.0682433620095253
0.05913090705871582
0.15011325478553772
0.08312832564115524
0.15114164352416992
0.11702772229909897
0.1604253500699997
0.03730734810233116
0.17403824627399445
0.15000809729099274
0.35418713092803955
