0.2853286862373352
0.3367430865764618
0.15419547259807587
0.3452889025211334
0.38102659583091736
0.33669137954711914
0.4441608488559723
0.37614813446998596
0.3294461667537689
0.26968538761138916
0.40886807441711426
0.06791666895151138
0.33802440762519836
0.15562446415424347
0.299624502658844
0.5286448001861572
0.666195809841156
0.5266658067703247
0.6393529176712036
0.8422819972038269
0.7114590406417847
0.33965983986854553
0.0652017593383789
0.289096474647522
0.03568601235747337
0.3108264207839966
0.1837724894285202
0.3392712473869324
0.36877381801605225
0.2663726806640625
0.2791830599308014
0.12748005986213684
0.36399978399276733
0.07449787110090256
0.3876737356185913
0.29435449838638306
0.49909400939941406
0.49129191040992737
0.7342514395713806
0.5146212577819824
0.6126254796981812
0.4702499806880951
0.6838151812553406
0.7084963321685791
0.4877575933933258
0.45449602603912354
0.6100724339485168
0.48362717032432556
0.4591533839702606
0.5315034985542297
0.46468666195869446
0.04873141273856163
0.25791969895362854
0.08397632092237473
0.31789809465408325
0.2524985671043396
0.24955588579177856
0.32843726873397827
0.3063977062702179
0.4631240665912628
0.5321912169456482
0.21551817655563354
0.26619353890419006
0.07404636591672897
0.22739717364311218
0.09468088299036026
0.2962878346443176
0.1797182410955429
0.29655054211616516
0.5189434885978699
0.37407225370407104
0.5553961396217346
0.41333672404289246
0.42528095841407776
0.35929763317108154
0.3525063693523407
0.227101668715477
0.3479403853416443
0.3628961443901062
0.6095811724662781
0.8868801593780518
0.48567914962768555
0.34002014994621277
0.35333719849586487
0.6630271673202515
0.19205740094184875
0.15092475712299347
0.28460124135017395
0.21299320459365845
0.26313892006874084
0.10189012438058853
0.24821726977825165
0.2074144184589386
0.16382218897342682
0.28310465812683105
0.29987287521362305
0.38606077432632446
0.2974533140659332
0.09024584293365479
0.18252477049827576
0.05908457562327385
0.03412173315882683
0.07340390235185623
0.05644512176513672
0.07893078774213791
0.07758675515651703
0.293564110994339
0.20205579698085785
0.04188183322548866
0.2072112262248993
0.07737643271684647
0.10388445109128952
0.25023341178894043
0.10946961492300034
0.12172169238328934
0.018502607941627502
0.07148758322000504
0.01820237934589386
0.023228416219353676
0.009854346513748169
0.04672631248831749
0.032885752618312836
0.07134485244750977
0.11507926136255264
0.03316851332783699
0.041220832616090775
0.03300793096423149
0.012981100007891655
0.007739389315247536
0.020358068868517876
0.06592700630426407
0.17801180481910706
0.2789066433906555
0.08771604299545288
0.2853972017765045
0.2670894265174866
0.5095996260643005
0.23921053111553192
0.1533743292093277
0.12738986313343048
0.07504380494356155
0.03220966458320618
0.10255326330661774
0.10709415376186371
0.16566112637519836
0.3202858865261078
0.3674185276031494
0.39944854378700256
0.16687196493148804
0.30345669388771057
0.4600616693496704
0.09853662550449371
0.21129247546195984
0.15143173933029175
0.07623440772294998
0.04411832243204117
0.1329222172498703
0.039768319576978683
0.008348901756107807
0.043852318078279495
0.08459068089723587
0.025926193222403526
0.020298706367611885
0.13823315501213074
0.07694622129201889
0.04937594011425972
0.1320904791355133
0.06829974800348282
0.0062620984390378
0.01563207246363163
0.005159884691238403
0.02097119577229023
0.02295125462114811
0.08468500524759293
0.07359254360198975
0.18238066136837006
0.3913511633872986
0.26935356855392456
0.4151584208011627
0.12485960125923157
0.09888090193271637
0.042522359639406204
0.020576607435941696
0.05784675106406212
0.11786559969186783
0.22731082141399384
0.19918884336948395
0.39716529846191406
0.22714148461818695
0.10362205654382706
0.2067021280527115
0.18316473066806793
0.09890703111886978
0.07542109489440918
0.1051366850733757
0.05437533184885979
0.049024052917957306
0.11610481888055801
0.0671224594116211
0.006555774249136448
0.07348676025867462
0.049348581582307816
0.03407031670212746
0.04914802312850952
0.02256658859550953
0.08133083581924438
0.03907432779669762
0.16356240212917328
0.021190427243709564
0.1466429978609085
0.07189523428678513
0.1488819271326065
0.23775823414325714
0.2554510235786438
0.33119699358940125
0.648411214351654
0.3252481520175934
0.16798511147499084
0.28635403513908386
0.15585970878601074
0.24179519712924957
0.26053905487060547
0.4838835299015045
0.1657526195049286
0.26880162954330444
0.07655566930770874
0.05459579825401306
0.07258044928312302
0.09933635592460632
0.0461728572845459
