0.21671739220619202
0.19375044107437134
0.2856164574623108
0.21019597351551056
0.08389151096343994
0.15680643916130066
0.024829473346471786
0.1264854073524475
0.2179061621427536
0.19074133038520813
0.04202708601951599
0.07658838480710983
0.046357881277799606
0.07262183725833893
0.1100531592965126
0.11764408648014069
0.15090933442115784
0.3656597435474396
0.16141115128993988
0.1144050732254982
0.09651833772659302
0.19048289954662323
0.11842146515846252
0.1715400218963623
0.15722015500068665
0.18092061579227448
0.11885387450456619
0.10592920333147049
0.22125166654586792
0.09863020479679108
0.0491359680891037
0.2930198609828949
0.10737766325473785
0.16301865875720978
0.09816669672727585
0.4032678008079529
0.4257558286190033
0.37707000970840454
0.5592310428619385
0.6373321413993835
0.7339715957641602
0.19377435743808746
0.6102353930473328
0.7568784356117249
0.30478784441947937
0.6068036556243896
0.3569648265838623
0.2944365441799164
0.3926727771759033
0.5212051868438721
0.05577120557427406
0.2973233759403229
0.6640999913215637
0.7460527420043945
0.07537402212619781
0.5389277338981628
0.6909081339836121
0.4169875979423523
0.42060333490371704
0.7682569622993469
0.727931797504425
0.49773016571998596
0.6371119618415833
0.8611689805984497
0.49396976828575134
0.8713352084159851
0.28957390785217285
0.409862756729126
0.1650058627128601
0.088178351521492
0.07807628065347672
0.02319744974374771
0.16290569305419922
0.07998563349246979
0.1662430614233017
0.21121148765087128
0.1887332648038864
0.13803730905056
0.03680366277694702
0.0519731231033802
0.13743363320827484
0.0609927773475647
0.207312673330307
0.1876593977212906
0.831838071346283
0.7714540958404541
0.5176326036453247
0.8976231813430786
0.8934105634689331
0.9477322697639465
0.9237061738967896
0.6648569107055664
0.6577556729316711
0.44690942764282227
0.8121068477630615
0.13769853115081787
0.46873846650123596
0.25307831168174744
0.4806201159954071
0.06460323929786682
0.11976317316293716
0.144427090883255
0.13149499893188477
0.09731195867061615
0.23919923603534698
0.20225106179714203
0.30914393067359924
0.09683660417795181
0.03325140103697777
0.055058084428310394
0.04990750178694725
0.06997910887002945
0.006971851922571659
0.04065211862325668
0.1342805176973343
0.037932973355054855
0.060794249176979065
0.0645616203546524
0.0976758599281311
0.19521242380142212
0.1623050719499588
0.10197523236274719
0.27023789286613464
0.2834087312221527
0.3181799650192261
0.2981918752193451
0.3167572617530823
0.8116872310638428
0.9215162396430969
0.22338029742240906
0.7286176681518555
0.11163299530744553
0.8468211889266968
0.21718564629554749
0.45036548376083374
0.6005992293357849
0.36507585644721985
0.23887351155281067
0.24550576508045197
0.15141892433166504
0.06061248108744621
0.11442044377326965
0.11629598587751389
0.03234875202178955
0.026311827823519707
0.3018459379673004
0.18791548907756805
0.06089821830391884
0.3841404914855957
0.412102609872818
0.7146139740943909
0.8221657872200012
0.9615622758865356
0.8937667012214661
0.8807021975517273
0.8869989514350891
0.9027118682861328
0.8394549489021301
0.8549830913543701
0.7486143708229065
0.8631993532180786
0.599865734577179
0.6237950325012207
0.6688746213912964
0.5913494229316711
0.8022205233573914
0.45626699924468994
0.5870881676673889
0.3433242440223694
0.26917755603790283
0.6254390478134155
0.22871463000774384
0.6541813015937805
0.41995707154273987
0.8486908674240112
0.30360540747642517
0.5214789509773254
0.2926020622253418
0.2607960104942322
