0.1889888197183609
0.412809282541275
0.17753984034061432
0.5615262389183044
0.47820350527763367
0.8097836375236511
0.5430489778518677
0.6303768157958984
0.6382447481155396
0.20562578737735748
0.479419082403183
0.19588598608970642
0.7150301933288574
0.378421425819397
0.3940330743789673
0.25198128819465637
0.25056371092796326
0.13064999878406525
0.287482887506485
0.3319759666919708
0.2598227560520172
0.3416382372379303
0.2943592369556427
0.5321621894836426
0.5405680537223816
0.44347020983695984
0.673962414264679
0.6053113341331482
0.7980993390083313
0.3288502097129822
0.6968743205070496
0.582851231098175
0.4244202971458435
0.6251479387283325
0.4785955846309662
0.199691504240036
0.3156396746635437
0.32027390599250793
0.31587091088294983
0.28326693177223206
0.2201717346906662
0.33457061648368835
0.44316715002059937
0.30452314019203186
0.4648977518081665
0.5509735941886902
0.6855916976928711
0.3774014711380005
0.6650861501693726
0.4282628297805786
0.6550804376602173
0.4740341603755951
0.6993163824081421
0.733117401599884
0.15608501434326172
0.40538284182548523
0.723088800907135
0.3142113983631134
0.16407622396945953
0.7438221573829651
0.8154039978981018
0.27383509278297424
0.5960166454315186
0.18552786111831665
0.22474008798599243
0.10867911577224731
0.33499374985694885
0.21445582807064056
0.6719988584518433
0.2992175221443176
0.42938095331192017
0.27659931778907776
0.2140471190214157
0.10595748573541641
0.1551620066165924
0.406221866607666
0.511553943157196
0.22235213220119476
0.21327054500579834
0.31949278712272644
0.22784344851970673
0.3164852261543274
0.27209848165512085
0.5649827122688293
0.4009535610675812
0.6327704787254333
0.46585506200790405
0.49237707257270813
0.33332228660583496
0.3086072504520416
0.5732846856117249
0.3391095697879791
0.5672518610954285
0.6621454954147339
0.611395001411438
0.2947304844856262
0.7671449184417725
0.6995828151702881
0.7405446171760559
0.49127426743507385
0.7992211580276489
0.7376528978347778
0.8009666800498962
0.597653865814209
0.7122367024421692
0.47583839297294617
0.6414363980293274
0.7869168519973755
0.9189628958702087
0.733017086982727
0.9519432783126831
0.9156119227409363
0.7813316583633423
0.8695728778839111
0.4896354675292969
0.6777184009552002
0.4597923457622528
0.48230382800102234
0.35264745354652405
0.526421308517456
0.6212307810783386
0.6109957695007324
0.32441434264183044
0.46179190278053284
0.4957810640335083
0.6213563084602356
0.5815705060958862
0.801729679107666
0.48712560534477234
0.6803821921348572
0.6057068109512329
0.17930078506469727
0.26119592785835266
0.6432164311408997
0.5194454789161682
0.6829273104667664
0.630103588104248
0.7007393836975098
0.7463693618774414
0.762048065662384
0.8280485272407532
0.9239172339439392
0.8279210329055786
0.9716399312019348
0.9602851867675781
0.7617619633674622
0.9341412782669067
0.9704912900924683
0.9425162076950073
0.5273910760879517
0.8975920081138611
0.9818239212036133
0.8880393505096436
0.43278181552886963
0.9529228210449219
0.9343895316123962
0.9027758836746216
0.9437975287437439
0.7435191869735718
0.7810503840446472
0.6647754907608032
0.4891568422317505
0.6415340900421143
0.28734320402145386
0.6374269127845764
0.4583873152732849
0.7467387318611145
0.7665271759033203
0.7931564450263977
0.7309620380401611
0.5418427586555481
0.740169107913971
0.6916845440864563
0.889960527420044
0.897551417350769
0.9629929065704346
0.9563005566596985
0.9662522077560425
0.948071300983429
0.973455011844635
0.9684208035469055
0.956436812877655
0.9670838117599487
