0.04248585179448128
0.031974535435438156
0.02998722530901432
0.008379821665585041
0.03790732100605965
0.0074953800067305565
0.0891319066286087
0.09008917957544327
0.15532907843589783
0.356585294008255
0.13958926498889923
0.16858334839344025
0.04742984473705292
0.29954180121421814
0.14642147719860077
0.20436038076877594
0.3059634566307068
0.4006824493408203
0.3492130935192108
0.27899909019470215
0.4250997006893158
0.40041762590408325
0.28114044666290283
0.456319659948349
0.13566595315933228
0.17054054141044617
0.0502142570912838
0.04225090146064758
0.013003488071262836
0.06674838811159134
0.09865086525678635
0.31295615434646606
0.25859832763671875
0.1776246577501297
0.2677556574344635
0.2839658260345459
0.36746636033058167
0.37930798530578613
0.16987884044647217
0.238849937915802
0.11564797908067703
0.23528964817523956
0.01174120046198368
0.2058546096086502
0.1376914530992508
0.032440412789583206
0.07697851210832596
0.4903593063354492
0.0984371155500412
0.008961508981883526
0.3406369984149933
0.252023309469223
0.18656305968761444
0.18310897052288055
0.05900074914097786
0.36366891860961914
0.3782102167606354
0.2981599271297455
0.3017841875553131
0.33459001779556274
0.1014702245593071
0.353500097990036
0.3773617148399353
0.021808363497257233
0.27856341004371643
0.38500991463661194
0.2772916853427887
0.08544538915157318
0.3072926104068756
0.3588560223579407
0.06537096947431564
0.12330475449562073
0.23849675059318542
0.21740494668483734
0.4807131588459015
0.2472134381532669
0.3744698762893677
0.4736439883708954
0.3506423532962799
0.3204745352268219
0.26976263523101807
0.4189538061618805
0.24353095889091492
0.13018321990966797
0.1493121087551117
0.324256032705307
0.18843775987625122
0.020622674375772476
0.28936806321144104
0.09919142723083496
0.029854441061615944
0.03608417138457298
0.12270937860012054
0.06495340913534164
0.04642220214009285
0.030411889776587486
0.1164042130112648
0.0848253145813942
0.05229819566011429
0.08870042860507965
0.25718262791633606
0.407509446144104
0.6007975339889526
0.5571975708007812
0.32870247960090637
0.42733505368232727
0.085848867893219
0.14019101858139038
0.010413472540676594
0.05396006628870964
0.023349177092313766
0.1474337875843048
0.1189231351017952
0.14222070574760437
0.11264543980360031
0.4512755572795868
0.19399118423461914
0.3803154230117798
0.44250574707984924
0.15742085874080658
0.039427854120731354
0.32216182351112366
0.14701400697231293
0.09671718627214432
0.02985212579369545
0.27250078320503235
0.07081330567598343
0.01709958352148533
0.11430082470178604
0.09146510064601898
0.03920410946011543
0.011746915988624096
0.1407390981912613
0.08298848569393158
0.08742334693670273
0.15556471049785614
0.297725111246109
0.1637372523546219
0.19623582065105438
0.028763148933649063
0.04241570085287094
0.023127356544137
0.02268860675394535
0.03844419866800308
0.047601472586393356
0.22691471874713898
0.11279705166816711
0.16688747704029083
0.28301507234573364
0.1331440955400467
0.03208937495946884
0.41079938411712646
0.32120418548583984
0.052460405975580215
0.07269412279129028
0.5229323506355286
0.5310233235359192
0.22389057278633118
0.4837379455566406
0.5124212503433228
0.4335242509841919
0.16170984506607056
0.23080703616142273
0.329881876707077
0.31941017508506775
0.11174917221069336
0.18898439407348633
0.1354202777147293
0.12577147781848907
0.1437186747789383
0.0979308933019638
0.1382829248905182
0.21650823950767517
0.14483481645584106
0.0921550765633583
0.19487158954143524
0.18875253200531006
0.16137070953845978
0.11202707886695862
0.02764585055410862
0.038654178380966187
0.2646093964576721
0.16055460274219513
0.6220924854278564
0.30251312255859375
0.08209004998207092
0.15214286744594574
0.17456187307834625
0.2354937642812729
0.0889587551355362
0.010435624048113823
0.03873660787940025
0.1651637703180313
0.017575237900018692
0.047191232442855835
0.17106632888317108
0.17915427684783936
0.0674152597784996
0.044068921357393265
0.05711480602622032
0.06701317429542542
0.04042184725403786
0.06957214325666428
0.029627250507473946
0.01938602887094021
0.28326213359832764
0.12356682866811752
0.14623597264289856
0.2012367993593216
0.20203106105327606
0.14790324866771698
0.2513275742530823
0.046203985810279846
0.22322556376457214
0.20162786543369293
0.19969214498996735
0.20464657247066498
0.14475136995315552
0.2769508957862854
0.39411044120788574
0.289794921875
0.027813775464892387
0.30720198154449463
0.3670210838317871
0.06690755486488342
0.1504368633031845
0.1867770105600357
0.18959850072860718
0.0519360713660717
0.428446501493454
0.3094201385974884
0.3473881781101227
0.2308175265789032
0.3675996959209442
0.24858726561069489
0.14541204273700714
0.03391452878713608
0.1270366758108139
0.05815992131829262
0.1912330687046051
0.11165417730808258
0.24887500703334808
0.1771533042192459
0.1659633219242096
0.13983842730522156
0.13600140810012817
0.2626263499259949
0.3993113040924072
0.2585758566856384
0.5148621797561646
0.1667996346950531
0.44798746705055237
0.326432466506958
0.23320865631103516
0.13203823566436768
0.19141539931297302
0.12507601082324982
0.18765205144882202
0.15147365629673004
0.15384133160114288
0.06849616020917892
0.12755700945854187
0.21017594635486603
0.26063206791877747
0.03841220587491989
0.3123328983783722
0.409180223941803
0.09117589890956879
0.04186450317502022
0.2706085443496704
0.3380814492702484
0.05639807507395744
0.11227606236934662
0.26868268847465515
0.21992866694927216
0.13686485588550568
0.13747254014015198
0.23246833682060242
0.20564252138137817
0.1488114446401596
0.07210083305835724
0.3007259666919708
0.2116735279560089
0.07118209451436996
0.3634181618690491
0.050271280109882355
0.19141732156276703
0.08953952044248581
0.342156320810318
0.11717090755701065
0.19172504544258118
0.4303474426269531
0.6295021176338196
0.42303505539894104
0.6272363662719727
0.35838326811790466
0.39309927821159363
0.3680735230445862
0.5660018920898438
0.5662566423416138
0.6150338649749756
0.4260333776473999
0.4629286229610443
0.571172833442688
0.2752813398838043
0.28295978903770447
0.3665243983268738
0.31257402896881104
0.3336821496486664
0.3180045783519745
0.10218565911054611
0.23415343463420868
0.27915504574775696
0.33252063393592834
0.06582194566726685
0.15981422364711761
0.28070583939552307
0.11344228684902191
0.059784479439258575
0.16648438572883606
0.3636939227581024
0.13552342355251312
0.13209326565265656
0.2215067446231842
0.27867040038108826
0.1144239529967308
0.11447975784540176
0.197353795170784
0.07892794162034988
0.06781847029924393
0.26106980443000793
0.2665318548679352
0.059866443276405334
0.12747997045516968
0.04092833399772644
0.2562072277069092
0.07779001444578171
0.1588197946548462
0.2837669849395752
0.15108120441436768
0.3738909959793091
0.28808072209358215
0.3956395387649536
0.3064744174480438
0.3997885584831238
0.5035859942436218
0.35915032029151917
0.23492074012756348
0.41686388850212097
0.35305798053741455
0.13712449371814728
0.17326970398426056
