0.7730646729469299
0.8276064991950989
0.9539008736610413
0.9345019459724426
0.9284966588020325
0.9600180387496948
0.9840128421783447
0.981164813041687
0.9176744818687439
0.9744629263877869
0.9847257733345032
0.9557910561561584
0.9261879324913025
0.9844684600830078
0.9828469157218933
0.951727032661438
0.9693496823310852
0.982603907585144
0.9231627583503723
0.9029189348220825
0.9404886960983276
0.9406144022941589
0.769994854927063
0.6024788022041321
0.9199814200401306
0.8448748588562012
0.7590420842170715
0.7721500396728516
0.7057926654815674
0.6017698049545288
0.7362750172615051
0.967947244644165
0.6066499352455139
0.34558120369911194
0.7656259536743164
0.9415661692619324
0.3331376314163208
0.2857055068016052
0.9224388599395752
0.6759728789329529
0.2225150614976883
0.5289022922515869
0.9145413637161255
0.5599242448806763
0.3168896734714508
0.14789974689483643
0.17548337578773499
0.1878354549407959
0.18688423931598663
0.18139953911304474
0.20882567763328552
0.3537692725658417
0.4474826455116272
0.29102951288223267
0.5824704766273499
0.821017861366272
0.8992025852203369
0.910419762134552
0.9582791924476624
0.8206945657730103
0.7290598154067993
0.5025956630706787
0.7182655930519104
0.7538084387779236
0.13076885044574738
0.297575980424881
0.3826639652252197
0.08014081418514252
0.06316180527210236
0.14104245603084564
0.30586209893226624
0.08474188297986984
0.14594273269176483
0.20758210122585297
0.3020125925540924
0.23872733116149902
0.19101567566394806
0.0948452576994896
0.13596777617931366
0.1742667555809021
0.21658092737197876
0.30013778805732727
0.14761795103549957
0.23825308680534363
0.18954044580459595
0.2660315930843353
0.31922832131385803
0.3749459385871887
0.11367872357368469
0.15354342758655548
0.09553465992212296
0.03598221391439438
0.17478474974632263
0.09938081353902817
0.18695081770420074
0.11140386015176773
0.13906563818454742
0.14318698644638062
0.3023921847343445
0.08974885940551758
0.2990116477012634
0.3234120309352875
0.5689255595207214
0.47137314081192017
0.7301247715950012
0.7294965386390686
0.5350679755210876
0.7499444484710693
0.8457745909690857
0.8386163711547852
0.6208710670471191
0.8853397369384766
0.9278150200843811
0.8073657751083374
0.8362515568733215
