0.20649029314517975
0.28264954686164856
0.2239498645067215
0.1408282369375229
0.02187182940542698
0.01664164289832115
0.031836770474910736
0.06360837817192078
0.027377761900424957
0.1328602135181427
0.39728328585624695
0.7905333638191223
0.632541835308075
0.9034542441368103
0.8701700568199158
0.7213487029075623
0.952534019947052
0.9478054046630859
0.924615204334259
0.7416607141494751
0.9530906677246094
0.9588877558708191
0.9503993988037109
0.5046439170837402
0.4354480504989624
0.4390137791633606
0.7525864839553833
0.8883443474769592
0.9556819200515747
0.7332479357719421
0.865225613117218
0.860215961933136
0.9201889038085938
0.8924227952957153
0.5322187542915344
0.3562462329864502
0.902618944644928
0.7537508010864258
0.14324922859668732
0.42403069138526917
0.6446301341056824
0.3826170265674591
0.19793148338794708
0.4571496546268463
0.7714671492576599
0.2285127192735672
0.5054413080215454
0.3944786787033081
0.3555900752544403
0.2373996078968048
0.07234276831150055
0.06253189593553543
0.06669504195451736
0.07701849192380905
0.1449362188577652
0.3384706377983093
0.561966061592102
0.7768871784210205
0.44573456048965454
0.18033480644226074
0.421560138463974
0.8014326691627502
0.1785183995962143
0.3628886044025421
0.8025949001312256
0.8255460858345032
0.5661566853523254
0.2848840057849884
0.4742887318134308
0.21996358036994934
0.3542468249797821
0.32728490233421326
0.4876527786254883
0.32843017578125
0.21484962105751038
0.3424219489097595
0.13659021258354187
0.40725618600845337
0.4427230656147003
0.43183213472366333
0.6083441376686096
0.2494283765554428
0.5589256882667542
0.5026485919952393
0.5193694829940796
0.2923498749732971
0.05488135293126106
0.11594460904598236
0.033364925533533096
0.3124185800552368
0.08231481164693832
0.05366900935769081
0.2803192138671875
0.38947317004203796
0.10305605083703995
0.3487362563610077
0.44091740250587463
0.43167591094970703
0.10729491710662842
0.09983974695205688
0.17337946593761444
0.11054916679859161
0.06944041699171066
0.03163321316242218
0.023470140993595123
0.015714971348643303
0.02600003220140934
0.13940240442752838
0.17189057171344757
0.36726802587509155
0.29574912786483765
0.5127926468849182
0.6181108355522156
0.8956101536750793
0.8460057973861694
0.93551105260849
0.8504646420478821
0.693341076374054
0.7803381085395813
0.6119286417961121
0.46007516980171204
0.28778472542762756
0.27031993865966797
0.21516861021518707
0.04168476536870003
0.11900671571493149
0.21873174607753754
0.1593884527683258
0.1516922414302826
0.08302120119333267
0.030424173921346664
0.015863249078392982
0.044518206268548965
0.06313542276620865
0.1877451390028
0.1669817715883255
0.6075476408004761
0.6901311278343201
0.2659691274166107
0.696402370929718
0.4796496629714966
0.07613915205001831
0.3839620351791382
0.6984186172485352
0.49023953080177307
0.1326698511838913
0.047769445925951004
0.07231339812278748
0.13840147852897644
0.3262753486633301
0.28952398896217346
0.48416948318481445
0.3775446116924286
0.4284406304359436
0.36707010865211487
0.13073262572288513
0.255332350730896
0.14995265007019043
0.09659173339605331
0.16837118566036224
0.17540772259235382
0.2832077741622925
0.1549680382013321
0.28685635328292847
0.28580769896507263
0.10681571066379547
0.24220792949199677
0.17309661209583282
0.26786068081855774
0.3161105215549469
0.11688375473022461
0.13540710508823395
0.21267777681350708
0.10240422189235687
0.11191891133785248
0.057529646903276443
0.05262196063995361
0.11468206346035004
0.11253402382135391
0.11161432415246964
0.07143695652484894
0.056036677211523056
0.0877399817109108
0.1271989345550537
0.09344586730003357
0.03627351298928261
0.28137505054473877
0.15922623872756958
0.12900149822235107
0.20024700462818146
0.2649618685245514
0.11760713160037994
0.3122531473636627
0.46996238827705383
0.20613554120063782
0.2035287469625473
0.07333148270845413
0.07818029075860977
0.09025285392999649
0.11903732270002365
0.11264526844024658
0.017839401960372925
0.07531072944402695
0.21511341631412506
0.04679916426539421
0.035455331206321716
0.08944685012102127
0.20988218486309052
0.19756630063056946
0.10216090828180313
0.05572960898280144
0.05280260369181633
0.11302803456783295
0.22577187418937683
0.2589099705219269
0.7095314860343933
0.47990694642066956
0.7433662414550781
0.9531310200691223
0.9096458554267883
0.7147321105003357
0.8135865330696106
0.6380102634429932
0.7572023868560791
0.7501494288444519
0.45708221197128296
0.533689022064209
0.8302724957466125
0.9113197326660156
0.935515820980072
0.74582439661026
0.7874780893325806
0.9381415247917175
0.9108931422233582
0.5493305325508118
0.7643314003944397
0.9494263529777527
0.8980916142463684
0.6517511606216431
0.8558884263038635
0.916820764541626
0.8672659993171692
0.6737102270126343
0.8893888592720032
0.9591236114501953
0.8977328538894653
0.6708448529243469
0.9105868935585022
0.8451001048088074
0.8347834348678589
0.8174331784248352
0.6286666989326477
0.6502159237861633
0.29742902517318726
0.6433612704277039
0.621486246585846
0.08539586514234543
0.16192643344402313
0.8001417517662048
0.7297260165214539
0.3702380061149597
0.5499705076217651
0.1452261209487915
0.1066238060593605
0.07802717387676239
0.052924878895282745
0.11963929235935211
0.029857972636818886
0.0635194182395935
0.07529009133577347
0.19815082848072052
0.026562422513961792
0.041156105697155
0.15367992222309113
0.22043539583683014
0.07957414537668228
0.28766921162605286
0.4055692255496979
0.3633478283882141
0.6636338829994202
0.03389524295926094
0.18684497475624084
0.5225045680999756
0.06007079407572746
0.09402350336313248
0.2674497663974762
0.2749389111995697
0.12417774647474289
0.12509888410568237
0.4539603292942047
0.43624261021614075
0.5176612734794617
0.7287262678146362
