0.23438984155654907
0.343477338552475
0.46133682131767273
0.5433655977249146
0.5741811990737915
0.47913065552711487
0.46873733401298523
0.6656369566917419
0.6028182506561279
0.5559621453285217
0.666567862033844
0.644963264465332
0.8344032764434814
0.6422763466835022
0.6935899257659912
0.8500702977180481
0.7399480938911438
0.5742703676223755
0.7159767746925354
0.9226117730140686
0.7912939190864563
0.5945366024971008
0.9303534626960754
0.8439152836799622
0.7404116988182068
0.6588342785835266
0.8811907172203064
0.729517936706543
0.4603580832481384
0.781609296798706
0.651249885559082
0.7800236940383911
0.7571375966072083
0.7778000831604004
0.7825488448143005
0.8006225824356079
0.8446822166442871
0.7464715838432312
0.7641085386276245
0.8671448826789856
0.8425602316856384
0.8635256290435791
0.8712576031684875
0.7621760368347168
0.7851493954658508
0.9152287244796753
0.6508634090423584
0.8161482214927673
0.9017399549484253
0.8900534510612488
0.41336655616760254
0.9112579822540283
0.9482207894325256
0.7487838864326477
0.7923500537872314
0.929641604423523
0.9274892807006836
0.6852726340293884
0.7494962811470032
0.9536778330802917
0.782281756401062
0.5972903370857239
0.8054702281951904
0.8091655969619751
0.5950217247009277
0.6427958011627197
0.6152226328849792
