0.12541607022285461
0.26372000575065613
0.10684926807880402
0.25854212045669556
0.18974576890468597
0.34360578656196594
0.37078219652175903
0.6703147292137146
0.7419939041137695
0.5486317276954651
0.6205477118492126
0.7328773736953735
0.49914243817329407
0.34523794054985046
0.3872130811214447
0.7131413221359253
0.34878280758857727
0.30885690450668335
0.4338195323944092
0.3403513729572296
0.21471531689167023
0.3810357451438904
0.5600258708000183
0.2306249886751175
0.7055843472480774
0.5051445364952087
0.17542381584644318
0.2987218499183655
0.4654419720172882
0.45043128728866577
0.7128366231918335
0.757031261920929
0.7309569120407104
0.8246425986289978
0.4872453510761261
0.8194527626037598
0.5123249292373657
0.642867386341095
0.6142047643661499
0.6792019009590149
0.7114802598953247
0.37958547472953796
0.5489085912704468
0.6662722229957581
0.6478627324104309
0.5331459045410156
0.5767428278923035
0.6390740871429443
0.7541936039924622
0.7626134753227234
0.7558112144470215
0.6022257804870605
0.6397327780723572
0.5797500014305115
0.6131221652030945
0.7991259694099426
0.7214387655258179
0.2854694724082947
0.1893090158700943
0.06313574314117432
0.17665694653987885
0.08992939442396164
0.13874441385269165
0.16210711002349854
0.3058617413043976
0.18528030812740326
0.2252391129732132
0.06457075476646423
0.06765958666801453
0.20848287642002106
0.074391670525074
0.27464422583580017
0.15026289224624634
0.6731309294700623
0.7662237286567688
0.5634379982948303
0.8436358571052551
0.8912734985351562
0.8980545401573181
0.9193801879882812
0.8348654508590698
0.6510381102561951
0.22149059176445007
0.5997926592826843
0.129435732960701
0.5243468284606934
0.11047222465276718
0.22278578579425812
0.10470511019229889
0.17094822227954865
0.31221380829811096
0.28758224844932556
0.19680114090442657
0.377806156873703
0.3408273458480835
0.28826746344566345
0.20529863238334656
0.11075188964605331
0.10767791420221329
0.40479224920272827
0.26988524198532104
0.04725446179509163
0.0671943724155426
0.36397209763526917
0.47462496161460876
0.13508813083171844
0.18639352917671204
0.45278677344322205
0.7283280491828918
0.1091298833489418
0.3784027099609375
0.5704393982887268
0.8232583999633789
0.6477897763252258
0.7821725010871887
0.3958984613418579
0.860432505607605
0.8241284489631653
0.1831880360841751
0.7607129216194153
0.3828349709510803
0.7925412058830261
0.15205517411231995
0.45110607147216797
0.4661071002483368
0.6055354475975037
0.2531089782714844
0.21851028501987457
0.28712198138237
0.10863606631755829
0.1529431939125061
0.28615325689315796
0.15020950138568878
0.17445482313632965
0.27446070313453674
0.43715912103652954
0.22461076080799103
0.3480020761489868
0.4061203598976135
0.7529236078262329
0.787484884262085
0.9567481279373169
0.8662307858467102
0.8892813920974731
0.8681248426437378
0.87046217918396
0.8669582605361938
0.8651795983314514
0.8520151972770691
0.9076168537139893
0.7351964116096497
0.7137239575386047
0.791718065738678
0.8030256032943726
0.8475887179374695
0.5704224705696106
0.5692091584205627
0.33367565274238586
0.3757179081439972
0.7580726742744446
0.1046375185251236
0.7583211064338684
0.39791956543922424
0.8202198147773743
0.43186962604522705
0.4997701644897461
0.6236722469329834
0.24057218432426453
0.30938658118247986
0.32168760895729065
0.41011843085289
0.17788094282150269
0.21866710484027863
