0.044313039630651474
0.034377578645944595
0.03623354434967041
0.0046536182053387165
0.015482312999665737
0.027856701985001564
0.05326365679502487
0.1784057766199112
0.11552701890468597
0.29937484860420227
0.6406925320625305
0.6162959933280945
0.18406791985034943
0.23564821481704712
0.5226424336433411
0.23244526982307434
0.047084152698516846
0.23471005260944366
0.19060616195201874
0.02090674825012684
0.11667151004076004
0.36479613184928894
0.055984463542699814
0.03194654360413551
0.2256583422422409
0.28515464067459106
0.044082898646593094
0.08517283946275711
0.06592123955488205
0.02732672542333603
0.058908093720674515
0.027271036058664322
0.050180044025182724
0.05733362212777138
0.04992346465587616
0.10627362877130508
0.11272922158241272
0.10973392426967621
0.46406254172325134
0.6809683442115784
0.5693819522857666
0.6888068914413452
0.7228912115097046
0.33861690759658813
0.48188257217407227
0.664129376411438
0.5177809596061707
0.3374423086643219
0.7023248076438904
0.6254054307937622
0.5251566767692566
0.5396866202354431
0.31597375869750977
0.3301001489162445
0.24813909828662872
0.24252758920192719
0.16109535098075867
0.3380419909954071
0.39029398560523987
0.49495163559913635
0.4103521406650543
0.5404022336006165
0.7411382794380188
0.8587763905525208
0.8541646599769592
0.8123782277107239
0.9053195118904114
0.9701415300369263
0.9824407696723938
0.6739371418952942
0.6592578887939453
0.930790901184082
0.9650709629058838
0.7099083662033081
0.349595844745636
0.9646824598312378
0.9700159430503845
0.5202242136001587
0.19079428911209106
0.94731205701828
0.7314153909683228
0.1251356154680252
0.14638543128967285
0.6247585415840149
0.2342211753129959
0.12057773023843765
0.14960841834545135
0.04195336997509003
0.057566482573747635
0.019761089235544205
0.0073122805915772915
0.010414758697152138
0.004558459389954805
0.05559336021542549
0.03452117741107941
0.43024107813835144
0.6853228807449341
0.7905868887901306
0.345209002494812
0.13212284445762634
0.9142325520515442
0.6473103761672974
0.08700714260339737
0.30900633335113525
0.9711917042732239
0.5745353698730469
0.2367665022611618
0.9752672910690308
0.9896365404129028
0.8117430806159973
0.8956226706504822
0.46132680773735046
0.286927193403244
0.05218211188912392
0.005184581037610769
0.010971960611641407
0.010252097621560097
0.0779661014676094
0.020025134086608887
0.10053161531686783
0.26735466718673706
0.6476523876190186
0.7073831558227539
0.6727586984634399
0.7421627044677734
0.9419549107551575
0.9776178002357483
0.6714748740196228
0.7304526567459106
0.9671633243560791
0.9404991269111633
0.7322301864624023
0.4991161525249481
0.8746389150619507
0.7299807071685791
0.2849196493625641
0.8999472856521606
0.9733050465583801
0.23230426013469696
0.23640653491020203
0.9441073536872864
0.8864744305610657
0.07223561406135559
0.27772611379623413
0.031167620792984962
0.016880054026842117
0.014422128908336163
0.015926891937851906
0.10056427121162415
0.09775668382644653
0.28511956334114075
0.26266947388648987
0.07810959964990616
0.15323734283447266
0.10359606891870499
0.42103806138038635
0.04706435278058052
0.19207336008548737
0.5539780259132385
0.8194618821144104
0.5664970874786377
0.4272821247577667
0.19328314065933228
0.1632312536239624
0.1824653148651123
0.10288956016302109
0.07324797660112381
0.10845950245857239
0.21071548759937286
0.04240421578288078
0.03607179597020149
0.17513807117938995
0.10565852373838425
0.14755429327487946
0.09817512333393097
0.05871466174721718
0.3634003698825836
0.22580620646476746
0.2406054139137268
0.2996498644351959
0.29904934763908386
0.25460270047187805
0.2656811773777008
0.3540116846561432
0.14293888211250305
0.40710151195526123
0.25584593415260315
0.30854037404060364
0.2295098900794983
0.39994001388549805
0.3289625942707062
0.17441007494926453
0.14581336081027985
0.24569755792617798
0.15119881927967072
0.08987870067358017
0.19278043508529663
0.23810717463493347
0.1321989744901657
0.3554348349571228
0.2280483841896057
0.0982542410492897
0.060586679726839066
0.05342770367860794
0.04107923060655594
0.03342492878437042
0.023960258811712265
0.017117658630013466
0.0071349539794027805
0.00975894182920456
0.008595113642513752
0.04153699427843094
0.01998113840818405
0.33929380774497986
0.3918447196483612
0.6818804740905762
0.40815773606300354
0.09087473899126053
0.4400729835033417
0.22903378307819366
0.13769812881946564
0.054560668766498566
0.10343631356954575
0.09570310264825821
0.1043315902352333
0.029378265142440796
0.03181298077106476
0.06624089926481247
0.021224282681941986
0.016091588884592056
0.05583969131112099
0.03571072593331337
0.010134909301996231
0.012287733145058155
0.047264959663152695
0.041052959859371185
0.04551006481051445
0.023393061012029648
0.026309672743082047
0.019819358363747597
0.017353255301713943
0.011998624540865421
0.020245777443051338
0.0334559828042984
0.052870165556669235
0.10567300021648407
0.3637700080871582
0.6030709147453308
0.4083603322505951
0.4229627847671509
0.3700717091560364
0.08513938635587692
0.3803216218948364
0.15023201704025269
0.06764815747737885
0.02761881984770298
0.18382395803928375
0.1250777691602707
0.06369046866893768
0.03463714197278023
0.1936107724905014
0.0698898583650589
0.08303260803222656
0.10974975675344467
0.09102015197277069
0.05136563628911972
0.0678691491484642
0.11505887657403946
0.19385460019111633
0.5654682517051697
0.5355163812637329
0.3199447989463806
0.6258481740951538
0.6647632718086243
0.42882609367370605
0.16147729754447937
0.28900837898254395
0.17809158563613892
0.10522063821554184
0.056936681270599365
0.11399110406637192
0.19403226673603058
0.07038072496652603
0.021477852016687393
0.052713166922330856
0.016384616494178772
0.00837611872702837
0.011562853120267391
0.027865532785654068
0.07262437790632248
0.1813696026802063
0.2400544434785843
0.4671436846256256
0.09776483476161957
0.052962902933359146
0.26110702753067017
0.28091004490852356
0.0656059980392456
0.08692557364702225
0.18497887253761292
0.27322885394096375
0.0685093104839325
0.09960220009088516
0.02963174320757389
0.015123344026505947
0.026580462232232094
0.017451319843530655
0.03885616734623909
0.21793970465660095
0.207975372672081
0.29783034324645996
0.13714806735515594
0.5775987505912781
0.2868167459964752
0.25911930203437805
0.13975341618061066
0.021388331428170204
0.13526052236557007
0.07789605855941772
0.037796247750520706
0.020569194108247757
0.022797949612140656
0.025880305096507072
0.11231120675802231
0.12603333592414856
0.050942037254571915
0.04641605541110039
0.09848862886428833
0.09416239708662033
0.07723736763000488
0.11124330013990402
0.09577586501836777
0.023284196853637695
0.027488676831126213
0.043644506484270096
0.03491491824388504
0.013730955310165882
0.017911016941070557
0.053095314651727676
0.02667495235800743
0.017134051769971848
0.04699719324707985
0.05821772292256355
0.0675007626414299
0.0619526244699955
0.04678438976407051
0.055099278688430786
0.056976668536663055
0.05033918097615242
0.04579893872141838
0.05668605864048004
0.11515135318040848
0.07750407606363297
0.14619380235671997
0.11725175380706787
0.12239585816860199
0.2620822787284851
0.14467650651931763
0.18651671707630157
0.07149964570999146
0.1263650804758072
0.019317418336868286
0.025710424408316612
0.056049738079309464
0.10327483713626862
0.019868794828653336
0.011276299133896828
0.025323370471596718
0.0642855167388916
0.023613186553120613
0.018471609801054
0.11912749707698822
