0.12637099623680115
0.26391613483428955
0.2590095102787018
0.37187278270721436
0.33609360456466675
0.21725361049175262
0.5015547275543213
0.26638156175613403
0.3573654592037201
0.13740365207195282
0.4903232157230377
0.32940343022346497
0.30474361777305603
0.7473430633544922
0.7317817211151123
0.78652423620224
0.46499624848365784
0.5542057156562805
0.6040579080581665
0.47052091360092163
0.22619420289993286
0.29108792543411255
0.10429834574460983
0.4987318813800812
0.12742416560649872
0.37320247292518616
0.09286627918481827
0.2209199070930481
0.16825555264949799
0.23667216300964355
0.29444339871406555
0.09500055015087128
0.36377519369125366
0.21344053745269775
0.7246109843254089
0.164897620677948
0.45341789722442627
0.11743088811635971
0.7372298240661621
0.21738465130329132
0.09485697746276855
0.2182117998600006
0.418723464012146
0.2812051475048065
0.4323514401912689
0.24394944310188293
0.3284418284893036
0.631300687789917
0.4446198642253876
0.3537555932998657
0.714751124382019
0.7495654225349426
0.5253274440765381
0.5761473774909973
0.5906279683113098
0.12059662491083145
0.2463493049144745
0.11225024610757828
0.5087912678718567
0.1938876360654831
0.6004338264465332
0.46971940994262695
0.36676132678985596
0.43875107169151306
0.5300532579421997
0.6139189004898071
0.7369598150253296
0.762658417224884
0.3650299608707428
0.5107488632202148
0.3263865113258362
0.6956924796104431
0.60902339220047
0.2814694344997406
0.6910905838012695
0.6868270039558411
0.7423007488250732
0.6000697016716003
0.7105125784873962
0.4489534795284271
0.6397807002067566
0.4548005163669586
0.3477054834365845
0.5512683987617493
0.39546579122543335
0.8359101414680481
0.5661749243736267
0.12362159788608551
0.7779483795166016
0.6102684736251831
0.14545884728431702
0.09288623929023743
0.7471795678138733
0.36209359765052795
0.12653164565563202
0.2736293077468872
0.5338932871818542
0.24951167404651642
0.08170738071203232
0.42346885800361633
0.4615013301372528
0.28300997614860535
0.36078327894210815
0.6663686633110046
0.6597514748573303
0.4485878348350525
0.4876955449581146
0.6413158178329468
0.3382551372051239
0.5064187049865723
0.8361974358558655
0.263046532869339
0.3168748915195465
0.8310552835464478
0.7366672158241272
0.24165789783000946
0.6680191159248352
0.8289210796356201
0.32074034214019775
0.1847923994064331
0.9040632247924805
0.46773120760917664
0.13946521282196045
0.08072032034397125
0.5947116017341614
0.5156330466270447
0.3203153908252716
0.22945745289325714
0.1439475417137146
0.25216978788375854
0.26391348242759705
0.2135915458202362
0.09757078438997269
0.12801358103752136
0.5350041389465332
0.2468540221452713
0.30061930418014526
0.4228164255619049
0.7746433615684509
0.14082689583301544
0.15240398049354553
0.5635176301002502
0.6413557529449463
0.3979739248752594
0.8614088296890259
0.5735605359077454
0.8992785215377808
0.6919674873352051
0.8793161511421204
0.7180683612823486
0.7839499711990356
0.7588487863540649
0.2872569262981415
0.5586705207824707
0.7517655491828918
0.5701492428779602
0.5051182508468628
0.2266271412372589
0.39790454506874084
0.45769861340522766
0.2012224942445755
0.29548534750938416
0.24427498877048492
0.4801097512245178
0.3846435844898224
0.8063037395477295
0.8429304957389832
0.4425049126148224
0.5286027789115906
0.5863065123558044
0.41513335704803467
0.1993432492017746
0.11133837699890137
0.22014157474040985
0.24754169583320618
0.25020697712898254
0.17124445736408234
0.3199116587638855
0.5601167678833008
0.43067505955696106
0.2194432020187378
0.3816610872745514
0.16411954164505005
0.29514360427856445
0.19451077282428741
0.12957297265529633
0.2608734965324402
0.4354619085788727
0.35074520111083984
0.4627881646156311
0.7240678071975708
0.7877322435379028
0.6075984835624695
0.826354444026947
0.9525209069252014
0.8502680659294128
0.9098344445228577
0.9248334169387817
0.9276595711708069
0.6533895134925842
0.4672216475009918
0.7772665023803711
0.7854865193367004
0.7521418333053589
0.37470224499702454
0.2115597277879715
0.17886246740818024
0.11871977895498276
0.15545187890529633
0.16236285865306854
0.24437303841114044
0.1720598340034485
0.16693441569805145
0.18884962797164917
0.19179940223693848
0.4814096987247467
0.26803913712501526
0.23945321142673492
0.3574596047401428
0.45653825998306274
0.4188292920589447
0.19043537974357605
0.4998542070388794
0.7556025981903076
0.8141485452651978
0.37013816833496094
0.3721148669719696
0.5428911447525024
0.3921217918395996
0.7711225152015686
0.43430081009864807
0.5420816540718079
0.7727339863777161
0.7438372373580933
0.4116411507129669
0.32695314288139343
0.39621415734291077
0.3042636811733246
0.2751242220401764
0.3165404498577118
0.25354984402656555
0.20277966558933258
0.21120409667491913
0.09457748383283615
