0.38563448190689087
0.6649225354194641
0.767522931098938
0.42189034819602966
0.5486364960670471
0.8404313921928406
0.7520754933357239
0.47511059045791626
0.8139234185218811
0.8580995202064514
0.43051663041114807
0.6099137663841248
0.8984898328781128
0.7767124772071838
0.39384403824806213
0.8484678864479065
0.9222300052642822
0.4597758650779724
0.49853405356407166
0.9185285568237305
0.8385277986526489
0.20911212265491486
0.7405682802200317
0.8907952904701233
0.5882965922355652
0.3531460165977478
0.8640589118003845
0.8452774882316589
0.3716059625148773
0.8505727052688599
0.9021321535110474
0.8121158480644226
0.6587095856666565
0.8017489910125732
0.845018744468689
0.9040310978889465
0.8661292195320129
0.5294463634490967
0.8959195017814636
0.9700357913970947
0.7663239240646362
0.8211415410041809
0.9748048782348633
0.9479402899742126
0.6163471341133118
0.9513695240020752
0.984582781791687
0.92354816198349
0.8897872567176819
0.983056366443634
0.9575398564338684
0.9012096524238586
0.9682326912879944
0.984040379524231
0.9327235817909241
0.9599035978317261
0.9541717171669006
0.9479936957359314
0.8161081075668335
0.9512611031532288
0.9281534552574158
0.7071095705032349
0.932115375995636
0.9218329191207886
0.6011199951171875
0.8040884137153625
0.9050942659378052
0.8706759810447693
0.8106270432472229
0.7312083840370178
0.7621104717254639
0.8966463804244995
0.8420705795288086
0.6284091472625732
0.740750253200531
0.9002211093902588
0.7077938318252563
0.8187597393989563
0.9384633302688599
0.8475341796875
0.873961865901947
0.7542946934700012
0.8727080821990967
0.8527286648750305
0.9038270115852356
