0.06941903382539749
0.07923660427331924
0.11419671028852463
0.020229777321219444
0.07343710958957672
0.13890446722507477
0.01902102120220661
0.04026677459478378
0.05740277096629143
0.10800276696681976
0.03891489654779434
0.11588920652866364
0.17368757724761963
0.30883005261421204
0.2001720517873764
0.11782319098711014
0.07688531279563904
0.028710821643471718
0.05477737635374069
0.12585534155368805
0.06624224781990051
0.23177848756313324
0.1469384729862213
0.6893322467803955
0.8892238736152649
0.8679614663124084
0.7879942059516907
0.3401389718055725
0.6415166258811951
0.5746944546699524
0.3260994851589203
0.16847780346870422
0.5220592617988586
0.23123975098133087
0.06880699098110199
0.05338876321911812
0.493047833442688
0.2162846177816391
0.7261136770248413
0.4160228371620178
0.6832411885261536
0.45230334997177124
0.05759047344326973
0.065858855843544
0.020892230793833733
0.020694706588983536
0.02829616703093052
0.023388229310512543
0.09933258593082428
0.11284506320953369
0.04493730887770653
0.08481084555387497
0.058675602078437805
0.017891766503453255
0.02355395071208477
0.052488237619400024
0.3170071244239807
0.5527878999710083
0.8339540362358093
0.4764343500137329
0.30339837074279785
0.7125633358955383
0.6254769563674927
0.043525684624910355
0.29319971799850464
0.7391144037246704
0.600368320941925
0.1382342129945755
0.41219985485076904
0.07448811829090118
0.1524895876646042
0.1688643842935562
0.19913028180599213
0.2903643846511841
0.23400619626045227
0.5319132208824158
0.47836822271347046
0.3853124678134918
0.2989868223667145
0.24271461367607117
0.13704998791217804
0.11586526036262512
0.09555581212043762
0.055823914706707
0.10033418238162994
0.18180926144123077
0.07348061352968216
0.05221708491444588
0.12469613552093506
0.14238011837005615
0.12909206748008728
0.12764425575733185
0.04475284367799759
0.16557900607585907
0.10105961561203003
0.023830832913517952
0.08825187385082245
0.2331760674715042
0.3184036314487457
0.7088896632194519
0.9021336436271667
0.7786986231803894
0.6840334534645081
0.912314236164093
0.9644947052001953
0.8910749554634094
0.6078969836235046
0.7811975479125977
0.9084416627883911
0.7677648067474365
0.24652743339538574
0.6739088892936707
0.7055542469024658
0.24709264934062958
0.2972237169742584
0.3864516317844391
0.477321058511734
0.2932870090007782
0.5406216382980347
0.6102336049079895
0.515411376953125
0.33993247151374817
0.21288621425628662
0.46428945660591125
0.5608928799629211
0.20287871360778809
0.12658485770225525
0.4380338490009308
0.31248632073402405
0.0955805554986
0.20862986147403717
0.21840612590312958
0.28055286407470703
0.11757081001996994
0.1451791226863861
0.13307571411132812
0.06378240138292313
0.08548881113529205
0.029322024434804916
0.0322563461959362
0.04607268050312996
0.0200151689350605
0.07149917632341385
0.07476604729890823
0.014672800898551941
0.034430209547281265
0.05080264434218407
0.04763830453157425
0.03501182049512863
0.049311596900224686
0.08036554604768753
0.09494505077600479
0.11848393082618713
0.11133591085672379
0.2049679011106491
0.16269023716449738
0.081425242125988
0.1901080459356308
0.5443931818008423
0.10878024250268936
0.21750646829605103
0.07192756980657578
0.22759900987148285
0.4400845766067505
0.2947371304035187
0.18567432463169098
0.8992437720298767
0.5979355573654175
0.09722772985696793
0.3574516475200653
0.9524822235107422
0.6356599926948547
0.09625746309757233
0.9259515404701233
0.9666768312454224
0.28351905941963196
0.10497500747442245
0.9664896726608276
0.9104364514350891
0.28706514835357666
0.46243858337402344
0.3805447518825531
0.7148639559745789
0.40355464816093445
0.6522876024246216
0.3450344502925873
0.8362706899642944
0.9229332804679871
0.40538015961647034
0.39058181643486023
0.09787996858358383
0.25117674469947815
0.20451922714710236
0.1621948927640915
0.5165045261383057
0.7195149064064026
0.19145627319812775
0.33832940459251404
0.7925008535385132
0.6911852359771729
0.90911465883255
0.5358104109764099
0.8413477540016174
0.25065678358078003
0.5363796353340149
0.8234420418739319
0.4800349473953247
0.30759894847869873
0.04007735475897789
0.19497482478618622
0.20108816027641296
0.07345187664031982
0.12828055024147034
0.11503203958272934
0.07662848383188248
0.1832708716392517
0.09601972252130508
0.2493693083524704
0.1313527375459671
0.08029394596815109
0.045613307505846024
0.31921377778053284
0.08599941432476044
0.30908888578414917
0.635537326335907
0.08595968782901764
0.14509664475917816
0.04739256575703621
0.19760814309120178
0.055655587464571
0.05370556190609932
0.13230356574058533
0.07198002189397812
0.04461631178855896
0.027822056785225868
0.042950812727212906
0.0602952316403389
0.22774751484394073
0.07647904753684998
0.10758858174085617
0.05829804018139839
0.09929041564464569
0.05443473905324936
0.11412610113620758
0.08099979162216187
0.03712345287203789
0.06785700470209122
0.08015475422143936
0.028089454397559166
0.019019387662410736
0.06281920522451401
0.043759964406490326
0.0072111221961677074
0.018365653231739998
0.03762466087937355
0.04426034539937973
0.010567373596131802
0.0319526381790638
0.08504758030176163
0.18517059087753296
0.06154736503958702
0.13936491310596466
0.07847276329994202
0.13791505992412567
0.23719888925552368
0.16030891239643097
0.04240269958972931
0.31308266520500183
0.3692728579044342
0.04939749836921692
0.12226712703704834
0.2521738111972809
0.09770208597183228
0.019368641078472137
0.3590410649776459
0.24228626489639282
0.09150570631027222
0.033285003155469894
0.24194569885730743
0.09056176245212555
0.12310584634542465
0.20550531148910522
0.10729808360338211
0.09739600867033005
0.37251198291778564
0.14087620377540588
0.11811264604330063
0.465099960565567
0.5833530426025391
0.2683965861797333
0.030396614223718643
0.05397370457649231
0.1712312549352646
0.05102819949388504
0.07248811423778534
0.11793642491102219
0.3012194037437439
0.5529654622077942
0.29234567284584045
0.5870472192764282
0.22160565853118896
0.11951165646314621
0.15913531184196472
0.3246312439441681
0.06718814373016357
0.251465767621994
0.5078873634338379
0.6146317720413208
0.21487849950790405
0.4859732687473297
0.43608805537223816
0.40185636281967163
0.15491452813148499
0.24818015098571777
0.11492787301540375
0.06278656423091888
0.11732235550880432
0.05166105180978775
0.055877164006233215
0.04174014553427696
0.009029494598507881
0.03278331831097603
0.019220702350139618
0.03629918023943901
0.025063730776309967
0.21461540460586548
0.1958102285861969
0.5761970281600952
0.4174373745918274
0.16048531234264374
0.10774444043636322
0.10292533785104752
0.03812107816338539
0.10332907736301422
0.0439281202852726
0.03744753077626228
0.02789560705423355
0.03627302870154381
0.02353312261402607
0.05217936262488365
0.0500248558819294
0.20334285497665405
0.1810227334499359
0.1828773319721222
0.021672753617167473
0.033428777009248734
0.12500809133052826
0.09637924283742905
0.08232682198286057
0.06427384167909622
0.1356111466884613
0.14607390761375427
0.39789995551109314
0.11948103457689285
0.24454957246780396
0.10419000685214996
0.09738634526729584
0.1242915540933609
0.04450565204024315
