0.5332524180412292
0.820956826210022
0.4159906208515167
0.612194299697876
0.43756645917892456
0.7523422241210938
0.35385021567344666
0.6847730278968811
0.5885475277900696
0.9119059443473816
0.9353321194648743
0.7068149447441101
0.44139161705970764
0.5483365654945374
0.32542315125465393
0.7320780158042908
0.608424723148346
0.6924343705177307
0.7088897228240967
0.5979834794998169
0.5002785921096802
0.1323235183954239
0.17031016945838928
0.13405553996562958
0.13896681368350983
0.17202894389629364
0.39291200041770935
0.9540632367134094
0.8299780488014221
0.40020233392715454
0.7378462553024292
0.9649484753608704
0.9011872410774231
0.6923273205757141
0.8316650390625
0.8868305087089539
0.8238608241081238
0.6096082329750061
0.7873785495758057
0.7457168698310852
0.5240034461021423
0.1787274032831192
0.12366995960474014
0.031445231288671494
0.028819382190704346
0.031238475814461708
0.12400782108306885
0.1334763616323471
0.41540083289146423
0.8060653805732727
0.9591098427772522
0.8109376430511475
0.466427743434906
0.46258196234703064
0.897039532661438
0.49405962228775024
0.1612633764743805
0.957271158695221
0.8736028075218201
0.3306733965873718
0.2489464282989502
0.937597930431366
0.8470566868782043
0.47303879261016846
0.5473601222038269
0.9107640385627747
0.7283150553703308
0.8553664684295654
0.5689159035682678
0.4840202331542969
0.428546667098999
0.31914809346199036
0.23570890724658966
0.13644523918628693
0.03385164216160774
0.042785368859767914
0.013468942604959011
0.0347558856010437
0.01970796287059784
0.04299258440732956
0.1757548451423645
0.15636825561523438
0.0481787733733654
0.695053219795227
0.4966283440589905
0.0641445592045784
0.09683428704738617
0.8235384225845337
0.9046801328659058
0.14920856058597565
0.4633246958255768
0.9653091430664062
0.7183878421783447
0.42780330777168274
0.8973889946937561
0.9618606567382812
0.7684469819068909
0.7663959264755249
0.817955732345581
0.46293482184410095
0.5308025479316711
0.32664141058921814
0.1466090977191925
0.14956365525722504
0.20650744438171387
0.10826960951089859
0.2307492047548294
0.1971956044435501
0.09668616205453873
0.318400114774704
0.4445096552371979
0.2879630923271179
0.1751771867275238
0.4513217508792877
0.2508680820465088
0.49278539419174194
0.42946305871009827
0.7784796357154846
0.6628857254981995
0.7435217499732971
0.646484375
0.5547681450843811
0.6581886410713196
0.4889773428440094
0.5446186065673828
0.36860060691833496
0.12340601533651352
0.19664683938026428
0.07298194617033005
0.595842182636261
0.6650832295417786
0.4109784662723541
0.5724416971206665
0.3098376393318176
0.6114678382873535
0.7310072779655457
0.5917841196060181
0.39625149965286255
0.28105995059013367
0.15042154490947723
0.11533938348293304
0.14126208424568176
0.24842844903469086
0.40655452013015747
0.1624792367219925
0.18191343545913696
0.3213194012641907
0.2711726427078247
0.36483773589134216
0.4029448628425598
0.2704261541366577
0.38407158851623535
0.2816244661808014
0.32623448967933655
0.2186267077922821
0.19144800305366516
0.4054022431373596
0.254721462726593
0.31975671648979187
0.33623358607292175
0.4950295686721802
0.4619007706642151
0.21072247624397278
0.2856666147708893
0.42694997787475586
0.2592138648033142
0.17280089855194092
0.3281160295009613
0.48837271332740784
0.25359347462654114
0.3084501326084137
0.18417729437351227
0.4192502796649933
0.330098032951355
0.3463837504386902
0.14407534897327423
0.1589919924736023
0.20280306041240692
0.3285160958766937
0.40478935837745667
0.30319708585739136
0.2043256014585495
0.1609778106212616
0.14007970690727234
0.13157309591770172
0.045074593275785446
0.09603442251682281
0.0738619863986969
0.1297149360179901
0.20050878822803497
0.11189678311347961
0.18046985566616058
0.051770348101854324
0.2518174946308136
0.11618980020284653
0.014475789852440357
0.12246639281511307
0.4224831163883209
0.027789989486336708
0.11026310920715332
0.1064954474568367
0.047821518033742905
0.209696963429451
0.10202671587467194
0.016704870387911797
0.043368805199861526
0.043210648000240326
0.07107671350240707
0.029333144426345825
0.15519432723522186
0.10400743037462234
0.10102115571498871
0.1332930624485016
0.09736735373735428
0.3244152069091797
0.1774209886789322
0.1752709448337555
0.591157078742981
0.6940377354621887
0.5761173963546753
0.4520956575870514
0.24044768512248993
0.05931602045893669
0.042126696556806564
0.04805983603000641
0.13736528158187866
0.1323971301317215
0.007336324546486139
0.006956505123525858
0.06239743530750275
0.012503956444561481
0.0068681207485497
0.026234591379761696
0.022075645625591278
0.014687412418425083
0.010347775183618069
0.011699673719704151
0.03814240172505379
0.04504765570163727
0.0034660969395190477
0.045302923768758774
0.004376794211566448
0.21416381001472473
0.24314744770526886
0.14194129407405853
0.3374467194080353
0.6236692070960999
0.6415866017341614
0.21903428435325623
0.4585849344730377
0.39006686210632324
0.27588915824890137
0.14584779739379883
0.3138337731361389
0.16782207787036896
0.09760311245918274
0.0646737813949585
0.08444930613040924
0.11003641039133072
0.06352310627698898
0.049499839544296265
0.04297420009970665
0.05377192050218582
0.011768483556807041
0.03846454247832298
0.023307692259550095
0.024835240095853806
0.04738565534353256
0.035446807742118835
0.14709945023059845
0.250429630279541
0.20579637587070465
0.3986953794956207
0.3534375727176666
0.6551387906074524
0.6417926549911499
0.6969427466392517
0.3172723352909088
0.5707324743270874
0.42082831263542175
