0.487606942653656
0.7123851776123047
0.8841244578361511
0.8941540122032166
0.7021921277046204
0.648103654384613
0.777803897857666
0.7187420129776001
0.7110599875450134
0.7035103440284729
0.7010114192962646
0.7363170385360718
0.6970716714859009
0.7968419194221497
0.4551926255226135
0.14982064068317413
0.03826327249407768
0.07616928219795227
0.13679443299770355
0.03220154345035553
0.08890581876039505
0.009725122712552547
0.05088724568486214
0.03554161638021469
0.03929603844881058
0.4984012842178345
0.390526682138443
0.9188928604125977
0.6917672157287598
0.5182602405548096
0.6235650181770325
0.8511926531791687
0.8486095666885376
0.6267790794372559
0.7625384330749512
0.44936084747314453
0.4515511691570282
0.9101110100746155
0.7320317029953003
0.40211519598960876
0.7401484251022339
0.9499033093452454
0.7928259372711182
0.8541612029075623
0.9342924952507019
0.8687039017677307
0.902953565120697
0.9342005848884583
0.8640159368515015
0.9701966047286987
0.9838333129882812
0.9676546454429626
0.9701728820800781
0.9180784225463867
0.8560164570808411
0.5917220115661621
0.4138365089893341
0.42159929871559143
0.19904834032058716
0.1278894692659378
0.00993427075445652
0.020196054130792618
0.016700640320777893
0.023552879691123962
0.018740447238087654
0.02027464099228382
0.02246941812336445
0.10006965696811676
0.04650290310382843
0.05085228756070137
0.02225642092525959
0.05833156406879425
0.04595864936709404
0.03210775926709175
0.04017648100852966
0.07105281949043274
0.11224579811096191
0.05625905096530914
0.027617309242486954
0.09778705984354019
0.23238910734653473
0.3033606708049774
0.923614501953125
0.5223515033721924
0.2683830261230469
0.9572271704673767
0.915264904499054
0.17813745141029358
0.29349803924560547
0.9692366123199463
0.8766919374465942
0.14885424077510834
0.3200036585330963
0.9800951480865479
0.878959059715271
0.7168619632720947
0.7036134600639343
0.19017808139324188
0.03869890794157982
0.026989948004484177
0.05502333119511604
0.038167987018823624
0.08365783095359802
0.2135976105928421
0.149607315659523
0.7086026668548584
0.745851457118988
0.9332535266876221
0.2940012216567993
0.6126818060874939
0.8890335559844971
0.9315140247344971
0.24210207164287567
0.6414521336555481
0.9247620105743408
0.9040108919143677
0.8504359722137451
0.5985944867134094
0.5495813488960266
0.3440258800983429
0.0791098028421402
0.1373172104358673
0.032587695866823196
0.05634649470448494
0.049653660506010056
0.05295996740460396
0.11170341074466705
0.07330510020256042
0.1458541601896286
0.049881722778081894
0.0314597561955452
0.04570135846734047
0.035347964614629745
0.04730519652366638
0.11733502894639969
0.04609639570116997
0.1166558563709259
0.5136440992355347
0.4939756989479065
0.08516886085271835
0.12839336693286896
0.017496567219495773
0.05203034356236458
0.007971086539328098
0.03937231004238129
0.016105609014630318
0.027153244242072105
0.08749578148126602
0.2987162172794342
0.1539955586194992
0.0667026937007904
0.041010305285453796
0.1489705592393875
0.06809045374393463
0.07414102554321289
0.02745526283979416
0.048995111137628555
0.046606503427028656
0.017190076410770416
0.018069393932819366
0.16302932798862457
0.07562605291604996
0.026262613013386726
0.28429311513900757
0.3050502836704254
0.2465895563364029
0.4011988639831543
0.14700326323509216
0.6791929006576538
0.13256661593914032
0.10702519863843918
0.007378117181360722
0.023816661909222603
0.01697724312543869
0.11866079270839691
0.14697179198265076
0.056483976542949677
0.33624348044395447
0.09552529454231262
0.02852076292037964
0.05719546601176262
0.09473920613527298
0.036955926567316055
0.021255386993288994
0.03155912831425667
0.035813260823488235
0.04783840849995613
0.09513993561267853
0.2212504893541336
0.16978700459003448
0.3665674328804016
0.7394165992736816
0.6844939589500427
0.09760551899671555
0.13166923820972443
0.015400750562548637
0.07343028485774994
0.10330168157815933
0.3118137717247009
0.3599480092525482
0.8658214807510376
0.8684093356132507
0.3508284091949463
0.3302309215068817
0.9067803621292114
0.7514005899429321
0.9563825726509094
0.9881455302238464
0.9287145733833313
0.9532526135444641
0.24507708847522736
0.23526228964328766
0.1595226377248764
0.07924900203943253
0.06092972308397293
0.15340431034564972
0.36641690135002136
0.18843799829483032
0.8430483937263489
0.6700972318649292
0.21196672320365906
0.7254126667976379
0.8851904273033142
0.5294917225837708
0.8572548031806946
0.9757751822471619
0.9724469780921936
0.9304125905036926
0.9869785308837891
0.9792770743370056
0.96896892786026
0.9299405217170715
0.8251200914382935
0.9349174499511719
0.937443733215332
0.9726239442825317
0.6849498152732849
0.5189836621284485
0.6114593148231506
0.769912838935852
0.10757634043693542
0.11406782269477844
0.10592101514339447
0.11310616135597229
0.02003970742225647
0.041469741612672806
0.08918055891990662
0.06362635642290115
0.06939901411533356
0.24651053547859192
0.29567253589630127
0.10403331369161606
0.1697673350572586
0.44208940863609314
0.09763312339782715
0.0906166210770607
0.1276862919330597
0.03879784420132637
0.02968425862491131
0.03815317898988724
0.020537616685032845
0.02084229327738285
0.02438841015100479
0.046514905989170074
0.002736670197919011
0.01694403402507305
0.011823073029518127
0.010462122038006783
0.003673868952319026
0.030644292011857033
0.027773000299930573
0.010154030285775661
0.014946275390684605
0.01445731520652771
0.05115156248211861
0.006277190987020731
0.05890342965722084
0.07394936680793762
0.01425009686499834
0.057554032653570175
0.043971676379442215
0.13653357326984406
0.0963088646531105
0.0029736284632235765
0.02044164016842842
0.004585350397974253
0.07304490357637405
0.026355206966400146
0.05540383234620094
0.11431673169136047
0.053079988807439804
0.01628413423895836
0.022663412615656853
0.06756190955638885
0.039355117827653885
0.007526870351284742
0.08100038021802902
0.07354734092950821
0.035361602902412415
0.007430269382894039
0.17728237807750702
0.04723287373781204
0.03483865037560463
0.039986006915569305
0.011712754145264626
0.015085314400494099
0.024595728144049644
0.12938302755355835
0.09534825384616852
0.11609607189893723
0.283392071723938
0.06459059566259384
0.04510501027107239
0.014754150994122028
0.08211929351091385
0.018906477838754654
0.05951262265443802
0.01814950443804264
0.053990717977285385
0.1941937953233719
0.06494787335395813
0.05484607443213463
0.0145895816385746
0.005556184332817793
0.01654895581305027
0.026391832157969475
0.004689973779022694
0.015420165844261646
0.026666872203350067
0.015218066051602364
0.004050674382597208
0.013017226941883564
0.0192677304148674
0.01567808911204338
0.01159634254872799
