0.12219136208295822
0.15077991783618927
0.15876394510269165
0.2928915023803711
0.09365371614694595
0.25320157408714294
0.12091624736785889
0.2570614814758301
0.10912906378507614
0.6479912996292114
0.40063849091529846
0.7883515357971191
0.8191660046577454
0.30606481432914734
0.650285542011261
0.9027126431465149
0.744150698184967
0.6867220401763916
0.8322126865386963
0.7583759427070618
0.5679847002029419
0.4656882882118225
0.681735634803772
0.4487450420856476
0.26157084107398987
0.36577218770980835
0.5581106543540955
0.1560463160276413
0.1485404074192047
0.6481953263282776
0.3797067701816559
0.05309151113033295
0.1958366483449936
0.6774089932441711
0.47101810574531555
0.08250369131565094
0.2089225798845291
0.1961493194103241
0.29614201188087463
0.1124844029545784
0.3505473732948303
0.5693404078483582
0.6097105145454407
0.8383511900901794
0.6452956199645996
0.757379412651062
0.07752338796854019
0.26138049364089966
0.04780479520559311
0.23653016984462738
0.1795443892478943
0.20753619074821472
0.2143503576517105
0.3032909035682678
0.24834533035755157
0.29359880089759827
0.133830264210701
0.4345204532146454
0.47916093468666077
0.3886636197566986
0.13693810999393463
0.5361121892929077
0.6473243832588196
0.4451866149902344
0.5791462063789368
0.321169912815094
0.21523575484752655
0.5865952372550964
0.41547614336013794
0.19470684230327606
0.43220287561416626
0.3011932373046875
0.12977392971515656
0.10082247108221054
0.18470501899719238
0.07313686609268188
0.19860930740833282
0.21545417606830597
0.09668927639722824
0.05829504504799843
0.08124587684869766
0.04736460745334625
0.02491340972483158
0.06646905839443207
0.054254598915576935
0.08894097805023193
0.015634413808584213
0.03102724440395832
0.050641875714063644
0.03838435560464859
0.017594529315829277
0.024709708988666534
0.04695048928260803
0.06138932704925537
0.05217158421874046
0.02195817232131958
0.05072211101651192
0.024212518706917763
0.030100664123892784
0.05895720794796944
0.10727794468402863
0.10764896869659424
0.06809023022651672
0.30449995398521423
0.06878100335597992
0.448494553565979
0.05659192055463791
0.5356996655464172
0.15690277516841888
0.2721496820449829
0.20494194328784943
0.23605309426784515
0.12292362749576569
0.10021064430475235
0.10668414831161499
0.13471077382564545
0.08170828968286514
0.24837446212768555
0.5813802480697632
0.16028693318367004
0.015786675736308098
0.15415158867835999
0.35793885588645935
0.11920490860939026
0.013857737183570862
0.12596495449543
0.2650054097175598
0.03160523995757103
0.008246813900768757
0.25096598267555237
0.1851663589477539
0.020265350118279457
0.04288097098469734
0.14241483807563782
0.05316542461514473
0.05808298662304878
0.23527604341506958
0.49155712127685547
0.32664021849632263
0.6813095211982727
0.6144965887069702
0.36036092042922974
0.18045850098133087
0.17045317590236664
0.10923067480325699
0.28781214356422424
0.0441800095140934
0.12357078492641449
0.0633043572306633
0.45936712622642517
0.0743551105260849
0.31163352727890015
0.34706199169158936
0.40067094564437866
0.07657735794782639
0.09482834488153458
0.3614994287490845
0.04160800203680992
0.45034483075141907
0.11767901480197906
0.35358673334121704
0.7989450693130493
0.5873329639434814
0.7502269744873047
0.3249957263469696
0.7519548535346985
0.5355409383773804
0.5512142181396484
0.6932061314582825
0.48155948519706726
0.4521591365337372
0.6171298027038574
0.6297252774238586
0.7338063716888428
0.6134839653968811
0.4316001832485199
0.10721179097890854
0.04955882951617241
0.03473749756813049
0.014935417100787163
0.04209405183792114
0.10363125056028366
0.06711473315954208
0.09861300140619278
0.1534532755613327
0.17323917150497437
0.08113156259059906
0.10252591967582703
0.144569531083107
0.0733785480260849
0.1541871875524521
0.525385856628418
0.747674286365509
0.23628629744052887
0.5457106232643127
0.7572661638259888
0.8768306374549866
0.32648617029190063
0.5018778443336487
0.648620069026947
0.195993110537529
0.10130437463521957
0.033942122012376785
0.02878287062048912
0.06009532883763313
0.053051743656396866
0.1481771022081375
0.10261843353509903
0.45597001910209656
0.6411408185958862
0.6107873916625977
0.19754558801651
0.2762114107608795
0.1900147795677185
0.0801309198141098
0.05840213969349861
0.08824893832206726
0.12513965368270874
0.1406428962945938
0.0473843589425087
0.108359694480896
0.1981162577867508
0.09565064311027527
0.041563134640455246
0.34848251938819885
0.5226668119430542
0.3068203926086426
0.38345178961753845
0.7229868769645691
0.7409852147102356
0.4541669487953186
0.4263654351234436
0.5265747308731079
0.8146942257881165
0.5514410138130188
0.24806161224842072
0.25945037603378296
0.0579543262720108
0.06918812543153763
0.061976056545972824
0.023234987631440163
0.08982935547828674
0.06633879989385605
0.2123962789773941
0.1539916843175888
0.05788372829556465
0.2508802115917206
0.45577266812324524
0.0780167207121849
0.11056455224752426
0.5949872732162476
0.2624606490135193
0.22898708283901215
0.1555069535970688
0.43700844049453735
0.32293662428855896
0.4044457972049713
0.39438533782958984
0.14089035987854004
0.35287466645240784
0.2619190514087677
0.07936365902423859
0.23520803451538086
0.27916809916496277
0.13606254756450653
0.03672179579734802
0.03543280065059662
0.08260452002286911
0.2254033386707306
0.016116496175527573
0.0044513242319226265
0.11227994412183762
0.06923406571149826
0.037049464881420135
0.017948539927601814
0.1666916012763977
0.1303606778383255
0.20644670724868774
0.1565306931734085
0.08179404586553574
0.5951142311096191
0.27831000089645386
0.05954516679048538
0.18208156526088715
0.09030520170927048
0.15764383971691132
0.2965047061443329
0.36720871925354004
0.8120319247245789
0.5820454955101013
0.5715306401252747
0.6276914477348328
0.4285464584827423
0.393197238445282
0.338085800409317
0.5081799030303955
0.8391793370246887
0.6326323747634888
0.2884118854999542
0.45951953530311584
0.8064822554588318
0.30809178948402405
0.2369282841682434
0.412912517786026
0.39472994208335876
0.1915469765663147
0.19052654504776
0.46912866830825806
0.24285224080085754
0.5921598672866821
0.29501479864120483
0.6017264723777771
0.6625054478645325
0.4993976652622223
0.2916828691959381
0.7174556851387024
0.8108662962913513
0.657580554485321
0.7809756994247437
0.7018848657608032
0.703099250793457
0.6444594860076904
0.21473343670368195
0.29904329776763916
0.4647122621536255
0.5076939463615417
0.05026249215006828
0.4152771234512329
0.6195728778839111
0.4849680960178375
0.3844064772129059
0.11147049069404602
0.3230331242084503
0.3942582309246063
0.18283221125602722
0.14003236591815948
0.45128732919692993
0.28596383333206177
0.5199201703071594
0.3501514494419098
0.4526548981666565
0.3942491114139557
0.2265954315662384
0.6257842779159546
0.7508407235145569
0.672806978225708
0.4496374726295471
0.7160401344299316
0.36861446499824524
0.6751444935798645
0.6335768103599548
0.37833842635154724
0.43390321731567383
0.6932319402694702
0.7645972967147827
0.2754491865634918
0.6701058149337769
0.5405405163764954
0.5567513108253479
0.41847652196884155
0.17470085620880127
0.468139111995697
0.33651748299598694
0.17945051193237305
0.21556808054447174
0.1774076372385025
0.17215684056282043
0.07197225093841553
0.18714098632335663
0.08019790798425674
0.04910513758659363
0.07070573419332504
0.03188551962375641
0.08035510778427124
0.03097783960402012
0.05910218507051468
0.056976694613695145
0.025426926091313362
0.06041277199983597
0.06601135432720184
0.10729394108057022
0.10348787903785706
0.18127058446407318
0.2075529396533966
0.17343105375766754
0.4428889751434326
0.17667943239212036
0.5114396214485168
