0.1498333215713501
0.3841683566570282
0.2683084011077881
0.3220418393611908
0.10509633272886276
0.2722664773464203
0.05913997441530228
0.18167874217033386
0.2942506670951843
0.3752572238445282
0.4159856140613556
0.30322328209877014
0.703900158405304
0.7260575294494629
0.812229573726654
0.6420313715934753
0.48506394028663635
0.6381847858428955
0.6754063367843628
0.7604039311408997
0.41086339950561523
0.6110313534736633
0.5187286138534546
0.24556472897529602
0.4930669069290161
0.16450455784797668
0.2563982307910919
0.15035274624824524
0.35196009278297424
0.1871737241744995
0.21625633537769318
0.22599291801452637
0.31022876501083374
0.288804292678833
0.13444232940673828
0.18186959624290466
0.2808331251144409
0.22560088336467743
0.34343549609184265
0.3609839975833893
0.516429603099823
0.6170452237129211
0.13576732575893402
0.6419146656990051
0.7059085965156555
0.312839537858963
0.6636653542518616
0.3996032476425171
0.3184854984283447
0.682643473148346
0.7195118069648743
0.7320379018783569
0.6124135255813599
0.5434863567352295
0.6198890805244446
0.12294695526361465
0.11172762513160706
0.03707989677786827
0.1330724060535431
0.11964080482721329
0.22449810802936554
0.43502527475357056
0.2814911901950836
0.43092572689056396
0.5369417667388916
0.3305971920490265
0.4766685664653778
0.8720285892486572
0.7924094200134277
0.4755340814590454
0.4234820306301117
0.2790914475917816
0.2548198401927948
0.06979863345623016
0.16017144918441772
0.026315737515687943
0.10786492377519608
0.011566557921469212
0.09807334095239639
0.04269858077168465
0.06038163974881172
0.22020907700061798
0.46695518493652344
0.276994913816452
0.2704363763332367
0.1243307963013649
0.10056009888648987
0.2525056302547455
0.3792036175727844
0.27149319648742676
0.06436552107334137
0.11460211873054504
0.11718747764825821
0.0630224347114563
0.1242370456457138
0.02014210820198059
0.054203201085329056
0.11039744317531586
0.03355446830391884
0.02941613458096981
0.0731343999505043
0.06573943793773651
0.022587822750210762
0.049537595361471176
0.025106361135840416
0.010768013074994087
0.06396463513374329
0.03425700590014458
0.11731580644845963
0.044001150876283646
0.08100280165672302
0.03387334570288658
0.22367334365844727
0.11483083665370941
0.22394612431526184
0.24244911968708038
0.22131137549877167
0.20023486018180847
0.5743035078048706
0.7500669956207275
0.6521970629692078
0.8267348408699036
0.8030750751495361
0.55909663438797
0.4921027421951294
0.5969976782798767
0.8112524747848511
0.8255889415740967
0.8259186744689941
0.8301452398300171
0.8242648839950562
0.8961997628211975
0.8105056881904602
0.8738426566123962
0.8419768214225769
0.7146017551422119
0.8275371193885803
0.7741206884384155
0.6453593373298645
0.8595654368400574
0.8855366110801697
0.733897864818573
0.9449310302734375
0.8604402542114258
0.9207088947296143
0.9136231541633606
0.7652602195739746
0.6142515540122986
0.7380388379096985
0.5277299880981445
0.9054675698280334
0.8997507095336914
0.24191899597644806
0.47143280506134033
0.8948443531990051
0.58340984582901
0.1858069747686386
0.7223987579345703
0.8560028076171875
0.4541410803794861
0.14086301624774933
0.8016480803489685
0.7025004029273987
0.310977578163147
0.6355956196784973
0.41289085149765015
0.33207374811172485
0.3488023579120636
0.6877073049545288
0.4463289678096771
0.6444777250289917
0.7381429672241211
0.5177090764045715
0.4588816463947296
0.525236189365387
0.38255396485328674
0.5589636564254761
0.2551843523979187
0.3010137677192688
0.3624594509601593
0.30442458391189575
0.22567203640937805
0.27821752429008484
0.05174646154046059
0.12373057007789612
0.4852234423160553
0.20434096455574036
0.06991767883300781
0.05866442993283272
0.22576165199279785
0.3120741546154022
0.029677007347345352
0.07450948655605316
0.291118860244751
0.24589912593364716
0.16161949932575226
0.6165999174118042
0.2677878439426422
0.07798603922128677
0.7114689946174622
0.7754800915718079
0.4503384828567505
0.20825180411338806
0.8181552290916443
0.9215263724327087
0.4454256296157837
0.18077433109283447
0.9484349489212036
0.9535077214241028
0.8470342755317688
0.8870461583137512
0.6822193264961243
0.7547750473022461
0.25581178069114685
0.5497337579727173
0.3512049913406372
0.5993123650550842
0.1524757593870163
0.5266569256782532
0.45358890295028687
0.7938283681869507
0.8052868843078613
0.6578341722488403
0.8204060792922974
0.7421873211860657
0.596001386642456
0.39201444387435913
0.11807767301797867
0.15589958429336548
0.07935849577188492
0.3608922064304352
0.04461046680808067
0.19818180799484253
0.03767715021967888
0.08725004643201828
0.026780469343066216
0.036877986043691635
0.009359669871628284
0.0642467588186264
0.16983772814273834
0.043154921382665634
0.03635912016034126
0.3582322299480438
0.06961818784475327
0.024203598499298096
0.10122796893119812
0.2841373085975647
0.02077958732843399
0.025806723162531853
0.052623942494392395
0.13577847182750702
0.015317309647798538
0.04443766176700592
0.10169721394777298
0.07841530442237854
0.11567427217960358
0.23245631158351898
0.07423215359449387
0.12915843725204468
0.25427016615867615
0.12845517694950104
0.09529419243335724
0.269612193107605
0.36221542954444885
0.46364709734916687
0.22633416950702667
0.3184797465801239
0.5408626198768616
0.4109439253807068
0.2929981052875519
0.6904228329658508
0.639561653137207
0.5352128744125366
0.38200145959854126
0.6423365473747253
0.5796239376068115
0.8319166302680969
0.7432228326797485
0.8694921731948853
0.5873346328735352
0.30016961693763733
0.5846694111824036
0.4610667824745178
0.6284855008125305
0.6840656399726868
0.45042622089385986
0.5279853343963623
0.1618245244026184
0.3071579039096832
0.6192095279693604
0.762914776802063
0.724234938621521
0.8900635838508606
0.47405651211738586
0.4055677652359009
0.18958741426467896
0.09344664216041565
0.37191978096961975
0.15155427157878876
0.3022419512271881
0.6656121611595154
0.39508241415023804
0.1169339045882225
0.22154760360717773
0.30490830540657043
0.13431498408317566
0.06492596119642258
0.09585067629814148
0.08735218644142151
0.20925770699977875
0.04926207661628723
0.2261262685060501
0.11189929395914078
0.4560931622982025
0.3374423086643219
0.24223913252353668
0.1700313836336136
0.13893266022205353
0.3718069791793823
0.265194833278656
0.3929852545261383
0.09094057977199554
0.12315236032009125
0.07287665456533432
0.017594458535313606
0.02017691545188427
0.05248855799436569
0.032914336770772934
0.024354035034775734
0.013267645612359047
0.0305636003613472
0.012750797905027866
0.012854781933128834
0.030127128586173058
0.026604413986206055
0.027629787102341652
0.019387803971767426
0.012437869794666767
0.03487493097782135
0.02375810220837593
0.02544165588915348
0.012191848829388618
0.009835421107709408
