0.3299315273761749
0.4756121039390564
0.34245121479034424
0.19012083113193512
0.2006388008594513
0.05605372413992882
0.22880496084690094
0.16389591991901398
0.2728250324726105
0.11728469282388687
0.1748856157064438
0.29397475719451904
0.549609899520874
0.3574853241443634
0.6018673181533813
0.5741424560546875
0.44226253032684326
0.19976970553398132
0.48934856057167053
0.06122640147805214
0.0709245353937149
0.11098522692918777
0.35206010937690735
0.13280317187309265
0.3977513313293457
0.21799156069755554
0.5495880842208862
0.5278961658477783
0.20254559814929962
0.6284893155097961
0.6600037217140198
0.2772005498409271
0.15166430175304413
0.5956637263298035
0.36308562755584717
0.2478945255279541
0.34991660714149475
0.3474598824977875
0.33255159854888916
0.10547790676355362
0.3721903860569
0.2975778877735138
0.7050341367721558
0.7097623944282532
0.6356576085090637
0.6866873502731323
0.2381928712129593
0.3075012266635895
0.3810688853263855
0.22826457023620605
0.22725006937980652
0.2143605798482895
0.17633433640003204
0.3889288008213043
0.6279869079589844
0.1478062868118286
0.4650208055973053
0.4985145032405853
0.34166592359542847
0.6091046929359436
0.27662768959999084
0.11037883907556534
0.31906774640083313
0.08476219326257706
0.0760195329785347
0.1236310675740242
0.35187074542045593
0.5122836828231812
0.7017263770103455
0.5283159613609314
0.6407493948936462
0.3669898808002472
0.7522421479225159
0.2538806200027466
0.14453823864459991
0.498494952917099
0.29213953018188477
0.6085835099220276
0.743187665939331
0.601579487323761
0.6336013078689575
0.4484002888202667
0.5114840269088745
0.6166238188743591
0.508348822593689
0.5348085165023804
0.7053292393684387
0.7551197409629822
0.718451976776123
0.6848230361938477
0.7794986963272095
0.35091695189476013
0.7464688420295715
0.29074394702911377
0.37435057759284973
0.14478038251399994
0.2625677287578583
0.26420727372169495
0.3170430660247803
0.46136385202407837
0.5081532001495361
0.7083408236503601
0.7346467971801758
0.5797353386878967
0.7492785453796387
0.6932969689369202
0.5587116479873657
0.3802429735660553
0.26508060097694397
0.22425273060798645
0.31461653113365173
0.3714521527290344
0.6184415221214294
0.1848200261592865
0.16035594046115875
0.23114211857318878
0.49992790818214417
0.7159256935119629
0.34201541543006897
0.6916828155517578
0.8658320307731628
0.587195634841919
0.6615433096885681
0.5177715420722961
0.7876589298248291
0.6196463108062744
0.5288393497467041
0.4045222997665405
0.38088667392730713
0.17688341438770294
0.5635523200035095
0.21819475293159485
0.36635398864746094
0.288108229637146
0.2084144800901413
0.514788031578064
0.5100216269493103
0.27624624967575073
0.15842874348163605
0.47313275933265686
0.4295562207698822
0.1955261379480362
0.3320697844028473
0.6796419024467468
0.39227285981178284
0.1351758986711502
0.532039999961853
0.7729805111885071
0.6727437973022461
0.2696864902973175
0.6044734120368958
0.20588824152946472
0.5564279556274414
0.4229887127876282
0.3669978976249695
0.1299024224281311
0.18128357827663422
0.08570848405361176
0.21073459088802338
0.36491361260414124
0.10274145007133484
0.11735939979553223
0.4072639048099518
0.299802303314209
0.3507216274738312
