0.21442317962646484
0.24876189231872559
0.45364105701446533
0.35029831528663635
0.4310280382633209
0.545983612537384
0.6408327221870422
0.49340152740478516
0.5663588643074036
0.4364289343357086
0.6459842920303345
0.5993163585662842
0.741604745388031
0.48062413930892944
0.6852065324783325
0.3027559816837311
0.553692638874054
0.5282627940177917
0.24781230092048645
0.267783522605896
0.25167256593704224
0.0672251358628273
0.2494964599609375
0.17890414595603943
0.49598783254623413
0.3283694386482239
0.3376694619655609
0.08280596882104874
0.17343653738498688
0.2755594849586487
0.45448431372642517
0.48106375336647034
0.32764944434165955
0.37419775128364563
0.4166584312915802
0.3611467778682709
0.5406450033187866
0.34135547280311584
0.33024826645851135
0.6622188091278076
0.5069146752357483
0.6461262106895447
0.6155949234962463
0.5156520009040833
0.42887547612190247
0.563901960849762
0.39826348423957825
0.30636751651763916
0.2646982967853546
0.25531381368637085
0.47700729966163635
0.59706050157547
0.7462671399116516
0.6386107206344604
0.613522469997406
0.6906682848930359
0.745816171169281
0.2387770265340805
0.5929155945777893
0.4600829482078552
0.6412370800971985
0.22344978153705597
0.32683125138282776
0.5268416404724121
0.5973895192146301
0.2894410192966461
0.5150192379951477
0.3533081114292145
0.21437057852745056
0.20922482013702393
0.6035593152046204
0.10679521411657333
0.29923251271247864
0.07291761785745621
0.21373502910137177
0.11369068175554276
0.3491334021091461
0.3965175151824951
0.6692543029785156
0.5989167094230652
0.2495862990617752
0.6960102915763855
0.3593912422657013
0.5136861205101013
0.5783421397209167
0.26218920946121216
0.6159321665763855
0.6724648475646973
0.4038715660572052
0.42378368973731995
0.16490748524665833
0.35867971181869507
0.3605205714702606
0.5505545735359192
0.18124470114707947
0.35318437218666077
0.14153121411800385
0.21068675816059113
0.3181845247745514
0.4930022656917572
0.21816061437129974
0.5196616053581238
0.2044742852449417
0.6927679181098938
0.5226758122444153
0.39885011315345764
0.4019380807876587
