0.30029842257499695
0.33326148986816406
0.2316872775554657
0.6057382822036743
0.4190766215324402
0.6455548405647278
0.7438544034957886
0.5922917723655701
0.45334020256996155
0.2519020140171051
0.1482115536928177
0.08366116136312485
0.08824126422405243
0.2861770689487457
0.05467155948281288
0.04980657249689102
0.22612632811069489
0.1263960897922516
0.05999555066227913
0.12558028101921082
0.2558600604534149
0.06320164352655411
0.11138483136892319
0.2664627134799957
0.25951316952705383
0.20003321766853333
0.15247666835784912
0.08356005698442459
0.3515246510505676
0.16475458443164825
0.3423640727996826
0.4466917812824249
0.2396531105041504
0.1681036651134491
0.054749906063079834
0.012380977161228657
0.02338777855038643
0.015680352225899696
0.013613027520477772
0.0038318990264087915
0.02747194655239582
0.020611552521586418
0.004446698352694511
0.0018604147480800748
0.03290998190641403
0.027719182893633842
0.018918052315711975
0.0824374109506607
0.1599050760269165
0.11791995912790298
0.16148652136325836
0.1769525706768036
0.04294585436582565
0.0683896616101265
0.09518194198608398
0.03401252627372742
0.18797257542610168
0.03366880491375923
0.428921103477478
0.35177722573280334
0.09135016798973083
0.10209396481513977
0.009165885858237743
0.004889535252004862
0.029805654659867287
0.016941914334893227
0.004178899340331554
0.004564837086945772
0.021337362006306648
0.02049993723630905
0.003984506707638502
0.0038929018191993237
0.028424987569451332
0.018456529825925827
0.046979133039712906
0.06788741052150726
0.07848250865936279
0.1810019612312317
0.09437142312526703
0.09345060586929321
0.12994129955768585
0.01755465380847454
0.05969684198498726
0.07685862481594086
0.01859923265874386
0.09918485581874847
0.042385175824165344
0.31030982732772827
0.22407150268554688
0.05392427742481232
0.07530836760997772
0.005041442345827818
0.0047973329201340675
0.00863848440349102
0.012411256320774555
0.001571783795952797
0.0014988217735663056
0.006270417477935553
0.013032433576881886
0.0019190000602975488
0.009940038435161114
0.02619720622897148
0.020840764045715332
0.029368000105023384
0.06634766608476639
0.11933909356594086
0.05588196963071823
0.08749070763587952
0.10913270711898804
0.024302169680595398
0.07705908268690109
0.024266624823212624
0.023744257166981697
0.15804922580718994
0.019405687227845192
0.2622591555118561
0.3212784230709076
0.05358819290995598
0.023875277489423752
0.004607661161571741
0.0037193584721535444
0.01077992282807827
0.007305570878088474
0.002447039820253849
0.0033477952238172293
0.018660863861441612
0.011807756498456001
0.004201928619295359
0.00206425110809505
0.012318060733377934
0.010978165082633495
0.023738276213407516
0.10723752528429031
0.09361899644136429
0.21091412007808685
0.05329657346010208
0.12768632173538208
0.15640878677368164
0.020352469757199287
0.02633599005639553
0.03814496472477913
0.010501843877136707
0.13055284321308136
0.025310618802905083
0.3879432678222656
0.48739519715309143
0.06230270862579346
0.15934887528419495
0.00798135343939066
0.017722534015774727
0.00789562426507473
0.007062961813062429
0.0018540037563070655
0.0015504155308008194
0.011189034208655357
0.00892680510878563
0.002334159566089511
0.0019696562085300684
0.027527209371328354
0.03472568094730377
0.023255979642271996
0.08384840190410614
0.16888487339019775
0.07296886295080185
0.17469945549964905
0.10066431015729904
0.02656056173145771
0.03428264334797859
0.017936715856194496
0.019625578075647354
0.11678118258714676
0.015140371397137642
0.2652324438095093
0.48015907406806946
0.08522237837314606
0.08202893286943436
0.021225426346063614
0.014787678606808186
0.01847955211997032
0.016463862732052803
0.006255260203033686
0.005678799003362656
0.023095788434147835
0.01298727747052908
0.004388347268104553
0.0025644914712756872
0.02028862200677395
0.008810163475573063
0.02158973552286625
0.041060760617256165
0.08513651043176651
0.05628221109509468
0.10087666660547256
0.1477317065000534
0.12106648087501526
0.01814332976937294
0.02552642859518528
0.025856897234916687
0.0075296577997505665
0.09716542810201645
0.05293180048465729
0.5259448885917664
0.480489045381546
0.09398170560598373
0.047515999525785446
0.028784824535250664
0.011850755661725998
0.009913199581205845
0.006631134077906609
0.0065857055597007275
0.0021239451598376036
0.012234382331371307
0.01313350535929203
0.0015662731602787971
0.0043116225861012936
0.006091552320867777
0.006951699499040842
0.0037293178029358387
0.018705645576119423
0.07059929519891739
0.033530786633491516
0.04311050474643707
0.05596349015831947
0.01659279316663742
0.06251008808612823
0.029243655502796173
0.01534713339060545
0.16602617502212524
0.03860737755894661
0.1944132000207901
0.4286808967590332
0.08787401765584946
0.03311944007873535
0.025075770914554596
0.005104720126837492
0.024110784754157066
0.015384051948785782
0.004545227158814669
0.006261592265218496
0.007407246623188257
0.022897401824593544
0.005242269020527601
0.0035639447160065174
0.010639291256666183
0.00427078315988183
0.011674989946186543
0.04971159249544144
0.024212036281824112
0.09107572585344315
0.04050638899207115
0.030580222606658936
0.08707095682621002
0.01281434204429388
0.03613277152180672
0.041524168103933334
0.02470345050096512
0.2451380044221878
0.12302104383707047
0.6364551186561584
0.5300706028938293
0.11173167824745178
0.1784449964761734
0.03759952262043953
0.02978169359266758
0.013577945530414581
0.02816503308713436
0.005734124220907688
0.005094795487821102
0.03604912757873535
0.027567213401198387
0.004285106435418129
0.006162587087601423
0.046236563473939896
0.012538304552435875
0.011943046934902668
0.04348278418183327
0.06477572023868561
0.0615701824426651
0.08518897742033005
0.08026470988988876
0.026014912873506546
0.08021813631057739
0.07141010463237762
0.02775213122367859
0.37672117352485657
0.05438801273703575
0.30885013937950134
0.222609281539917
0.06686731427907944
0.1010141521692276
0.010739573277533054
0.004671353846788406
0.012885557487607002
0.014272347092628479
0.00429840013384819
0.005576050374656916
0.03310064598917961
0.025989064946770668
0.006258406676352024
0.009681894443929195
0.022986238822340965
0.007612197194248438
0.02096065878868103
0.06599020957946777
0.045163560658693314
0.08370086550712585
0.040506329387426376
0.04272950440645218
0.08768439292907715
0.032255981117486954
0.06117630749940872
0.08307324349880219
0.029606686905026436
0.23958230018615723
0.07271168380975723
0.4774760603904724
0.38415494561195374
0.03716917335987091
0.04779462516307831
0.01238168589770794
0.012542630545794964
0.008491788990795612
0.009253508411347866
0.0052155922167003155
0.002666614018380642
0.030277378857135773
0.017637278884649277
0.004073744639754295
0.0030456187669187784
0.03095928579568863
0.017000725492835045
0.023325378075242043
0.0383598729968071
0.11774955689907074
0.06683776527643204
0.10269854962825775
0.11750422418117523
0.025599824264645576
0.05081883445382118
0.04001491889357567
0.06055394932627678
0.34957870841026306
0.05719371512532234
0.35057544708251953
0.34801405668258667
0.05969325825572014
0.07677099853754044
0.011971020139753819
0.008222956210374832
0.06008570268750191
0.02222575806081295
0.00605804705992341
0.008806507103145123
0.04016469046473503
0.01968245394527912
0.007761432323604822
0.009116300381720066
0.017896290868520737
0.009045111015439034
0.02577967941761017
0.050224654376506805
0.04178706184029579
0.16211576759815216
0.06596706062555313
0.06741166114807129
0.0874350443482399
0.03916412964463234
0.109996497631073
0.08608189970254898
0.06110343709588051
0.1619362086057663
0.10358504205942154
0.15841615200042725
0.47154107689857483
0.12017697840929031
0.2546636164188385
0.03957241028547287
0.06208654120564461
0.060550227761268616
0.10481279343366623
0.007914778776466846
0.012118369340896606
0.05248543992638588
0.06749293208122253
0.008772952482104301
0.017727021127939224
0.0384102538228035
0.0193377286195755
0.03369876369833946
0.08814920485019684
0.13409054279327393
0.09152811020612717
0.14372089505195618
0.09158708900213242
0.045378729701042175
0.15284296870231628
0.13595300912857056
0.10391118377447128
0.45200449228286743
0.083779476583004
0.4711940586566925
0.7699996829032898
0.35492873191833496
0.3356243669986725
0.24571175873279572
0.1299409717321396
0.3610921800136566
0.2306169718503952
0.016452187672257423
0.0821642056107521
0.1829267144203186
0.054456520825624466
0.018467161804437637
0.07541462033987045
0.024532217532396317
0.024109620600938797
0.10477076470851898
0.14996612071990967
0.08898540586233139
0.13081711530685425
0.07248992472887039
0.10423321276903152
0.09319136291742325
0.08689602464437485
0.14263367652893066
0.2503376007080078
0.11988108605146408
0.45919525623321533
0.34689420461654663
0.8738111853599548
0.8663920164108276
0.641044020652771
0.7802556157112122
0.5968559384346008
0.4350782632827759
0.43401068449020386
0.3991529643535614
0.26132360100746155
0.3889983594417572
0.25132226943969727
0.28003835678100586
0.19282199442386627
0.2695097327232361
0.0739872083067894
0.12576033174991608
0.16291245818138123
0.08752506226301193
0.11688508093357086
0.12694361805915833
0.12889620661735535
0.13805949687957764
0.18116463720798492
0.3234298825263977
0.22494976222515106
0.5704689025878906
0.5572284460067749
