0.10386256128549576
0.10892949998378754
0.16311737895011902
0.04854302853345871
0.08752639591693878
0.014678316190838814
0.004953909665346146
0.0014610368525609374
0.0036990635562688112
0.002468062099069357
0.011787228286266327
0.015412956476211548
0.06296178698539734
0.011616932228207588
0.003134588710963726
0.06429706513881683
0.24446922540664673
0.011953204870223999
0.017094770446419716
0.24351106584072113
0.180577352643013
0.029229389503598213
0.10134290903806686
0.45131418108940125
0.252998024225235
0.14344088733196259
0.2987572252750397
0.25222525000572205
0.08567700535058975
0.18953736126422882
0.03308241441845894
0.059987857937812805
0.009384436532855034
0.04886263981461525
0.05135665088891983
0.29988861083984375
0.46916893124580383
0.23709578812122345
0.2752000391483307
0.15428805351257324
0.2491527646780014
0.1677522361278534
0.5465457439422607
0.22412647306919098
0.495294988155365
0.48086684942245483
0.19742025434970856
0.3932066857814789
0.19630105793476105
0.16583546996116638
0.32489442825317383
0.3835250437259674
0.42860841751098633
0.7163788676261902
0.5986002087593079
0.4779603183269501
0.5344308614730835
0.3574581742286682
0.3343440592288971
0.49212753772735596
0.46685853600502014
0.11059987545013428
0.40591537952423096
0.345223069190979
0.1635955423116684
0.13105542957782745
0.47789445519447327
0.2454395890235901
0.46626022458076477
0.25928232073783875
0.0614873506128788
0.22769658267498016
0.07357442378997803
0.11754343658685684
0.058030348271131516
0.2030409723520279
0.07993640005588531
0.24277949333190918
0.04365840181708336
0.07806146889925003
0.31959769129753113
0.07052258402109146
0.06242429092526436
0.10608486086130142
0.015658745542168617
0.12350244075059891
0.23176999390125275
0.04404400289058685
0.08110605925321579
0.2074122130870819
0.06171751767396927
0.06607766449451447
0.0650164932012558
0.008776274509727955
0.006773281376808882
0.0013164922129362822
0.003827511565759778
0.0032742389012128115
0.10083092004060745
0.041093628853559494
0.1478157490491867
0.33378884196281433
0.20941434800624847
0.21648746728897095
0.2583760917186737
0.1442078799009323
0.0705089345574379
0.2331540882587433
0.0797826424241066
0.03534003719687462
0.006825583521276712
0.03821302950382233
0.09138117730617523
0.015832209959626198
0.07370279729366302
0.031196074560284615
0.0665324404835701
0.13043078780174255
0.12189536541700363
0.018452920019626617
0.2755937874317169
0.08924584835767746
0.07777298986911774
0.08403673022985458
0.0547444149851799
0.12158691883087158
0.198974609375
0.1912996470928192
0.07709560543298721
0.22881010174751282
0.1659073382616043
0.393972247838974
0.054063696414232254
0.14935865998268127
0.27098867297172546
0.08415798842906952
0.22293660044670105
0.13565212488174438
0.1111229807138443
0.06537947058677673
0.16340754926204681
0.12720485031604767
0.10225584357976913
0.05662580952048302
0.01500512845814228
0.011102299205958843
0.005074835382401943
0.016625037416815758
0.015682075172662735
0.020262369886040688
0.020965641364455223
0.16521987318992615
0.06340650469064713
0.004719933960586786
0.033338263630867004
0.08821537345647812
0.01534202415496111
0.005620586220175028
0.1442861407995224
0.1185835748910904
0.08335144072771072
0.03492136672139168
0.12384545803070068
0.10509447008371353
0.06742479652166367
0.09070435911417007
0.21396726369857788
0.06082348898053169
0.09497237205505371
0.12109115719795227
0.11191099137067795
0.1399596631526947
0.09558932483196259
0.11345214396715164
0.1694536954164505
0.15143480896949768
0.0714292973279953
0.09638859331607819
0.03493364155292511
0.09845393896102905
0.06035788357257843
0.21765577793121338
0.09583589434623718
0.0301292072981596
0.15690205991268158
0.027611250057816505
0.044378820806741714
0.025430137291550636
0.004422120749950409
0.06150414049625397
0.0033066123723983765
0.004167655482888222
0.006111145485192537
0.11345893889665604
0.15072676539421082
0.035702869296073914
0.08057314902544022
0.20033079385757446
0.29235774278640747
0.129169300198555
0.3687933683395386
0.14137013256549835
0.3866734504699707
0.340586394071579
0.5323716998100281
0.18153086304664612
0.15230414271354675
0.4587951898574829
0.34504252672195435
0.13452467322349548
0.3103698790073395
0.4529842436313629
0.16568881273269653
0.14219021797180176
0.03774924948811531
0.04684867337346077
0.1273072063922882
0.10525166988372803
0.11391542851924896
0.12650704383850098
0.14813585579395294
0.18644309043884277
0.12110898643732071
0.07920685410499573
0.09917621314525604
0.20322979986667633
0.13162373006343842
0.1339227259159088
0.16377584636211395
0.11407957971096039
0.18243306875228882
0.08553551137447357
0.14334292709827423
0.14741937816143036
0.1027199774980545
0.2017996609210968
0.526598334312439
0.38207921385765076
0.24080687761306763
0.1497129499912262
0.40508463978767395
0.25600510835647583
0.14397330582141876
0.2133110761642456
0.37677133083343506
0.14045198261737823
0.1328303962945938
0.37451207637786865
0.25837865471839905
0.09318412095308304
0.17854684591293335
0.32042333483695984
0.28272518515586853
0.1510646641254425
0.11060699075460434
0.22161442041397095
0.16709771752357483
0.05390157923102379
0.08660099655389786
0.09104034304618835
0.0812094584107399
0.06675425171852112
0.057635221630334854
0.04843682795763016
0.02254306897521019
0.09036598354578018
0.03746077045798302
0.019133901223540306
0.0639195367693901
0.01140174176543951
0.033622611314058304
0.06942097097635269
0.053895849734544754
0.07838723808526993
0.08073420077562332
0.04262024909257889
0.025806063786149025
0.02808285690844059
0.014880922622978687
0.00694409990683198
0.02772301249206066
0.012750602327287197
0.013722175732254982
0.05332173407077789
0.041690703481435776
0.015591252595186234
0.06884842365980148
0.045428384095430374
0.007397074718028307
0.02121773362159729
0.004800644237548113
0.006087178830057383
0.020325468853116035
0.0077299089170992374
0.01255109440535307
0.044429559260606766
0.019069673493504524
0.14059290289878845
0.21626636385917664
0.14818938076496124
0.10431627929210663
0.2068328708410263
0.19220994412899017
0.3791656494140625
0.2690649926662445
0.28366050124168396
0.2608265280723572
0.07915943115949631
0.1035185232758522
0.08662129938602448
0.08573964983224869
0.09238822013139725
0.09337995201349258
0.0641186311841011
0.050390396267175674
0.0415654331445694
0.038917507976293564
0.13393542170524597
0.025237685069441795
0.03208008408546448
0.02827695943415165
0.008515511639416218
0.014517981559038162
0.03673253208398819
0.02454179897904396
0.1549554467201233
0.11325293034315109
0.21529439091682434
0.17317092418670654
0.08327534049749374
0.26870378851890564
0.12616421282291412
0.1176433339715004
0.06553484499454498
0.12403670698404312
0.07876459509134293
0.08013934642076492
0.07206826657056808
0.1959921270608902
0.15670891106128693
0.2500579357147217
0.4664686620235443
0.42638298869132996
0.10061129182577133
0.14131100475788116
0.04804575443267822
0.17783114314079285
0.09784433245658875
0.3320622146129608
0.29076752066612244
0.02531343884766102
0.20161662995815277
0.024506259709596634
0.19121374189853668
0.30349913239479065
0.07636062055826187
0.13040967285633087
0.01645580120384693
0.01765185222029686
0.025684241205453873
0.007016538176685572
0.0062579140067100525
0.01866615004837513
0.17305801808834076
0.030216170474886894
0.05722673609852791
0.414535254240036
0.09779246896505356
0.2630058825016022
0.5963584184646606
0.42650848627090454
0.6137383580207825
0.488023966550827
0.6354452967643738
0.41873154044151306
0.15463288128376007
0.3870267868041992
0.5454774498939514
0.15916244685649872
0.049463290721178055
0.3046562671661377
0.22445304691791534
0.017705796286463737
0.020398613065481186
0.1212519034743309
0.11178280413150787
0.01774679496884346
0.04262049123644829
0.09425447136163712
0.03330545872449875
0.031490154564380646
0.10872869193553925
0.033943284302949905
0.016996530815958977
0.04713992774486542
0.02247297577559948
0.06509671360254288
0.09511971473693848
0.10832702368497849
0.25767967104911804
0.11696317791938782
0.23343470692634583
0.025790316984057426
0.07950059324502945
0.11724134534597397
0.1931583434343338
0.0965871810913086
0.19136792421340942
0.13889265060424805
0.13873407244682312
0.03896095231175423
0.141904816031456
0.1588924527168274
0.2981865704059601
0.1802796870470047
0.13915544748306274
0.36090922355651855
0.11443673074245453
0.1664452850818634
0.24839305877685547
0.3014308512210846
0.329750120639801
0.12949903309345245
0.34956851601600647
0.4332559108734131
0.39590179920196533
0.19951023161411285
0.45122984051704407
0.2119428962469101
0.22879062592983246
0.1588742434978485
0.32568660378456116
0.15048490464687347
0.32180705666542053
0.07582492381334305
0.2586723566055298
0.1523696929216385
0.10454535484313965
0.1139502301812172
0.08706556260585785
0.19945566356182098
0.2205391675233841
0.21092255413532257
0.4220809042453766
0.2790966331958771
0.2615946829319
0.3512178659439087
0.43294352293014526
0.29166728258132935
0.23463398218154907
0.11277694255113602
0.19611088931560516
0.22656923532485962
0.19386035203933716
0.11936316639184952
0.24468894302845
0.1457172930240631
