0.1393129974603653
0.2589060664176941
0.17447586357593536
0.3354920744895935
0.5187211632728577
0.40680304169654846
0.31645241379737854
0.28519105911254883
0.12662434577941895
0.07543584704399109
0.1080104187130928
0.20028914511203766
0.06100677326321602
0.060574762523174286
0.04368492215871811
0.33173394203186035
0.2409031093120575
0.21436040103435516
0.47844845056533813
0.630696713924408
0.47153234481811523
0.2525506615638733
0.6467798948287964
0.4838273823261261
0.4741770029067993
0.5028929114341736
0.4544496536254883
0.23109129071235657
0.4722842276096344
0.4641546607017517
0.38018926978111267
0.3229793608188629
0.1709778904914856
0.2586708664894104
0.295942485332489
0.16631247103214264
0.2625810205936432
0.4020313024520874
0.2486536055803299
0.18085390329360962
0.3598070442676544
0.30874648690223694
0.11910034716129303
0.4319024085998535
0.5995173454284668
0.5387170910835266
0.4461827278137207
0.465238094329834
0.4013417065143585
0.5015133023262024
0.32555246353149414
0.5564942359924316
0.5089257955551147
0.3212943971157074
0.40259549021720886
0.631105899810791
0.42523351311683655
0.5049554109573364
0.4799877405166626
0.3970290720462799
0.3520631194114685
0.3820791244506836
0.06301567703485489
0.5577308535575867
0.18385286629199982
0.74257892370224
0.7233375310897827
0.595747172832489
0.6663826107978821
0.7980598211288452
0.8221368789672852
0.8611219525337219
0.8559710383415222
0.6499083638191223
0.17870227992534637
0.05969842150807381
0.007405898068100214
0.026517514139413834
0.07676422595977783
0.057739902287721634
0.05244031548500061
0.11094389110803604
0.02551909349858761
0.046736136078834534
0.008318326435983181
0.0222444050014019
0.007811422925442457
0.029609723016619682
0.09478020668029785
0.38222336769104004
0.1210581436753273
0.1079006940126419
0.42203447222709656
0.5098682641983032
0.5046423077583313
0.5495857000350952
0.7272404432296753
0.5718113780021667
0.3317038416862488
0.5226505994796753
0.5173665285110474
0.1813512146472931
0.18232853710651398
0.32051071524620056
0.3695306181907654
0.18278086185455322
0.4893890917301178
0.05209985375404358
0.6780586838722229
0.1475829780101776
0.4008749723434448
0.43107712268829346
0.6890433430671692
0.5339792966842651
0.7898786664009094
0.7170282006263733
0.7454342842102051
0.7844833731651306
0.5247176289558411
0.7478946447372437
0.6950380206108093
0.6239277720451355
0.39230483770370483
0.5057504773139954
0.5817354321479797
0.13267454504966736
0.23419611155986786
0.05635318532586098
0.10854620486497879
0.16761529445648193
0.12579263746738434
0.2746693193912506
0.36133521795272827
0.3847823739051819
0.5511274933815002
0.6437466144561768
0.46849119663238525
0.5202807784080505
0.5206963419914246
0.6943336129188538
0.6496194005012512
0.5390067100524902
0.5378663539886475
0.5164637565612793
0.4417865574359894
0.17929315567016602
0.1289461851119995
0.0320492684841156
0.035454101860523224
0.006763776298612356
0.039067815989255905
0.018065743148326874
0.09062706679105759
0.11378036439418793
0.08642379194498062
0.1818825602531433
0.4054550528526306
0.5373827219009399
0.4853809177875519
0.5585852861404419
0.5777881741523743
0.35146230459213257
0.4607014060020447
0.39107266068458557
0.1478080451488495
0.5472115278244019
0.3036038875579834
0.15383191406726837
0.27115851640701294
0.38574913144111633
0.26483213901519775
0.2465965747833252
0.09923335164785385
0.3596732020378113
0.41090837121009827
0.22802959382534027
0.22591754794120789
0.4312991201877594
0.160202294588089
0.17471976578235626
0.37059637904167175
0.3008512854576111
0.024169089272618294
0.26830965280532837
0.06579170376062393
0.22172191739082336
0.28376030921936035
0.8003774881362915
0.4889242947101593
0.6422019004821777
0.7062865495681763
0.6288061141967773
0.6339724659919739
0.6785357594490051
0.791867196559906
0.6688433289527893
0.5641414523124695
0.7519830465316772
0.8398838043212891
0.7146474719047546
0.7623006701469421
0.5758205652236938
0.8099023699760437
0.6484436392784119
0.6308080554008484
0.5227053761482239
0.4371602535247803
0.5877988934516907
0.30966702103614807
0.24910221993923187
0.1877165138721466
0.11162140965461731
0.11066345125436783
0.07120487093925476
0.10720988363027573
0.22350072860717773
0.45048215985298157
0.27572542428970337
0.17336057126522064
0.08507386595010757
0.35357633233070374
0.3115645945072174
0.3097819983959198
0.44558027386665344
0.653703510761261
0.6369007229804993
0.6704038381576538
0.4523516893386841
0.5494426488876343
0.46063873171806335
0.4363933503627777
0.2416670024394989
0.10604303330183029
0.04288638010621071
0.034905508160591125
0.04606897383928299
0.27389541268348694
0.25491204857826233
0.17149193584918976
0.2303125411272049
0.16784760355949402
0.16941401362419128
0.21333356201648712
0.3786892592906952
0.25075143575668335
0.17291215062141418
0.19514189660549164
0.3305738866329193
0.7113173604011536
0.4182824194431305
0.23739184439182281
0.13677838444709778
0.023671511560678482
0.03064003214240074
0.03787505254149437
0.046901851892471313
0.11263904720544815
0.13519801199436188
0.47960272431373596
0.31455743312835693
0.5189718008041382
0.5601329207420349
0.44313186407089233
0.3382439911365509
0.6719205975532532
0.5422091484069824
0.22014416754245758
0.040006086230278015
0.07211952656507492
0.027453014627099037
0.025314781814813614
0.043690938502550125
0.16153645515441895
0.6693623661994934
0.47831621766090393
0.5282557606697083
0.4057730436325073
0.35305896401405334
0.2647099196910858
0.4862056374549866
0.2407502830028534
0.15252788364887238
0.33917221426963806
0.21862073242664337
0.04956839606165886
0.2277955710887909
0.08565995842218399
0.15825888514518738
0.14425019919872284
0.04593344032764435
0.09493181854486465
0.4505724012851715
0.16724790632724762
0.14857721328735352
0.21938422322273254
0.3342275023460388
0.05079321935772896
0.14321839809417725
0.22821871936321259
0.18472476303577423
0.0924685075879097
0.09487515687942505
0.3244871199131012
0.2695874273777008
0.09225258976221085
0.17595504224300385
