0.46382227540016174
0.5919497609138489
0.5018671154975891
0.21565420925617218
0.2747637927532196
0.07134638726711273
0.04011731222271919
0.02620735950767994
0.050941102206707
0.044511064887046814
0.17727288603782654
0.22981034219264984
0.19894491136074066
0.04621737822890282
0.08971982449293137
0.08397253602743149
0.21732786297798157
0.14500220119953156
0.08478320389986038
0.11595375090837479
0.41695261001586914
0.2921615242958069
0.3982013165950775
0.6191672682762146
0.49117735028266907
0.20891550183296204
0.30958959460258484
0.44601547718048096
0.30898332595825195
0.271908164024353
0.4106159806251526
0.6535828113555908
0.4977814257144928
0.5864678621292114
0.4683341085910797
0.7842575311660767
0.5656402707099915
0.5236467719078064
0.6064308881759644
0.5802759528160095
0.4769243597984314
0.5458952188491821
0.38013631105422974
0.48404979705810547
0.34194067120552063
0.3128741681575775
0.20818348228931427
0.2579557001590729
0.3757607936859131
0.19962139427661896
0.30458804965019226
0.2912614643573761
0.3641819953918457
0.15784716606140137
0.3550887405872345
0.12771029770374298
0.2714197039604187
0.14569838345050812
0.16850879788398743
0.30107954144477844
0.21677668392658234
0.6219089031219482
0.6750127077102661
0.8304030895233154
0.8117154240608215
0.5968324542045593
0.7317565679550171
0.7718831896781921
0.6002963781356812
0.6045738458633423
0.7193719148635864
0.6533047556877136
0.22467809915542603
0.7039478421211243
0.6292187571525574
0.11594808101654053
0.3201086223125458
0.04573521018028259
0.01601269468665123
0.023840652778744698
0.024373628199100494
0.01466632541269064
0.06873901933431625
0.06851974874734879
0.09180478751659393
0.12761147320270538
0.1861041784286499
0.42032620310783386
0.3756619393825531
0.07292938977479935
0.29639238119125366
0.4134195148944855
0.28606170415878296
0.1165977343916893
0.22618988156318665
0.3385891616344452
0.19837379455566406
0.2328319549560547
0.46207740902900696
0.2880363464355469
0.09151172637939453
0.38269850611686707
0.6088425517082214
0.4483703076839447
0.208697110414505
0.4462295174598694
0.43942153453826904
0.2265598475933075
0.19629625976085663
0.13996705412864685
0.08536096662282944
0.059121470898389816
0.04443146660923958
0.036174215376377106
0.050041504204273224
0.10395639389753342
0.14804662764072418
0.22598831355571747
0.29381611943244934
0.19839301705360413
0.26756444573402405
0.2113848775625229
0.21715587377548218
0.1111239343881607
0.33868226408958435
0.23456700146198273
0.31584280729293823
0.22995705902576447
0.2086694836616516
0.359218955039978
0.3020317554473877
0.33136942982673645
0.5675864219665527
0.46317386627197266
0.4006299674510956
0.4788868725299835
0.36602291464805603
0.44299349188804626
0.43946102261543274
0.45865359902381897
0.32170262932777405
0.1028045266866684
0.04439355060458183
0.07444266974925995
0.34973040223121643
0.27000463008880615
0.493334025144577
0.5470934510231018
0.4185324013233185
0.2999305725097656
0.5326021313667297
0.634952962398529
0.1843186765909195
0.28409281373023987
0.551347553730011
0.5156025290489197
0.1453411728143692
0.20719842612743378
0.4859042167663574
0.46081629395484924
0.43039241433143616
0.5324137806892395
0.47429338097572327
0.38083305954933167
0.43462786078453064
0.34650030732154846
0.29170745611190796
0.3482775092124939
0.4626389741897583
0.208871990442276
0.11005750298500061
0.1987491101026535
0.1621895283460617
0.1095970869064331
0.33391642570495605
0.18473930656909943
0.1596343219280243
0.3482765853404999
0.33425915241241455
0.32117170095443726
0.36421939730644226
0.3152410089969635
0.39722269773483276
0.35358691215515137
0.26513388752937317
0.40281328558921814
0.2758257985115051
0.24399776756763458
0.399749219417572
0.4830475449562073
0.35086584091186523
0.33327335119247437
0.289020299911499
0.23422744870185852
0.27303823828697205
0.17225795984268188
0.0787191167473793
0.12641224265098572
0.18878073990345
0.16415683925151825
0.1614006757736206
0.21749714016914368
0.23219911754131317
0.3293440043926239
0.4604116678237915
0.32902657985687256
0.4581819176673889
0.5075528621673584
0.47970259189605713
0.4860715866088867
0.7306420803070068
0.7226840853691101
0.5820562243461609
0.5239375829696655
0.67341548204422
0.5069939494132996
0.26270025968551636
0.4155534505844116
0.28400352597236633
0.2142414152622223
0.20117026567459106
0.20399950444698334
0.2978120446205139
0.1538146436214447
0.16404594480991364
0.22722336649894714
0.1636110097169876
0.24203695356845856
0.1422368288040161
0.14711974561214447
0.16272853314876556
0.37237945199012756
0.232716903090477
0.20051363110542297
0.429038941860199
0.4259706139564514
0.8510699272155762
0.285880446434021
0.6875714659690857
0.37862253189086914
0.5152787566184998
0.5861404538154602
0.39931565523147583
0.39238545298576355
0.3809887170791626
0.5053867697715759
0.24230456352233887
0.45434942841529846
0.3978818953037262
0.2481200397014618
0.3486441671848297
0.4421248137950897
0.38330307602882385
0.559276282787323
0.5336229205131531
0.3235008716583252
0.7189386487007141
0.27022525668144226
0.49023008346557617
0.17351765930652618
0.2119530290365219
0.07359933108091354
0.18660318851470947
0.13207462430000305
0.1549433171749115
0.22482387721538544
0.21631331741809845
0.2060328871011734
0.07302730530500412
0.1240612044930458
0.09676254540681839
0.17511755228042603
0.1623532772064209
0.21082255244255066
0.2559840977191925
0.40423670411109924
0.4942570924758911
0.682936429977417
0.675354540348053
0.5282467007637024
0.4862664043903351
0.554404616355896
0.418296217918396
0.4264604151248932
0.25868484377861023
0.24694517254829407
0.30713599920272827
0.3834817111492157
0.16400881111621857
0.3129650056362152
0.15915876626968384
0.379043847322464
0.28323841094970703
0.34648916125297546
0.34671032428741455
0.3865845501422882
0.4177957773208618
0.2842996418476105
0.381075382232666
0.4464585483074188
0.4049186706542969
0.536645770072937
0.5676335096359253
0.2433789074420929
0.29824790358543396
0.24588246643543243
0.4065248668193817
0.5351336002349854
0.2989257872104645
0.3542362451553345
0.2317916601896286
0.2388869673013687
0.21966098248958588
0.3020152449607849
0.5651487708091736
0.33941319584846497
0.3479737937450409
0.2723124921321869
0.36937060952186584
0.3520199954509735
0.3861329257488251
0.3468640446662903
0.3824622929096222
0.22509975731372833
0.29506969451904297
0.6056655645370483
0.2578306794166565
0.7056505680084229
0.6082958579063416
0.31376656889915466
0.22946473956108093
0.34929338097572327
0.11895378679037094
0.12585456669330597
0.19494123756885529
0.18238644301891327
0.17960520088672638
0.03994940593838692
0.09950923919677734
0.11523713171482086
0.10005254298448563
0.04491429403424263
0.06626598536968231
0.0845026895403862
0.044421542435884476
0.07092200219631195
0.06816861778497696
0.03998401015996933
0.03840094804763794
0.10777050256729126
0.06421686708927155
0.0618663914501667
