0.042451679706573486
0.08645057678222656
0.04392078518867493
0.07005281746387482
0.13057366013526917
0.27928289771080017
0.4143465459346771
0.34549999237060547
0.5624164938926697
0.30649542808532715
0.4865919351577759
0.0949101448059082
0.1986519992351532
0.06118243187665939
0.02303248643875122
0.07553266733884811
0.03518717363476753
0.05057584121823311
0.0859828069806099
0.039022065699100494
0.0342460460960865
0.08397258818149567
0.06997361034154892
0.04308081045746803
0.03545891493558884
0.0823807492852211
0.04620162397623062
0.05652250349521637
0.10969069600105286
0.052607107907533646
0.03964613005518913
0.049545515328645706
0.02574554644525051
0.035201165825128555
0.05110592395067215
0.030922407284379005
0.15978972613811493
0.12274495512247086
0.33739838004112244
0.3990951478481293
0.36514991521835327
0.3395289480686188
0.15812040865421295
0.044915467500686646
0.057741615921258926
0.047051481902599335
0.0156090147793293
0.00785825029015541
0.05864240229129791
0.04042626544833183
0.012862270697951317
0.01408138033002615
0.0656970962882042
0.016818979755043983
0.034700363874435425
0.06598422676324844
0.05968242138624191
0.04467066004872322
0.05296298488974571
0.05350692942738533
0.02313113398849964
0.033101845532655716
0.06775936484336853
0.030655840411782265
0.1687934398651123
0.1599585860967636
0.4170629680156708
0.718948245048523
0.4992202818393707
0.5830475687980652
0.8489753603935242
0.7385799884796143
0.3989519476890564
0.6105062365531921
0.4123480021953583
0.2981638014316559
0.1889961063861847
0.2076532393693924
0.10261731594800949
0.01796415075659752
0.015377357602119446
0.058698005974292755
0.019259637221693993
0.01865524798631668
0.014670522883534431
0.013777883723378181
0.03458627685904503
0.01975048892199993
0.029544813558459282
0.09207113832235336
0.11298377066850662
0.06296758353710175
0.11046213656663895
0.0713573768734932
0.04264886677265167
0.09204971045255661
0.04967650771141052
0.03042142279446125
0.2306929975748062
0.15695472061634064
0.4718455374240875
0.8619721531867981
0.6498679518699646
0.7281179428100586
0.31303882598876953
0.14218169450759888
0.2246696650981903
0.24730367958545685
0.049246810376644135
0.03721283748745918
0.023196164518594742
0.01149691455066204
0.00793367624282837
0.013389572501182556
0.014200855977833271
0.011005604639649391
0.02335132285952568
0.023981880396604538
0.07005820423364639
0.034560274332761765
0.08189753443002701
0.09658517688512802
0.04717394337058067
0.06685780733823776
0.1606074571609497
0.0859137624502182
0.3875848948955536
0.14930325746536255
0.6978467702865601
0.8354191780090332
0.39919334650039673
0.490389347076416
0.21485331654548645
0.1458296775817871
0.328392893075943
0.44182148575782776
0.04388252645730972
0.03868918493390083
0.060310643166303635
0.055464863777160645
0.012613789178431034
0.011563115753233433
0.054070159792900085
0.009559392929077148
0.02828323282301426
0.056542105972766876
0.040926508605480194
0.020422479137778282
0.03229595348238945
0.0601835772395134
0.033039648085832596
0.03156374394893646
0.13543349504470825
0.09198901802301407
0.07192412763834
0.15345554053783417
0.10615171492099762
0.19533416628837585
0.21789748966693878
0.08329295367002487
0.1658770889043808
0.0707232803106308
0.09440159797668457
0.34300392866134644
0.18271616101264954
0.5898845791816711
0.8989899158477783
0.3178784251213074
0.8222554326057434
0.1356617957353592
0.41287440061569214
0.2934742867946625
0.17399857938289642
0.03772423788905144
0.02834956906735897
0.11494167894124985
0.03412463143467903
0.020844029262661934
0.01357624027878046
0.07264137268066406
0.027123460546135902
0.04402429983019829
0.11866789311170578
0.08488700538873672
0.11991237103939056
0.15727382898330688
0.21051712334156036
0.0706879273056984
0.10352668911218643
0.09280823171138763
0.06831343472003937
0.45934391021728516
0.1696995347738266
0.5477507710456848
0.8561133742332458
0.3797035813331604
0.5117740631103516
0.20492400228977203
0.5567117929458618
0.20295731723308563
0.35150280594825745
0.10160836577415466
0.03831849247217178
0.10058891028165817
0.07079523056745529
0.01205376349389553
0.018268749117851257
0.055689819157123566
0.04638758674263954
0.012904112227261066
0.035616595298051834
0.03872024267911911
0.15369684994220734
0.057328835129737854
0.10212025046348572
0.08988890796899796
0.037751007825136185
0.07238747924566269
0.07059300690889359
0.05690421164035797
0.44258907437324524
0.1721089631319046
0.701677680015564
0.8539832234382629
0.5044457912445068
0.5006752014160156
0.13058967888355255
0.21715207397937775
0.18289268016815186
0.2756185531616211
0.04301214963197708
0.015749847516417503
0.13334481418132782
0.03966032341122627
0.018733538687229156
0.014644637703895569
0.13988716900348663
0.02069845236837864
0.04186509922146797
0.07970014214515686
0.10592209547758102
0.06902815401554108
0.1025812178850174
0.0984102189540863
0.03357443958520889
0.1024710088968277
0.15214748680591583
0.061006445437669754
0.2954469621181488
0.14402933418750763
0.6643800735473633
0.8725185394287109
0.411781907081604
0.6734402775764465
0.09483692795038223
0.12810605764389038
0.19761700928211212
0.30809488892555237
0.01788739487528801
0.009177671745419502
0.044656526297330856
0.037159666419029236
0.010006645694375038
0.01578563079237938
0.027284130454063416
0.012837954796850681
0.027012033388018608
0.02093026041984558
0.051842257380485535
0.04683272913098335
0.07403674721717834
0.08308335393667221
0.047244030982255936
0.07377304136753082
0.06400632858276367
0.1471567451953888
0.1347263753414154
0.14777252078056335
0.5541234612464905
0.1563502550125122
0.6230524182319641
0.8465367555618286
0.28197160363197327
0.5092398524284363
0.1363995224237442
0.21953842043876648
0.12358694523572922
0.1342674046754837
0.022913942113518715
0.04336840659379959
0.1127776950597763
0.0389675535261631
0.018411407247185707
0.020300816744565964
0.015105277299880981
0.014333135448396206
0.027978939935564995
0.038551297038793564
0.023983489722013474
0.04369981586933136
0.014193682000041008
0.06985519081354141
0.1603223830461502
0.06480652838945389
0.20847205817699432
0.30544355511665344
0.21368256211280823
0.5828019380569458
0.235234335064888
0.5028703212738037
0.418537974357605
0.30720922350883484
0.42938941717147827
0.34255853295326233
0.3985231816768646
0.5905489325523376
0.5105029940605164
0.30203211307525635
0.19053052365779877
0.06686446815729141
0.2458990216255188
0.2516078054904938
0.06392381340265274
0.08254123479127884
0.3540136218070984
0.14262329041957855
0.06399009376764297
0.10224304348230362
0.18578611314296722
0.11648836731910706
0.20368631184101105
0.2031269073486328
0.2415265589952469
0.13378556072711945
0.3570915162563324
0.4990319311618805
0.5688996315002441
0.6383193731307983
0.5606365203857422
0.6043064594268799
0.5577737092971802
0.34606942534446716
0.433901309967041
0.41008445620536804
