0.4053635895252228
0.5194399356842041
0.5674773454666138
0.5825634598731995
0.7313637137413025
0.647559642791748
0.5797240734100342
0.778468906879425
0.7290826439857483
0.7326653599739075
0.5669683814048767
0.6219117641448975
0.534504771232605
0.2914091646671295
0.5328126549720764
0.41932886838912964
0.17782317101955414
0.6454405784606934
0.14974907040596008
0.593388020992279
0.12226130068302155
0.42094388604164124
0.3973577618598938
0.6980829238891602
0.6875286102294922
0.6973288059234619
0.6907541751861572
0.7466999888420105
0.566091001033783
0.776330828666687
0.5787925124168396
0.8191869854927063
0.760524570941925
0.8451475501060486
0.5562280416488647
0.8720085620880127
0.5475775003433228
0.807536244392395
0.7464160919189453
0.6459612250328064
0.5377338528633118
0.4916723072528839
0.4494299292564392
0.486603319644928
0.7855781316757202
0.7026957273483276
0.8145503401756287
0.8284816741943359
0.7964154481887817
0.8959798812866211
0.5079672932624817
0.6281436085700989
0.8691610097885132
0.7845237255096436
0.8450652360916138
0.8115019202232361
0.71999591588974
0.851398766040802
0.868290364742279
0.9334121346473694
0.8000820875167847
0.8414941430091858
0.9050080180168152
0.7955175042152405
0.69313645362854
0.5509622097015381
0.5687893033027649
0.7247934937477112
0.4756409823894501
0.5160165429115295
0.4202553927898407
0.5648810267448425
0.6266629099845886
0.3926079273223877
0.33735597133636475
0.4588455557823181
0.43202531337738037
0.4380533695220947
0.5245295763015747
0.3658432960510254
0.2862232029438019
0.3108154833316803
0.1372159868478775
0.247754767537117
0.14609596133232117
0.3117278516292572
0.08494146913290024
0.2600254416465759
0.4042574465274811
0.1830100566148758
0.4748269319534302
0.5786147117614746
0.49631431698799133
0.4061788022518158
0.626560389995575
0.43401262164115906
0.672214150428772
0.4684211015701294
0.8087316751480103
0.30975088477134705
0.8946102857589722
0.5210865139961243
0.8790372610092163
0.6739659309387207
0.8260089755058289
0.8379680514335632
0.6863062977790833
0.8937958478927612
0.8158472180366516
0.868964433670044
0.5851337313652039
0.8060548901557922
0.5514583587646484
0.7603724598884583
0.2977682650089264
0.7168952822685242
0.3682928681373596
0.6607210040092468
0.6512835025787354
0.6762733459472656
0.6679928302764893
0.6150141358375549
0.583476185798645
0.6063241362571716
