0.1770116686820984
0.2819037437438965
0.30351924896240234
0.33932965993881226
0.3986669182777405
0.6766982674598694
0.4626576602458954
0.5143222212791443
0.5431668162345886
0.4871334433555603
0.49874794483184814
0.6351358890533447
0.6275174617767334
0.5556206107139587
0.7654696702957153
0.6859186887741089
0.5926278233528137
0.5102131962776184
0.5936472415924072
0.8879426121711731
0.8590268492698669
0.7865661978721619
0.6958701610565186
0.7106248140335083
0.6933417916297913
0.39055338501930237
0.722973108291626
0.6858704686164856
0.6992170810699463
0.7005513310432434
0.6386469602584839
0.775030255317688
0.8220789432525635
0.6871307492256165
0.8591809868812561
0.7577501535415649
0.7947179079055786
0.8374854326248169
0.4867432415485382
0.8182348608970642
0.5855370163917542
0.8452721834182739
0.4555961787700653
0.7401394844055176
0.5921621322631836
0.7254987955093384
0.4566405117511749
0.7494363784790039
0.7327830791473389
0.7087010145187378
0.7383952736854553
0.6481512188911438
0.681932806968689
0.7347081303596497
0.40931886434555054
0.7172835469245911
0.7325965762138367
0.7457551956176758
0.5639405250549316
0.6540606021881104
0.6953599452972412
0.7246430516242981
0.7865466475486755
0.6748965382575989
0.5922807455062866
0.6662041544914246
0.47881951928138733
0.5937636494636536
0.5979798436164856
0.6384917497634888
0.6525489091873169
0.2532701790332794
0.6241782903671265
0.6164515018463135
0.7110238075256348
0.6389145255088806
0.7803557515144348
0.7557268142700195
0.7939682006835938
0.5479572415351868
0.5967453718185425
0.5191034078598022
0.638638436794281
0.6824832558631897
0.6780624389648438
0.34402623772621155
0.6369197368621826
0.752571165561676
0.26699382066726685
0.38955220580101013
0.36383897066116333
0.2929488718509674
0.376010000705719
0.6324597001075745
0.5006068348884583
0.3089434504508972
0.2523424029350281
0.4944532811641693
0.38976970314979553
0.44988495111465454
0.37008538842201233
0.5320326685905457
0.5023069977760315
0.2184240072965622
0.4350218176841736
0.41503944993019104
0.5946958065032959
0.3475865423679352
0.42431917786598206
0.7215076088905334
0.6468789577484131
0.8568169474601746
0.7088983654975891
0.6191924810409546
0.6017539501190186
0.6005722880363464
0.6018219590187073
0.37630870938301086
0.376921683549881
0.6857494115829468
0.7241017818450928
0.8285554051399231
0.805850625038147
0.36345604062080383
0.7229827046394348
0.8912952542304993
0.923466682434082
0.857073187828064
0.842529296875
0.7388088703155518
0.7388758659362793
0.3877109885215759
0.5545109510421753
0.5568487644195557
0.49932512640953064
0.6803637146949768
0.5679542422294617
0.4565609395503998
0.7061096429824829
0.44954246282577515
0.719796359539032
0.3817027807235718
0.7664487361907959
0.6233170032501221
0.4287187159061432
0.5864265561103821
0.23313556611537933
0.3527051508426666
0.6538183093070984
0.41384345293045044
0.6225508451461792
0.7594081163406372
0.7275007963180542
0.25434985756874084
0.4335108995437622
0.21537144482135773
0.5607657432556152
0.4525367319583893
0.6022927165031433
0.7601140737533569
0.6737610101699829
0.7622907161712646
0.5793473124504089
0.5235117077827454
0.6858342885971069
0.7422319650650024
0.5931078195571899
0.6930531859397888
0.7458222508430481
0.5789149403572083
0.6336671113967896
0.6149895191192627
0.5358452200889587
0.4798122048377991
0.7267205715179443
0.8652713894844055
0.6861478090286255
0.9058455228805542
0.7422242164611816
0.9111754298210144
0.7807339429855347
0.8777183890342712
0.4305010437965393
0.6124719977378845
0.675517737865448
