0.8576586842536926
0.864661455154419
0.7241743803024292
0.8102716207504272
0.8383726477622986
0.845723569393158
0.8636723160743713
0.8959866762161255
0.9207348227500916
0.7922528386116028
0.7918144464492798
0.7495245933532715
0.8567101359367371
0.8186792135238647
0.8748124241828918
0.8444921374320984
0.8144839406013489
0.8836666941642761
0.9162774682044983
0.926814079284668
0.8205860257148743
0.9247301816940308
0.9466089606285095
0.9219173789024353
0.8736516833305359
0.7912531495094299
0.9230858683586121
0.9320201873779297
0.8639922738075256
0.8751076459884644
0.9395830631256104
0.7181746959686279
0.8656359910964966
0.7862722277641296
0.9096007943153381
0.833947479724884
0.8998892307281494
0.9589689373970032
0.9306490421295166
0.9334288835525513
0.9289436340332031
0.9303114414215088
0.9450132846832275
0.939556896686554
0.9171919226646423
0.9090924859046936
0.9415376782417297
0.7972362637519836
0.9091200232505798
0.8761111497879028
0.871338963508606
0.8486493229866028
0.9150331616401672
0.8775728940963745
0.8830024003982544
0.8786367177963257
0.9190195202827454
0.8350486755371094
0.9417132139205933
0.921341061592102
0.9512655735015869
0.9126406908035278
0.8635222315788269
0.9146639704704285
0.852546215057373
0.9311602711677551
0.9120742082595825
0.9546559453010559
0.9136713147163391
0.9273125529289246
0.9327263236045837
0.9121130704879761
0.90152508020401
0.9010674357414246
0.866326630115509
0.8458780646324158
0.8618386387825012
0.8483026623725891
0.7336863875389099
0.8620967864990234
0.7786161303520203
0.8540633320808411
