0.664236307144165
0.48505041003227234
0.6893813610076904
0.5421918034553528
0.6572199463844299
0.5214093327522278
0.36318230628967285
0.5032027363777161
0.6132006049156189
0.6390803456306458
0.5846830010414124
0.4428863823413849
0.320951372385025
0.3082662522792816
0.5127645134925842
0.4253731667995453
0.29368993639945984
0.47105899453163147
0.7040499448776245
0.5977659225463867
0.7914870977401733
0.7556129097938538
0.664788544178009
0.5036942362785339
0.5846819281578064
0.5094210505485535
0.5192136764526367
0.5360943675041199
0.37648430466651917
0.25566938519477844
0.6799138188362122
0.35026875138282776
0.35427671670913696
0.5075927376747131
0.4572429060935974
0.4081493616104126
0.7195054292678833
0.6777222752571106
0.7284149527549744
0.4966931939125061
0.5281639695167542
0.6161068677902222
0.36854201555252075
0.6010913252830505
0.17740128934383392
0.3818521499633789
0.5587694644927979
0.4447447955608368
0.5152949094772339
0.4997798502445221
0.5688326954841614
0.5676649212837219
0.6499598026275635
0.7600069046020508
0.612953245639801
0.6090551018714905
0.7006019949913025
0.6223555207252502
0.587471604347229
0.5783876776695251
0.343146950006485
0.6752694845199585
0.5486844778060913
0.517328143119812
0.36009615659713745
0.2290906459093094
0.6060747504234314
0.8225919604301453
0.6849703192710876
0.5148327946662903
0.5632722973823547
0.3575071692466736
0.671818196773529
0.5838677883148193
0.19465717673301697
0.5971558690071106
0.7257621884346008
0.696500837802887
0.5411720275878906
0.39961710572242737
0.5647916197776794
0.46925586462020874
0.5952016711235046
0.4308435022830963
0.4562648832798004
0.38230618834495544
0.3604861795902252
0.5622175335884094
0.5749920606613159
0.4837457239627838
0.6712667346000671
