0.37148773670196533
0.6023279428482056
0.4853217303752899
0.6230976581573486
0.4784609377384186
0.4825613796710968
0.5720076560974121
0.48140212893486023
0.5538936257362366
0.5137715339660645
0.5736692547798157
0.5711813569068909
0.6493337750434875
0.7086151838302612
0.7107440233230591
0.4007042944431305
0.5243486762046814
0.3867155909538269
0.5153516530990601
0.40485531091690063
0.3464687764644623
0.5563528537750244
0.45362117886543274
0.5347830653190613
0.33402740955352783
0.46075737476348877
0.27185070514678955
0.7743356823921204
0.765085756778717
0.3989134132862091
0.6428049802780151
0.43467193841934204
0.12175965309143066
0.14999043941497803
0.048890430480241776
0.08447477966547012
0.019579414278268814
0.02384381927549839
0.04224032536149025
0.07486674934625626
0.048370376229286194
0.03443485125899315
0.1009678989648819
0.10665040463209152
0.12221723049879074
0.10653656721115112
0.28476467728614807
0.23061567544937134
0.2773946523666382
0.35594049096107483
0.13742609322071075
0.18184936046600342
0.04872703179717064
0.4235285818576813
0.26930490136146545
0.07337305694818497
0.2430454045534134
0.4169446527957916
0.28857287764549255
0.434015154838562
0.521921694278717
0.5245499014854431
0.5737174153327942
0.5203835964202881
0.31038740277290344
0.5524737238883972
0.5865846276283264
0.5091426968574524
0.4337843954563141
0.5353487730026245
0.6991192102432251
0.5189502239227295
0.7900553941726685
0.5289835929870605
0.8205389380455017
0.7341044545173645
0.6631618142127991
0.44600021839141846
0.16715945303440094
0.37573209404945374
0.4121023118495941
0.17629317939281464
0.06507806479930878
0.37700605392456055
0.1671820431947708
0.14519594609737396
0.21498440206050873
0.21076332032680511
0.35817211866378784
0.18070268630981445
0.6126640439033508
0.736240804195404
0.5652782320976257
0.7710010409355164
0.35220867395401
0.544579803943634
0.42307135462760925
0.41703760623931885
0.5439926981925964
0.5164260864257812
0.42625969648361206
0.23023533821105957
0.31399109959602356
0.43543365597724915
0.2874421775341034
0.3193903863430023
0.4770323932170868
0.4371359050273895
0.31037622690200806
0.2781325578689575
0.11355049163103104
0.17213094234466553
0.08669266104698181
0.17849263548851013
0.5982444286346436
0.25030237436294556
0.6671547889709473
0.6023589372634888
0.7645430564880371
0.7336406111717224
0.7419400811195374
0.751068115234375
0.7683624625205994
0.7708221673965454
0.7563060522079468
0.7706971764564514
0.7724989056587219
0.8113869428634644
0.7138259410858154
0.4437362551689148
0.13952860236167908
0.12595602869987488
0.12079787254333496
0.11252299696207047
0.32769787311553955
0.2611163854598999
0.320770800113678
0.43325477838516235
0.520745575428009
0.655718982219696
0.5193226337432861
0.42995110154151917
0.6124772429466248
0.47187912464141846
0.5614984035491943
0.29585200548171997
0.4587465822696686
0.4217926561832428
0.2665921747684479
0.18592670559883118
0.157746821641922
0.5795037746429443
0.5538199543952942
0.6186733245849609
0.774313747882843
0.7894919514656067
0.69227534532547
0.8907725214958191
0.675284206867218
0.7184521555900574
0.4586097002029419
0.6670037508010864
0.5982353091239929
0.5992611050605774
0.7514699697494507
0.46778345108032227
0.8463847637176514
0.5804025530815125
0.7140493392944336
0.8056007027626038
0.7917035222053528
0.730894923210144
0.658576250076294
0.5760225653648376
0.5377957224845886
0.5332914590835571
0.7115924954414368
0.24713468551635742
0.22296996414661407
0.2123694270849228
0.2654595971107483
0.1230960562825203
0.135951966047287
