0.7759608626365662
0.8002519607543945
0.6981642246246338
0.7396770119667053
0.8284303545951843
0.6572455167770386
0.8384862542152405
0.3355487585067749
0.6608181595802307
0.5217854976654053
0.36757558584213257
0.6156655550003052
0.46573325991630554
0.3847503364086151
0.604631245136261
0.32492655515670776
0.6273342967033386
0.606900155544281
0.796748161315918
0.7967087626457214
0.7369662523269653
0.7829826474189758
0.7655579447746277
0.7579534649848938
0.8282849192619324
0.6288579106330872
0.7347505688667297
0.6428062915802002
0.7863158583641052
0.6528285145759583
0.8064969778060913
0.5667737126350403
0.603796660900116
0.4521944224834442
0.6107746958732605
0.5014868378639221
0.5014142990112305
0.7662543058395386
0.7496362924575806
0.8445982336997986
0.595273494720459
0.4230780005455017
0.7984786033630371
0.77886962890625
0.848695695400238
0.7254090309143066
0.7624304890632629
0.8212456107139587
0.8702914118766785
0.7824090719223022
0.8545525670051575
0.5478947758674622
0.6055112481117249
0.4549521803855896
0.5514926314353943
0.40574410557746887
0.5990061163902283
0.5121493339538574
0.6821635365486145
0.6760760545730591
0.6668022871017456
0.5538133382797241
0.4866185188293457
0.352673202753067
0.34431371092796326
0.5342903137207031
0.21396924555301666
0.5566957592964172
0.5802348852157593
0.2410077303647995
0.5372365117073059
0.5890210270881653
0.4976319372653961
0.2190544307231903
0.505128800868988
0.5378766655921936
0.7703658938407898
0.4483180642127991
0.757384181022644
0.45679426193237305
0.8166633248329163
0.6654261946678162
0.9025794267654419
0.6672062277793884
0.7774999141693115
0.8574678897857666
0.8734316229820251
0.879100501537323
0.8909168243408203
0.8556805849075317
0.8992008566856384
0.8555488586425781
0.7877858281135559
0.7547018527984619
0.6326888799667358
0.7036059498786926
0.23070700466632843
0.7550290822982788
0.396923303604126
0.7437494993209839
0.7158370614051819
0.7658098936080933
