0.2514464259147644
0.1422710418701172
0.18542695045471191
0.3454550802707672
0.22515316307544708
0.177713543176651
0.44922828674316406
0.4801724851131439
0.4663429856300354
0.38467246294021606
0.15137873589992523
0.15537121891975403
0.0870964378118515
0.08653876930475235
0.13365350663661957
0.13748228549957275
0.04439232498407364
0.07572880387306213
0.1325913816690445
0.06527955085039139
0.14877404272556305
0.3066196143627167
0.3474712073802948
0.41148367524147034
0.41204634308815
0.5126789212226868
0.6861122250556946
0.33084845542907715
0.45369085669517517
0.6072070002555847
0.4064827561378479
0.5336315035820007
0.41520899534225464
0.47158950567245483
0.4101191759109497
0.4989650547504425
0.4066140949726105
0.4208483099937439
0.38813307881355286
0.39842671155929565
0.16046865284442902
0.2014005035161972
0.21472719311714172
0.11438895761966705
0.11175950616598129
0.2039567083120346
0.40430396795272827
0.5445851683616638
0.5073635578155518
0.3186955451965332
0.2724790871143341
0.3104007840156555
0.32542380690574646
0.48887571692466736
0.16719944775104523
0.5772643685340881
0.4104328751564026
0.15802037715911865
0.060565393418073654
0.056527454406023026
0.09180165827274323
0.12864701449871063
0.07862354815006256
0.08565060049295425
0.015631867572665215
0.025092367082834244
0.04915570467710495
0.02027866058051586
0.06740347295999527
0.40161511301994324
0.11452410370111465
0.16456429660320282
0.6382072567939758
0.11611340194940567
0.3866531550884247
0.2577820420265198
0.24149884283542633
0.42347586154937744
0.22169645130634308
0.6386235356330872
0.26097553968429565
0.30755558609962463
0.30146360397338867
0.49989572167396545
0.48109686374664307
0.36237016320228577
0.6195856332778931
0.4374726116657257
0.6879950165748596
0.49856695532798767
0.5912891030311584
0.426950603723526
0.5871928334236145
0.6129704117774963
0.3768872022628784
0.3099134862422943
0.6133740544319153
0.2123461812734604
0.2293887436389923
0.24329157173633575
0.3022158741950989
0.12804660201072693
0.1274382621049881
0.2416314333677292
0.40162092447280884
0.223838672041893
0.2718331515789032
0.2953300476074219
0.33722004294395447
0.19811169803142548
0.5120507478713989
0.2906598150730133
0.5353700518608093
0.44626882672309875
0.6591851711273193
0.32670271396636963
0.4304652214050293
0.3233182430267334
0.5103112459182739
0.22797757387161255
0.14297138154506683
0.10984150320291519
0.5024967193603516
0.1189703568816185
0.08557460457086563
0.10286547988653183
0.14604903757572174
0.07348818331956863
0.18071985244750977
0.1850723922252655
0.10336561501026154
0.09148239344358444
0.2312314510345459
0.1597624123096466
0.13071033358573914
0.11900601536035538
0.21025614440441132
0.15664011240005493
0.18667694926261902
0.3089512884616852
0.3136827349662781
0.12973946332931519
0.11555428057909012
0.2719026803970337
0.5504435896873474
0.3543574810028076
0.2670176327228546
0.21649841964244843
0.238597109913826
0.5340526700019836
0.3000061810016632
0.11552075296640396
0.05826761946082115
0.09968172013759613
0.0690150037407875
0.04076378047466278
0.2551390528678894
0.1869315356016159
0.05932945758104324
0.04456163942813873
0.13937552273273468
0.1544446349143982
0.1727883517742157
0.175934299826622
0.07913651317358017
0.09722138941287994
0.06845597177743912
0.013818427920341492
0.05663377046585083
0.025250935927033424
0.27670595049858093
0.11941149830818176
0.4808340072631836
0.4044730067253113
0.052297357469797134
0.3021608889102936
0.3613893687725067
0.10565131157636642
0.06892614811658859
0.3738188147544861
0.08531246334314346
0.13353821635246277
0.2320350557565689
0.3746407628059387
0.19893872737884521
0.15441951155662537
0.2848733961582184
0.1695634424686432
0.3046373128890991
0.508935809135437
0.3826245069503784
0.37378108501434326
0.46255192160606384
0.17038625478744507
0.4291920065879822
0.5686127543449402
0.7159745693206787
0.45714208483695984
0.6997392773628235
0.5153379440307617
0.44287532567977905
0.23452717065811157
0.23288382589817047
0.4303813576698303
0.18429572880268097
0.49119308590888977
0.3584841787815094
0.3729112148284912
0.3518753945827484
0.4860735535621643
0.10102250427007675
0.1811300814151764
0.5034630298614502
0.4362391531467438
0.13133487105369568
0.28711098432540894
0.2762821912765503
0.3264037072658539
0.1658277064561844
0.16939674317836761
0.16912709176540375
0.19454021751880646
0.1289094239473343
0.15245641767978668
0.0792316272854805
0.10255049914121628
0.10665924847126007
