0.524924099445343
0.6124937534332275
0.6378185153007507
0.464839369058609
0.4614386558532715
0.630597710609436
0.3123186230659485
0.4397217333316803
0.5425828099250793
0.5237349271774292
0.4053429067134857
0.43220439553260803
0.39129889011383057
0.5763095021247864
0.5112481117248535
0.7764542698860168
0.7047788500785828
0.8445471525192261
0.8656339049339294
0.7898956537246704
0.8834171295166016
0.8477969169616699
0.6948072910308838
0.7690426707267761
0.5315579175949097
0.5930688381195068
0.6852966547012329
0.32931068539619446
0.49117863178253174
0.7267082929611206
0.7571696043014526
0.6288920640945435
0.5722880959510803
0.5263716578483582
0.5612085461616516
0.32437101006507874
0.6148905158042908
0.5067335963249207
0.5981646776199341
0.3669736385345459
0.5752676129341125
0.6455214023590088
0.6514700055122375
0.7111933827400208
0.5611953735351562
0.7587908506393433
0.26769381761550903
0.6154828667640686
0.47200876474380493
0.34579452872276306
0.4751723110675812
0.34628525376319885
0.5791884660720825
0.3972187042236328
0.6268247961997986
0.5775139927864075
0.47640901803970337
0.42081543803215027
0.44932854175567627
0.6542328000068665
0.7250924706459045
0.7760753035545349
0.618823766708374
0.8231630921363831
0.7181058526039124
0.6762417554855347
0.6765312552452087
0.5682453513145447
0.5356072783470154
0.623990535736084
0.5079447627067566
0.5830668807029724
0.5198999047279358
0.5463364720344543
0.49261024594306946
0.4889451265335083
0.5676693916320801
0.5749098062515259
0.6414167284965515
0.7409380078315735
0.6708781123161316
0.7279013991355896
0.6994877457618713
