0.6795101761817932
0.6887666583061218
0.30342283844947815
0.3315476179122925
0.2223181426525116
0.5209004878997803
0.2536553740501404
0.3639611601829529
0.2181307077407837
0.2392926961183548
0.433694064617157
0.5768658518791199
0.6990481615066528
0.4652553200721741
0.6404279470443726
0.20578747987747192
0.504416286945343
0.2239423394203186
0.5658438801765442
0.45256245136260986
0.723823606967926
0.6792170405387878
0.7696713209152222
0.8325017094612122
0.8947226405143738
0.8805543184280396
0.8618386387825012
0.8521636128425598
0.7660845518112183
0.47205638885498047
0.8039034605026245
0.4023212194442749
0.49720388650894165
0.6308701038360596
0.8210534453392029
0.8610504865646362
0.4649446904659271
0.2504785656929016
0.3214082717895508
0.7902802228927612
0.6639772653579712
0.4256538450717926
0.28943952918052673
0.6822060346603394
0.6828559041023254
0.3397159278392792
0.5279133915901184
0.7053395509719849
0.7289541363716125
0.6072252988815308
0.4780573844909668
0.6136768460273743
0.777229905128479
0.568452775478363
0.7130041122436523
0.8272698521614075
0.7989122867584229
0.8284719586372375
0.8654435873031616
0.7062448859214783
0.6339070200920105
0.4948981702327728
0.5542932152748108
0.6056324243545532
0.6312347650527954
0.7694107294082642
0.8486300706863403
0.40602514147758484
0.5471252202987671
0.8485643863677979
0.8429702520370483
0.40280139446258545
0.6532236337661743
0.7663188576698303
0.4491770565509796
0.31713932752609253
0.7295686602592468
0.8800480961799622
0.4807233214378357
0.5519669055938721
0.8848427534103394
0.8687677979469299
0.7026209235191345
0.8123422265052795
0.9146732687950134
0.8722413182258606
0.8777967691421509
0.8579033017158508
0.6808536648750305
0.904333233833313
0.7216994166374207
0.9174274802207947
0.7813442349433899
0.9231182932853699
0.8992091417312622
0.6035712957382202
0.6202272772789001
0.8179453611373901
0.8809662461280823
0.8522753715515137
0.8638474345207214
0.7902010679244995
0.9543982744216919
0.7813560962677002
0.8801403641700745
0.7034371495246887
0.8546618223190308
0.8114106059074402
0.8805601000785828
0.8794566988945007
0.508019745349884
0.791053056716919
0.8657280802726746
0.7608830332756042
0.5387166142463684
0.7745617032051086
0.7848976850509644
0.641484797000885
0.6378015875816345
0.8396971821784973
0.5897618532180786
0.3411884903907776
0.60905522108078
0.6544346213340759
0.39257413148880005
0.37877848744392395
0.6387500762939453
0.6186855435371399
0.19580087065696716
0.44057297706604004
0.7958443760871887
0.7694348096847534
0.37527742981910706
0.7782387137413025
0.5930998921394348
0.678941011428833
0.6895998120307922
0.6290166974067688
0.5783315300941467
0.5290805697441101
0.6850947737693787
0.565709114074707
0.5630539655685425
0.6566432118415833
0.5844023823738098
0.6478580832481384
0.4851675033569336
0.5031100511550903
0.46341413259506226
0.47091782093048096
0.8370586037635803
0.5884998440742493
0.7860451340675354
0.6945163607597351
0.403595894575119
0.7333357334136963
0.6070597767829895
0.6826618313789368
0.4575614035129547
0.6196951270103455
0.6866362690925598
0.7647730708122253
0.693114697933197
0.7938750386238098
0.7464693188667297
