0.6432822346687317
0.5134876370429993
0.6157699823379517
0.46675434708595276
0.2969648540019989
0.4776840806007385
0.2846021354198456
0.16916844248771667
0.19270093739032745
0.11123143136501312
0.12423547357320786
0.11090926080942154
0.09549494087696075
0.046182457357645035
0.06651430577039719
0.07799462974071503
0.12952402234077454
0.07349719107151031
0.0334947295486927
0.04625055193901062
0.04909166321158409
0.023602638393640518
0.023587489500641823
0.04155706241726875
0.03226940333843231
0.038044679909944534
0.03762869909405708
0.02727646380662918
0.0385357104241848
0.030346592888236046
0.026495149359107018
0.07909052819013596
0.16540487110614777
0.04506472125649452
0.10980736464262009
0.12863893806934357
0.07300937175750732
0.07043687254190445
0.39714038372039795
0.5059570074081421
0.13239844143390656
0.5516608357429504
0.8562068939208984
0.6278074383735657
0.5587893128395081
0.9347741007804871
0.8925132751464844
0.9016934633255005
0.8125491738319397
0.5700981020927429
0.4683263599872589
0.6381662487983704
0.6453607082366943
0.12320073693990707
0.25005966424942017
0.49629271030426025
0.2732803523540497
0.26166173815727234
0.10760395973920822
0.07320576906204224
0.16960804164409637
0.07323681563138962
0.03282638266682625
0.02567276544868946
0.05210549756884575
0.145011305809021
0.06451138854026794
0.05514119565486908
0.15272200107574463
0.03775370121002197
0.07488777488470078
0.06758804619312286
0.08710457384586334
0.0611656978726387
0.03885829448699951
0.04138306900858879
0.2936735153198242
0.3192558288574219
0.040762655436992645
0.10462945699691772
0.8556703925132751
0.2017299085855484
0.1207745224237442
0.5152614116668701
0.8106082081794739
0.35367220640182495
0.4583992063999176
0.921528160572052
0.9567089080810547
0.8170691132545471
0.6238757967948914
0.49441665410995483
0.3592933118343353
0.33525559306144714
0.2763656973838806
0.21988984942436218
0.032866206020116806
0.06880626827478409
0.09510599076747894
0.138447105884552
0.058003704994916916
0.02500699646770954
0.06189585477113724
0.2114705890417099
0.0785914957523346
0.022513186559081078
0.06454906612634659
0.13640724122524261
0.024345723912119865
0.057572271674871445
0.17725177109241486
0.16941381990909576
0.045354146510362625
0.12072062492370605
0.14652608335018158
0.25653210282325745
0.3742401897907257
0.0251172985881567
0.04235198348760605
0.500464916229248
0.5947296619415283
0.0615207739174366
0.22585085034370422
0.9238942265510559
0.3008479177951813
0.0963096171617508
0.7217469811439514
0.8463214635848999
0.1390276700258255
0.2628157436847687
0.9068185091018677
0.831040620803833
0.42805254459381104
0.28719863295555115
0.0883321762084961
0.12138451635837555
0.2025873064994812
0.1425609290599823
0.06650148332118988
0.11046310514211655
0.20740477740764618
0.21349643170833588
0.1196335181593895
0.40168777108192444
0.09891895204782486
0.353994756937027
0.25928735733032227
0.12628044188022614
0.18787039816379547
0.17582957446575165
0.3487173616886139
0.10702773928642273
0.13967761397361755
0.34971943497657776
0.21478520333766937
0.2862035930156708
0.1845961958169937
0.40098652243614197
0.7754830121994019
0.10906161367893219
0.10378182679414749
0.6092029213905334
0.8118159770965576
0.19474685192108154
0.16385026276111603
0.9448763728141785
0.4697006642818451
0.13854703307151794
0.6863571405410767
0.886256217956543
0.5289788246154785
0.21913082897663116
0.8163235783576965
0.6627971529960632
0.4274663031101227
0.2772788405418396
0.34840288758277893
0.27055904269218445
0.24260850250720978
0.09754141420125961
0.32845452427864075
0.12561099231243134
0.06608451902866364
0.27955976128578186
0.3033279478549957
0.1358712911605835
0.09626338630914688
0.07028878480195999
0.2198878973722458
0.20127072930335999
0.0631314143538475
0.06470219045877457
0.0930320993065834
0.08848810195922852
0.17227527499198914
0.3175141215324402
0.2284824103116989
0.39845195412635803
0.394707053899765
0.44142088294029236
0.6998242735862732
0.539776623249054
0.2801789939403534
0.5946568846702576
0.6360560655593872
0.05310700833797455
0.12672801315784454
0.25716450810432434
0.14915569126605988
0.038353387266397476
0.27901706099510193
0.35176220536231995
0.0842917263507843
0.07870439440011978
0.3062051236629486
0.4169308841228485
0.24352455139160156
0.1680886298418045
0.11735697835683823
0.07193651050329208
0.0993046909570694
0.11545467376708984
0.06612008064985275
0.0742587223649025
0.24714453518390656
0.09307678788900375
0.17745038866996765
0.18832062184810638
0.1029500737786293
0.0849185362458229
0.07584945112466812
0.11393830925226212
0.11247001588344574
0.17614370584487915
0.07085895538330078
0.12202652543783188
0.15645620226860046
0.2615674138069153
0.15312649309635162
0.12435892969369888
0.24875159561634064
0.19087305665016174
0.24759966135025024
0.3067030608654022
0.3721473515033722
0.34122148156166077
0.444521963596344
0.3969854414463043
0.3472992181777954
0.6297889351844788
0.33469438552856445
0.19567513465881348
0.3536154627799988
0.35826635360717773
0.07337898761034012
0.18955636024475098
0.29104170203208923
0.14821383357048035
0.10121171176433563
0.1827850490808487
0.2246270477771759
0.08719807118177414
0.18264327943325043
0.23952598869800568
