0.8419551849365234
0.8776850700378418
0.9002159237861633
0.7896879315376282
0.8040400743484497
0.7746593356132507
0.688607394695282
0.5279746651649475
0.527428925037384
0.4699748456478119
0.5858214497566223
0.4879523813724518
0.42594996094703674
0.46803686022758484
0.5424402952194214
0.4756229817867279
0.5545423030853271
0.7316951155662537
0.483321875333786
0.4409528076648712
0.6104243397712708
0.688885509967804
0.30435019731521606
0.5039856433868408
0.442217618227005
0.6366495490074158
0.6010938882827759
0.45006778836250305
0.6043133735656738
0.472053587436676
0.6199316382408142
0.711894154548645
0.6293078660964966
0.7490366697311401
0.7819526791572571
0.532535970211029
0.6475048661231995
0.772487461566925
0.7087464928627014
0.8345692157745361
0.8410935401916504
0.7173027396202087
0.7954404354095459
0.6857515573501587
0.5211146473884583
0.7379634976387024
0.7090892791748047
0.8350533843040466
0.9050045013427734
0.9119808673858643
0.8788190484046936
0.7535520792007446
0.8455786108970642
0.8323128819465637
0.5806730389595032
0.7585464119911194
0.375271737575531
0.7585693001747131
0.4287301301956177
0.7541946768760681
0.5854247212409973
0.4954833388328552
0.7228497862815857
0.652733564376831
0.7584353089332581
0.7234764099121094
0.6844795346260071
0.6106498837471008
0.5468572378158569
0.6438316702842712
0.6436637043952942
0.6230546832084656
0.6961561441421509
0.6183154582977295
0.7127597332000732
0.7580837607383728
0.8403282165527344
0.7915391325950623
0.6495499610900879
0.7173764705657959
0.7591395378112793
0.7016276717185974
0.7270360589027405
0.7201017141342163
0.5247761607170105
0.6390905976295471
0.8127655386924744
0.7332355976104736
0.5992724895477295
0.343364417552948
0.6109134554862976
0.4788200557231903
0.7027794122695923
0.39339059591293335
0.8890587687492371
0.6356536149978638
0.8256422877311707
0.8680802583694458
0.9392827153205872
0.8931162357330322
0.8292088508605957
0.8551943898200989
0.8162116408348083
0.7962576150894165
0.7628576755523682
0.864512026309967
0.7435886859893799
0.6275568604469299
0.7200018763542175
0.6124299764633179
0.6564639210700989
