0.35708895325660706
0.2313593178987503
0.4177223742008209
0.296852171421051
0.30264097452163696
0.2805144786834717
0.4611377716064453
0.33933770656585693
0.30121779441833496
0.4064358174800873
0.4638395309448242
0.377492755651474
0.4280284345149994
0.22652605175971985
0.2153286337852478
0.3671724498271942
0.5880926847457886
0.4332160949707031
0.514958918094635
0.7739885449409485
0.6482815146446228
0.6666831970214844
0.48542553186416626
0.6759202480316162
0.6554474234580994
0.5219085812568665
0.5125465393066406
0.4239450693130493
0.4766707420349121
0.5478584170341492
0.4588252305984497
0.41498056054115295
0.5825893878936768
0.6732383370399475
0.5904030799865723
0.6036704778671265
0.7118274569511414
0.683332085609436
0.6059331893920898
0.6323135495185852
0.5151212215423584
0.6590263247489929
0.7289673686027527
0.6915756464004517
0.6565669178962708
0.6066043972969055
0.7644469141960144
0.5627539753913879
0.6329713463783264
0.47887590527534485
0.6212444305419922
0.58150315284729
0.6370700001716614
0.6284883618354797
0.6737590432167053
0.24330687522888184
0.3637363016605377
0.19690339267253876
0.2272930145263672
0.26497069001197815
0.20112037658691406
0.3411189913749695
0.21422593295574188
0.6114791035652161
0.2649688422679901
0.3730924427509308
0.6232507824897766
0.19428442418575287
0.32383352518081665
0.36901313066482544
0.48890453577041626
0.3506524860858917
0.33895227313041687
0.5377652049064636
0.21485432982444763
0.40087011456489563
0.1448860615491867
0.10916446149349213
0.41741564869880676
0.2092454731464386
0.11566019058227539
0.346500426530838
0.2614833414554596
0.2924819886684418
0.5077548623085022
0.6670921444892883
0.7022140622138977
0.7699127197265625
0.5226433277130127
0.3785029351711273
0.5532181859016418
0.3634946644306183
0.42214423418045044
0.28025108575820923
0.6862519979476929
0.7536520957946777
0.49240002036094666
0.6486721038818359
0.785834550857544
0.7343531250953674
0.36891427636146545
0.29946961998939514
0.6629667282104492
0.6980476379394531
0.7210696935653687
0.5205555558204651
0.44678014516830444
0.6761524081230164
0.6404629349708557
0.41942164301872253
0.3769426643848419
0.23259401321411133
0.2781457304954529
0.5573104023933411
0.5426991581916809
0.6837475895881653
0.7567074298858643
0.5978149771690369
0.6165779232978821
0.5254396200180054
0.7403993010520935
0.6203157901763916
0.7282039523124695
0.6092098355293274
0.7175562977790833
0.42362290620803833
0.6382902264595032
0.5756819844245911
0.5786344408988953
0.6169973015785217
0.42529115080833435
0.5298680067062378
0.39022910594940186
0.6404154300689697
0.5947678685188293
0.577585756778717
0.64425128698349
0.6067116856575012
0.3706478774547577
0.5244719982147217
0.47109371423721313
0.6194175481796265
0.5920990109443665
0.6554385423660278
0.6456934213638306
0.37176966667175293
0.6208874583244324
0.5801622867584229
0.3483477234840393
0.4573839604854584
0.5076581835746765
0.5554304718971252
0.4580516219139099
0.446037232875824
0.33018940687179565
0.6171361804008484
0.6374686360359192
0.7318739295005798
0.6285689473152161
0.6559223532676697
0.8006550073623657
0.4456113278865814
0.6753396987915039
0.3372404873371124
0.23964428901672363
0.26733827590942383
0.47346946597099304
0.18865461647510529
0.4239942133426666
0.3292596638202667
0.6820894479751587
0.4948658347129822
0.7769059538841248
0.7335015535354614
