0.2113756239414215
0.7089555263519287
0.5891388058662415
0.6954345703125
0.7584127187728882
0.6776981949806213
0.6225642561912537
0.4975682497024536
0.5203576683998108
0.6423664689064026
0.6594231128692627
0.5050860643386841
0.7317020893096924
0.4904504418373108
0.10683826357126236
0.0769142284989357
0.11184023320674896
0.1099972054362297
0.25569847226142883
0.1281306892633438
0.11163631826639175
0.11545336246490479
0.11634491384029388
0.10584902763366699
0.1732734739780426
0.22251065075397491
0.17708052694797516
0.12134194374084473
0.17359031736850739
0.12525136768817902
0.304796040058136
0.17936639487743378
0.06537289917469025
0.14577673375606537
0.3078277111053467
0.06693799048662186
0.15421132743358612
0.5114938616752625
0.2782410681247711
0.15391290187835693
0.5081494450569153
0.6958130598068237
0.5504122376441956
0.4984120726585388
0.6862289905548096
0.28663283586502075
0.33858075737953186
0.23754021525382996
0.2547040283679962
0.2963367998600006
0.2802838981151581
0.2171487808227539
0.3949436545372009
0.3162258565425873
0.21162237226963043
0.2566099166870117
0.27112749218940735
0.11351539194583893
0.09237495809793472
0.12736716866493225
0.09085085242986679
0.31086465716362
0.23527367413043976
0.10873989015817642
0.2532014846801758
0.11938712745904922
0.24396133422851562
0.20789915323257446
0.14848776161670685
0.19596265256404877
0.27158939838409424
0.3042127192020416
0.31021544337272644
0.23308999836444855
0.3050282299518585
0.12296491116285324
0.10663416236639023
0.05322639271616936
0.07865602523088455
0.04651550576090813
0.12548404932022095
0.041566673666238785
0.12673428654670715
0.13659906387329102
0.13334470987319946
0.16683779656887054
0.16420751810073853
0.08012205362319946
0.12889833748340607
0.06942758709192276
0.1352587342262268
0.03419249877333641
0.06169142201542854
0.12990178167819977
0.16281047463417053
0.06022033467888832
0.13486944139003754
0.1452377736568451
0.06613639742136002
0.19452090561389923
0.34586262702941895
0.2888719141483307
0.22871142625808716
0.13598942756652832
0.2538421154022217
0.27797070145606995
0.31896254420280457
0.19176247715950012
0.3387390077114105
0.4896294176578522
0.39967942237854004
0.5916686654090881
0.2679840326309204
0.18237540125846863
0.2445811778306961
0.09181483834981918
0.39192238450050354
0.7153086066246033
0.17109079658985138
0.6691811084747314
0.8040516972541809
0.42934074997901917
0.09858682006597519
0.5007778406143188
0.5607284903526306
0.0975036546587944
0.11956121027469635
0.4536219835281372
0.39807483553886414
0.09281056374311447
0.23386533558368683
0.37880757451057434
0.34703582525253296
0.4617116153240204
0.5228686928749084
0.5780029892921448
0.5782894492149353
0.5486139059066772
0.1811215579509735
0.2832152247428894
0.2946743071079254
0.6775293946266174
0.22211603820323944
0.21477319300174713
0.08798281103372574
0.023980658501386642
0.08776400238275528
0.09510568529367447
0.14127549529075623
0.16653960943222046
0.18044544756412506
0.24790000915527344
0.14745333790779114
0.13086016476154327
0.23192735016345978
0.1965988576412201
0.10989093035459518
0.10212462395429611
0.1289016753435135
0.018494898453354836
0.14357496798038483
0.0936238244175911
0.10232249647378922
0.38430655002593994
0.5551207065582275
0.40447574853897095
0.2820574641227722
0.6006534695625305
0.4721633195877075
0.4737737476825714
0.5090230107307434
0.29029759764671326
0.10222243517637253
0.17332443594932556
0.20487649738788605
0.06840668618679047
0.13811078667640686
0.30608394742012024
0.4791897237300873
0.07066024094820023
0.4695914089679718
0.1697569638490677
0.022282922640442848
0.03452261537313461
0.07604978233575821
0.05276993289589882
0.09467453509569168
0.09426219016313553
0.055173564702272415
0.06552198529243469
0.0458819754421711
0.012200755067169666
0.02793755568563938
0.07117602974176407
0.19533702731132507
0.1377962976694107
0.42256617546081543
0.2574855387210846
0.2823871970176697
0.29664579033851624
0.3963412344455719
0.2314407378435135
0.13737542927265167
0.04493711143732071
0.1029730960726738
0.03785542771220207
0.06497267633676529
0.09694339334964752
0.22488141059875488
0.21590308845043182
0.289013534784317
0.13952457904815674
0.14109237492084503
0.27125704288482666
0.17864882946014404
0.36910873651504517
0.18336869776248932
0.16628479957580566
0.24578867852687836
0.46973076462745667
0.45613622665405273
0.5417402982711792
0.6353808641433716
0.1558329313993454
0.2703418731689453
0.2528286576271057
0.051224011927843094
0.04786289855837822
0.03742394596338272
0.026734817773103714
0.06993210315704346
0.04728773236274719
0.021549241617321968
0.04261515289545059
0.036206383258104324
0.023573197424411774
0.020908916369080544
0.09746000915765762
0.08925342559814453
0.34041866660118103
0.38668113946914673
0.40681594610214233
0.2793923616409302
0.2237221896648407
0.24300332367420197
0.2721436619758606
0.11910603195428848
0.02950192801654339
0.32217738032341003
0.043385572731494904
0.044603630900382996
0.07134219259023666
0.09924715012311935
0.10065989196300507
0.20006415247917175
0.09725882112979889
0.1531575471162796
0.227859765291214
0.3118743598461151
0.31907856464385986
0.059427354484796524
0.1260719895362854
0.25650832056999207
0.12093346565961838
0.3528512418270111
0.22797420620918274
0.3210826516151428
0.08960382640361786
0.37685856223106384
0.4056408405303955
0.04864318668842316
0.03263017162680626
0.03709978982806206
0.09305066615343094
0.16691669821739197
0.06497370451688766
0.02614261955022812
0.05835406109690666
0.05359449237585068
0.008369279094040394
0.026412220671772957
0.04582293704152107
0.103334441781044
0.10158485919237137
0.36447644233703613
0.25338253378868103
0.26023203134536743
0.23078325390815735
0.4179816246032715
0.24122555553913116
0.1612977832555771
0.03014468587934971
0.1403382569551468
0.06762140244245529
0.03066711314022541
0.06888209283351898
0.08646149188280106
0.12924905121326447
0.11334428936243057
0.08771458268165588
0.09120429307222366
0.08975039422512054
0.24614448845386505
0.36649537086486816
0.1758783608675003
0.14378264546394348
0.5658860802650452
0.22930052876472473
0.2782492935657501
0.39505186676979065
0.26563429832458496
0.09153060615062714
0.3488384783267975
0.32904231548309326
0.056593816727399826
0.14442797005176544
0.056595735251903534
0.2029196172952652
0.42452383041381836
0.4061545431613922
0.0950649157166481
0.2501821517944336
0.2140483856201172
0.01954665035009384
0.07009074836969376
0.04467204585671425
0.24054434895515442
0.15997815132141113
0.27037838101387024
0.4459468126296997
0.3498575687408447
0.42459866404533386
0.4161910116672516
0.5291876792907715
0.3211800158023834
0.0861712098121643
0.12433726340532303
0.19898411631584167
0.09498463571071625
0.20094989240169525
0.1567801535129547
0.19169233739376068
0.31887534260749817
0.1561882644891739
0.20050422847270966
0.2882671356201172
0.49818310141563416
0.5218083262443542
0.3438194990158081
0.3050059676170349
0.5915170311927795
0.4952130913734436
0.7068597674369812
0.7043852806091309
0.2820284962654114
0.6187975406646729
0.3245977461338043
0.11296676099300385
0.210590198636055
0.23043914139270782
0.3785633146762848
0.48408031463623047
0.3669130802154541
0.3109928369522095
0.6038830876350403
0.5863330364227295
0.07191202789545059
0.25457897782325745
0.32717186212539673
0.2886885702610016
0.3721486032009125
0.551121711730957
0.5732712149620056
0.5172455906867981
0.5456726551055908
0.3785568177700043
0.22299358248710632
0.3329482078552246
0.2101137489080429
0.37469881772994995
0.5444403886795044
0.28814515471458435
0.5464107394218445
0.5546613335609436
0.7765797972679138
0.47890397906303406
0.7937586307525635
0.5151925086975098
0.5840401649475098
0.5519362688064575
0.6096704006195068
0.4389576315879822
0.6431353688240051
0.4764268696308136
0.6200567483901978
0.35845279693603516
0.2295294553041458
0.308506041765213
0.11700526624917984
0.3174522817134857
0.2692367434501648
0.07033494114875793
0.0692308247089386
0.2482011616230011
0.22110728919506073
0.24738164246082306
0.570773720741272
0.6586027145385742
0.3968300223350525
0.5231744050979614
0.38787364959716797
0.4126305878162384
