0.11354611814022064
0.06637454777956009
0.05419187620282173
0.1743786782026291
0.24583585560321808
0.19717642664909363
0.15160126984119415
0.2938199043273926
0.28149473667144775
0.1630065143108368
0.2054297775030136
0.152208149433136
0.13536830246448517
0.3916705846786499
0.17556922137737274
0.18929830193519592
0.19134047627449036
0.3008840084075928
0.26534074544906616
0.17185929417610168
0.3662221133708954
0.30173587799072266
0.23048312962055206
0.41260862350463867
0.2837580442428589
0.49636310338974
0.7975477576255798
0.8755337595939636
0.6510143280029297
0.5949557423591614
0.49607351422309875
0.3632630407810211
0.3515888750553131
0.3608342707157135
0.16822059452533722
0.23224711418151855
0.055302318185567856
0.17848367989063263
0.1517612338066101
0.17020276188850403
0.1588321179151535
0.13708683848381042
0.0763690397143364
0.0879601314663887
0.22543886303901672
0.15926702320575714
0.14554184675216675
0.39751625061035156
0.5058870911598206
0.7445437908172607
0.7599990963935852
0.6365833878517151
0.400667667388916
0.42072051763534546
0.2836652100086212
0.5679349303245544
0.3369741141796112
0.5471480488777161
0.3716931641101837
0.3145071864128113
0.19746863842010498
0.1995760202407837
0.1569347083568573
0.3968746066093445
0.3514058291912079
0.37676653265953064
0.5925397872924805
0.6546962261199951
0.3339606821537018
0.42229634523391724
0.6748999357223511
0.12860627472400665
0.47849416732788086
0.573286771774292
0.30106592178344727
0.17381666600704193
0.09339175373315811
0.19149786233901978
0.1758318692445755
0.28221726417541504
0.2727086842060089
0.0778321847319603
0.29049021005630493
0.14011602103710175
0.153894305229187
0.08361982554197311
0.28572407364845276
0.20597359538078308
0.42981648445129395
0.38460999727249146
0.7615317106246948
0.34032291173934937
0.6723533272743225
0.864506185054779
0.7845480442047119
0.840307891368866
0.9293426871299744
0.5217504501342773
0.7895392179489136
0.21337273716926575
0.2659508287906647
0.0368698351085186
0.09061459451913834
0.03873181715607643
0.22522227466106415
