0.31233760714530945
0.2656390368938446
0.3684001863002777
0.39724618196487427
0.40482625365257263
0.5170630812644958
0.48504167795181274
0.5989125967025757
0.6840198636054993
0.7243608832359314
0.7050992250442505
0.6891988515853882
0.8154792785644531
0.8847478032112122
0.7101708054542542
0.6858313083648682
0.856837809085846
0.8901443481445312
0.747606098651886
0.7684810757637024
0.8153194189071655
0.8445814847946167
0.7446973919868469
0.6082309484481812
0.732196033000946
0.6609964370727539
0.46184656023979187
0.7638864517211914
0.6849088668823242
0.5063158273696899
0.4693494439125061
0.1421135663986206
0.17713959515094757
0.11803849786520004
0.34030741453170776
0.027846157550811768
0.08391853421926498
0.5765226483345032
0.053974706679582596
0.0921105369925499
0.2673161029815674
0.32853996753692627
0.20798566937446594
0.18714521825313568
0.14488716423511505
0.14297939836978912
0.08481066673994064
0.054080862551927567
0.025476820766925812
0.05670299008488655
0.10206298530101776
0.29813599586486816
0.2070373147726059
0.06709615141153336
0.20812511444091797
0.17478401958942413
0.04854460060596466
0.08243542909622192
0.06480798125267029
0.01890798844397068
0.020195677876472473
0.12685313820838928
0.08969824016094208
0.01231673825532198
0.04062926396727562
0.13703489303588867
0.05759449675679207
0.04061122238636017
0.09791454672813416
0.12550121545791626
0.079620860517025
0.04859449341893196
0.038565199822187424
0.04509422183036804
0.12278846651315689
0.07184167951345444
0.24561816453933716
0.22203242778778076
0.25656765699386597
0.4355835020542145
0.23694007098674774
0.41196826100349426
0.6022348403930664
0.49634137749671936
0.12025764584541321
0.6557568907737732
0.610076904296875
0.19224508106708527
0.20321597158908844
0.4370330274105072
0.4087929129600525
0.23437397181987762
0.15619194507598877
0.40649887919425964
0.43780896067619324
0.18403440713882446
0.26671102643013
0.12030097097158432
0.18626251816749573
0.2900225818157196
0.17847149074077606
0.5246837139129639
0.31026309728622437
0.572588324546814
0.2923794388771057
0.5285845398902893
0.4442533552646637
0.42673635482788086
0.4247991442680359
0.4162294864654541
0.5246148705482483
0.21442633867263794
0.4325903356075287
0.42103174328804016
0.4941040575504303
0.5337026119232178
0.2511458396911621
0.5119332075119019
0.23597730696201324
0.590362012386322
0.711520791053772
0.5839422345161438
0.5323606133460999
0.7295379638671875
0.629028856754303
0.22006432712078094
0.443403959274292
0.5365744233131409
0.3781720697879791
0.2750082015991211
0.396429181098938
0.4102555811405182
0.22029466927051544
0.18547597527503967
0.340793639421463
0.5340909957885742
0.3555026948451996
0.09604864567518234
0.18546606600284576
0.570973813533783
0.5224946141242981
0.05803866684436798
0.24688182771205902
0.5429753661155701
0.4627567529678345
0.19791139662265778
0.44016793370246887
0.09371355921030045
0.1961095929145813
0.06898599863052368
0.32055097818374634
0.05282384529709816
0.15460482239723206
0.05318212881684303
0.5152456164360046
0.32069841027259827
0.7227805852890015
0.5202458500862122
0.6185637712478638
0.6904647946357727
0.6041965484619141
0.5450365543365479
0.9113026857376099
0.87132328748703
0.9008007049560547
0.8253448605537415
0.7973253726959229
0.6267147064208984
0.5779483914375305
0.7720573544502258
0.8181244730949402
0.9178992509841919
0.8469218015670776
0.587134599685669
0.562463104724884
0.4010254442691803
0.6637675166130066
0.18623097240924835
0.3795308470726013
0.08216426521539688
0.06939680129289627
0.27210330963134766
0.7097092866897583
0.23299162089824677
0.40922871232032776
0.6921346783638
0.7347292304039001
0.2404450923204422
0.16949708759784698
0.5754470229148865
0.493795245885849
0.12169289588928223
0.10665515810251236
0.5638354420661926
0.4161597788333893
0.2996504604816437
0.23787003755569458
0.2079365849494934
0.4545968472957611
0.3338924050331116
0.10373128205537796
0.22218330204486847
0.17514969408512115
0.4839693307876587
0.6358973383903503
0.6837121248245239
0.642764151096344
0.47815418243408203
0.742766797542572
0.5570667386054993
0.1487942785024643
0.22476980090141296
0.20790022611618042
0.5014188885688782
0.5420733690261841
0.6991732716560364
0.4176067113876343
0.5347843766212463
0.7603421807289124
0.7912827134132385
0.8239274621009827
0.9001791477203369
0.8465262651443481
0.8094161152839661
0.7090135216712952
0.8544448018074036
0.8048163652420044
0.684607744216919
0.6399882435798645
