0.24496105313301086
0.1833724081516266
0.29588958621025085
0.26103726029396057
0.1288261115550995
0.33589062094688416
0.08668879419565201
0.3019469380378723
0.13790076971054077
0.363810271024704
0.09392746537923813
0.29909777641296387
0.33090952038764954
0.2652159631252289
0.31837835907936096
0.4098278284072876
0.47840848565101624
0.38069602847099304
0.5187353491783142
0.4840222895145416
0.4500410258769989
0.43989816308021545
0.4502735137939453
0.5379628539085388
0.6070659756660461
0.6711499094963074
0.43042027950286865
0.42383089661598206
0.48860207200050354
0.37773337960243225
0.26965728402137756
0.2692692279815674
0.46282345056533813
0.18286235630512238
0.1349778175354004
0.2507922947406769
0.381465882062912
0.2286919802427292
0.41932737827301025
0.3557465970516205
0.30257368087768555
0.3110436797142029
0.18922199308872223
0.36847931146621704
0.2261558324098587
0.3613244593143463
0.3525666892528534
0.09837649017572403
0.2424272745847702
0.3647724688053131
0.2581641972064972
0.2463873028755188
0.3677613139152527
0.3199416697025299
0.2053743153810501
0.19984155893325806
0.3376653790473938
0.24988718330860138
0.42532071471214294
0.30277201533317566
0.4669942259788513
0.42945241928100586
0.31384506821632385
0.27351656556129456
0.5324094295501709
0.4880055785179138
0.5231403708457947
0.5684672594070435
0.520069420337677
0.47753143310546875
0.35949286818504333
0.31440985202789307
0.3712688982486725
0.37272772192955017
0.15629519522190094
0.3757275342941284
0.3736959993839264
0.25494298338890076
0.4157661199569702
0.28396913409233093
0.2788614332675934
0.5780520439147949
0.45368555188179016
0.7807430028915405
0.7234818339347839
0.7865931391716003
0.42137986421585083
0.5345215797424316
0.5417500138282776
0.6969375014305115
0.7523965239524841
0.6951974034309387
0.5709524750709534
0.5297945737838745
0.6254498362541199
0.6758430600166321
0.4955361783504486
0.6497838497161865
0.6864893436431885
0.662333071231842
0.546078622341156
0.5460598468780518
0.627191960811615
0.5406185984611511
0.742733359336853
0.7594466209411621
0.5621692538261414
0.40870052576065063
0.539372444152832
0.44494518637657166
0.36747416853904724
0.2161964327096939
0.4957585334777832
0.5142458081245422
0.5334713459014893
0.6573088765144348
0.5542738437652588
0.51552814245224
0.4851210415363312
0.5561851859092712
0.6701963543891907
0.5232836008071899
0.6411178708076477
0.7218858599662781
0.6106502413749695
0.6816854476928711
0.8029484748840332
