0.8624483942985535
0.8736174702644348
0.7316445112228394
0.8458590507507324
0.82501220703125
0.47984886169433594
0.6979319453239441
0.5748627781867981
0.4451642632484436
0.3035634756088257
0.27274030447006226
0.4103269577026367
0.4244694113731384
0.11374416947364807
0.589691162109375
0.46946975588798523
0.5663970708847046
0.5508360862731934
0.5735067129135132
0.6058071255683899
0.7793639898300171
0.7805399894714355
0.7986343502998352
0.8402542471885681
0.8598073124885559
0.8626273274421692
0.7882159948348999
0.9232946038246155
0.758800745010376
0.8218809962272644
0.7207651734352112
0.6831710338592529
0.816573977470398
0.847409725189209
0.9301802515983582
0.9255803227424622
0.9577537178993225
0.9648895263671875
0.9507842659950256
0.9613121747970581
0.9336422085762024
0.9456189274787903
0.8247169256210327
0.9041500091552734
0.5784941911697388
0.9107027053833008
0.36227208375930786
0.785529613494873
0.38988637924194336
0.45813655853271484
0.5144285559654236
0.6172626614570618
0.44569769501686096
0.4676380157470703
0.3489183783531189
0.3390602171421051
0.7587938904762268
0.834053635597229
0.8838131427764893
0.7342637181282043
0.9190486073493958
0.8725079298019409
0.8507647514343262
