0.6754986643791199
0.6168108582496643
0.6540579795837402
0.600153386592865
0.619274377822876
0.49534693360328674
0.4635375440120697
0.37020984292030334
0.471646785736084
0.4951651990413666
0.5685132145881653
0.5523943901062012
0.5585108399391174
0.5091207027435303
0.2813746929168701
0.46095773577690125
0.5712916851043701
0.4182581603527069
0.5817444324493408
0.5623967051506042
0.5911136865615845
0.5692628026008606
0.4751148819923401
0.6463599801063538
0.7417874932289124
0.5433170199394226
0.7209017276763916
0.7111363410949707
0.7266924977302551
0.7895029187202454
0.7557430863380432
0.8169079422950745
0.5732998251914978
0.622748851776123
0.744210422039032
0.7840517163276672
0.7220152020454407
0.8272032737731934
0.7730801701545715
0.9229639172554016
0.8661099672317505
0.8392924666404724
0.7964956164360046
0.7641985416412354
0.8133338093757629
0.7444770932197571
0.7048179507255554
0.6923298239707947
0.8468210697174072
0.6686868667602539
0.7751792073249817
0.5362322330474854
0.7189971804618835
0.7020356059074402
0.6257951855659485
0.5824015140533447
0.43508628010749817
0.5777485370635986
0.5718243718147278
0.6853759288787842
0.6679388880729675
0.6117308735847473
0.7396379709243774
0.6925219297409058
0.798438549041748
0.5271371603012085
0.6553924679756165
0.4230651259422302
0.7207939028739929
0.41222041845321655
0.5098938345909119
0.6106356382369995
0.5597628951072693
0.7794402241706848
0.6446976065635681
0.7173249125480652
0.6032112240791321
0.7097057700157166
0.4707900285720825
0.4910055696964264
0.5175787210464478
0.512895405292511
0.5375621914863586
0.829818606376648
0.85872483253479
0.8771756291389465
0.7374305725097656
0.7251527309417725
0.5819393992424011
0.4395848214626312
0.6109504699707031
0.37188392877578735
0.5188153982162476
0.5415299534797668
0.5484398007392883
0.5772365927696228
