0.7297228574752808
0.6419498920440674
0.7207693457603455
0.3067149817943573
0.8582812547683716
0.3479752838611603
0.6754122972488403
0.5386683940887451
0.7186319828033447
0.7949759364128113
0.7097097635269165
0.7544121146202087
0.8348511457443237
0.7003117799758911
0.8391464352607727
0.6698154211044312
0.7732048630714417
0.3349924683570862
0.7627805471420288
0.7072736024856567
0.5853630900382996
0.4879509508609772
0.3994799256324768
0.3286464512348175
0.7058590054512024
0.478292316198349
0.4009960889816284
0.6167110204696655
0.6010187268257141
0.8093864321708679
0.6468939781188965
0.6001582741737366
0.737883985042572
0.8338420987129211
0.81541907787323
0.6468911170959473
0.7256819605827332
0.7572714686393738
0.6830859780311584
0.8379247188568115
0.8655131459236145
0.6281925439834595
0.6555334329605103
0.44062185287475586
0.5720110535621643
0.5944476127624512
0.45250245928764343
0.5153307318687439
0.5642254948616028
0.522881805896759
0.5511230230331421
0.5004541277885437
0.3716273009777069
0.541205108165741
0.4821288287639618
0.6495438814163208
0.7813917994499207
0.5610225796699524
0.6006282567977905
0.7343519926071167
0.5676040649414062
0.4264738857746124
0.5986891984939575
0.2553938627243042
0.47578516602516174
0.638853907585144
0.47080543637275696
0.6658768653869629
0.6558883786201477
0.5061191916465759
0.6728243827819824
0.3072081506252289
0.5892870426177979
0.45533624291419983
0.7613451480865479
0.8775496482849121
0.8516817688941956
