0.6391769051551819
0.6328194737434387
0.6052997708320618
0.5547388195991516
0.5934534072875977
0.8506448864936829
0.607807457447052
0.8180810809135437
0.417560338973999
0.6740837693214417
0.18672645092010498
0.6186812520027161
0.2297755926847458
0.6999722719192505
0.6183669567108154
0.6923449635505676
0.6480452418327332
0.3441852629184723
0.19772441685199738
0.25485169887542725
0.22201049327850342
0.11242283880710602
0.0367739275097847
0.08520424365997314
0.0712219625711441
0.1074700728058815
0.09526467323303223
0.3703744113445282
0.13465653359889984
0.22402460873126984
0.30099472403526306
0.4196287989616394
0.5167883038520813
0.3550551235675812
0.399541974067688
0.7958765029907227
0.7553308606147766
0.7522329688072205
0.844619631767273
0.422867089509964
0.7679002285003662
0.6062778234481812
0.7726370692253113
0.7677695155143738
0.8262304663658142
0.8628278374671936
0.9254188537597656
0.7393689155578613
0.6558704972267151
0.38520970940589905
0.6088801026344299
0.13715791702270508
0.6519530415534973
0.13863542675971985
0.8489843606948853
0.4771355986595154
0.7134667634963989
0.29999297857284546
0.41942015290260315
0.6638982892036438
0.6403368711471558
0.4880000352859497
0.3707132339477539
0.5557723045349121
0.8074079751968384
0.7488645315170288
0.4359699785709381
0.21653182804584503
0.6684594750404358
0.5539259314537048
0.21298058331012726
0.14411661028862
0.5585982799530029
0.3543257713317871
0.228616401553154
0.5563057065010071
0.4387529790401459
0.17539235949516296
0.185603529214859
0.7938302159309387
0.8341167569160461
0.6034799218177795
0.9327501654624939
0.9343780875205994
0.8885823488235474
0.9371957778930664
0.9228143692016602
0.91456139087677
0.8175738453865051
0.8313336968421936
