0.3654734492301941
0.3826546370983124
0.40034639835357666
0.43377867341041565
0.2672435939311981
0.5198662877082825
0.09957930445671082
0.21733497083187103
0.05583225563168526
0.0817062258720398
0.03362426534295082
0.07781080156564713
0.03447163477540016
0.2329237014055252
0.6225336194038391
0.30540895462036133
0.04501320794224739
0.048883434385061264
0.06611765921115875
0.3992513120174408
0.2629748582839966
0.05300002545118332
0.10587525367736816
0.2591933608055115
0.3614726662635803
0.18597568571567535
0.3483726978302002
0.6526261568069458
0.6419231295585632
0.40571120381355286
0.4656473398208618
0.5831339955329895
0.5938489437103271
0.2859565317630768
0.5194600224494934
0.5236453413963318
0.17157278954982758
0.37103500962257385
0.47523123025894165
0.4610706567764282
0.3126516342163086
0.4136282205581665
0.49621477723121643
0.5136988162994385
0.2194432020187378
0.2955157458782196
0.5541831851005554
0.6227341890335083
0.6118007898330688
0.6702588200569153
0.4479644000530243
0.6018540859222412
0.4951450526714325
0.6428736448287964
0.6871132850646973
0.4217355251312256
0.48575836420059204
0.15948808193206787
0.26736101508140564
0.4324776828289032
0.336879163980484
0.21123023331165314
0.31262314319610596
0.3079666197299957
0.23484475910663605
0.5072278380393982
0.5642644762992859
0.6270086765289307
0.6160977482795715
0.6463069319725037
0.351052850484848
0.7388623952865601
0.6560971736907959
0.7667354345321655
0.7643619775772095
0.8308436274528503
0.5787404775619507
0.6176887154579163
0.2804344594478607
0.42831069231033325
0.06664083153009415
0.17076054215431213
0.13378311693668365
0.1603265255689621
0.36862826347351074
0.13955166935920715
0.32707715034484863
0.08305484801530838
0.30216026306152344
0.26653215289115906
0.17361494898796082
0.5831404328346252
0.5462543368339539
0.7241514325141907
0.7145593762397766
0.6690422892570496
0.5696547031402588
0.514029324054718
0.4580371081829071
0.6778748631477356
0.5144937634468079
0.3556935787200928
0.532555341720581
0.4770820438861847
0.7054262161254883
0.6539596319198608
0.6017091870307922
0.20771707594394684
0.17729319632053375
0.05815035104751587
0.059412676841020584
0.02187168039381504
0.042318083345890045
0.02137734927237034
0.044707462191581726
0.034035321325063705
0.017279164865612984
0.056279055774211884
0.44279518723487854
0.33012324571609497
0.15083366632461548
0.2983986735343933
0.693554162979126
0.35798007249832153
0.17946627736091614
0.39784350991249084
0.5668389797210693
0.755964994430542
0.7165001034736633
0.47156646847724915
0.6368196606636047
0.2229008674621582
0.6654525995254517
0.7138481736183167
0.3322525918483734
0.20119494199752808
0.7996420860290527
0.6646544933319092
0.31910306215286255
0.6796295046806335
0.7506920695304871
0.6363301873207092
0.6231948137283325
0.4356285631656647
0.7642255425453186
0.10828573256731033
0.0618850514292717
0.029283590614795685
0.019668355584144592
0.012130375020205975
0.021078646183013916
0.03401930630207062
0.0849367007613182
0.02810240164399147
0.26078125834465027
0.23903948068618774
0.07502889633178711
0.13983014225959778
0.0884227529168129
0.052921608090400696
0.0574670247733593
0.06968001276254654
0.18529048562049866
0.06258262693881989
0.09985198825597763
0.3285129964351654
0.061221301555633545
0.12144672870635986
0.34882602095603943
0.3461577892303467
0.0683698058128357
0.16611123085021973
0.47072798013687134
0.29144859313964844
0.09548971801996231
0.44104382395744324
0.7181713581085205
0.5925414562225342
0.4742051362991333
0.43821409344673157
0.3685510754585266
0.07515034824609756
0.15981075167655945
0.09999404847621918
0.07616844028234482
0.025504887104034424
0.06815196573734283
0.022641658782958984
0.050187863409519196
0.05031146481633186
0.0660492479801178
0.12102397531270981
0.581345796585083
0.37984660267829895
0.143876314163208
0.03398684412240982
0.02809334732592106
0.09624479711055756
0.22369875013828278
0.2389424592256546
0.04704536870121956
0.014932498335838318
0.09221045672893524
0.05683641508221626
0.015987223014235497
0.0906737670302391
0.18569695949554443
0.05995117872953415
0.10901248455047607
0.02392994798719883
0.021824458613991737
0.04113953188061714
0.028011299669742584
0.06158481165766716
0.058635368943214417
0.14978714287281036
0.1297200620174408
0.06632625311613083
0.04383515566587448
0.018708379939198494
0.027471406385302544
0.0172566007822752
0.03696084022521973
0.018110200762748718
0.03505726158618927
0.08494406938552856
0.026970285922288895
0.010301302187144756
0.03127463161945343
0.08131077885627747
0.02445056475698948
0.08971752971410751
0.07927017658948898
0.2536067068576813
0.2610105574131012
0.2184356451034546
0.3941401541233063
0.11332853883504868
0.21216756105422974
0.25123611092567444
0.19473007321357727
0.15375563502311707
0.10708284378051758
0.11735909432172775
0.24168984591960907
0.19750462472438812
0.21752353012561798
0.6735533475875854
0.7102711796760559
0.33688655495643616
0.6735773682594299
0.5728956460952759
0.6286771893501282
0.6811631321907043
0.6941496133804321
0.6378769874572754
0.21729132533073425
0.16452743113040924
0.22305279970169067
0.1524437665939331
0.43323272466659546
0.10997986793518066
0.554629385471344
0.0780797079205513
0.24032142758369446
0.16220606863498688
0.04544411972165108
0.18964883685112
0.1185336485505104
0.3233151435852051
0.269794225692749
0.38160285353660583
0.2736892104148865
0.25883808732032776
0.07383765280246735
0.11331668496131897
0.13175202906131744
0.1541396677494049
0.39922818541526794
0.35741081833839417
0.18023011088371277
0.24367809295654297
0.2901178002357483
0.2120506465435028
0.47758784890174866
0.12800998985767365
0.5392313003540039
0.4732133150100708
0.1185864582657814
0.5955703258514404
0.4334391951560974
0.8835085034370422
0.7968319058418274
0.5753172636032104
0.5614158511161804
0.38203683495521545
0.44217440485954285
0.38188880681991577
0.09257353097200394
0.4181097149848938
0.14760993421077728
0.4049266278743744
0.41699132323265076
0.6804437637329102
0.1649361401796341
0.2545919418334961
0.275122731924057
0.4214872717857361
0.27348652482032776
0.6377582550048828
0.575031578540802
0.2760542929172516
0.3529413640499115
0.3980259895324707
0.5175233483314514
0.48776721954345703
0.30785003304481506
0.7412006855010986
0.817171573638916
0.280600368976593
0.40445956587791443
0.19912806153297424
0.11005929857492447
0.04721343144774437
0.12112180143594742
0.17754437029361725
0.3845662772655487
0.2183622121810913
0.22364136576652527
0.19965754449367523
0.10918457061052322
0.2958461046218872
0.11658099293708801
0.11240041255950928
0.1535062938928604
0.035637304186820984
0.07343695312738419
0.07262655347585678
0.06097162514925003
0.34211432933807373
0.16057154536247253
0.5789725184440613
0.27432572841644287
0.7021703720092773
0.7112980484962463
0.6570703387260437
0.7248380184173584
0.6059870719909668
0.6349965333938599
0.2955266237258911
0.36512860655784607
0.18419884145259857
0.3541732728481293
0.5918229818344116
0.4900863468647003
0.40096116065979004
0.6534355878829956
0.3050020635128021
0.4424366354942322
0.2592560648918152
0.4456457197666168
0.6087038516998291
0.49870818853378296
0.7886133193969727
0.6467199325561523
0.6580706834793091
0.15686534345149994
0.3094339668750763
0.08999462425708771
0.06134404242038727
0.07352279126644135
0.04774946719408035
0.09025312960147858
0.051107991486787796
0.1713247150182724
0.22366030514240265
0.4929336905479431
0.7208198308944702
0.7495222687721252
0.613556444644928
0.41443902254104614
0.39825955033302307
0.2869792878627777
0.48750782012939453
0.24747596681118011
0.13347464799880981
0.22954313457012177
0.1064593568444252
0.22166043519973755
0.4835440218448639
0.13952994346618652
0.5679945945739746
0.5575023293495178
0.485003799200058
0.32892200350761414
0.3186849355697632
0.03586550056934357
0.10129207372665405
0.02399309352040291
0.059168536216020584
0.035607773810625076
0.13787789642810822
0.19435295462608337
0.5860862135887146
0.7108725905418396
0.7429991364479065
0.45936694741249084
0.16721603274345398
0.10771294683218002
0.13292469084262848
0.12372607737779617
0.3143311142921448
0.4001491367816925
0.23900824785232544
0.1618918478488922
0.2571500539779663
0.27006903290748596
0.18127508461475372
0.08357506990432739
0.4050099849700928
0.20830173790454865
0.31244906783103943
0.2223302274942398
0.5942394733428955
0.5554736256599426
0.6750710606575012
0.7801687717437744
0.5621107816696167
0.45575645565986633
0.4682464599609375
0.3942946791648865
0.4602868854999542
0.10771813988685608
0.28398755192756653
0.05847156047821045
0.1968333125114441
0.08341871201992035
0.050024695694446564
0.08210974931716919
0.0731801837682724
