0.39882081747055054
0.35277700424194336
0.4049052596092224
0.42230042815208435
0.42376115918159485
0.4426119923591614
0.5257200598716736
0.5700781941413879
0.417433500289917
0.4920381009578705
0.4946649372577667
0.4916048049926758
0.3297538757324219
0.6529074311256409
0.4182583689689636
0.6817746758460999
0.5962589979171753
0.6783760190010071
0.6687893271446228
0.7666894793510437
0.5914962291717529
0.5361763834953308
0.6915746331214905
0.4832974970340729
0.731890082359314
0.47742000222206116
0.5603999495506287
0.589760959148407
0.5517268776893616
0.6712818145751953
0.6702024340629578
0.35403022170066833
0.5081371068954468
0.44007912278175354
0.727164089679718
0.3296457827091217
0.29443690180778503
0.40630388259887695
0.437513142824173
0.410616397857666
0.2831670045852661
0.403749018907547
0.4084613025188446
0.3083212673664093
0.40521398186683655
0.14775170385837555
0.2608867883682251
0.12694072723388672
0.3886508643627167
0.09505100548267365
0.2612626254558563
0.1073029637336731
0.4167409837245941
0.09586150199174881
0.25685641169548035
0.19135352969169617
0.17742186784744263
0.4703117907047272
0.32803264260292053
0.47693151235580444
0.4422922134399414
0.27102863788604736
0.19681282341480255
0.3671166002750397
0.2722654342651367
0.34963926672935486
0.43805062770843506
0.19138850271701813
0.2929057478904724
0.12676556408405304
0.3599652349948883
0.1147766262292862
0.3966429531574249
0.13536998629570007
0.27576884627342224
0.24220548570156097
0.39505520462989807
0.28226083517074585
0.10813012719154358
0.5503430962562561
0.1324392706155777
0.5130879282951355
0.15346504747867584
0.2518995702266693
0.21115970611572266
0.22790615260601044
0.38359710574150085
0.22115501761436462
0.36606335639953613
0.432900607585907
0.45667564868927
0.2535920739173889
0.13129980862140656
0.3077383041381836
0.1882171630859375
0.364044189453125
0.23487870395183563
0.343163400888443
0.3739362955093384
0.3698033392429352
0.28361454606056213
0.2646232843399048
0.175259068608284
0.22333894670009613
0.3013012111186981
0.22679324448108673
0.13636569678783417
0.42886972427368164
0.23786969482898712
0.2158629149198532
0.13722454011440277
0.24050265550613403
0.19605793058872223
0.2813010811805725
0.34326648712158203
0.2745574712753296
0.19620957970619202
0.3869410753250122
0.1793878823518753
0.19532045722007751
0.4675315320491791
0.4648047685623169
0.4111538231372833
0.23088103532791138
0.15506404638290405
0.12506578862667084
0.40387991070747375
0.20596392452716827
0.2798779010772705
0.13915187120437622
0.3187590539455414
0.04891036078333855
0.32392874360084534
0.10516635328531265
0.32741254568099976
0.3450252115726471
0.5667210221290588
0.4762490689754486
0.42560139298439026
0.46973609924316406
0.3569212853908539
0.35804927349090576
0.11161892861127853
0.16570277512073517
0.07734862715005875
0.24601469933986664
0.09086611866950989
0.3025169372558594
0.18688428401947021
0.4940465986728668
0.18483074009418488
0.5103791356086731
0.3845151364803314
0.613521933555603
0.6133958697319031
0.3443793058395386
0.414509654045105
0.1717655211687088
0.19686387479305267
0.09573725610971451
0.22004634141921997
0.07690005004405975
0.17617285251617432
0.09589514136314392
0.2754460871219635
0.10257125645875931
0.3253183364868164
0.18406426906585693
0.36418601870536804
0.46141207218170166
0.2707393169403076
0.40906068682670593
0.5476968884468079
0.29026687145233154
0.24361597001552582
0.3300623297691345
0.28888368606567383
0.6153696775436401
0.44442108273506165
0.580650269985199
0.6275981068611145
0.5943576693534851
0.32455161213874817
0.25429192185401917
0.34134966135025024
0.3082810938358307
0.4159409701824188
0.4307514429092407
0.46579447388648987
0.5722122192382812
0.49792757630348206
0.5057286620140076
0.26520422101020813
0.4730466902256012
0.1496257781982422
0.39566004276275635
0.2842613756656647
0.4875139594078064
0.40952736139297485
0.49558666348457336
0.3641720116138458
0.38032570481300354
0.20492392778396606
0.24740931391716003
0.23355524241924286
0.19695018231868744
0.20268340408802032
0.22131268680095673
0.20181909203529358
0.15978802740573883
0.13568603992462158
0.19815437495708466
0.2768971025943756
0.3300074636936188
0.48403799533843994
0.426272988319397
0.48260149359703064
0.4559822082519531
0.3831556737422943
0.46443361043930054
0.2292148321866989
0.3912713825702667
0.12318108230829239
0.38919568061828613
0.11325293034315109
0.4731625020503998
0.47740471363067627
0.6791725158691406
0.6922367811203003
0.8103199005126953
0.6991920471191406
0.6214790940284729
0.5264161825180054
0.6793555021286011
0.684843122959137
0.6779745221138
0.5766120553016663
0.3374451696872711
0.343313068151474
0.24809040129184723
0.37683939933776855
0.31201687455177307
0.11338590085506439
0.2337353527545929
0.1508009135723114
0.25121673941612244
0.3134101927280426
0.5875387191772461
0.5893398523330688
0.40933141112327576
0.674945056438446
0.32837095856666565
0.5570473670959473
0.4585231840610504
0.4679741859436035
0.48053085803985596
0.5335124135017395
0.5481163263320923
0.4493749439716339
0.32097283005714417
0.2539118826389313
0.5243776440620422
0.38915058970451355
0.4910071790218353
0.23891885578632355
0.5048957467079163
0.15151092410087585
0.2279530167579651
0.073003388941288
0.11017972230911255
0.35267651081085205
0.328359991312027
0.41943496465682983
