0.16360563039779663
0.18051715195178986
0.20419526100158691
0.22328652441501617
0.2563062906265259
0.18943025171756744
0.1873248964548111
0.18044312298297882
0.28659242391586304
0.23033563792705536
0.1471768319606781
0.3770029842853546
0.17860402166843414
0.07153657078742981
0.09270843118429184
0.36446452140808105
0.19545282423496246
0.03390531614422798
0.1549745351076126
0.3790370523929596
0.12355266511440277
0.14861983060836792
0.4034426808357239
0.24599118530750275
0.08499611169099808
0.32950013875961304
0.46855470538139343
0.16647456586360931
0.1805364042520523
0.285902202129364
0.2217465192079544
0.12798769772052765
0.3111204206943512
0.2926998734474182
0.20960065722465515
0.12672288715839386
0.22184233367443085
0.3880683183670044
0.34323522448539734
0.27524980902671814
0.5217746496200562
0.22822771966457367
0.30799949169158936
0.2746157944202423
0.21649640798568726
0.3563382625579834
0.22475460171699524
0.1874590516090393
0.23935943841934204
0.31005510687828064
0.22242923080921173
0.3749932050704956
0.46347346901893616
0.39758333563804626
0.6247208118438721
0.7652681469917297
0.47380557656288147
0.4562508165836334
0.7920141220092773
0.579742968082428
0.3995417058467865
0.8112314343452454
0.8053351044654846
0.6535805463790894
0.5501673817634583
0.9300609230995178
0.7256021499633789
0.46361976861953735
0.849234938621521
0.9141942262649536
0.6552910804748535
0.6474260687828064
0.9231414794921875
0.7798242568969727
0.667090654373169
0.7608721852302551
0.36714982986450195
0.3759903907775879
0.3487083911895752
0.4040585160255432
0.3961057960987091
0.3138813078403473
0.12340545654296875
0.15886738896369934
0.41176554560661316
0.24142546951770782
0.2766847610473633
0.7748892903327942
0.8192557096481323
0.18999016284942627
0.41567832231521606
0.864137589931488
0.6702390313148499
0.4769172668457031
0.5940739512443542
0.8780582547187805
0.50246661901474
0.47800397872924805
0.8714610934257507
0.657396137714386
0.6291459798812866
0.5465942025184631
0.7865588665008545
0.426749587059021
0.41615110635757446
0.7204692959785461
0.5483791828155518
0.3837249279022217
0.36373358964920044
0.393730491399765
0.2488624006509781
0.35042721033096313
