0.1684466153383255
0.3007257878780365
0.23253798484802246
0.35527145862579346
0.2324337661266327
0.36794915795326233
0.25812971591949463
0.3640611469745636
0.3160119652748108
0.39926332235336304
0.2835838496685028
0.2066599577665329
0.3885165750980377
0.43323832750320435
0.29120326042175293
0.35709184408187866
0.34431567788124084
0.2617648243904114
0.14441007375717163
0.12917621433734894
0.2587246894836426
0.2525233030319214
0.20785745978355408
0.11963359266519547
0.13888360559940338
0.14806360006332397
0.1625133752822876
0.16578558087348938
0.10833090543746948
0.16145843267440796
0.34766173362731934
0.3199214041233063
0.4534517824649811
0.2528647482395172
0.14040234684944153
0.15956434607505798
0.39424923062324524
0.1721062958240509
0.13194449245929718
0.2220156490802765
0.39706480503082275
0.28541266918182373
0.5397170186042786
0.17102959752082825
0.22990550100803375
0.31163957715034485
0.44089019298553467
0.19495069980621338
0.14599278569221497
0.3055841028690338
0.2615695893764496
0.12966269254684448
0.15365086495876312
0.08081422001123428
0.05559823289513588
0.08341173082590103
0.022657275199890137
0.036601267755031586
0.023220058530569077
0.030926115810871124
0.028011828660964966
0.050941821187734604
0.059172339737415314
0.10799398273229599
0.05546169355511665
0.11395050585269928
0.3549478054046631
0.3298536539077759
0.11267665773630142
0.23619204759597778
0.32624974846839905
0.12633243203163147
0.45237165689468384
0.39428940415382385
0.3671587407588959
0.3072032034397125
0.4971294403076172
0.334280788898468
0.16288600862026215
0.36646848917007446
0.21306411921977997
0.11081437021493912
0.10057072341442108
0.14202359318733215
0.09278486669063568
0.04124675691127777
0.03890002891421318
0.03024214506149292
0.03664609044790268
0.04151702672243118
0.04640074074268341
0.01768464222550392
0.039198048412799835
0.03666447848081589
0.05025145038962364
0.008038260973989964
0.054014481604099274
0.0824468731880188
0.03330220282077789
0.018357861787080765
0.08566116541624069
0.06890992820262909
0.056577518582344055
0.038062553852796555
0.07594702392816544
0.07103334367275238
0.03124532476067543
0.06994479149580002
0.021423811092972755
0.06609494239091873
0.03491618484258652
0.08748272806406021
0.08910606056451797
0.0666259303689003
0.031108776107430458
0.07070175558328629
0.03400031477212906
0.17156554758548737
0.14431822299957275
0.04814702272415161
0.20950837433338165
0.035846468061208725
0.06486847251653671
0.013659684918820858
0.018928054720163345
0.03088027611374855
0.07002909481525421
0.08282115310430527
0.21180108189582825
0.16480742394924164
0.14372889697551727
0.2087765485048294
0.20277564227581024
0.3132448196411133
0.09624875336885452
0.38820627331733704
0.12707409262657166
0.3904528021812439
0.15630266070365906
0.1516660451889038
0.39133378863334656
0.37837082147598267
0.5727459192276001
0.6115127205848694
0.43736621737480164
0.3785495162010193
0.3573988378047943
0.09605103731155396
0.13379454612731934
0.019398020580410957
0.09889794141054153
0.03550516441464424
0.10293953120708466
0.0708160325884819
0.14690861105918884
0.342508465051651
0.40775516629219055
0.27792057394981384
0.26000353693962097
0.16646036505699158
0.045732203871011734
0.056297171860933304
0.12170735001564026
0.03749992325901985
0.15499551594257355
0.24337509274482727
0.10910383611917496
0.28129538893699646
0.5882619023323059
0.02439233846962452
0.09850288182497025
0.383967787027359
0.1900714635848999
0.013766441494226456
0.04663785547018051
0.2803734242916107
0.13589675724506378
0.02825240232050419
0.038568008691072464
0.15510204434394836
0.05220802500844002
0.06151655688881874
0.026704860851168633
0.0759393647313118
0.10371996462345123
0.23656262457370758
0.05668351426720619
0.053019870072603226
0.3025822639465332
0.1667359471321106
0.37616804242134094
0.35316038131713867
0.2866242229938507
0.3374883830547333
0.36757686734199524
0.4288434088230133
0.17244155704975128
0.32292935252189636
0.30607911944389343
0.2632110118865967
0.31893390417099
0.13910038769245148
0.23245006799697876
0.20863397419452667
0.10489467531442642
0.25396159291267395
0.19803908467292786
0.16972047090530396
0.3728310763835907
0.34935298562049866
0.46315187215805054
0.2532496154308319
0.2213052362203598
0.129735067486763
0.23178699612617493
0.4209449589252472
0.2638247609138489
0.4846666157245636
0.1952694058418274
0.4724787771701813
0.23715758323669434
0.2056376188993454
0.26878392696380615
0.1331990361213684
0.2153303176164627
0.14264120161533356
0.41638389229774475
0.49425655603408813
0.17338724434375763
0.2979886829853058
0.19184912741184235
0.0884164348244667
0.11305558681488037
0.23673145473003387
0.28456977009773254
0.34741660952568054
0.3951288163661957
0.10413466393947601
0.17098034918308258
0.3369477093219757
0.17271599173545837
0.039746884256601334
0.26045358180999756
0.5963367223739624
0.25799956917762756
0.18419043719768524
0.2030540555715561
0.3173154294490814
0.09468782693147659
0.34773483872413635
0.23654599487781525
0.07267018407583237
0.16049623489379883
0.19087739288806915
0.05995062366127968
0.18876691162586212
0.05110866576433182
0.09353693574666977
0.0954575315117836
0.03889133781194687
0.10931392759084702
0.2477855384349823
0.04601866379380226
0.23197752237319946
0.07608869671821594
0.3060203194618225
0.1530776172876358
0.2577321231365204
0.14828653633594513
0.08419985324144363
0.07565738260746002
0.09338704496622086
0.32070380449295044
0.31365862488746643
0.2580501139163971
0.3039659261703491
0.13515673577785492
0.20282529294490814
0.1259717345237732
0.14761465787887573
0.22398315370082855
0.18620844185352325
0.060538046061992645
0.1463439166545868
0.054303742945194244
0.0843173936009407
0.04323607310652733
0.07947059720754623
0.16894757747650146
0.04033372551202774
0.03857119008898735
0.04178839176893234
0.04664824530482292
0.03895741328597069
0.1743699610233307
0.09710641950368881
0.12021830677986145
0.172654390335083
0.16588464379310608
0.1260944902896881
0.026960883289575577
0.12120131403207779
0.008128789253532887
0.043649084866046906
0.016917798668146133
0.11099376529455185
0.11271544545888901
0.2742176949977875
0.21268367767333984
0.3892481327056885
0.06365551799535751
0.10022152960300446
0.04932362213730812
0.05010070279240608
0.07337816059589386
0.07610661536455154
0.1413492113351822
0.0589410662651062
0.06755877286195755
0.07481787353754044
0.13149885833263397
0.060978133231401443
0.18251776695251465
0.22330351173877716
0.3298632800579071
0.10682408511638641
0.09318546950817108
0.017779717221856117
0.04302368313074112
0.04503297060728073
0.004968063440173864
0.05680194869637489
0.019257163628935814
0.03572079911828041
0.11599305272102356
0.02218993939459324
0.09584025293588638
0.04526031017303467
0.0677030086517334
0.00787061732262373
0.049756694585084915
0.010886130854487419
0.07963019609451294
0.1722748875617981
0.07860205322504044
0.04305990785360336
0.01162909995764494
0.030243264511227608
0.006709101144224405
0.10140400379896164
0.017865333706140518
0.056555237621068954
0.15711861848831177
0.035285308957099915
0.197140172123909
0.04392828419804573
0.13081680238246918
0.031048323959112167
0.28526031970977783
0.031843964010477066
0.07729517668485641
0.2743534743785858
0.025038043037056923
0.08830157667398453
0.034919802099466324
0.11547902971506119
0.041581470519304276
0.18534299731254578
0.036923885345458984
0.1406327337026596
0.33655399084091187
0.12435740977525711
0.1408626139163971
0.07426101714372635
0.08634450286626816
0.09824052453041077
0.2058119922876358
0.23156876862049103
0.41219034790992737
0.4856948256492615
0.3671369254589081
0.34822848439216614
0.2364782989025116
0.11550402641296387
0.19962982833385468
0.19718803465366364
0.22069473564624786
0.16831393539905548
0.09785985946655273
0.06900393217802048
0.14530396461486816
0.08885320276021957
0.3138321340084076
0.3430121839046478
0.20865222811698914
0.2623940706253052
0.2212919294834137
0.1730889081954956
0.26527461409568787
0.10512825101613998
0.1779681146144867
0.12911565601825714
0.11478858441114426
0.14170002937316895
0.21777638792991638
0.18060024082660675
0.25787821412086487
0.3917921483516693
0.16692499816417694
0.16304735839366913
0.3451864421367645
0.4353199899196625
0.21896812319755554
0.17582225799560547
0.20205329358577728
0.27611494064331055
0.1671508252620697
0.10636306554079056
0.17175227403640747
0.09228932112455368
0.16126704216003418
0.12720602750778198
0.07995203882455826
0.0991300493478775
0.10505466163158417
0.11699405312538147
0.13939909636974335
0.0381818562746048
0.04486904293298721
0.05072083696722984
0.04266049340367317
0.10197217017412186
0.1354764997959137
0.2332460880279541
0.18377558887004852
0.2223079949617386
0.26523151993751526
0.2876831293106079
0.27402639389038086
0.2349066287279129
0.05863483250141144
0.10883469879627228
0.05657750368118286
0.047572389245033264
0.11208103597164154
0.06891726702451706
0.31348055601119995
0.23971202969551086
0.14636348187923431
0.22920748591423035
0.10918349772691727
0.203901007771492
0.13585364818572998
0.2687106728553772
0.23497791588306427
0.077755868434906
0.12328248471021652
0.2098972499370575
0.15429790318012238
0.37325671315193176
0.16751012206077576
0.1926324963569641
0.10468760877847672
0.163216695189476
0.22572427988052368
0.22419564425945282
0.15519532561302185
0.14199014008045197
0.1812215894460678
0.1708323061466217
