0.08867041766643524
0.08310563117265701
0.012862885370850563
0.027161292731761932
0.03685525432229042
0.11392462253570557
0.36274096369743347
0.46484142541885376
0.5991650223731995
0.4783969521522522
0.25389060378074646
0.8088974356651306
0.6251592636108398
0.9142547249794006
0.7666653990745544
0.10390394181013107
0.2175019234418869
0.7759974598884583
0.3271881639957428
0.04571850597858429
0.4400516450405121
0.5063769817352295
0.08323586732149124
0.12408588826656342
0.0851447731256485
0.12363770604133606
0.09429806470870972
0.08097997307777405
0.3881174623966217
0.16565993428230286
0.4218202233314514
0.17310307919979095
0.13903655111789703
0.11924342066049576
0.0941167026758194
0.069487564265728
0.1287403404712677
0.10343203693628311
0.036188382655382156
0.07412148267030716
0.01864081807434559
0.009575453586876392
0.006206851918250322
0.010916653089225292
0.04053928330540657
0.0716264471411705
0.7299469709396362
0.5219152569770813
0.6724259257316589
0.05016147717833519
0.10274719446897507
0.6092125773429871
0.18260961771011353
0.24879397451877594
0.6625831127166748
0.5763951539993286
0.19263561069965363
0.47559744119644165
0.5768927931785583
0.22226254642009735
0.11019758135080338
0.07564475387334824
0.26298245787620544
0.1194482371211052
0.06470534950494766
0.03221931681036949
0.2646544277667999
0.061219800263643265
0.02342744544148445
0.06417421251535416
0.13884493708610535
0.04107656702399254
0.039882928133010864
0.02602420188486576
0.020081862807273865
0.006356715224683285
0.01874762400984764
0.004293142352253199
0.03526344522833824
0.027326365932822227
0.06394494324922562
0.012305368669331074
0.012103921733796597
0.02312534488737583
0.01526792161166668
0.0064183794893324375
0.012001590803265572
0.10563196241855621
0.00856285635381937
0.017136437818408012
0.20353780686855316
0.11211921274662018
0.12203553318977356
0.2530876100063324
0.2637861669063568
0.32649341225624084
0.37367478013038635
0.06665448099374771
0.17892864346504211
0.08326210081577301
0.11039119213819504
0.06588024646043777
0.1194230169057846
0.04340461641550064
0.08761946111917496
0.010060683824121952
0.07829024642705917
0.23366141319274902
0.09724614769220352
0.22046782076358795
0.09733370691537857
0.21528828144073486
0.5777795910835266
0.4422488808631897
0.4632876217365265
0.3008863031864166
0.8160493969917297
0.589043915271759
0.796203076839447
0.3542868494987488
0.4377032518386841
0.13671299815177917
0.1767800897359848
0.1164248138666153
0.14458554983139038
0.2998553216457367
0.34196364879608154
0.1408577710390091
0.12525980174541473
0.3328019380569458
0.19840922951698303
0.1825542449951172
0.30840393900871277
0.3238521218299866
0.6754265427589417
0.1344561129808426
0.5010228753089905
0.27400872111320496
0.5754491090774536
0.22348199784755707
0.3479275405406952
0.052553724497556686
0.09156708419322968
0.01761697418987751
0.042438238859176636
0.12205465883016586
0.07136496156454086
0.2139025330543518
0.09168964624404907
0.08651986718177795
0.11035173386335373
0.044680576771497726
0.10447143018245697
0.11054578423500061
0.26998046040534973
0.20972485840320587
0.28894224762916565
0.12440655380487442
0.05085103586316109
0.059986189007759094
0.06032530590891838
0.02208629623055458
0.041159868240356445
0.04257041960954666
0.017775744199752808
0.1885981261730194
0.18487225472927094
0.22851456701755524
0.07257181406021118
0.0340765081346035
0.06103513017296791
0.014082880690693855
0.04928929731249809
0.12883633375167847
0.1034688651561737
0.2636231482028961
0.13327237963676453
0.4665991961956024
0.8045229315757751
0.125642329454422
0.35994020104408264
0.6052024960517883
0.2619330883026123
0.07797777652740479
0.31499114632606506
0.2400585561990738
0.12507398426532745
0.08496567606925964
0.27089613676071167
0.25269651412963867
0.07333870977163315
0.19245333969593048
0.41981926560401917
0.40435460209846497
0.12259910255670547
