0.41261422634124756
0.6990480422973633
0.4828137755393982
0.17675623297691345
0.38720372319221497
0.2073197066783905
0.1588257998228073
0.20578818023204803
0.2536528706550598
0.125642791390419
0.4481925368309021
0.1323256641626358
0.42887571454048157
0.28660669922828674
0.11638263612985611
0.3457527160644531
0.10535325109958649
0.4492497444152832
0.6899046897888184
0.180441215634346
0.158572256565094
0.512557864189148
0.3897712826728821
0.4553503394126892
0.527740478515625
0.4049715995788574
0.5613129138946533
0.4456586241722107
0.312656432390213
0.13232451677322388
0.1460149884223938
0.08775792270898819
0.2467011660337448
0.2216789722442627
0.138493612408638
0.07905898988246918
0.43510404229164124
0.2628728449344635
0.39210045337677
0.49793556332588196
0.45501285791397095
0.29572367668151855
0.2178771197795868
0.1461595743894577
0.38789764046669006
0.4536835849285126
0.14002572000026703
0.17134083807468414
0.10430705547332764
0.5141087770462036
0.3419665992259979
0.6636117696762085
0.5607205629348755
0.7847533822059631
0.7917837500572205
0.787146270275116
0.6470869183540344
0.5759724974632263
0.4642815589904785
0.2000194936990738
0.3069862723350525
0.19253964722156525
0.3030851483345032
0.28156986832618713
0.15983207523822784
0.0969657227396965
0.3569319546222687
0.4672871232032776
0.23488163948059082
0.6297518610954285
0.6857944130897522
0.5670102834701538
0.40792611241340637
0.8648813962936401
0.6534770727157593
0.6901604533195496
0.13912299275398254
0.15784795582294464
0.07895125448703766
0.10520052164793015
0.23334500193595886
0.28270426392555237
0.09407444298267365
0.46728432178497314
0.17128324508666992
0.3763282597064972
0.43840599060058594
0.27687570452690125
0.16481254994869232
0.6584486365318298
0.42375606298446655
0.11018462479114532
0.4822778105735779
0.8326113820075989
0.3486260771751404
0.2935589849948883
0.14371518790721893
0.6878920793533325
0.4959467947483063
0.07251030951738358
0.08280698210000992
0.0349508672952652
0.1194084882736206
0.12799958884716034
0.12638643383979797
0.059526458382606506
0.17742937803268433
0.34431418776512146
0.2767316401004791
0.1393635869026184
0.16246193647384644
0.08771008253097534
0.0406416617333889
0.2951362431049347
0.22488614916801453
0.07317379117012024
0.2768038213253021
0.6427233815193176
0.7370173335075378
0.7122804522514343
0.3974047899246216
0.4805121421813965
0.8993779420852661
0.35628095269203186
0.11098532378673553
0.16198021173477173
0.060070011764764786
0.07421209663152695
0.06549768149852753
0.08656904846429825
0.03971541300415993
0.15099233388900757
0.18439507484436035
0.16485144197940826
0.15187259018421173
0.17146386206150055
0.20291438698768616
0.08635567128658295
0.09874970465898514
0.05050574988126755
0.10417469590902328
0.11586466431617737
0.3661324679851532
0.3550606966018677
0.09893839061260223
0.4753493368625641
0.1779661923646927
0.13344484567642212
0.2044348418712616
0.14569050073623657
0.2208058387041092
0.26399654150009155
0.045400772243738174
0.19105617702007294
0.25517770648002625
0.23036816716194153
0.022799184545874596
0.16906142234802246
0.29974448680877686
0.03289221227169037
0.07629340142011642
0.22425085306167603
0.13845235109329224
0.1422632783651352
0.0803699642419815
0.17640529572963715
0.2712405323982239
0.03178280219435692
0.07359629124403
0.02387826517224312
0.05074133351445198
0.031006017699837685
0.180527001619339
0.2073078751564026
0.12608760595321655
0.28702542185783386
0.4102819263935089
0.4184786081314087
0.5250547528266907
0.25122180581092834
0.025993596762418747
0.03839406743645668
0.023794807493686676
0.08941362053155899
0.215692400932312
0.07065541297197342
0.011021980084478855
0.18170730769634247
0.18142125010490417
0.055906668305397034
0.11293873935937881
0.3771986961364746
0.27902787923812866
0.20002667605876923
0.2979673147201538
0.2197047919034958
0.26252681016921997
0.03286876156926155
0.06371700763702393
0.007456060033291578
0.028471460565924644
0.029134972020983696
0.03864392638206482
0.07967649400234222
0.10466152429580688
0.23076851665973663
0.2136886715888977
0.11137844622135162
0.0424732081592083
0.035318877547979355
0.08497640490531921
0.05814332515001297
0.007124361116439104
0.056823957711458206
0.12510283291339874
0.02941792830824852
0.029850581660866737
0.013964863494038582
0.1117444559931755
0.05333520844578743
0.015335801988840103
0.05636516585946083
0.10930541157722473
0.3077840507030487
0.4004591405391693
0.222441628575325
0.23679831624031067
0.24134141206741333
0.5458983182907104
0.33317235112190247
0.47110214829444885
0.2370251566171646
0.33738651871681213
0.3102618157863617
0.3301297724246979
0.33382007479667664
0.1441810578107834
0.32581594586372375
0.3726261556148529
0.19482281804084778
0.0741194561123848
0.18659254908561707
0.16072681546211243
0.1758248209953308
0.19965332746505737
0.16153164207935333
0.404227077960968
0.17624793946743011
0.63371342420578
0.5440912246704102
0.5804473161697388
