0.6325647234916687
0.5142008662223816
0.3395734429359436
0.4644906222820282
0.09811142832040787
0.10474932193756104
0.03504585102200508
0.09752891957759857
0.03889361023902893
0.15909041464328766
0.3061261773109436
0.4194062352180481
0.09075279533863068
0.04106660559773445
0.09476515650749207
0.25797948241233826
0.15237602591514587
0.05966842919588089
0.1269461065530777
0.2938632667064667
0.15454964339733124
0.25893932580947876
0.4081048369407654
0.2869410812854767
0.3299848735332489
0.39167845249176025
0.29386958479881287
0.4169601500034332
0.4774761199951172
0.37475088238716125
0.6430822610855103
0.6327201128005981
0.4207455515861511
0.7957181930541992
0.5898857116699219
0.7601695656776428
0.5262138247489929
0.7705559730529785
0.5166861414909363
0.6123595237731934
0.5748130679130554
0.5352550745010376
0.44423729181289673
0.5049474835395813
0.409908652305603
0.47928687930107117
0.5292123556137085
0.1699419915676117
0.4517877995967865
0.19009092450141907
0.39954710006713867
0.13926789164543152
0.19497600197792053
0.16588075459003448
0.1458175629377365
0.5392777323722839
0.5569819808006287
0.7025588154792786
0.562807559967041
0.5275318622589111
0.6226534247398376
0.7776167988777161
0.49506431818008423
0.6327410340309143
0.8338543176651001
0.7547299861907959
0.3621176779270172
0.6497694849967957
0.6333314776420593
0.29019901156425476
0.34917429089546204
0.06439055502414703
0.046263404190540314
0.027872171252965927
0.03707952797412872
0.01655312441289425
0.039035990834236145
0.11665425449609756
0.038729701191186905
0.18140241503715515
0.25123587250709534
0.3160769045352936
0.3755105435848236
0.455790251493454
0.13806308805942535
0.16910076141357422
0.246334508061409
0.0684494748711586
0.15505754947662354
0.21885500848293304
0.3332720398902893
0.12015280872583389
0.22194679081439972
0.2672951817512512
0.25597548484802246
0.24329069256782532
0.32440489530563354
0.3586788773536682
0.4540012776851654
0.5557287931442261
0.22489280998706818
0.23205886781215668
0.18764710426330566
0.23744259774684906
0.14176316559314728
0.057646267116069794
0.0598631389439106
0.016246968880295753
0.06161826103925705
0.05223218351602554
0.0567501001060009
0.08217059820890427
0.2154834270477295
0.286189466714859
0.3641248643398285
0.36428895592689514
0.1706104427576065
0.14149661362171173
0.2588147521018982
0.32409074902534485
0.23845089972019196
0.1804562509059906
0.09309346973896027
0.2060568779706955
0.17448219656944275
0.14164385199546814
0.07750499248504639
0.1776568591594696
0.17502175271511078
0.2094622552394867
0.1684720367193222
0.35061100125312805
0.493926465511322
0.22001589834690094
0.27904000878334045
0.37924304604530334
0.3453232944011688
0.5120450854301453
0.13367074728012085
0.24017760157585144
0.09865692257881165
0.08963032066822052
0.07033762335777283
0.08003886789083481
0.3214561343193054
0.23302258551120758
0.12531444430351257
0.21303702890872955
0.20253005623817444
0.16119284927845
0.27603259682655334
0.25498905777931213
0.14312349259853363
0.24177663028240204
0.34878435730934143
0.5147858262062073
0.25828954577445984
0.37629953026771545
0.4292978048324585
0.29184490442276
0.4271857738494873
0.47245851159095764
0.3921178877353668
0.5470736622810364
