0.5519850850105286
0.7163249254226685
0.6562598943710327
0.7301775217056274
0.6025032997131348
0.5530055165290833
0.827046811580658
0.7933481335639954
0.4945375621318817
0.86323082447052
0.8783661127090454
0.7423701882362366
0.29651013016700745
0.8870648741722107
0.6955526471138
0.6169707775115967
0.3903377950191498
0.8055230975151062
0.6026620268821716
0.7205416560173035
0.699305534362793
0.4792734682559967
0.6969418525695801
0.817478597164154
0.7241567373275757
0.4835578501224518
0.5020438432693481
0.5926993489265442
0.49112066626548767
0.49095308780670166
0.3312309980392456
0.44131651520729065
0.37725892663002014
0.39749613404273987
0.4000636637210846
0.6744856238365173
0.2608494460582733
0.4374856948852539
0.41476818919181824
0.18641002476215363
0.5498389601707458
0.6336072683334351
0.4126430153846741
0.4032294452190399
0.46530336141586304
0.4945911765098572
0.38848677277565
0.4835794270038605
0.21887294948101044
0.3760423958301544
0.4491640627384186
0.1914997100830078
0.10376449674367905
0.12768682837486267
0.43706050515174866
0.09146914631128311
0.2835419774055481
0.28909921646118164
0.3024968206882477
0.1697760969400406
0.6760079860687256
0.37618833780288696
0.26558688282966614
0.5854647755622864
0.7573102116584778
0.4729333519935608
0.5763728618621826
0.44216832518577576
0.635705292224884
0.4256298840045929
0.453484445810318
0.5707765817642212
0.7422715425491333
0.756788969039917
0.7196690440177917
0.8304668664932251
0.8301848769187927
0.8166654706001282
0.8883897066116333
0.7424854636192322
0.6905993819236755
0.8581324815750122
0.8536361455917358
0.3812243640422821
0.7889819145202637
0.8747156262397766
0.8474553823471069
0.28210005164146423
0.838469386100769
0.9003214240074158
0.8972904682159424
0.6837929487228394
0.8503316044807434
0.842802882194519
0.8838163018226624
0.7859623432159424
0.8494247198104858
0.8275009989738464
0.8396027684211731
0.5467999577522278
0.49834999442100525
0.20544718205928802
0.3948253095149994
0.6094841361045837
0.3651077449321747
0.32354095578193665
0.7556013464927673
0.47814029455184937
0.49615564942359924
0.827233612537384
0.8182869553565979
0.7304568886756897
0.8340572714805603
0.9061409831047058
0.6192644834518433
0.7273753881454468
0.3525790572166443
0.6029860377311707
0.8369563221931458
0.4262705445289612
0.4869209825992584
0.8279195427894592
0.4907294511795044
0.40253502130508423
0.7929992079734802
0.5851433873176575
0.800186038017273
0.9369633793830872
0.9066751599311829
0.6284415125846863
0.573597252368927
0.8860679268836975
0.7664928436279297
0.6172105669975281
0.853522002696991
0.9088648557662964
0.8857025504112244
0.7855574488639832
0.8002461194992065
0.67192542552948
0.4945780038833618
0.44889402389526367
0.6051373481750488
