0.31035733222961426
0.2769608795642853
0.2999063730239868
0.18316656351089478
0.06663894653320312
0.025694234296679497
0.030379781499505043
0.026559291407465935
0.04783419892191887
0.038228247314691544
0.24330565333366394
0.5422145128250122
0.590800940990448
0.1258663684129715
0.08179128170013428
0.08666642010211945
0.25200191140174866
0.16834492981433868
0.08919929713010788
0.09848640859127045
0.18735463917255402
0.17083558440208435
0.21175508201122284
0.33537885546684265
0.3479098379611969
0.23994819819927216
0.2374573051929474
0.36752161383628845
0.4544943869113922
0.4613840878009796
0.44945940375328064
0.749851405620575
0.729163408279419
0.4278985261917114
0.7478018999099731
0.6354069709777832
0.41261354088783264
0.550948441028595
0.3715657591819763
0.2880304157733917
0.4091916084289551
0.40005460381507874
0.3267586827278137
0.3492622971534729
0.3282994329929352
0.2413603514432907
0.2099197506904602
0.17436344921588898
0.18426592648029327
0.1048240214586258
0.13246245682239532
0.14563022553920746
0.1999133825302124
0.2652188241481781
0.20731861889362335
0.6306101083755493
0.5721367597579956
0.7610652446746826
0.5027936697006226
0.5731720328330994
0.6313615441322327
0.5208651423454285
0.19029782712459564
0.19576528668403625
0.353310763835907
0.2778230905532837
0.061416108161211014
0.30638062953948975
0.23076526820659637
0.25344109535217285
0.03761632740497589
0.15089987218379974
0.1718500852584839
0.05425727367401123
0.1421315222978592
0.021254567429423332
0.023756099864840508
0.008245201781392097
0.020508000627160072
0.013753414154052734
0.03945859149098396
0.2272542268037796
0.053110621869564056
0.34840312600135803
0.26216235756874084
0.3819560408592224
0.24889898300170898
0.525107204914093
0.5428963899612427
0.20205552875995636
0.5222517251968384
0.5165573358535767
0.1021931916475296
0.143141508102417
0.49388134479522705
0.3039371967315674
0.1513877660036087
0.2828989326953888
0.5330087542533875
0.07613630592823029
0.3276987075805664
0.3570307791233063
0.19221776723861694
0.024833040311932564
0.15135543048381805
0.21218404173851013
0.06745996326208115
0.08742143958806992
0.26162484288215637
0.13589923083782196
0.0444258488714695
0.06905157119035721
0.2140519618988037
0.0790998712182045
0.08455725759267807
0.027642467990517616
0.058473873883485794
0.027424508705735207
0.06456780433654785
0.12096913903951645
0.225517138838768
0.49547672271728516
0.5200711488723755
0.716274082660675
0.40597429871559143
0.20492573082447052
0.41951683163642883
0.3735862076282501
0.08335324376821518
0.3017658591270447
0.3460889756679535
0.05326436087489128
0.19292567670345306
0.27912554144859314
0.23049892485141754
0.15530641376972198
0.22168830037117004
0.20961987972259521
0.23137599229812622
0.24853457510471344
0.2522874176502228
0.30553242564201355
0.2775430977344513
0.2987358868122101
0.18498538434505463
0.41518428921699524
0.561286985874176
0.2091149240732193
0.18012145161628723
0.3033906817436218
0.5105812549591064
0.21999725699424744
0.36957722902297974
0.5453647375106812
0.5996403098106384
0.4441762864589691
0.4065952003002167
0.4610308110713959
0.39467373490333557
0.42907392978668213
0.48379644751548767
0.5227428674697876
0.4110885262489319
0.3092171251773834
0.28796857595443726
0.1539856642484665
0.3980555832386017
0.3953057527542114
0.4187845289707184
0.22683055698871613
0.3339114785194397
0.26212164759635925
0.06593253463506699
0.11740025132894516
0.10895197838544846
0.3177919089794159
0.33314746618270874
0.2524779438972473
0.3123779296875
0.19764786958694458
0.22698988020420074
0.3734235167503357
0.14275720715522766
0.32742786407470703
0.4202174246311188
0.22057709097862244
0.07819615304470062
0.2832799553871155
0.31536558270454407
0.17336824536323547
0.20281048119068146
