0.6380350589752197
0.5216431021690369
0.21948496997356415
0.17236757278442383
0.10910709947347641
0.20104852318763733
0.13136404752731323
0.47719183564186096
0.6502613425254822
0.6695611476898193
0.3095625936985016
0.1691901981830597
0.3125787377357483
0.624620258808136
0.546692430973053
0.29766979813575745
0.3195168972015381
0.7956311106681824
0.6059582829475403
0.5530269742012024
0.8036878108978271
0.8246127963066101
0.6189390420913696
0.7203236818313599
0.9014117121696472
0.8435051441192627
0.7946229577064514
0.8398410677909851
0.9057903289794922
0.8669895529747009
0.8692102432250977
0.8886618614196777
0.799572229385376
0.8090759515762329
0.7018649578094482
0.7296707630157471
0.5459097027778625
0.6150062680244446
0.6605161428451538
0.8363710045814514
0.8894834518432617
0.9012483954429626
0.8681613802909851
0.8457152247428894
0.687737762928009
0.547065019607544
0.5440279245376587
0.28213730454444885
0.4724999666213989
0.3119796812534332
0.5371368527412415
0.49149131774902344
0.48138895630836487
0.7616206407546997
0.6557356119155884
0.8109672665596008
0.8162034749984741
0.6530858278274536
0.6438326239585876
0.7585751414299011
0.5036520957946777
0.5196055173873901
0.7314348816871643
0.7630926370620728
0.4684808552265167
0.6748918294906616
0.6888399720191956
0.3394535183906555
0.6623998284339905
0.16560252010822296
0.17888014018535614
0.15556290745735168
0.1805390864610672
0.1195896714925766
0.2688359022140503
0.35459133982658386
0.19390544295310974
0.5265116095542908
0.5194219350814819
0.6456809639930725
0.7733993530273438
0.7569814324378967
0.32049086689949036
0.5713884830474854
0.704507052898407
0.21238847076892853
0.5733910799026489
0.6298198103904724
0.5668447613716125
0.41250723600387573
0.6478862762451172
0.633069634437561
0.37817955017089844
0.6098669171333313
0.5972445011138916
0.5632725358009338
0.6282398700714111
0.47218814492225647
0.2971931993961334
0.6552241444587708
0.6372480392456055
0.40267181396484375
0.5022347569465637
0.29132190346717834
0.29252833127975464
0.16922429203987122
0.1900540143251419
0.16470393538475037
0.2090313583612442
0.2885696589946747
0.4869375228881836
0.6512120366096497
0.6772909760475159
0.6128365993499756
0.6779910922050476
0.33963489532470703
0.46415403485298157
0.5966004133224487
0.6517958045005798
0.6239527463912964
0.5398670434951782
0.3031633496284485
0.6129572987556458
0.6085004806518555
0.5882063508033752
0.416042685508728
0.5121724009513855
0.6584329009056091
0.7557199001312256
0.6295985579490662
0.7741008400917053
0.7823638916015625
0.678708016872406
0.7015239000320435
0.7403675317764282
0.7513732314109802
0.8776920437812805
0.58033287525177
0.6619648337364197
0.5823025703430176
0.2602658271789551
0.3234228193759918
0.2875248193740845
0.6636781096458435
0.6337054967880249
0.49322134256362915
0.6856850385665894
0.4542817175388336
0.6314666867256165
0.8639593124389648
0.837900698184967
0.5694687962532043
0.7334515452384949
0.8466734290122986
0.8200631737709045
0.6073431968688965
0.8084929585456848
0.8135996460914612
0.7791000604629517
0.7479928135871887
