0.40419313311576843
0.5892646908760071
0.3480484187602997
0.44061222672462463
0.444278359413147
0.3715701401233673
0.12626348435878754
0.4501466751098633
0.4321237802505493
0.37072303891181946
0.29572367668151855
0.40903040766716003
0.4697132706642151
0.4298171103000641
0.26468682289123535
0.38522660732269287
0.33971843123435974
0.1350013166666031
0.18450763821601868
0.21961376070976257
0.2724058926105499
0.22997137904167175
0.16406755149364471
0.2542053759098053
0.2833924889564514
0.3544178903102875
0.33423206210136414
0.22057557106018066
0.3025423586368561
0.2400103211402893
0.23867034912109375
0.10586174577474594
0.24521441757678986
0.24147947132587433
0.1565134972333908
0.046986181288957596
0.3822689652442932
0.3794097900390625
0.2899309992790222
0.47242632508277893
0.5172001719474792
0.28861337900161743
0.4748512804508209
0.3259722590446472
0.3600219786167145
0.3226207494735718
0.27695679664611816
0.5362814664840698
0.27062007784843445
0.26362523436546326
0.21759839355945587
0.6674813628196716
0.3776424825191498
0.38628536462783813
0.38893550634384155
0.5999247431755066
0.8331295251846313
0.596600353717804
0.5063145756721497
0.4493631422519684
0.2922331392765045
0.4465397894382477
0.18451400101184845
0.09775537997484207
0.2839607298374176
0.4741625189781189
0.12096384167671204
0.19639119505882263
0.2166518121957779
0.3346610963344574
0.3609035909175873
0.42092472314834595
0.5001991391181946
0.1802240014076233
0.3989397883415222
0.4513109028339386
0.45920318365097046
0.5038342475891113
0.36281687021255493
0.3519805669784546
0.4301372766494751
0.11341329663991928
0.3282291889190674
0.6011660099029541
0.5499966740608215
0.4324193000793457
0.5058976411819458
0.5622996091842651
0.47694268822669983
0.4572164714336395
0.6066617965698242
0.7402430176734924
0.6855061650276184
0.771075427532196
0.8553771376609802
0.8609501719474792
0.8164837956428528
0.5763967633247375
0.7192574739456177
0.8194485902786255
0.7792724967002869
0.44136202335357666
0.3926697075366974
0.620520830154419
0.22336581349372864
0.2781298756599426
0.16013725101947784
0.454538494348526
0.3050699830055237
0.21484558284282684
0.2738068401813507
0.4000895917415619
0.24372455477714539
0.24505329132080078
0.3646906912326813
0.3280349671840668
0.5381218194961548
0.42091724276542664
0.5597303509712219
0.49978193640708923
0.5080628395080566
0.7032554745674133
0.3128281533718109
0.14416515827178955
0.521526038646698
0.5994837880134583
0.38169723749160767
0.24032150208950043
0.7975127696990967
0.37737688422203064
0.21788454055786133
0.6006768345832825
0.7415477633476257
0.2683536112308502
0.4989205002784729
0.6115343570709229
0.40208888053894043
0.34230995178222656
0.6230330467224121
0.6800582408905029
0.689892590045929
0.7395157217979431
0.6305315494537354
0.6648924350738525
0.5077409744262695
0.42808571457862854
0.28582409024238586
0.13622650504112244
0.27772256731987
0.2603966295719147
0.5152425765991211
0.18490278720855713
0.1422165036201477
0.2628847658634186
0.6356557607650757
0.3871604800224304
0.5821393132209778
0.48202386498451233
0.5709388852119446
0.4270536005496979
0.5938897132873535
0.5835490822792053
0.3302871584892273
0.37253043055534363
0.34352245926856995
0.4578264057636261
0.19434614479541779
0.3553251326084137
0.44461652636528015
0.17939263582229614
0.1990058571100235
0.38116684556007385
0.23960351943969727
0.17822551727294922
0.35509857535362244
0.4205740988254547
0.28492632508277893
0.39572858810424805
0.5328295230865479
0.5899260640144348
0.5359803438186646
0.5382022857666016
0.6188607811927795
0.7208260297775269
0.3370387554168701
0.5092847347259521
0.2903312146663666
