0.5740761160850525
0.43794962763786316
0.5553081035614014
0.2075873613357544
0.2425438016653061
0.09979192167520523
0.12215469032526016
0.03625956550240517
0.13517525792121887
0.24219293892383575
0.28955337405204773
0.26410284638404846
0.3976496756076813
0.5542268753051758
0.3877338469028473
0.5461185574531555
0.607379138469696
0.5429073572158813
0.4561600089073181
0.4069061279296875
0.5536941289901733
0.3957681953907013
0.45389848947525024
0.5291067361831665
0.6224890351295471
0.33871376514434814
0.4442189335823059
0.6430707573890686
0.5702740550041199
0.4553285837173462
0.6290665864944458
0.7275415658950806
0.6973063349723816
0.6745691299438477
0.5011609196662903
0.4969199001789093
0.5412734150886536
0.47579702734947205
0.45044222474098206
0.2343359738588333
0.10814910382032394
0.10901860147714615
0.04946660250425339
0.14870372414588928
0.21973185241222382
0.29485443234443665
0.6202662587165833
0.6496023535728455
0.3429465889930725
0.5432857275009155
0.5008397102355957
0.3574388921260834
0.28535133600234985
0.48006191849708557
0.4069502651691437
0.44507408142089844
0.35657772421836853
0.5677586793899536
0.6636002659797668
0.34750062227249146
0.45935875177383423
0.3577224612236023
0.36214664578437805
0.38893043994903564
0.20598115026950836
0.32455387711524963
0.343706876039505
0.338908851146698
0.21205371618270874
0.46161168813705444
0.5904205441474915
0.3985636830329895
0.5979523062705994
0.3920254409313202
0.624650776386261
0.5627310872077942
0.7806881070137024
0.47733116149902344
0.6192724704742432
0.2938234508037567
0.6219721436500549
0.4416196346282959
0.06837072968482971
0.14923694729804993
0.5790384411811829
0.3085912764072418
0.056085944175720215
0.35792070627212524
0.429288774728775
0.2800586521625519
0.1356946974992752
0.46886149048805237
0.39826643466949463
0.2127196043729782
0.2913628816604614
0.17832860350608826
0.4220423400402069
0.32524609565734863
0.3311033844947815
0.4372330605983734
0.11850770562887192
0.46776989102363586
0.04183211550116539
0.38039276003837585
0.10563121736049652
0.2870604693889618
0.23871976137161255
0.37438854575157166
0.3024768829345703
0.5981048941612244
0.5009939670562744
0.8175351023674011
0.7477413415908813
0.7995668053627014
0.6063848733901978
0.6058074235916138
0.6432890295982361
0.7780490517616272
0.30054545402526855
0.5805820822715759
0.6513758301734924
0.44289925694465637
0.4798065721988678
0.6647921204566956
0.6055523753166199
0.26147475838661194
0.6758213639259338
0.4649087190628052
0.42927372455596924
0.40530455112457275
0.25642287731170654
0.5657674074172974
0.2233031541109085
0.46449294686317444
0.15842604637145996
0.3589816093444824
0.20832449197769165
0.4061109125614166
0.6505768895149231
0.6535012722015381
0.5360835194587708
0.5424304604530334
0.5552199482917786
0.3802773058414459
0.5384568572044373
0.21655292809009552
0.3118061125278473
0.5483908653259277
0.4627722203731537
0.2999294102191925
0.4521625339984894
0.35441818833351135
0.4446866810321808
0.5919693112373352
0.4825109541416168
0.41674190759658813
0.60326087474823
0.638045608997345
0.5352533459663391
0.5957102179527283
0.5424361824989319
0.42390674352645874
0.6342754364013672
0.5668652653694153
0.5084046721458435
0.6458275318145752
0.5942983031272888
0.5396307110786438
0.6672891974449158
0.6469385027885437
