0.20987878739833832
0.2512041926383972
0.29961997270584106
0.18116965889930725
0.2555324137210846
0.08428844809532166
0.08316139131784439
0.3050510585308075
0.4362979531288147
0.06850244849920273
0.19975119829177856
0.18717476725578308
0.49733343720436096
0.45197048783302307
0.21097613871097565
0.35506802797317505
0.24386797845363617
0.40848955512046814
0.40144386887550354
0.09305039793252945
0.4846285879611969
0.040095556527376175
0.36322203278541565
0.11142145097255707
0.20238597691059113
0.2658180296421051
0.19099612534046173
0.4817875325679779
0.3623889982700348
0.3616499900817871
0.23444506525993347
0.3185345530509949
0.3307145833969116
0.05677253007888794
0.12195224314928055
0.033660370856523514
0.09573079645633698
0.15626443922519684
0.03790568560361862
0.25898677110671997
0.14253516495227814
0.20384842157363892
0.20991185307502747
0.4205840826034546
0.2914729416370392
0.22093366086483002
0.19497239589691162
0.3444962501525879
0.3194817900657654
0.4428074061870575
0.46552562713623047
0.30708324909210205
0.39160385727882385
0.28970444202423096
0.3922080397605896
0.35832107067108154
0.27836817502975464
0.4581845700740814
0.45718204975128174
0.5927733182907104
0.18345840275287628
0.5683944821357727
0.6095157861709595
0.26583564281463623
0.4179636538028717
0.15791204571723938
0.14724449813365936
0.1708821952342987
0.2896821200847626
0.1115080788731575
0.08791109919548035
0.009212357923388481
0.06394736468791962
0.047773171216249466
0.08839787542819977
0.04581323638558388
0.35203173756599426
0.3617212474346161
0.2618594169616699
0.3443213999271393
0.3179616928100586
0.23872865736484528
0.0694010779261589
0.22721076011657715
0.13444127142429352
0.11713838577270508
0.09911328554153442
0.12193509191274643
0.16933006048202515
0.09005875885486603
0.30121439695358276
0.10136762261390686
0.34529829025268555
0.18112297356128693
0.14258570969104767
0.17972680926322937
0.0713215246796608
0.23492427170276642
0.14445076882839203
0.1575181633234024
0.15534085035324097
0.10860651731491089
0.1262916624546051
0.12524327635765076
0.2709079682826996
0.19160933792591095
0.13495488464832306
0.29645612835884094
0.08324942737817764
0.05200162157416344
0.057859182357788086
0.011393365450203419
0.04975276440382004
0.025033030658960342
0.03866342827677727
0.06421985477209091
0.05661359056830406
0.24874530732631683
0.07752211391925812
0.2523322105407715
0.11970490962266922
0.2973461449146271
0.1620400995016098
0.041463691741228104
0.22728045284748077
0.02193768136203289
0.37149578332901
0.38762223720550537
0.4671541452407837
0.4252433180809021
0.4853679835796356
0.5021187663078308
0.5004975199699402
0.5137587189674377
0.5346102714538574
0.5220775008201599
0.44831669330596924
0.34553638100624084
0.2434932440519333
0.26249465346336365
0.10374975204467773
0.17550334334373474
0.16897213459014893
0.10734114795923233
0.25742748379707336
0.1873890906572342
0.14169618487358093
0.09036031365394592
0.051640335470438004
0.12454923242330551
0.06951691210269928
0.12961362302303314
0.07492765784263611
0.263516902923584
0.4814927875995636
0.2622756361961365
0.36786773800849915
0.17253589630126953
0.11024224758148193
0.3428190052509308
0.4273780286312103
0.28138020634651184
0.25628766417503357
0.06552006304264069
0.12705238163471222
0.05530231073498726
0.08763686567544937
0.0369986817240715
0.1596423089504242
0.23998209834098816
0.3075520396232605
0.37470170855522156
0.4775027632713318
0.30240312218666077
0.10251516848802567
0.44508424401283264
0.3642401099205017
0.18001817166805267
0.4251854717731476
0.29092761874198914
0.38769567012786865
0.09210719168186188
0.4947448968887329
0.1281309872865677
0.17159557342529297
0.15710684657096863
0.1459549218416214
0.13321983814239502
0.06217222660779953
0.4641352891921997
0.42873212695121765
0.23292268812656403
0.4544752538204193
0.47760316729545593
0.5225975513458252
0.49725592136383057
0.5675874352455139
0.615732729434967
0.7510257959365845
0.6336597204208374
0.4769150912761688
0.34854045510292053
0.3989352285861969
0.19008296728134155
0.39939695596694946
0.12789911031723022
0.19909271597862244
0.2573651671409607
0.10268251597881317
0.2734338343143463
0.26949745416641235
0.36765432357788086
0.22513729333877563
0.2450944036245346
0.2500019073486328
0.06300512701272964
0.19870834052562714
0.049013104289770126
0.3117433786392212
0.3970842659473419
0.49414172768592834
0.5118916630744934
0.6344769597053528
0.6294019818305969
0.580198347568512
0.6638860702514648
0.5083752274513245
0.4609474539756775
0.47904831171035767
0.40740013122558594
0.3277533948421478
0.10435999184846878
0.16782331466674805
0.2762058973312378
0.3121711015701294
0.38219621777534485
0.31252771615982056
0.33725395798683167
0.3477119505405426
0.4663563370704651
0.22796007990837097
0.5384544134140015
0.6589660048484802
0.5660298466682434
0.6423986554145813
0.703229546546936
0.6554856896400452
0.6604053974151611
0.7236170172691345
0.5467262268066406
0.6005655527114868
0.13260288536548615
0.21184177696704865
0.061621204018592834
0.089264415204525
0.038750700652599335
0.22568106651306152
0.33251988887786865
0.2253698855638504
0.3704463839530945
0.3320011794567108
0.24610896408557892
0.12282834947109222
0.35012951493263245
0.3552964925765991
0.11751832067966461
0.38954004645347595
0.49774864315986633
0.5539379715919495
0.33055925369262695
0.7529837489128113
