0.45694923400878906
0.5192357301712036
0.6122860908508301
0.4911511242389679
0.48506537079811096
0.5801485180854797
0.5912057757377625
0.5139745473861694
0.5810595750808716
0.6674384474754333
0.5743260383605957
0.6245473027229309
0.539860188961029
0.5358256101608276
0.4759572446346283
0.5161597728729248
0.5861238837242126
0.5400329232215881
0.40869593620300293
0.6598026752471924
0.5400282144546509
0.2055874913930893
0.4016169607639313
0.48794472217559814
0.49490922689437866
0.6180618405342102
0.5691630244255066
0.505033016204834
0.5193389058113098
0.6001262664794922
0.48973995447158813
0.6137985587120056
0.6477029919624329
0.5862436890602112
0.5617489218711853
0.3678845465183258
0.44014158844947815
0.24541357159614563
0.46319928765296936
0.448801189661026
0.33079013228416443
0.552905261516571
0.5830966234207153
0.45422089099884033
0.3642798960208893
0.40525102615356445
0.4515129327774048
0.6260370016098022
0.80521559715271
0.7109305262565613
0.5730465054512024
0.6473401784896851
0.8196146488189697
0.79674232006073
0.8351224660873413
0.5750511288642883
0.8058714866638184
0.6787374019622803
0.5607482194900513
0.5830363631248474
0.6409654021263123
0.5524970889091492
0.7700413465499878
0.7321969866752625
0.7993873953819275
0.6378594040870667
0.5008337497711182
0.3836384415626526
0.5233336091041565
0.5757926106452942
0.6849955916404724
0.5996981859207153
0.6505115628242493
0.5190895795822144
0.5925438404083252
0.4644080698490143
0.6393335461616516
0.6869908571243286
0.6587087512016296
0.38203734159469604
0.5448259115219116
0.2906371057033539
0.2777985632419586
0.31833702325820923
0.6630061268806458
0.5483563542366028
0.5576789379119873
0.538898766040802
0.6510459184646606
0.8154383897781372
0.8603219985961914
0.8354566693305969
0.899337649345398
0.8216754794120789
0.8593747019767761
0.8254764676094055
0.8199962973594666
0.6776118278503418
0.7514678835868835
0.4073137640953064
0.7858943343162537
0.5189696550369263
0.5077673196792603
0.41035133600234985
0.444513738155365
0.2960229516029358
0.3536442816257477
0.30578669905662537
0.26604393124580383
0.443829208612442
0.5223564505577087
0.6101597547531128
0.6261826753616333
0.5366613268852234
0.49709978699684143
0.6452419757843018
0.6318574547767639
0.7148370742797852
0.6579428315162659
0.5960816144943237
0.2852240204811096
0.4531438648700714
0.15855540335178375
0.34002983570098877
0.18110008537769318
0.4201098084449768
0.41854849457740784
0.3134150207042694
0.32933372259140015
0.4747425615787506
0.3819328248500824
0.44445106387138367
0.38518229126930237
0.3582007586956024
0.2368374913930893
0.11552548408508301
0.2742826044559479
0.2837909758090973
0.4334512948989868
