0.04923604801297188
0.10883759707212448
0.06775538623332977
0.02113228105008602
0.016550175845623016
0.01595001481473446
0.031140172854065895
0.1037154570221901
0.4045630097389221
0.4490519165992737
0.5675775408744812
0.7491596341133118
0.3560381531715393
0.27517053484916687
0.49340832233428955
0.40818166732788086
0.14490100741386414
0.13495761156082153
0.317749559879303
0.16016869246959686
0.028685864061117172
0.07860074192285538
0.24631400406360626
0.07248856127262115
0.09153483808040619
0.06170766428112984
0.06272085756063461
0.11291953176259995
0.03310054913163185
0.04345034062862396
0.1843644231557846
0.09552557021379471
0.1797303706407547
0.1623777449131012
0.024235064163804054
0.21988284587860107
0.11377201229333878
0.004912240896373987
0.03490302711725235
0.0469297394156456
0.05163448676466942
0.05869724974036217
0.07930222898721695
0.06915770471096039
0.09016357362270355
0.09344710409641266
0.02846778742969036
0.060132723301649094
0.041046321392059326
0.024778226390480995
0.07020214200019836
0.043881334364414215
0.21152815222740173
0.20541484653949738
0.44563373923301697
0.3256465196609497
0.4817006289958954
0.4717522859573364
0.18873515725135803
0.28536051511764526
0.05415911227464676
0.3425966501235962
0.12970823049545288
0.02274862676858902
0.04525955393910408
0.28329429030418396
0.09860391169786453
0.038489073514938354
0.23980899155139923
0.22634097933769226
0.055316388607025146
0.12267912924289703
0.231614351272583
0.2528398633003235
0.21074500679969788
0.2823249399662018
0.10892944037914276
0.1966172754764557
0.2121063619852066
0.19933412969112396
0.3016265630722046
0.6831200122833252
0.8578699231147766
0.7202232480049133
0.6248759031295776
0.8708173632621765
0.6624123454093933
0.5866822600364685
0.7459824681282043
0.8886893391609192
0.4790650010108948
0.21618828177452087
0.9062377214431763
0.8305073976516724
0.4054845869541168
0.6029960513114929
0.4655742645263672
0.6313891410827637
0.6449028253555298
0.8033718466758728
0.5366806387901306
0.8260610699653625
0.6535654067993164
0.6746322512626648
0.6043323278427124
0.707377552986145
0.3540973663330078
0.3917616605758667
0.7653772234916687
0.20077674090862274
0.1661306917667389
0.4214647710323334
0.3690222501754761
0.10331252217292786
0.2252771109342575
0.6484977602958679
0.255411833524704
0.26915010809898376
