0.427539587020874
0.42811107635498047
0.45840582251548767
0.6659091114997864
0.5706887245178223
0.6078155636787415
0.2393244355916977
0.5793482065200806
0.09555508196353912
0.06018054485321045
0.0698307603597641
0.13344033062458038
0.045853592455387115
0.31198129057884216
0.6201577186584473
0.33618679642677307
0.06645050644874573
0.06563475728034973
0.1274014711380005
0.27950653433799744
0.11511651426553726
0.0495038703083992
0.21068152785301208
0.48274871706962585
0.3473019599914551
0.5310385823249817
0.6334939002990723
0.6925454139709473
0.531302809715271
0.4303654730319977
0.5184181332588196
0.39549174904823303
0.38231930136680603
0.4363943636417389
0.4128493666648865
0.5591505169868469
0.7057579755783081
0.5609673857688904
0.8591023087501526
0.76053386926651
0.5526358485221863
0.7161938548088074
0.8413486480712891
0.6159759163856506
0.7909844517707825
0.6973450779914856
0.7492944002151489
0.5136275291442871
0.6757797598838806
0.5163511633872986
0.5033658742904663
0.469913125038147
0.3618033826351166
0.4577445387840271
0.29194459319114685
0.6502834558486938
0.2732082009315491
0.6701913475990295
0.20872408151626587
0.5789756178855896
0.20831675827503204
0.28709518909454346
0.37430039048194885
0.30989494919776917
0.7920488119125366
0.8880444169044495
0.9251893162727356
0.80949866771698
0.8362181186676025
0.8720052242279053
0.8783825635910034
0.5763148665428162
0.8429349064826965
0.9277752637863159
0.7893654704093933
0.770513117313385
0.9212653040885925
0.7580099701881409
0.4313911497592926
0.3131244480609894
0.11378581076860428
0.04881656542420387
0.03419770672917366
0.025871839374303818
0.011994878761470318
0.1407429277896881
0.09021339565515518
0.12952019274234772
0.17649497091770172
0.27737662196159363
0.23250532150268555
0.30423229932785034
0.08077695965766907
0.20030243694782257
0.22126950323581696
0.18374843895435333
0.10043483227491379
0.29272809624671936
0.4194944500923157
0.3996957838535309
0.26520025730133057
0.6048058867454529
0.6082227826118469
0.4228362739086151
0.5728457570075989
0.7240493893623352
0.8658449649810791
0.6335670948028564
0.6461229920387268
0.4431946873664856
0.5356308817863464
0.4652170240879059
0.23062129318714142
0.1398472636938095
0.12278591096401215
0.05435123294591904
0.048559460788965225
0.03178221359848976
0.09942986816167831
0.17633961141109467
0.20438237488269806
0.48476797342300415
0.39003100991249084
0.18937601149082184
0.35959282517433167
0.38642823696136475
0.3410910665988922
0.19521518051624298
0.14508730173110962
0.280906081199646
0.39381685853004456
0.3132333755493164
0.2958466708660126
0.08335840702056885
0.3409377634525299
0.3324880003929138
0.45145803689956665
0.23365865647792816
0.3276694715023041
0.28951022028923035
0.4480096399784088
0.532457172870636
0.3851476013660431
0.3980741500854492
0.2944872975349426
0.2701154053211212
0.32500410079956055
0.09777060896158218
0.13563711941242218
0.16609425842761993
0.44492092728614807
0.4207236170768738
0.4912931025028229
0.37831956148147583
0.38238346576690674
0.33707016706466675
0.5590670108795166
0.6841552257537842
0.24605317413806915
0.34742099046707153
0.5242738723754883
0.46574321389198303
0.219320610165596
0.34458380937576294
0.5306277871131897
0.5659614205360413
0.3590553402900696
0.6642481684684753
0.41415852308273315
