0.4931018054485321
0.5311546325683594
0.17750568687915802
0.23275534808635712
0.068483866751194
0.19614659249782562
0.06274811178445816
0.2714774012565613
0.43877479434013367
0.6323253512382507
0.30825987458229065
0.5179365277290344
0.26108354330062866
0.05461130663752556
0.31923335790634155
0.30254605412483215
0.041100502014160156
0.17497381567955017
0.2542204260826111
0.34800294041633606
0.08908194303512573
0.35521364212036133
0.49176421761512756
0.3920519948005676
0.4884469211101532
0.3345622718334198
0.3805879056453705
0.2637209892272949
0.34203583002090454
0.2747766971588135
0.38387197256088257
0.26250675320625305
0.23218852281570435
0.5839957594871521
0.3869383633136749
0.38511666655540466
0.49523115158081055
0.41200652718544006
0.4106036126613617
0.4693300426006317
0.5600521564483643
0.49276676774024963
0.25486674904823303
0.5200802087783813
0.554598331451416
0.32519495487213135
0.5577620267868042
0.7406688332557678
0.6201639771461487
0.6660221219062805
0.8371636867523193
0.8713251948356628
0.5840737223625183
0.560387372970581
0.7275804281234741
0.5616908669471741
0.4290897250175476
0.4606817662715912
0.3852340281009674
0.4434093236923218
0.6776242852210999
0.3010587990283966
0.4924001097679138
0.23072674870491028
0.1933484971523285
0.3291635513305664
0.34965530037879944
0.43735164403915405
0.2494860291481018
0.2891361713409424
0.33392319083213806
0.3143692910671234
0.6086537837982178
0.5229880213737488
0.5476361513137817
0.6205633282661438
0.712905764579773
0.6496822834014893
0.44533100724220276
0.4251634180545807
0.45937755703926086
0.5598530173301697
0.3120720684528351
0.3036746084690094
0.44415798783302307
0.5252588391304016
0.37391582131385803
0.3378739655017853
0.3197413682937622
0.21345718204975128
0.270403116941452
0.7279430627822876
0.5371197462081909
0.07671168446540833
0.16478736698627472
0.11436324566602707
0.46914270520210266
0.4929482042789459
0.6637102961540222
0.6309012770652771
0.769033670425415
0.6643998622894287
0.5521915555000305
0.6183487772941589
0.4773002862930298
0.4823567569255829
0.538032591342926
0.5496033430099487
0.6564068794250488
0.6558375954627991
0.23732662200927734
0.5708431005477905
0.75018310546875
0.5297214984893799
0.5864141583442688
0.5524108409881592
0.6438397169113159
0.4718452990055084
0.504621148109436
