0.6554475426673889
0.23502874374389648
0.29490137100219727
0.25591620802879333
0.2590734660625458
0.25015461444854736
0.2756458818912506
0.35276901721954346
0.3790358603000641
0.3654238283634186
0.5163101553916931
0.3980881869792938
0.40731966495513916
0.3816843628883362
0.2152826488018036
0.2432028204202652
0.23329339921474457
0.12015637010335922
0.3187669813632965
0.08147988468408585
0.20090869069099426
0.09117189794778824
0.269595742225647
0.08499620854854584
0.20888087153434753
0.1194671019911766
0.31850478053092957
0.3050300180912018
0.4032067358493805
0.6914700269699097
0.8708268404006958
0.6449273228645325
0.8554251790046692
0.8103458881378174
0.19534136354923248
0.6337169408798218
0.5940242409706116
0.35225948691368103
0.17523831129074097
0.2919727563858032
0.20145262777805328
0.07572192698717117
0.1829206645488739
0.21326586604118347
0.09928189963102341
0.07622607052326202
0.14277763664722443
0.24893543124198914
0.21322841942310333
0.16140708327293396
0.31645068526268005
0.06814821064472198
0.13441424071788788
0.046812910586595535
0.25605010986328125
0.25592342019081116
0.7755536437034607
0.8489071726799011
0.35877254605293274
0.5247524380683899
0.536304771900177
0.3976767063140869
0.48293814063072205
0.18344008922576904
0.37030622363090515
0.18134333193302155
0.4009481370449066
0.28395169973373413
0.3231568932533264
0.41872283816337585
0.30259519815444946
0.09317510575056076
0.3010207712650299
0.10720912367105484
0.21483714878559113
0.30757060647010803
0.2293337732553482
0.1575373113155365
0.21818040311336517
0.5453665852546692
0.4613727629184723
0.7255770564079285
0.8395068049430847
0.7635094523429871
0.8814559578895569
0.7210258841514587
0.6251154541969299
0.9374951124191284
0.9240339398384094
0.8859024047851562
0.8949217200279236
0.7060754895210266
0.9751348495483398
0.8165448904037476
0.6118797659873962
0.33519357442855835
0.701836884021759
0.27290722727775574
0.6749995350837708
0.307659387588501
0.34968680143356323
0.11489101499319077
0.09477900713682175
0.36226052045822144
0.38996997475624084
0.7273756861686707
0.8480448722839355
0.6362646222114563
0.8267230987548828
0.9169209599494934
0.8317992091178894
0.9306066632270813
0.6747830510139465
0.722828209400177
0.4078194797039032
0.4544285833835602
0.28523364663124084
0.6236329078674316
0.42021217942237854
0.1699550300836563
0.24832341074943542
0.5420668721199036
0.7658169865608215
0.3191118836402893
0.18194805085659027
0.3206154704093933
0.4137226641178131
0.17946192622184753
0.18402355909347534
0.34355083107948303
0.24906256794929504
0.13178616762161255
0.18087166547775269
0.15425331890583038
0.046056561172008514
0.18484225869178772
