0.38618722558021545
0.5020464062690735
0.766020655632019
0.5428178310394287
0.29996585845947266
0.6149915456771851
0.8042302131652832
0.645006000995636
0.3867075741291046
0.8271833062171936
0.8106163144111633
0.5187933444976807
0.5046600699424744
0.7475464940071106
0.6154053807258606
0.2588904798030853
0.6108312606811523
0.5378957390785217
0.47642549872398376
0.3701028823852539
0.4217819571495056
0.4242660403251648
0.7325859069824219
0.6166864633560181
0.41695937514305115
0.7735956311225891
0.7759191989898682
0.4813571572303772
0.48709365725517273
0.6426699757575989
0.6894021034240723
0.3633020222187042
0.5735931992530823
0.5966046452522278
0.6055973768234253
0.33229583501815796
0.5836203694343567
0.5097700357437134
0.29407432675361633
0.27171286940574646
0.2640954554080963
0.07109272480010986
0.1563923954963684
0.11113789677619934
0.26494652032852173
0.21835359930992126
0.24447597563266754
0.09036567807197571
0.1852305680513382
0.20158305764198303
0.2230633646249771
0.17568685114383698
0.22975140810012817
0.1963546723127365
0.17998559772968292
0.21426299214363098
0.3821621537208557
0.35432034730911255
0.15947331488132477
0.3543696701526642
0.21242642402648926
0.4101323187351227
0.41410624980926514
0.18524165451526642
0.4720100462436676
0.4546932280063629
0.41579973697662354
0.5328327417373657
0.33536702394485474
0.20548823475837708
0.16070659458637238
0.12460241466760635
0.3124246597290039
0.3393509089946747
0.263080894947052
0.23306319117546082
0.48795297741889954
0.589612603187561
0.4744138717651367
0.5149065256118774
0.5240392088890076
0.4378037452697754
0.5035730004310608
0.45585912466049194
0.43997207283973694
0.39084064960479736
0.4524550437927246
0.47251150012016296
0.2694959044456482
0.08938203752040863
0.46215614676475525
0.3907688558101654
0.1837971955537796
0.3393482565879822
0.3930966556072235
0.5394004583358765
0.48977068066596985
0.4513207972049713
0.5122409462928772
0.630527138710022
0.608458936214447
0.7125803828239441
0.6805129647254944
0.6140176653862
0.410972535610199
0.7749006748199463
0.8213624358177185
0.76580411195755
0.6164025068283081
0.5932934880256653
0.7936580181121826
0.5452687740325928
0.42604127526283264
0.5068181753158569
0.5749013423919678
0.5239633917808533
0.3373197615146637
0.4314775764942169
0.4622325897216797
