0.15934793651103973
0.19694344699382782
0.2253572642803192
0.29436853528022766
0.16999369859695435
0.39791354537010193
0.41537371277809143
0.5900799632072449
0.3113335371017456
0.23826156556606293
0.09992487728595734
0.38169628381729126
0.15103760361671448
0.2981819212436676
0.08322706818580627
0.203056201338768
0.09117491543292999
0.13492466509342194
0.3199782073497772
0.27872464060783386
0.18337084352970123
0.2401963621377945
0.18023106455802917
0.21640975773334503
0.24635198712348938
0.382482647895813
0.221753790974617
0.10360340774059296
0.36813417077064514
0.3775492012500763
0.11901230365037918
0.10777066648006439
0.47728851437568665
0.36171549558639526
0.3569776713848114
0.33474573493003845
0.5515379309654236
0.2864114046096802
0.2594553828239441
0.5351476073265076
0.30282092094421387
0.1120760440826416
0.17518503963947296
0.24196548759937286
0.32468724250793457
0.20966117084026337
0.6382501125335693
0.5086025595664978
0.4407985508441925
0.5869465470314026
0.3022453188896179
0.5849501490592957
0.37867823243141174
0.540874719619751
0.2806728482246399
0.2475447952747345
0.3382417857646942
0.4087061583995819
0.3426003158092499
0.2818910777568817
0.30237773060798645
0.2897055745124817
0.24489988386631012
0.34001976251602173
0.3868350684642792
0.12344855815172195
0.1779182255268097
0.34264636039733887
0.2721576988697052
0.0818231850862503
0.2739340364933014
0.3847738802433014
0.2174411118030548
0.14501138031482697
0.26000288128852844
0.11094173789024353
0.21555590629577637
0.22823463380336761
0.1513357311487198
0.12228141725063324
0.20523583889007568
0.16801269352436066
0.3878738284111023
0.32299795746803284
0.4117176830768585
0.35887622833251953
0.561294436454773
0.25928911566734314
0.442253440618515
0.5526602864265442
0.30873551964759827
0.33087000250816345
0.48140621185302734
0.3957091271877289
0.1929326355457306
0.49159565567970276
0.3604603707790375
0.17233294248580933
0.1577901989221573
0.2913411557674408
0.1275731325149536
0.2162967324256897
0.16950586438179016
0.1668592244386673
0.12405739724636078
0.14020447432994843
0.11564274877309799
0.18484081327915192
0.11285994201898575
0.07769439369440079
0.1936359405517578
0.16789661347866058
0.18685953319072723
0.10762563347816467
0.12689371407032013
0.16547591984272003
0.26291272044181824
0.19009269773960114
0.09244731813669205
0.21331486105918884
0.2922026216983795
0.4431341886520386
0.5636894702911377
0.6913835406303406
0.5321765542030334
0.544424295425415
0.2157120257616043
0.4499148428440094
0.44062429666519165
0.4813731610774994
0.29693761467933655
0.47581496834754944
0.30922943353652954
0.56064373254776
0.7059023976325989
0.7850490212440491
0.7014268636703491
0.9065516591072083
0.8040000796318054
0.6374966502189636
0.6096480488777161
0.69537353515625
0.2877253592014313
0.2225654423236847
0.19186684489250183
0.07292294502258301
0.1668800264596939
0.09750161319971085
0.12399201840162277
0.08658257126808167
0.21063709259033203
0.19746454060077667
0.2429976761341095
0.2724779546260834
0.3216823637485504
0.19168329238891602
0.1687910109758377
0.3596692979335785
0.3872622549533844
0.5130460858345032
0.6287345886230469
0.6124885678291321
0.5518131852149963
0.7328299880027771
0.8731573224067688
0.7871454954147339
0.7731329798698425
0.7970119714736938
0.4572666585445404
0.5429894328117371
0.19563817977905273
0.2963496446609497
0.19003422558307648
0.2747594118118286
0.3652001917362213
0.4997590482234955
0.21342352032661438
0.4469645917415619
0.19667014479637146
0.18972457945346832
0.0812501311302185
0.16594897210597992
0.1882423609495163
0.13324905931949615
0.36144861578941345
0.30682462453842163
0.25044968724250793
0.3260321021080017
0.20084169507026672
0.10404223948717117
0.18870431184768677
0.302297443151474
0.13937383890151978
0.2742042541503906
0.05779146030545235
0.09010755270719528
0.040807176381349564
0.16132859885692596
0.20083975791931152
0.4410834014415741
0.4257613718509674
0.3362739682197571
0.746969997882843
0.4097786545753479
0.47148439288139343
0.42266812920570374
0.5019176602363586
