0.484934538602829
0.7089487910270691
0.30584806203842163
0.566430389881134
0.14519613981246948
0.2626366913318634
0.12374971807003021
0.2596065104007721
0.16989202797412872
0.4628736674785614
0.6813897490501404
0.6225309371948242
0.205638125538826
0.2390272617340088
0.26150089502334595
0.5749344229698181
0.4079311788082123
0.1552606076002121
0.3108114004135132
0.706001341342926
0.51395583152771
0.6829023361206055
0.8398258686065674
0.9176775813102722
0.8078805208206177
0.8424977660179138
0.8428781628608704
0.7727519273757935
0.7863545417785645
0.8133809566497803
0.8420549035072327
0.7807549834251404
0.7839948534965515
0.8279446959495544
0.8572741746902466
0.6876361966133118
0.8099745512008667
0.8047271370887756
0.8056583404541016
0.8198055624961853
0.8265493512153625
0.8615301847457886
0.7255866527557373
0.8344556093215942
0.6613884568214417
0.7799723744392395
0.7096582055091858
0.6688025593757629
0.7359386086463928
0.5836836695671082
0.6878663897514343
0.38439860939979553
0.6013935208320618
0.2473296821117401
0.5282484889030457
0.368950754404068
0.5588304400444031
0.5592911243438721
0.5246778130531311
0.8013473153114319
0.8152939081192017
0.7622421979904175
0.9068794250488281
0.774769127368927
0.8527343273162842
0.845761239528656
0.7781559824943542
0.7450152635574341
0.8984949588775635
0.8670597076416016
0.6655943393707275
0.886757493019104
0.8354924917221069
0.6296090483665466
0.4892691671848297
0.21466349065303802
0.31125015020370483
0.09732898324728012
0.08301851898431778
0.0471235029399395
0.11556047946214676
0.15588954091072083
0.2315274029970169
0.31450939178466797
0.41183334589004517
0.5098731517791748
0.6788586378097534
0.18958696722984314
0.3180227279663086
0.37527981400489807
0.45472463965415955
0.1848205029964447
0.44371283054351807
0.5764299035072327
0.3905702531337738
0.5002825260162354
0.5928431153297424
0.6556996703147888
0.3398062288761139
0.6315273642539978
0.7562975287437439
0.7797942161560059
0.6278043985366821
0.7492803931236267
0.5143054127693176
0.5280027985572815
0.48509588837623596
0.43286314606666565
0.27805623412132263
0.27649828791618347
0.1924251765012741
0.08867757022380829
0.07904162257909775
0.04106784611940384
0.13519515097141266
0.24782700836658478
0.28485265374183655
0.4358467161655426
0.42991626262664795
0.3639918863773346
0.46934330463409424
0.5651373267173767
0.5283851027488708
0.3973541557788849
0.2296546846628189
0.2430090606212616
0.2995109558105469
0.18066228926181793
0.2546374201774597
0.09237062186002731
0.27282023429870605
0.2358388900756836
0.42744868993759155
0.17765101790428162
0.3578580617904663
0.36347222328186035
0.5544410943984985
0.5181763768196106
0.42331424355506897
0.5371698141098022
0.3328392505645752
0.3429114520549774
0.4122752845287323
0.1414618045091629
0.17180772125720978
0.29823461174964905
0.6511930823326111
0.5400226712226868
0.684177577495575
0.28228655457496643
0.4077955484390259
0.4771789610385895
0.7423091530799866
0.6901375651359558
0.25486841797828674
0.47527578473091125
0.8228409290313721
0.6289368867874146
0.3555542528629303
0.41966697573661804
0.8074491620063782
0.40350407361984253
0.3158878684043884
0.6735052466392517
0.3870624899864197
0.49740394949913025
0.5603232979774475
0.46476835012435913
0.37268203496932983
0.46033430099487305
