0.3702356815338135
0.39855512976646423
0.2642192244529724
0.051858801394701004
0.13398367166519165
0.04798353835940361
0.18972112238407135
0.0526418574154377
0.33722105622291565
0.38190120458602905
0.6136213541030884
0.6524410247802734
0.7615952491760254
0.5482937693595886
0.5553561449050903
0.5141685605049133
0.4551689326763153
0.25232917070388794
0.311483770608902
0.4142221510410309
0.5379548668861389
0.41286271810531616
0.25973185896873474
0.30270853638648987
0.1709207147359848
0.12720738351345062
0.24275727570056915
0.06673197448253632
0.14701712131500244
0.1386096030473709
0.21670909225940704
0.2798568904399872
0.24622578918933868
0.347588449716568
0.2865445613861084
0.253479927778244
0.18889501690864563
0.3949700891971588
0.08594375103712082
0.2503291070461273
0.34407714009284973
0.4419432580471039
0.10523034632205963
0.4043098986148834
0.12138769775629044
0.31425467133522034
0.19334650039672852
0.41701996326446533
0.28251340985298157
0.18888480961322784
0.37225139141082764
0.2933007776737213
0.32460373640060425
0.3585157096385956
0.3308873176574707
0.1277986615896225
0.2576431334018707
0.2425374984741211
0.09538353234529495
0.17581647634506226
0.08243880420923233
0.27077242732048035
0.42563119530677795
0.6101335883140564
0.5392951965332031
0.44345664978027344
0.346640020608902
0.4880116879940033
0.3233136236667633
0.2763481140136719
0.24466915428638458
0.3076073229312897
0.33382710814476013
0.28767529129981995
0.3955540955066681
0.10914066433906555
0.3444845974445343
0.1914985328912735
0.26616233587265015
0.2592133581638336
0.3517322242259979
0.3753250539302826
0.2678908109664917
0.438949316740036
0.4574522078037262
0.6166684031486511
0.4890773594379425
0.35693255066871643
0.3250705897808075
0.4906262755393982
0.2491220086812973
0.4719569981098175
0.42207077145576477
0.3220697045326233
0.4994170367717743
0.5311022400856018
0.7680990695953369
0.8064591884613037
0.8245665431022644
0.7466588616371155
0.787379264831543
0.5116312503814697
0.8487472534179688
0.9597316384315491
0.89028400182724
0.572439432144165
0.853908896446228
0.9133439660072327
0.8142420649528503
0.33613041043281555
0.9001849293708801
0.8690517544746399
0.3523976504802704
0.849500834941864
0.6956658363342285
0.17259792983531952
0.23101186752319336
0.2965974807739258
0.1816011220216751
0.18309977650642395
0.2584284842014313
0.39015451073646545
0.16674329340457916
0.15807926654815674
0.28314173221588135
0.5073277950286865
0.35980743169784546
0.16699416935443878
0.23873291909694672
0.31811967492103577
0.3786231577396393
0.3337143063545227
0.2616884708404541
0.3626677393913269
0.23809920251369476
0.6693271994590759
0.913497269153595
0.826533854007721
0.3815573751926422
0.8118256330490112
0.925470769405365
0.6296056509017944
0.48130667209625244
0.9344661831855774
0.8214099407196045
0.7353529334068298
0.916916012763977
0.7862866520881653
0.3882703483104706
0.5918698310852051
0.42981934547424316
0.5359469056129456
0.5200352072715759
0.44944074749946594
0.48710981011390686
0.2643149793148041
