0.34172695875167847
0.4072372615337372
0.646325409412384
0.5819932222366333
0.5461438894271851
0.41243332624435425
0.5382940173149109
0.4706389605998993
0.2891649305820465
0.46408453583717346
0.37017586827278137
0.47114133834838867
0.2723305821418762
0.4328204393386841
0.34154048562049866
0.28291139006614685
0.4854587912559509
0.3449805974960327
0.3431342542171478
0.27079659700393677
0.382657915353775
0.36069586873054504
0.3410557210445404
0.44589152932167053
0.3173600137233734
0.3843700885772705
0.3016144335269928
0.24336068332195282
0.172575443983078
0.19263169169425964
0.27000537514686584
0.34649282693862915
0.2648598253726959
0.42206302285194397
0.3633500635623932
0.45595380663871765
0.3703485429286957
0.42906424403190613
0.41991618275642395
0.3728639483451843
0.4903179407119751
0.39985916018486023
0.5103286504745483
0.5935671329498291
0.5632961392402649
0.4303878843784332
0.5413480401039124
0.6677188277244568
0.4184156358242035
0.48973116278648376
0.7273079752922058
0.5943122506141663
0.28857365250587463
0.5044926404953003
0.6614131927490234
0.5473489165306091
0.3106304407119751
0.5691007971763611
0.4126488268375397
0.31650474667549133
0.2349013239145279
0.34962737560272217
0.50164794921875
0.36006906628608704
0.3209652304649353
0.4819416403770447
0.6524420380592346
0.47185781598091125
0.4243841767311096
0.65895015001297
0.442079097032547
0.3998427987098694
0.6043787002563477
0.53572678565979
0.5950970649719238
0.49439239501953125
0.4955346882343292
0.46589770913124084
0.5207759737968445
0.46307623386383057
0.3969751298427582
0.639376163482666
0.6881769299507141
0.5959640741348267
0.42343440651893616
0.5976986885070801
0.5826608538627625
0.5135055184364319
0.647331953048706
