0.519893229007721
0.3928908407688141
0.7896069884300232
0.7773593068122864
0.5268685221672058
0.4187493324279785
0.6961671113967896
0.6730033755302429
0.4057757258415222
0.6230749487876892
0.8622063994407654
0.8466594815254211
0.6436803936958313
0.7409917712211609
0.8720638155937195
0.8284339904785156
0.3816338777542114
0.8792695999145508
0.7444456815719604
0.6478866934776306
0.4285118877887726
0.5225039720535278
0.7759613394737244
0.7404147386550903
0.4998691976070404
0.46104103326797485
0.625012993812561
0.4505032002925873
0.30844631791114807
0.4428279399871826
0.5357664227485657
0.36742183566093445
0.4521211087703705
0.6302850842475891
0.5221195220947266
0.5102906227111816
0.4442611038684845
0.513330340385437
0.5800918340682983
0.71693354845047
0.7042624950408936
0.7312134504318237
0.6352608799934387
0.8109793066978455
0.7477138042449951
0.7551448941230774
0.7337110638618469
0.6989270448684692
0.7284029722213745
0.4962320923805237
0.8556251525878906
0.7137439846992493
0.5358244180679321
0.7285376191139221
0.8006640076637268
0.8892807364463806
0.7722306251525879
0.8819447159767151
0.6825981140136719
0.8579861521720886
0.5018664002418518
0.5370405316352844
0.7277624607086182
0.7863329648971558
0.6068822741508484
0.7388212084770203
0.6598036885261536
0.6341123580932617
0.5350850820541382
0.41342252492904663
0.6062738299369812
0.14937463402748108
0.197017639875412
0.4406692683696747
0.6646462082862854
0.27589884400367737
0.35214361548423767
0.2507096827030182
0.4459644854068756
0.46948331594467163
0.4286639094352722
0.4286951422691345
0.27118930220603943
0.6381662487983704
0.428096741437912
0.6331726312637329
0.6513723134994507
0.7703131437301636
0.6737045645713806
0.6682899594306946
0.668072521686554
0.7551965713500977
0.5280687808990479
0.7965860962867737
0.5230265855789185
0.5681853294372559
0.5183649063110352
0.7989790439605713
0.699728786945343
0.38496628403663635
0.7269566655158997
0.7647212743759155
0.8036529421806335
0.8448612093925476
0.7691527009010315
0.8507435917854309
0.8516811728477478
0.8227233290672302
0.897833526134491
0.9057678580284119
0.890849769115448
0.9136056900024414
0.794330358505249
0.8060899376869202
0.8120829463005066
0.759509801864624
