0.42107290029525757
0.5195155739784241
0.6655192971229553
0.17589549720287323
0.478207528591156
0.4622178077697754
0.20694223046302795
0.03699206933379173
0.2389300912618637
0.45023229718208313
0.11003268510103226
0.15471498668193817
0.7782386541366577
0.4991837739944458
0.1900455802679062
0.17377206683158875
0.08242247253656387
0.05940546467900276
0.06520047038793564
0.01703828014433384
0.04471975192427635
0.027332430705428123
0.06904412060976028
0.04020603373646736
0.06250383704900742
0.04071900621056557
0.1063355803489685
0.04995429515838623
0.07560579478740692
0.035386618226766586
0.03239191696047783
0.06133394315838814
0.19333107769489288
0.2577918767929077
0.4232880473136902
0.688381016254425
0.698204517364502
0.38165825605392456
0.8045833706855774
0.30752676725387573
0.10640130937099457
0.04756220430135727
0.6368471384048462
0.8237444758415222
0.23338624835014343
0.2564868927001953
0.9165953397750854
0.8137669563293457
0.38074517250061035
0.3687017858028412
0.1383093148469925
0.07236380130052567
0.03335654363036156
0.013332734815776348
0.0868048146367073
0.06803674250841141
0.017229069024324417
0.03353603556752205
0.05656835064291954
0.06839058548212051
0.06565099954605103
0.042952463030815125
0.07445284724235535
0.039552055299282074
0.13240692019462585
0.1204826831817627
0.16682879626750946
0.5402582883834839
0.7585399746894836
0.7390493750572205
0.29678720235824585
0.8545019626617432
0.1794111281633377
0.1724703162908554
0.02813730388879776
0.5880192518234253
0.8529424667358398
0.14088262617588043
0.20823223888874054
0.887235164642334
0.829703688621521
0.41205358505249023
0.6021378040313721
0.4214390218257904
0.1217820793390274
0.058428745716810226
0.029328657314181328
0.11396773904561996
0.044644761830568314
0.018073920160531998
0.05777733400464058
0.09008964151144028
0.11038558930158615
0.0810573399066925
0.05821920931339264
0.1440625637769699
0.07786055654287338
0.1250046342611313
0.07972905784845352
0.31983309984207153
0.5346755981445312
0.7127326726913452
0.8526685833930969
0.25616520643234253
0.6529475450515747
0.19701716303825378
0.1789097636938095
0.030617697164416313
0.6600614786148071
0.9305139183998108
0.16042454540729523
0.254830539226532
0.866233229637146
0.9014005661010742
0.44336509704589844
0.5385297536849976
0.4104751646518707
0.20228715240955353
0.14647077023983002
0.03405197337269783
0.1798972636461258
0.07146397233009338
0.015704713761806488
0.08990707993507385
0.20571936666965485
0.07044539600610733
0.1181897446513176
0.03669208660721779
0.10214974731206894
0.049159202724695206
0.0842800885438919
0.08974740654230118
0.29553472995758057
0.6524814367294312
0.7454948425292969
0.8694294095039368
0.464017778635025
0.5580704808235168
0.18891087174415588
0.1278202384710312
0.017869995906949043
0.596939742565155
0.8886147737503052
0.11990497261285782
0.13685151934623718
0.7041237950325012
0.8291864395141602
0.28888535499572754
0.32536813616752625
0.31938260793685913
0.3745751976966858
0.02970954217016697
0.023549290373921394
0.31702446937561035
0.15662959218025208
0.020351974293589592
0.1468029022216797
0.4456573724746704
0.2267265021800995
0.2650260627269745
0.04774715378880501
0.06682470440864563
0.07263883948326111
0.15998221933841705
0.12952204048633575
0.20767712593078613
0.31761249899864197
0.5555544495582581
0.6325118541717529
0.10936661809682846
0.33375492691993713
0.08249589800834656
0.06443940848112106
0.021280933171510696
0.18734297156333923
0.5825055241584778
0.06843887269496918
0.13596387207508087
0.6967718601226807
0.6685885190963745
0.6106488108634949
0.42634645104408264
0.38431790471076965
0.3071192502975464
0.0954277291893959
0.05506308376789093
0.29171839356422424
0.24182531237602234
0.01896941475570202
0.0785108432173729
0.20454458892345428
0.2858968675136566
0.128366157412529
0.05582661181688309
0.12750381231307983
0.16360460221767426
0.3446095287799835
0.18692238628864288
0.34790241718292236
0.20114949345588684
0.4870275855064392
0.5633894205093384
0.5339472889900208
0.5137327909469604
0.2421690672636032
0.08898957073688507
0.14510954916477203
0.4323042631149292
0.444839745759964
0.1771688461303711
0.524259090423584
0.36454594135284424
0.3811902105808258
0.1828514188528061
0.08936571329832077
0.37769097089767456
0.30817893147468567
0.06337049603462219
0.27633944153785706
0.3911173641681671
0.23401053249835968
0.0937957763671875
0.21865181624889374
0.18518337607383728
0.17957906424999237
0.22898288071155548
0.22381755709648132
0.19305072724819183
0.1728583723306656
