0.245112344622612
0.12485656887292862
0.2670823335647583
0.3178086578845978
0.16872337460517883
0.08095047622919083
0.22554755210876465
0.536401093006134
0.27680614590644836
0.2579820156097412
0.24218498170375824
0.22781896591186523
0.13962161540985107
0.1920364648103714
0.19646625220775604
0.08593345433473587
0.17736706137657166
0.3166849911212921
0.3749866783618927
0.4670969247817993
0.42499908804893494
0.6640888452529907
0.33768168091773987
0.5777595639228821
0.7174100875854492
0.6896066069602966
0.36869141459465027
0.5055028200149536
0.41026413440704346
0.5200383067131042
0.5646140575408936
0.5658414959907532
0.5706503987312317
0.4366154074668884
0.45573315024375916
0.2732730805873871
0.48436176776885986
0.6874227523803711
0.3374005854129791
0.3386348783969879
0.5958214998245239
0.2811793386936188
0.501573383808136
0.696015477180481
0.8819749355316162
0.7108872532844543
0.7822474241256714
0.6586559414863586
0.5635173320770264
0.5435770750045776
0.5553154349327087
0.6760513782501221
0.6196796894073486
0.7528780698776245
0.9297519326210022
0.5567317008972168
0.605792760848999
0.8845721483230591
0.9040248990058899
0.46820899844169617
0.6508299112319946
0.8562011122703552
0.7437717914581299
0.3368055820465088
0.5368062257766724
0.6177608966827393
0.7780550718307495
0.5064923763275146
0.34928175806999207
0.3396959602832794
0.28223949670791626
0.4526180624961853
0.4785269796848297
0.37177202105522156
0.3139895498752594
0.4741183817386627
0.261606365442276
0.6339643597602844
0.5998907089233398
0.6495246291160583
0.24631629884243011
0.6246506571769714
0.746056079864502
0.3400116562843323
0.45864593982696533
0.47806039452552795
0.26551738381385803
0.48759403824806213
0.5661566853523254
0.4842078387737274
0.6784751415252686
0.5390090942382812
0.34583568572998047
0.6721270084381104
0.9019473195075989
0.7950029969215393
0.42544451355934143
0.8371356129646301
0.9052366614341736
0.9081893563270569
0.4689198136329651
0.6545936465263367
0.7520197033882141
0.7827726006507874
0.4664900004863739
0.3485470414161682
0.2758702337741852
0.2696549892425537
0.2717813551425934
0.6261769533157349
0.4177824854850769
0.3947426676750183
0.640064537525177
0.706530749797821
0.791519284248352
0.8277544379234314
0.8060634732246399
0.6313625574111938
0.7955408692359924
0.8916820883750916
0.8386004567146301
0.738542377948761
0.8057422041893005
0.8564065098762512
0.7924402356147766
0.8315127491950989
0.7274261116981506
0.8229759335517883
0.6488243341445923
0.556600034236908
0.722746729850769
0.8979924321174622
0.741782546043396
0.5751347541809082
0.8353697061538696
0.9201289415359497
0.5045651197433472
0.5884358286857605
0.9148691892623901
0.8539777398109436
0.3719891607761383
0.5809623599052429
0.808041512966156
0.512679398059845
0.17650319635868073
0.4378749430179596
0.2923068106174469
0.5201181769371033
0.26712357997894287
0.21393801271915436
0.1861862689256668
0.25649046897888184
0.35087695717811584
0.49443531036376953
0.26629677414894104
0.27091532945632935
0.591637134552002
0.3806590139865875
0.44503211975097656
0.6389775276184082
0.5221025943756104
0.5095747113227844
0.7570359706878662
0.8736743927001953
0.7087454199790955
0.7945433855056763
0.8419830203056335
0.7068770527839661
0.8510206341743469
0.9386894702911377
0.7774261236190796
0.6159490346908569
0.6827497482299805
0.7759889960289001
0.7737290859222412
0.3950642943382263
0.43232354521751404
0.5185449719429016
0.32875344157218933
0.32203683257102966
0.4683878719806671
0.2941848933696747
