0.3404136598110199
0.36801692843437195
0.3577573001384735
0.7109561562538147
0.8227685689926147
0.7725832462310791
0.8776944875717163
0.8692286014556885
0.9180395603179932
0.8671756982803345
0.8439270853996277
0.8618560433387756
0.8333563804626465
0.8526736497879028
0.7229721546173096
0.6267197728157043
0.610213577747345
0.7637240886688232
0.574221670627594
0.6635578274726868
0.421409010887146
0.3176949620246887
0.541075587272644
0.5007269382476807
0.337551474571228
0.4765337407588959
0.5237923860549927
0.34955301880836487
0.359368234872818
0.5274831056594849
0.5975837707519531
0.44926637411117554
0.514032244682312
0.8679631352424622
0.6056370139122009
0.8682333827018738
0.6791879534721375
0.837604820728302
0.4568897485733032
0.706234872341156
0.4709247052669525
0.3401946425437927
0.2832559645175934
0.149424210190773
0.24157275259494781
0.06391177326440811
0.24509306252002716
0.08381092548370361
0.15125222504138947
0.08443895727396011
0.08788643777370453
0.08678030967712402
0.1234528198838234
0.030810769647359848
0.12171700596809387
0.1575629860162735
0.1602288782596588
0.0923367515206337
0.11424241960048676
0.22324009239673615
0.09535551816225052
0.4027194678783417
0.3563498258590698
0.5975050330162048
0.5220001935958862
0.3444891571998596
0.5725457668304443
0.08772777765989304
0.3722611665725708
0.03515315800905228
0.1893063187599182
0.09991172701120377
0.28219249844551086
0.29731041193008423
0.37916189432144165
0.551433265209198
0.5028093457221985
0.4512387812137604
0.12579238414764404
0.40652957558631897
0.20217210054397583
0.2438892275094986
0.06906973570585251
0.5249881744384766
0.29718017578125
0.7394177317619324
0.37158283591270447
0.8021305203437805
0.7342196702957153
0.8395398259162903
0.883597195148468
0.8504238128662109
0.7578885555267334
0.8745441436767578
0.5419480800628662
0.8227272033691406
0.3736675977706909
0.8021255135536194
0.30597034096717834
0.7794355750083923
0.6129423379898071
0.38210317492485046
0.47986167669296265
0.4831344783306122
0.5520973801612854
0.5654502511024475
0.5625682473182678
0.4545520842075348
0.3407784700393677
0.5455496907234192
0.29377472400665283
0.12709663808345795
0.44280117750167847
0.4387417435646057
0.2291685789823532
0.11495419591665268
0.4031011164188385
0.2594582438468933
0.17833071947097778
0.1613859087228775
0.5573388934135437
0.46215787529945374
0.306166410446167
0.49143022298812866
0.7954174876213074
0.8334477543830872
