0.13879910111427307
0.11373899132013321
0.21132539212703705
0.2849339544773102
0.458320677280426
0.3923884630203247
0.2783281207084656
0.3757924437522888
0.3515784442424774
0.46974876523017883
0.6040614247322083
0.5348238348960876
0.29409468173980713
0.23767052590847015
0.35628482699394226
0.11616989225149155
0.4836257994174957
0.28895241022109985
0.5431358218193054
0.7835784554481506
0.6791276931762695
0.8544883728027344
0.8385212421417236
0.8009935021400452
0.8983175754547119
0.7667149305343628
0.8937943577766418
0.8133149147033691
0.8161623477935791
0.22323070466518402
0.08496584743261337
0.015192621387541294
0.03683774545788765
0.06047757342457771
0.10555306822061539
0.12019983679056168
0.10537371784448624
0.05233469605445862
0.10115092992782593
0.017710339277982712
0.06510614603757858
0.03830112889409065
0.0844411551952362
0.24238739907741547
0.742365837097168
0.39208441972732544
0.3711094558238983
0.7684217691421509
0.6614056825637817
0.4236207604408264
0.5313025116920471
0.7305706739425659
0.755253255367279
0.4956909716129303
0.15595431625843048
0.5419935584068298
0.5345257520675659
0.40000414848327637
0.47012636065483093
0.11264618486166
0.5820778608322144
0.13846184313297272
0.2637912929058075
0.45288148522377014
0.3083478510379791
0.36833885312080383
0.6119967103004456
0.6076544523239136
0.5899203419685364
0.6378673911094666
0.5441319346427917
0.3686789572238922
0.353633314371109
0.5534451603889465
0.41487589478492737
0.5884870290756226
0.2456614226102829
0.39043599367141724
0.1749040186405182
0.316638320684433
0.409883975982666
0.3367154598236084
0.3234124481678009
0.5944509506225586
0.5513245463371277
0.7049143314361572
0.7164679765701294
0.5419877767562866
0.6982696652412415
0.7779386639595032
0.7915233969688416
0.7606390118598938
0.7860531210899353
0.6425743699073792
0.5180458426475525
0.39963752031326294
0.24581165611743927
0.11267006397247314
0.09455335885286331
0.09644937515258789
0.19904430210590363
0.08122603595256805
0.19390042126178741
0.07192903012037277
0.17547361552715302
0.08006709069013596
0.25064367055892944
0.4753085672855377
0.4145578145980835
0.48655906319618225
0.37777215242385864
0.16694384813308716
0.36791160702705383
0.3933609426021576
0.26126348972320557
0.373042494058609
0.3655322194099426
0.253060519695282
0.37525230646133423
0.3208388388156891
0.30105915665626526
0.39850935339927673
0.41970688104629517
0.122688427567482
0.35620009899139404
0.14209577441215515
0.2235630303621292
0.06500054150819778
0.48458331823349
0.09599912166595459
0.26205942034721375
0.26060396432876587
0.545333206653595
0.25584253668785095
0.32872453331947327
0.4209807813167572
0.3775428533554077
0.6129605770111084
0.5458934903144836
0.5168507695198059
0.6633492708206177
0.6092343330383301
0.4892735481262207
0.441824734210968
0.31381353735923767
0.36722955107688904
0.32078441977500916
0.4810129404067993
0.2068960964679718
0.389532208442688
0.17228035628795624
0.3408046066761017
0.30333083868026733
0.37641194462776184
0.36117634177207947
0.5068114399909973
0.30176761746406555
0.326867014169693
0.18992933630943298
0.39272695779800415
0.2922860085964203
0.425975501537323
0.6004412770271301
0.4855630099773407
0.5434468388557434
0.7074370980262756
0.6839552521705627
0.5004215240478516
0.7251778841018677
0.6138513684272766
0.6851094961166382
0.5438231229782104
0.40129995346069336
0.15100762248039246
0.12407805025577545
0.0943630114197731
0.27332624793052673
0.31063440442085266
0.34679293632507324
0.16097970306873322
0.23347049951553345
0.15610523521900177
0.09214422106742859
0.34950366616249084
0.15166372060775757
0.5112558007240295
0.2738629877567291
0.21665869653224945
0.21981723606586456
0.06813574582338333
0.07193728536367416
0.09374232590198517
0.12981922924518585
0.17839615046977997
0.09792449325323105
0.3348750174045563
0.33023807406425476
0.2405378371477127
0.4174623191356659
0.5198884606361389
0.5195763111114502
0.20912165939807892
0.1075318232178688
0.12212125211954117
0.05938234552741051
0.0998748317360878
0.19021961092948914
0.33247312903404236
0.8588813543319702
0.5866773724555969
0.8270807862281799
0.48863279819488525
0.18385954201221466
0.10177259892225266
0.596255898475647
0.3542565703392029
0.21874208748340607
0.622636079788208
0.4029081165790558
0.24396610260009766
0.46057742834091187
0.23937368392944336
0.35166335105895996
0.2869272530078888
0.16029112040996552
0.1350075900554657
0.6498215794563293
0.375853955745697
0.13865704834461212
0.21145497262477875
0.39155566692352295
0.07615292072296143
0.19816486537456512
0.15919053554534912
0.22059550881385803
0.11382564157247543
0.27667656540870667
