0.2630510628223419
0.48619166016578674
0.2875182032585144
0.46994930505752563
0.4528214633464813
0.4343699514865875
0.4715902507305145
0.20686043798923492
0.4140792191028595
0.5616965293884277
0.35487309098243713
0.062207143753767014
0.18354617059230804
0.33965906500816345
0.19891680777072906
0.09841447323560715
0.0746547281742096
0.14709767699241638
0.20937855541706085
0.2036818116903305
0.2573607265949249
0.2341860681772232
0.14240071177482605
0.23410357534885406
0.043316084891557693
0.20412492752075195
0.06005129590630531
0.043701402842998505
0.06757315993309021
0.054304637014865875
0.009895903058350086
0.028959695249795914
0.052938539534807205
0.034630537033081055
0.015159820206463337
0.052767314016819
0.14891335368156433
0.06547323614358902
0.1329510509967804
0.055825524032115936
0.19136376678943634
0.1557946801185608
0.02288396842777729
0.07431916892528534
0.014235464856028557
0.08563555777072906
0.020832562819123268
0.09785109758377075
0.06971847265958786
0.40082335472106934
0.12236732989549637
0.12225353717803955
0.050280794501304626
0.1705806851387024
0.04346312955021858
0.22382450103759766
0.010274296626448631
0.04849085211753845
0.009623352438211441
0.018380047753453255
0.03075786493718624
0.0346742682158947
0.031130889430642128
0.1272328495979309
0.019317859783768654
0.021253716200590134
0.20057082176208496
0.10895714908838272
0.26655155420303345
0.08349084109067917
0.24283435940742493
0.07834651321172714
0.04015933349728584
0.07489173859357834
0.06211765110492706
0.009095504879951477
0.014796222560107708
0.08956240117549896
0.049966126680374146
0.020423639565706253
0.07656270265579224
0.03368125110864639
0.019783535972237587
0.039257269352674484
0.03272593021392822
0.04252064973115921
0.02937939390540123
0.015117734670639038
0.02974165789783001
0.034849438816308975
0.24672770500183105
0.35631880164146423
0.08094538748264313
0.26623404026031494
0.2014518678188324
0.2120869755744934
0.044012170284986496
0.07819276303052902
0.08481542766094208
0.018294578418135643
0.09004125744104385
0.10979306697845459
0.02308269776403904
0.09037261456251144
0.020964380353689194
0.06734649091959
0.11919082701206207
0.15470197796821594
0.2283664345741272
0.26657453179359436
0.29585403203964233
0.18161514401435852
0.14806437492370605
0.1617499142885208
0.05076875537633896
0.1788538247346878
0.05375891178846359
0.06299633532762527
0.10926174372434616
0.3300912380218506
0.623324990272522
0.4246036112308502
0.866191565990448
0.6766746640205383
0.6774869561195374
0.7916126251220703
0.2713291645050049
0.2009727507829666
0.16961915791034698
0.023146580904722214
0.11779933422803879
0.008605817332863808
0.03218962997198105
0.1005331352353096
0.1780634969472885
0.10277611762285233
0.37976542115211487
0.5069530606269836
0.5127010345458984
0.3221926987171173
0.6573217511177063
0.37302640080451965
0.11196405440568924
0.2740498483181
0.3953700363636017
0.28715911507606506
0.33078283071517944
0.4489350914955139
0.3452634811401367
0.18985000252723694
0.21072115004062653
0.10629885643720627
0.3268452286720276
0.0730079710483551
0.5019744038581848
0.15115775167942047
0.4219014644622803
0.6372916102409363
0.7660968899726868
0.33885976672172546
0.10020635277032852
0.0885101705789566
0.16916979849338531
0.10302110016345978
0.1499222368001938
0.05883406475186348
0.011035163886845112
0.07893970608711243
0.1860942840576172
0.013857446610927582
0.0117528410628438
0.09411635994911194
0.07677623629570007
0.048937153071165085
0.06580405682325363
0.045307282358407974
0.17789806425571442
0.08585900813341141
0.16064997017383575
0.09142245352268219
0.036565836519002914
0.06003277748823166
0.12108417600393295
0.028634117916226387
0.017069796100258827
0.05202579125761986
0.058538444340229034
0.03646176680922508
0.07086099684238434
0.07769167423248291
0.05749020352959633
0.14688648283481598
0.18296875059604645
0.11806939542293549
0.2769085168838501
0.5510590076446533
0.4390695095062256
0.46573570370674133
0.6055870652198792
0.18627163767814636
0.6663740277290344
0.42817601561546326
0.11106196790933609
0.2870921790599823
0.11878340691328049
0.14254796504974365
0.21216054260730743
0.10608851909637451
0.038150545209646225
0.12418182939291
0.1027417778968811
0.2603197991847992
0.2907163202762604
0.10940603166818619
0.2273639589548111
0.08054975420236588
0.12215252965688705
0.04701218754053116
0.2760494351387024
0.5560081601142883
0.21416620910167694
0.5908733606338501
0.22802267968654633
0.5812134742736816
0.3758868873119354
0.5713686943054199
0.7853301763534546
0.8599722385406494
0.4714822769165039
0.584124743938446
0.851093590259552
0.8417456746101379
0.3858228623867035
0.6712954044342041
0.6123155355453491
0.34295177459716797
0.4920080602169037
0.506831705570221
0.5106444358825684
0.46761640906333923
0.3083850145339966
0.33685940504074097
0.22850669920444489
0.2162676602602005
0.45244115591049194
0.6726363301277161
0.42115870118141174
0.44047489762306213
0.4939177930355072
0.4276113212108612
0.3263074457645416
0.2360078990459442
0.5084819197654724
0.43258991837501526
0.43781089782714844
0.6508354544639587
0.25775182247161865
0.7243590354919434
0.5215237736701965
0.8426039814949036
0.5160930156707764
0.7017849683761597
0.570539116859436
0.0881141945719719
0.12553782761096954
0.07946586608886719
0.08089681714773178
0.09349993616342545
0.25286054611206055
0.25194674730300903
0.4912365972995758
0.4901294708251953
0.9018343687057495
0.8770530819892883
0.7973061203956604
0.27626049518585205
0.9333809018135071
0.8816267251968384
0.2730906009674072
0.5882619023323059
0.8950873613357544
0.48411402106285095
0.10460593551397324
0.6687464118003845
0.7414700388908386
0.3019200563430786
0.22348186373710632
0.12037927657365799
0.33056727051734924
0.2501164972782135
0.19853317737579346
0.42258837819099426
0.786765456199646
0.3275127410888672
0.5365937352180481
0.37947049736976624
0.6156696677207947
0.6636183261871338
0.330113023519516
0.2472822368144989
0.4215613901615143
0.2844363749027252
0.20129697024822235
0.21645763516426086
0.06877055019140244
0.11404389888048172
0.16426166892051697
0.1240772008895874
0.06113431230187416
0.19993312656879425
0.3574236333370209
0.2300577163696289
0.10097261518239975
0.23600758612155914
0.36259740591049194
0.2844288945198059
0.292034775018692
0.07253775745630264
0.0528903529047966
0.016635319218039513
0.04296227544546127
0.0797642394900322
0.04795747622847557
0.15361186861991882
0.28759637475013733
0.7327215671539307
0.2250525951385498
0.4925459921360016
0.8024320602416992
0.5780847668647766
0.44909965991973877
0.10517220944166183
0.19072771072387695
0.48160451650619507
0.1776377111673355
0.03954873979091644
0.2795618176460266
0.04768263176083565
0.15567456185817719
0.06112273037433624
0.17247374355793
0.03078102134168148
0.04202181100845337
0.16885153949260712
0.18425677716732025
0.09702136367559433
0.06660852581262589
0.06493078172206879
0.07354605942964554
0.07491815090179443
0.11719717085361481
0.07195520401000977
0.029060641303658485
0.05040811747312546
0.22700047492980957
0.14334224164485931
0.6481441259384155
0.37453964352607727
0.42110124230384827
0.2801715135574341
0.36208561062812805
0.48449474573135376
0.23875117301940918
0.044181857258081436
0.3619581162929535
0.15817943215370178
0.11027538776397705
0.12980665266513824
0.24211671948432922
0.1682737022638321
0.08363503962755203
0.21155810356140137
0.2690507471561432
0.26702529191970825
0.18292981386184692
0.24088960886001587
0.2953204810619354
0.15020282566547394
0.6155027747154236
0.6828323006629944
0.5486047863960266
0.5774236917495728
0.17741835117340088
0.05468722805380821
0.09295408427715302
0.1941106766462326
0.21701021492481232
0.037739649415016174
0.05875357612967491
0.055689487606287
0.08590921759605408
0.08422838896512985
0.168237566947937
