0.7446402311325073
0.7951945662498474
0.7694607973098755
0.7759274244308472
0.7865965962409973
0.6558279395103455
0.7400752902030945
0.7899829149246216
0.6695248484611511
0.6963789463043213
0.9047859907150269
0.7127997279167175
0.8232179880142212
0.48916468024253845
0.8053167462348938
0.6904492974281311
0.7904629111289978
0.8456738591194153
0.776382327079773
0.8126655220985413
0.6492792963981628
0.86468905210495
0.8623653650283813
0.43957963585853577
0.556162416934967
0.8291265368461609
0.625749945640564
0.9116957187652588
0.8078489899635315
0.849274218082428
0.9360621571540833
0.8927794694900513
0.860978901386261
0.6482585072517395
0.36409419775009155
0.8770647644996643
0.8290315866470337
0.5486807823181152
0.5176001787185669
0.8126220107078552
0.843673050403595
0.7757046818733215
0.5829405188560486
0.715639591217041
0.6789639592170715
0.5585460066795349
0.5020157098770142
0.703414261341095
0.49412038922309875
0.7115018963813782
0.8385291695594788
0.7555131912231445
0.7755634188652039
0.6453548669815063
0.6609188914299011
0.39618557691574097
0.5914449095726013
0.7303566932678223
0.715119481086731
0.7830209732055664
0.3237122595310211
0.8028906583786011
0.7964359521865845
0.7478938698768616
0.7506349086761475
0.9219956994056702
0.9065371751785278
0.8224942684173584
0.8879410624504089
0.9491263628005981
0.8483842015266418
0.783305823802948
0.8362599611282349
0.8687482476234436
0.6221804618835449
0.7816557288169861
0.8294222950935364
0.8195331692695618
0.711369514465332
0.7503732442855835
0.5284488201141357
0.6549916863441467
0.8660821914672852
0.6347118616104126
0.4760088324546814
0.716729462146759
0.7380693554878235
0.31430235505104065
0.663646936416626
0.7739253044128418
0.6194126605987549
0.3088458478450775
0.7130619883537292
0.7525059580802917
0.316095232963562
0.3712448477745056
0.620174765586853
