0.5314206480979919
0.5762903690338135
0.7730622887611389
0.5965244174003601
0.6749863028526306
0.5585306286811829
0.6270392537117004
0.6360492706298828
0.542210578918457
0.6036545634269714
0.48654863238334656
0.48076048493385315
0.3973540961742401
0.4917928874492645
0.5174505710601807
0.4528108835220337
0.4921700060367584
0.5690482258796692
0.43873968720436096
0.5267712473869324
0.5780649781227112
0.6766532063484192
0.6677365303039551
0.8007062077522278
0.7407029271125793
0.6297183632850647
0.68779456615448
0.8062619566917419
0.5455702543258667
0.6851099133491516
0.8359550833702087
0.7281655669212341
0.6377950310707092
0.8751517534255981
0.7776346206665039
0.745243489742279
0.4338722825050354
0.8014953136444092
0.7749451994895935
0.7521618008613586
0.8189206719398499
0.7887979745864868
0.7111014723777771
0.5898186564445496
0.7892870903015137
0.8092287182807922
0.4852162003517151
0.6007825136184692
0.794244647026062
0.6608601808547974
0.8211157917976379
0.7275481224060059
0.8018199801445007
0.9091599583625793
0.8455368280410767
0.889063835144043
0.5298581123352051
0.33370745182037354
0.7442364692687988
0.7297551035881042
0.4244365692138672
0.5454651117324829
0.6676406860351562
0.6971295475959778
0.6378530263900757
0.6218767166137695
0.6596258282661438
0.6155087351799011
0.41377896070480347
0.49016666412353516
0.4829328954219818
0.5786157250404358
0.4243132174015045
0.666732907295227
0.708922803401947
0.6450275778770447
0.7826912999153137
0.5468317866325378
0.44991984963417053
0.3951244354248047
0.46694067120552063
0.3598152995109558
0.5658524036407471
0.7048200368881226
0.43107762932777405
0.599873960018158
0.8776540160179138
0.8717148303985596
0.8616877198219299
0.8134273886680603
0.9099858403205872
0.8353433012962341
0.656985342502594
0.6498557329177856
0.8619526624679565
0.7031320333480835
0.6445856690406799
0.7572036981582642
0.7723517417907715
0.7875477075576782
