0.6876208186149597
0.6232842803001404
0.5957671403884888
0.82405024766922
0.47231441736221313
0.6206752061843872
0.8222799301147461
0.7056153416633606
0.7611947655677795
0.6177397966384888
0.30878597497940063
0.2217220515012741
0.2105681449174881
0.2330588847398758
0.14043302834033966
0.13450300693511963
0.045424070209264755
0.016348842531442642
0.058589089661836624
0.0713786855340004
0.09500531107187271
0.039392344653606415
0.058004073798656464
0.07738903909921646
0.1044098362326622
0.09607642889022827
0.04334690049290657
0.08508391678333282
0.18092243373394012
0.26026421785354614
0.19848930835723877
0.8477824926376343
0.8079206943511963
0.8940116167068481
0.7432679533958435
0.6149753928184509
0.7926319241523743
0.3416960537433624
0.25521859526634216
0.35833224654197693
0.3469173014163971
0.2435125857591629
0.10721455514431
0.20838309824466705
0.15588624775409698
0.0828583836555481
0.03452654555439949
0.0035357021261006594
0.009099043905735016
0.020907897502183914
0.012652878649532795
0.11544809490442276
0.048977628350257874
0.12569326162338257
0.1481069028377533
0.1784314513206482
0.3858741521835327
0.5090087056159973
0.3926357328891754
0.35607630014419556
0.23461662232875824
0.38679662346839905
0.3262551426887512
0.08151659369468689
0.10609966516494751
0.1040181890130043
0.04616086557507515
0.04745447263121605
0.040709976106882095
0.00745525723323226
0.02665621042251587
0.06484534591436386
0.03450050204992294
0.00684784073382616
0.008795191533863544
0.007345802150666714
0.015778331086039543
0.0007207441958598793
0.009382689371705055
0.008245661854743958
0.0012613801518455148
0.004193955101072788
0.009840145707130432
0.08575227856636047
0.012947880662977695
0.003903056727722287
0.014570227824151516
0.008172820322215557
0.0010705474996939301
0.003977304324507713
0.0027002659626305103
0.12542173266410828
0.014196593314409256
0.1257384568452835
0.1540861576795578
0.05748550221323967
0.3447922170162201
0.43272435665130615
0.6366563439369202
0.43537676334381104
0.3694896996021271
0.3121468126773834
0.15371376276016235
0.09056467562913895
0.013492578640580177
0.050369832664728165
0.07112118601799011
0.017751947045326233
0.006769712083041668
0.026382410898804665
0.010629651136696339
0.0036411690525710583
0.012181341648101807
0.00875917635858059
0.003173496574163437
0.007471330463886261
0.022926844656467438
0.01485463697463274
0.011875903233885765
0.02203129045665264
0.014443420805037022
0.008408277295529842
0.0020476928912103176
0.0066200424917042255
0.00338157475925982
0.042117174714803696
0.030534356832504272
0.1669328808784485
0.290083110332489
0.4117698669433594
0.4324122965335846
0.45293575525283813
0.15695683658123016
0.10824268311262131
0.3003905117511749
0.23089225590229034
0.01813344471156597
0.05992262437939644
0.23834377527236938
0.03828949108719826
0.007508138660341501
0.013993403874337673
0.2023521512746811
0.03305492177605629
0.009902916848659515
0.06981458514928818
0.06284692883491516
0.03249494358897209
0.0338331013917923
0.012775161303579807
0.05397173389792442
0.018462521955370903
0.07737948000431061
0.11295650154352188
0.12229098379611969
0.37791240215301514
0.8553326725959778
0.8160912990570068
0.33179646730422974
0.639329731464386
0.8650476336479187
0.528232991695404
0.05621219426393509
0.23445507884025574
0.741936206817627
0.11655138432979584
0.03854406252503395
0.6721438765525818
0.6449988484382629
0.14095215499401093
0.06797686219215393
0.05129968374967575
0.07903847098350525
0.06803616881370544
0.06468688696622849
0.09408346563577652
0.315319687128067
0.4576287865638733
0.9475014805793762
0.9439834952354431
0.9473320841789246
0.9487770795822144
0.9806191325187683
0.9414938688278198
0.3628201186656952
0.9190539121627808
0.9461174011230469
0.49681439995765686
0.5062366724014282
0.9444316029548645
0.885581910610199
0.1941695362329483
0.6991774439811707
0.9156292080879211
0.8339506983757019
0.8493107557296753
0.4250863492488861
0.5638219714164734
0.4998752176761627
0.3208371698856354
0.2537320852279663
0.24641604721546173
0.14823757112026215
0.09928722679615021
0.2555477023124695
0.2874251902103424
0.826559841632843
0.41226768493652344
0.5140689015388489
0.37026506662368774
0.8034375309944153
0.9159368872642517
0.942785382270813
0.8620880246162415
0.89744633436203
0.9816526770591736
0.9767407178878784
0.5726152062416077
0.9687170386314392
0.9653311967849731
0.6976999640464783
0.43481507897377014
0.9624538421630859
0.9706708192825317
0.45479127764701843
0.7943482995033264
0.957148015499115
0.5669215321540833
0.25768405199050903
0.608662486076355
0.8433240056037903
0.7246124148368835
0.8492662310600281
0.771491289138794
0.868847668170929
0.610383927822113
0.39427366852760315
0.3804362714290619
0.1408081203699112
0.16446666419506073
0.11394429206848145
0.116155244410038
0.1721486896276474
0.09302782267332077
0.14804044365882874
0.5241413712501526
0.49708884954452515
0.24213539063930511
0.5105722546577454
0.7786417603492737
0.37500911951065063
0.8082094192504883
0.5615054965019226
0.20776529610157013
0.4148472845554352
0.5033621191978455
0.3582293391227722
0.5826515555381775
0.6391752362251282
0.7250213623046875
0.7798336148262024
0.7968629002571106
0.5503324866294861
0.7303811311721802
0.47773095965385437
0.723215639591217
0.9305208921432495
0.647659957408905
0.3866511881351471
0.7576974630355835
0.9490125775337219
0.6287229657173157
0.32045096158981323
0.7051793932914734
0.9645342230796814
0.47847265005111694
0.18344858288764954
0.945939302444458
0.9667536616325378
0.43543577194213867
0.604730486869812
0.976709246635437
0.8024386167526245
0.4540461599826813
0.2530781030654907
0.15868252515792847
0.040749210864305496
0.10928187519311905
0.03972569853067398
0.06283961236476898
0.38907957077026367
0.3255263864994049
0.25364890694618225
0.7841565012931824
0.5024690628051758
0.06175113469362259
0.31129714846611023
0.9277684092521667
0.5357015132904053
0.1960643231868744
0.6315349340438843
0.9601978659629822
0.5071916580200195
0.43950778245925903
0.9202375411987305
0.9310842156410217
0.5797581076622009
