0.5641925930976868
0.4968438744544983
0.4664178490638733
0.591853678226471
0.5974671244621277
0.5820923447608948
0.5946937799453735
0.6321714520454407
0.654582142829895
0.7246469855308533
0.6551222205162048
0.7499691843986511
0.4827864468097687
0.4460180699825287
0.5871551632881165
0.6772606372833252
0.5220690369606018
0.49895960092544556
0.5084081292152405
0.3172546625137329
0.47580623626708984
0.4533076286315918
0.5490012168884277
0.433987557888031
0.5893991589546204
0.3810454308986664
0.5819953083992004
0.4984123408794403
0.716148316860199
0.7940015196800232
0.9027807712554932
0.9443255662918091
0.7655633091926575
0.7317123413085938
0.7675030827522278
0.6045782566070557
0.558236837387085
0.7990396618843079
0.4454134404659271
0.7920363545417786
0.7361062169075012
0.45704931020736694
0.578192949295044
0.7155752182006836
0.5525220036506653
0.5544227361679077
0.7571976780891418
0.6575572490692139
0.47279560565948486
0.5582073330879211
0.4648049771785736
0.6101988554000854
0.4610830843448639
0.40449297428131104
0.37661004066467285
0.5581185817718506
0.3816447854042053
0.6372532248497009
0.5438207387924194
0.6578660607337952
0.5666120052337646
0.5536404848098755
0.7883131504058838
0.615970253944397
0.5761516690254211
0.5233369469642639
0.668956458568573
0.6105896234512329
0.7396314144134521
0.79488605260849
0.6262838840484619
0.8781514763832092
0.7266449928283691
0.8016889691352844
0.6794401407241821
0.8636080026626587
0.759827733039856
0.8328953385353088
0.8017881512641907
0.6704891324043274
0.7575419545173645
0.6221011281013489
0.8042802810668945
0.7721786499023438
0.7052420973777771
0.8090346455574036
0.8312750458717346
0.7136800289154053
0.7443149089813232
0.7607182860374451
0.8498270511627197
0.6075833439826965
0.8189118504524231
0.8420068621635437
0.8589227795600891
0.6878212094306946
0.8062571287155151
0.9348224997520447
0.906952440738678
0.7319601774215698
0.7015064358711243
0.8250506520271301
0.8723845481872559
0.45600616931915283
0.6924445629119873
0.7490260004997253
0.5505585670471191
0.5891276597976685
0.4917229115962982
0.4886937141418457
0.6805717945098877
