0.647345781326294
0.8786668181419373
0.8593392968177795
0.8762545585632324
0.9171527028083801
0.875891923904419
0.854328989982605
0.9286279678344727
0.9553571343421936
0.920029878616333
0.8342074155807495
0.9674012064933777
0.9632339477539062
0.9250486493110657
0.9117838740348816
0.959707498550415
0.9322061538696289
0.8355610966682434
0.9249044060707092
0.947460949420929
0.8168989419937134
0.8126318454742432
0.8763914108276367
0.8908419013023376
0.8281436562538147
0.7333521842956543
0.5796902775764465
0.6087862849235535
0.6107409000396729
0.6333124041557312
0.5398557782173157
0.6006142497062683
0.6527639031410217
0.7990106344223022
0.6571598649024963
0.6029554605484009
0.8675536513328552
0.9165902733802795
0.367032915353775
0.8167887330055237
0.9100801944732666
0.9003897905349731
0.2707466185092926
0.7621656060218811
0.9484096169471741
0.6971983909606934
0.7066232562065125
0.8343784809112549
0.7385428547859192
0.408454567193985
0.6383365988731384
0.6996835470199585
0.6778367757797241
0.22424782812595367
0.47946637868881226
0.47077471017837524
0.23568657040596008
0.26712384819984436
0.2848246991634369
0.41220009326934814
0.2178245484828949
0.11945370584726334
0.34301164746284485
0.42447715997695923
0.320304274559021
0.1041349396109581
0.46738460659980774
0.6542895436286926
0.44896963238716125
0.374328076839447
0.6433107852935791
0.8616141676902771
0.9271114468574524
0.7003869414329529
0.7100815773010254
0.5479894876480103
0.4362301528453827
0.15850986540317535
0.19229629635810852
0.19049997627735138
0.2524864971637726
0.20785056054592133
0.27327194809913635
0.15555429458618164
0.2341473400592804
0.1435977965593338
0.10751460492610931
0.15599749982357025
0.17032305896282196
0.12090698629617691
0.12038163095712662
0.06376075744628906
0.106843002140522
0.1677430272102356
0.5019407868385315
0.37893834710121155
0.37328988313674927
0.7073647975921631
0.866197943687439
0.6282358169555664
0.863246500492096
0.9625586271286011
0.8937283754348755
0.9085548520088196
0.8610432744026184
0.8760285973548889
0.7621830105781555
0.7967913746833801
0.759979248046875
0.6537530422210693
0.5656136274337769
0.6141884326934814
0.7787108421325684
0.8959101438522339
0.39596253633499146
0.6255115270614624
0.744192361831665
0.561062753200531
0.33593636751174927
0.34249550104141235
0.531487762928009
0.2292434126138687
0.7185447812080383
0.3525370657444
0.4112333357334137
0.33350175619125366
0.7466384172439575
0.6839988231658936
0.38581547141075134
0.6170695424079895
0.28095880150794983
0.5778587460517883
0.3660670816898346
0.5993427038192749
0.2906898260116577
0.6231772899627686
0.652593731880188
0.5556238889694214
0.36827072501182556
0.5111196637153625
0.5136547088623047
0.6588372588157654
0.6288393139839172
0.5718976259231567
0.35824787616729736
0.30503517389297485
0.11804515868425369
0.15879082679748535
0.12437994033098221
0.2754887342453003
0.12356613576412201
0.3197384774684906
0.25454726815223694
0.5380334258079529
0.6490505337715149
0.5268928408622742
0.6957964301109314
0.5824589133262634
