0.12806792557239532
0.4520164132118225
0.3310645818710327
0.3731982409954071
0.38163626194000244
0.3760242462158203
0.2511086165904999
0.2433614730834961
0.4446466267108917
0.31835559010505676
0.2916501462459564
0.2777956426143646
0.41707831621170044
0.3746778070926666
0.2856050729751587
0.30206674337387085
0.6677609086036682
0.6844208836555481
0.6499077677726746
0.7912359833717346
0.7280896306037903
0.8510035276412964
0.6530411839485168
0.7978242635726929
0.6656628251075745
0.8036757111549377
0.7370597720146179
0.8064793944358826
0.6518216133117676
0.8201850652694702
0.481997013092041
0.6913731098175049
0.5366458892822266
0.6957148313522339
0.692225456237793
0.5711435675621033
0.2837546169757843
0.505243182182312
0.5205665826797485
0.643463134765625
0.4853845238685608
0.5197388529777527
0.49908220767974854
0.5446041226387024
0.40195804834365845
0.30076703429222107
0.3208519518375397
0.5528653264045715
0.582645833492279
0.5350078344345093
0.5507333874702454
0.5227320194244385
0.4220881760120392
0.5472735166549683
0.5817628502845764
0.4473094940185547
0.5256012082099915
0.6053404211997986
0.5071121454238892
0.6406062245368958
0.605166494846344
0.5867599248886108
0.35249271988868713
0.5741788148880005
0.4619408845901489
0.5545632243156433
0.4619436264038086
0.5115376114845276
0.7765176892280579
0.36911502480506897
0.3349635899066925
0.6024834513664246
0.5641271471977234
0.5295708179473877
0.6132217049598694
0.7708225846290588
0.6834740042686462
0.650382399559021
0.5786518454551697
0.7239176630973816
0.573118269443512
0.4261910021305084
0.37080007791519165
0.6219038367271423
0.43250322341918945
0.2775401473045349
0.5224771499633789
0.4290292263031006
0.410094290971756
0.42285093665122986
0.32336023449897766
0.3115061819553375
0.3631068766117096
0.3424900472164154
0.35131388902664185
0.5533037781715393
0.39673200249671936
0.24204635620117188
0.3127841353416443
0.5203303098678589
0.6189644932746887
0.38223376870155334
0.5303696393966675
0.34572145342826843
0.4839869737625122
0.4783889055252075
0.2529850900173187
0.25768372416496277
0.4305906891822815
0.5670738220214844
0.551809549331665
0.39956173300743103
0.5664786100387573
0.4539251923561096
0.729305624961853
0.43873119354248047
0.579732358455658
0.28212663531303406
0.4468395411968231
0.15273500978946686
0.37160632014274597
0.423067182302475
0.37057310342788696
0.2634403705596924
0.40222734212875366
0.2617352306842804
0.37231817841529846
0.5488331913948059
0.6532043814659119
0.6487742066383362
0.5773436427116394
0.38761380314826965
0.41863498091697693
0.4984305799007416
0.4773419201374054
