0.09619828313589096
0.22032064199447632
0.10034975409507751
0.12028300762176514
0.06264622509479523
0.0859765112400055
0.09899548441171646
0.1954239159822464
0.21071945130825043
0.1684619039297104
0.11696485430002213
0.11997396498918533
0.058104563504457474
0.08853088319301605
0.17586295306682587
0.15016861259937286
0.11787018924951553
0.20641262829303741
0.08170906454324722
0.19744548201560974
0.0915389284491539
0.0867457464337349
0.06919390708208084
0.19554679095745087
0.2969483435153961
0.11994979530572891
0.09834472090005875
0.30404552817344666
0.2493518441915512
0.15615423023700714
0.2210879921913147
0.1802922785282135
0.31054702401161194
0.22963431477546692
0.20505023002624512
0.20196214318275452
0.12968499958515167
0.14791589975357056
0.1297946274280548
0.1142604649066925
0.1564784198999405
0.18069200217723846
0.16034583747386932
0.11542073637247086
0.15172457695007324
0.3319365680217743
0.182189479470253
0.2940788269042969
0.3857337236404419
0.2665216326713562
0.6969230771064758
0.17846553027629852
0.5724037289619446
0.7471145987510681
0.3930419683456421
0.178566113114357
0.1413424164056778
0.14679619669914246
0.05133100226521492
0.05304652079939842
0.10001679509878159
0.07982329279184341
0.13245198130607605
0.15248079597949982
0.19830134510993958
0.17311440408229828
0.1270369440317154
0.2662481665611267
0.08426198363304138
0.24625179171562195
0.46327999234199524
0.20114728808403015
0.5485714673995972
0.17966574430465698
0.48330608010292053
0.6126953363418579
0.21392183005809784
0.2541144788265228
0.10815083235502243
0.17655892670154572
0.08512026816606522
0.04024479165673256
0.14017249643802643
0.14763514697551727
0.07029355317354202
0.1832345724105835
0.2164248377084732
0.13127395510673523
0.2743094861507416
0.325889527797699
0.13619375228881836
0.36614683270454407
0.4879663288593292
0.2674168050289154
0.7582327723503113
0.19162005186080933
0.6963968873023987
0.6846163868904114
0.30268657207489014
0.393576055765152
0.16938841342926025
0.18283167481422424
0.09412690252065659
0.08547049015760422
0.12349087744951248
0.09911102801561356
0.07340122014284134
0.10174193233251572
0.2567142844200134
0.09911903738975525
0.26936954259872437
0.42240428924560547
0.13869132101535797
0.32973694801330566
0.28901243209838867
0.3209644854068756
0.6813380122184753
0.3852284252643585
0.8110406994819641
0.6882975697517395
0.4359903335571289
0.4283095896244049
0.22433920204639435
0.16973452270030975
0.04648534208536148
0.04202564060688019
0.07398810982704163
0.06612346321344376
0.059494808316230774
0.0904630571603775
0.11278782039880753
0.1066601574420929
0.1593412458896637
0.3098057508468628
0.14741399884223938
0.3573923707008362
0.6348446011543274
0.27255144715309143
0.7452120780944824
0.18847514688968658
0.6659209728240967
0.7086907625198364
0.3527046740055084
0.31124672293663025
0.09232468158006668
0.05292531102895737
0.011119995266199112
0.01217351108789444
0.04105761647224426
0.031222892925143242
0.01946389675140381
0.050540726631879807
0.03997655585408211
0.051899321377277374
0.06530337780714035
0.202027827501297
0.0743691548705101
0.22932465374469757
0.4891456961631775
0.16280347108840942
0.5202724933624268
0.1356518268585205
0.1257397085428238
0.3876689672470093
0.17080779373645782
0.045788686722517014
0.04448782652616501
0.008787762373685837
0.011222809553146362
0.03483949601650238
0.018953055143356323
0.014103571884334087
0.05901195481419563
0.1041288748383522
0.02872426249086857
0.06420252472162247
0.12002822011709213
0.05313268303871155
0.22712713479995728
0.4305611550807953
0.11755988746881485
0.6260907649993896
0.08404520153999329
0.45865556597709656
0.4724474549293518
0.23552359640598297
0.15057696402072906
0.0419517420232296
0.03527343273162842
0.032570432871580124
0.01721954718232155
0.05178071931004524
0.02994953654706478
0.028781987726688385
0.1403607875108719
0.14952264726161957
0.04313227906823158
0.11217907071113586
0.2071285843849182
0.052143216133117676
0.2397003471851349
0.2244778424501419
0.13267911970615387
0.4960058033466339
0.060811784118413925
0.4315175414085388
0.5203665494918823
0.11481841653585434
0.14844389259815216
0.04003405570983887
0.04530325531959534
0.026360640302300453
0.02465633675456047
0.13485154509544373
0.08479193598031998
0.043945781886577606
0.14496749639511108
0.3358515202999115
0.06782149523496628
0.294792503118515
0.2838091254234314
0.07538221776485443
0.20910854637622833
0.2760103642940521
0.09684760123491287
0.3253951072692871
0.0925031527876854
0.3668365180492401
0.1827617734670639
0.14490710198879242
0.11169067770242691
0.023784007877111435
0.037299856543540955
0.01669469103217125
0.02152581885457039
0.0420699380338192
0.10935764759778976
0.07068691402673721
0.3035711944103241
0.27146115899086
0.11555707454681396
0.25882136821746826
0.30919021368026733
0.05646805837750435
0.1332964152097702
0.20116953551769257
0.08499622344970703
0.27265292406082153
0.07075207680463791
0.3214063346385956
0.5424141883850098
0.12391885370016098
0.16752196848392487
0.040289390832185745
0.04133796691894531
0.019464412704110146
0.01749209687113762
0.08120094984769821
0.08340920507907867
0.03420623764395714
0.19680370390415192
0.28798195719718933
0.12913665175437927
0.25828662514686584
0.32359156012535095
0.048563338816165924
0.11680044233798981
0.1826130896806717
0.07925713062286377
0.4786052107810974
0.0785091444849968
0.2537933886051178
0.5813334584236145
0.14347483217716217
0.16586749255657196
0.048147398978471756
0.05200229212641716
0.023474985733628273
0.022014254704117775
0.0925123319029808
0.05748030170798302
0.022848082706332207
0.20086172223091125
0.1500847041606903
0.053316280245780945
0.20551583170890808
0.21852357685565948
0.04890480637550354
0.14190702140331268
0.23141929507255554
0.10812518000602722
0.4720015525817871
0.06741435825824738
0.4801892340183258
0.666752815246582
0.21638262271881104
0.2333662211894989
0.03788452222943306
0.08047401160001755
0.07418397814035416
0.0347294807434082
0.12185124307870865
0.0767129510641098
0.03964698314666748
0.23541074991226196
0.23484624922275543
0.04374736547470093
0.351287841796875
0.32319584488868713
0.07519775629043579
0.23785220086574554
0.490060955286026
0.2106817215681076
0.5090013742446899
0.08207632601261139
0.7566298246383667
0.7898839712142944
0.29590514302253723
0.3272581696510315
0.1170705184340477
0.18783703446388245
0.12902531027793884
0.07729917764663696
0.18724118173122406
0.15999609231948853
0.06067024543881416
0.22924481332302094
0.3741804361343384
0.13384556770324707
0.3430168926715851
0.3576258718967438
0.11592953652143478
0.3565292954444885
0.5882519483566284
0.28900957107543945
0.7486405372619629
0.23687240481376648
0.6390277147293091
0.6986347436904907
0.17943048477172852
0.38878658413887024
0.09826811403036118
0.15343090891838074
0.22138477861881256
0.12882275879383087
0.38039430975914
0.1809973269701004
0.10891049355268478
0.42077815532684326
0.4208517074584961
0.14571881294250488
0.4068511426448822
0.5033862590789795
0.17346814274787903
0.4399844706058502
0.651681661605835
0.29289427399635315
0.7534158825874329
0.18910324573516846
0.19584421813488007
0.6682602763175964
0.3001936376094818
0.23577041923999786
0.20253659784793854
0.2338934987783432
0.1942216157913208
0.22000618278980255
0.4725828766822815
0.39163294434547424
0.28474751114845276
0.46618106961250305
0.5073674321174622
0.1911032646894455
0.5044237971305847
0.5421217679977417
0.2426275759935379
0.5772581100463867
0.7930833101272583
0.39659473299980164
0.5469877123832703
0.33030083775520325
0.6345847249031067
0.6450932025909424
0.22196248173713684
0.29383066296577454
0.31141629815101624
0.2915387749671936
0.22907137870788574
0.28768008947372437
0.24308472871780396
0.13281026482582092
0.18405292928218842
0.15621069073677063
0.1732534021139145
0.06943438202142715
0.07304830104112625
0.03813489153981209
0.05050893872976303
0.0383746474981308
0.15383853018283844
0.09240233898162842
0.24909819662570953
0.16829349100589752
0.3145635426044464
0.279602587223053
0.2659262716770172
0.42256227135658264
0.34708938002586365
0.2494785487651825
0.24023564159870148
0.23486116528511047
0.17417234182357788
0.08241165429353714
0.13978858292102814
0.16891880333423615
0.0673689916729927
0.08792819827795029
0.08860580623149872
0.0850897803902626
0.042411740869283676
0.08441765606403351
0.14466804265975952
0.087117500603199
0.18910284340381622
0.1899174302816391
0.08561484515666962
0.02699757181107998
0.04215895012021065
0.03301898390054703
0.10692794620990753
0.062117695808410645
0.16650505363941193
0.15766654908657074
0.1932697743177414
0.10328804701566696
0.17377573251724243
0.09406813979148865
0.025233332067728043
0.11870715767145157
0.06648008525371552
0.12724669277668
0.07319663465023041
0.31529438495635986
0.2494204342365265
0.5806009769439697
0.2739035189151764
0.4709920883178711
0.29521098732948303
0.3852115273475647
0.7240937352180481
0.34267470240592957
0.5768532156944275
0.5426180958747864
0.506527841091156
0.24448701739311218
0.260263592004776
0.11853829026222229
0.2326672077178955
0.08834253251552582
0.14964093267917633
0.04604196548461914
0.14239631593227386
0.06445610523223877
0.15745635330677032
0.11977599561214447
0.16382353007793427
