0.22119009494781494
0.15809428691864014
0.18158841133117676
0.15282338857650757
0.2591771185398102
0.1011015996336937
0.21543702483177185
0.12836717069149017
0.15843084454536438
0.12256868928670883
0.18153497576713562
0.21533817052841187
0.11928759515285492
0.14478075504302979
0.07895451784133911
0.16288010776042938
0.1110655814409256
0.15750752389431
0.21538862586021423
0.14629745483398438
0.11164747178554535
0.12989076972007751
0.22189535200595856
0.11485718190670013
0.12366856634616852
0.13398854434490204
0.1796327531337738
0.06033910810947418
0.08415994048118591
0.17431782186031342
0.22957727313041687
0.11516176164150238
0.20649109780788422
0.1555788218975067
0.1558258980512619
0.14343206584453583
0.17068463563919067
0.20447207987308502
0.15426822006702423
0.10881741344928741
0.18547457456588745
0.15093572437763214
0.15474505722522736
0.08791447430849075
0.19738884270191193
0.15768100321292877
0.11830375343561172
0.16287510097026825
0.15271131694316864
0.14394019544124603
0.08890611678361893
0.10501158237457275
0.09521550685167313
0.22348041832447052
0.09066636860370636
0.12555332481861115
0.08901764452457428
0.28794625401496887
0.08180376142263412
0.146336629986763
0.10874886065721512
0.09256003051996231
0.08016828447580338
0.13264580070972443
0.24700164794921875
0.14432068169116974
0.18550680577754974
0.26731130480766296
0.18723329901695251
0.1872098594903946
0.19216413795948029
0.2178102433681488
0.11955717951059341
0.1835755854845047
0.23767739534378052
0.24314723908901215
0.12593534588813782
0.14918704330921173
0.2606870234012604
0.3057340085506439
0.16096031665802002
0.3330188989639282
0.42687174677848816
0.3509646952152252
0.20520275831222534
0.2457059770822525
0.2746522128582001
0.19590146839618683
0.5657025575637817
0.341051310300827
0.1392149031162262
0.25700536370277405
0.14835360646247864
0.36997854709625244
0.23190371692180634
0.2717735767364502
0.16994933784008026
0.261557012796402
0.28238657116889954
0.2955226004123688
0.3642139434814453
0.33756643533706665
0.6240054368972778
0.27507129311561584
0.5238073468208313
0.3871538043022156
0.4959850311279297
0.45472145080566406
0.5246974229812622
0.3893713355064392
0.301175981760025
0.37517303228378296
0.34670352935791016
0.3051864802837372
0.44065988063812256
0.5358524918556213
0.2992982268333435
0.2935827374458313
0.17953865230083466
0.09988895803689957
0.12839704751968384
0.14704154431819916
0.17282389104366302
0.129876509308815
0.11557609587907791
0.11115717887878418
0.14125999808311462
0.10243847966194153
0.12885881960391998
0.29201540350914
0.3707864582538605
0.2351377308368683
0.16696780920028687
0.4196355640888214
0.2213422805070877
0.16522951424121857
0.10060127824544907
0.2619081437587738
0.15210221707820892
0.03943991661071777
0.13264846801757812
0.19371578097343445
0.24290207028388977
0.2896232604980469
0.11834637075662613
0.08593444526195526
0.26420432329177856
0.1426960974931717
0.0688232034444809
0.24721595644950867
0.3095550239086151
0.07071800529956818
0.2317492514848709
0.6493168473243713
0.31420332193374634
0.2062508910894394
0.5179501175880432
0.5781455636024475
0.2348993420600891
0.36352962255477905
0.7181698083877563
0.36207324266433716
0.12425308674573898
0.18073861300945282
0.3928256630897522
0.26544469594955444
0.11994687467813492
0.27493685483932495
0.3944591283798218
0.5262815952301025
0.6127241849899292
0.5078349113464355
0.7374277710914612
0.8450279235839844
0.8724192380905151
0.4819086492061615
0.6604480147361755
0.8018741011619568
0.5881485342979431
0.37823525071144104
0.5550032258033752
0.5855831503868103
0.4833235740661621
0.3506356179714203
0.28580570220947266
0.43124547600746155
0.7434348464012146
0.266937792301178
0.3840750753879547
0.18822135031223297
0.29786422848701477
0.3071536421775818
0.17242099344730377
0.38929736614227295
0.09444855153560638
0.12730225920677185
0.45288923382759094
0.43363261222839355
0.18261213600635529
0.23763114213943481
0.6095001101493835
0.3989546000957489
0.1925320327281952
0.24708668887615204
0.2003941386938095
0.2964162528514862
0.22055397927761078
0.4298667013645172
0.6989774107933044
0.7633845806121826
0.7672926783561707
0.7199794054031372
0.863916277885437
0.6505177617073059
0.6317874789237976
0.9219678044319153
0.6115310192108154
0.6111286282539368
0.9207695126533508
0.8124509453773499
0.5103404521942139
0.8938825726509094
0.9235215783119202
0.51692795753479
0.6181823015213013
0.8672240376472473
0.8808062076568604
0.5825949311256409
0.7262510657310486
0.8330915570259094
0.6078346371650696
0.5050442814826965
0.33817175030708313
0.5230284929275513
0.5078120827674866
0.4258967936038971
0.5633037686347961
0.4330751895904541
0.44883960485458374
0.46922895312309265
0.28687548637390137
0.3906400501728058
0.4029155969619751
0.34153711795806885
0.3054537773132324
0.4035266935825348
0.448234498500824
0.21418717503547668
0.1655300110578537
0.33207640051841736
0.22848054766654968
0.24167922139167786
0.20923925936222076
