0.3474079668521881
0.2664816677570343
0.4051528573036194
0.3768928647041321
0.08793856203556061
0.0897902101278305
0.2939896285533905
0.2447618991136551
0.18028415739536285
0.24406827986240387
0.3733229637145996
0.0721224695444107
0.2739578187465668
0.22803126275539398
0.2771495580673218
0.2254633605480194
0.27150338888168335
0.28106817603111267
0.19546376168727875
0.34136316180229187
0.3002082407474518
0.3572899401187897
0.7057256102561951
0.4673102796077728
0.5405147671699524
0.33131662011146545
0.3638060688972473
0.2779191732406616
0.32641109824180603
0.4331703186035156
0.3654165267944336
0.2545274794101715
0.2966069281101227
0.46902936697006226
0.41551247239112854
0.3097446858882904
0.3314800560474396
0.4014844298362732
0.3898111879825592
0.2321682721376419
0.25998544692993164
0.3168659210205078
0.09509262442588806
0.13208414614200592
0.16132932901382446
0.21201388537883759
0.18724733591079712
0.21018771827220917
0.3506389260292053
0.42272141575813293
0.35759666562080383
0.3558584749698639
0.4322408139705658
0.48339739441871643
0.40703079104423523
0.3289929926395416
0.2856846749782562
0.4222642481327057
0.5072317719459534
0.18867908418178558
0.3400120437145233
0.4708612859249115
0.5386025905609131
0.2016080617904663
0.5998022556304932
0.4124450087547302
0.25171712040901184
0.4995025098323822
0.48442021012306213
0.6733139157295227
0.24596619606018066
0.42788535356521606
0.3293517529964447
0.28678932785987854
0.22635918855667114
0.22025448083877563
0.34657177329063416
0.4715680480003357
0.44969967007637024
0.3507899045944214
0.42954757809638977
0.44401878118515015
0.5210255980491638
0.62325519323349
0.5203857421875
0.6551682949066162
0.6845313310623169
0.7936956882476807
0.7029376029968262
0.8069345951080322
0.9690373539924622
0.8858076930046082
0.6016204953193665
0.8553791642189026
0.9453037977218628
0.8032954335212708
0.36395007371902466
0.8867291808128357
0.8517076969146729
0.45400339365005493
0.6944020390510559
0.4945967495441437
0.3086346983909607
0.25292497873306274
0.39324575662612915
0.4249570369720459
0.25635215640068054
0.5087815523147583
0.5520243048667908
0.3405973017215729
0.5112283825874329
0.45106831192970276
0.5369769930839539
0.3920077383518219
0.40249398350715637
0.24095042049884796
0.3215458393096924
0.5675595998764038
0.7967876195907593
0.6580745577812195
0.407511442899704
0.80811607837677
0.7405396103858948
0.7102591395378113
0.6719803214073181
0.9204776883125305
0.8290061354637146
0.7767115235328674
0.9053192138671875
0.9539884924888611
0.7698977589607239
