0.5805158019065857
0.6972182393074036
0.6572388410568237
0.4017331898212433
0.3901194632053375
0.4464757740497589
0.32889944314956665
0.2777065336704254
0.6292548775672913
0.3261714577674866
0.3247658312320709
0.5708617568016052
0.3374822735786438
0.4706919491291046
0.7487419843673706
0.5817694664001465
0.7572850584983826
0.8433952331542969
0.706042468547821
0.8365004658699036
0.8209848403930664
0.7993543148040771
0.8175645470619202
0.8206071257591248
0.750350296497345
0.800062894821167
0.6664054989814758
0.560359001159668
0.46621909737586975
0.5424221158027649
0.27116695046424866
0.24040058255195618
0.4216412901878357
0.6471782326698303
0.6202459335327148
0.5015801787376404
0.33642110228538513
0.45172104239463806
0.5367787480354309
0.5121723413467407
0.5360055565834045
0.3317217230796814
0.640117883682251
0.507061779499054
0.31355956196784973
0.6297862529754639
0.48528042435646057
0.42724552750587463
0.42591291666030884
0.7658805251121521
0.7387619614601135
0.6536866426467896
0.8059313893318176
0.8229405283927917
0.6941482424736023
0.6892971992492676
0.5831438302993774
0.8020907640457153
0.6582370400428772
0.46750906109809875
0.7610446810722351
0.8330278396606445
0.7184033393859863
0.5511824488639832
0.6326602101325989
0.699496865272522
0.5197240114212036
0.3405095338821411
