0.19323453307151794
0.21711905300617218
0.2914680540561676
0.13803793489933014
0.16708864271640778
0.21448612213134766
0.18508857488632202
0.12569254636764526
0.21820898354053497
0.2576659917831421
0.26795580983161926
0.5494158267974854
0.24590672552585602
0.20814256370067596
0.5579966902732849
0.5181587338447571
0.3031024634838104
0.3317338526248932
0.6431172490119934
0.31147703528404236
0.29157087206840515
0.3520278036594391
0.4400237500667572
0.1831677109003067
0.304568886756897
0.6182833909988403
0.24791908264160156
0.1931108981370926
0.30689308047294617
0.7186636328697205
0.3959212601184845
0.3211759328842163
0.7841701507568359
0.6126159429550171
0.39946767687797546
0.41741126775741577
0.6666613221168518
0.26412275433540344
0.28490522503852844
0.18432696163654327
0.19217908382415771
0.23212401568889618
0.08183971792459488
0.15740877389907837
0.058943185955286026
0.08120844513177872
0.08003382384777069
0.057798419147729874
0.07408751547336578
0.0746738538146019
0.07826223224401474
0.07712934166193008
0.06525859981775284
0.09052103012800217
0.14673824608325958
0.11226610094308853
0.11230146884918213
0.03202487900853157
0.20004859566688538
0.33023202419281006
0.1575348973274231
0.06239398941397667
0.6775901913642883
0.6552053689956665
0.32491302490234375
0.5583035945892334
0.70595383644104
0.7013866901397705
0.18792074918746948
0.6170485615730286
0.7861144542694092
0.5141856670379639
0.14789578318595886
0.3015271723270416
0.2723093628883362
0.304583877325058
0.30030447244644165
0.2905485928058624
0.3250150680541992
0.18983985483646393
0.24230605363845825
0.5234841704368591
0.36156076192855835
0.12034384161233902
0.20724418759346008
0.2708166539669037
0.14332138001918793
0.064639613032341
0.33058735728263855
0.3491401970386505
0.4345293343067169
0.3031519949436188
0.3414071202278137
0.507170557975769
0.28807201981544495
0.17000454664230347
0.20692014694213867
0.21535475552082062
0.1178969293832779
0.12559829652309418
0.17295990884304047
0.237698033452034
0.11395944654941559
0.06576705724000931
0.1731957346200943
0.10663333535194397
0.09074874222278595
0.04305173084139824
0.08455535024404526
0.16852523386478424
0.11727175861597061
0.13914240896701813
0.17181986570358276
0.3340988755226135
0.21286937594413757
0.298626571893692
0.14136561751365662
0.3141852915287018
0.19996249675750732
0.15956071019172668
0.07496950030326843
0.2145806849002838
0.13501420617103577
0.07406849414110184
0.05707313492894173
0.10328730195760727
0.2710796892642975
0.09945367276668549
0.07655483484268188
0.1854553073644638
0.17866723239421844
0.356915682554245
0.19659386575222015
0.11743903160095215
0.40136027336120605
0.28252291679382324
0.08310425281524658
0.2836151123046875
0.34879565238952637
0.08958616852760315
0.15485937893390656
0.3982916474342346
0.2784097194671631
0.13663631677627563
0.22067442536354065
0.40602949261665344
0.2203637659549713
0.313844233751297
0.21699504554271698
0.4327297806739807
0.4997829794883728
0.39432403445243835
0.3648320138454437
0.25047993659973145
0.46630558371543884
0.20155715942382812
0.22290129959583282
0.20061512291431427
0.18582458794116974
0.1893245130777359
0.3052799105644226
0.22732125222682953
0.16184747219085693
0.10528109222650528
0.22164566814899445
0.07786038517951965
