0.09927335381507874
0.08780509978532791
0.042371753603219986
0.04999861493706703
0.02971513755619526
0.023457465693354607
0.01719958335161209
0.008808914572000504
0.2661655843257904
0.37923064827919006
0.6444390416145325
0.5135366320610046
0.717046856880188
0.469917356967926
0.2251250445842743
0.5530088543891907
0.5895748138427734
0.16957201063632965
0.11734607815742493
0.515213131904602
0.29161831736564636
0.047169171273708344
0.23307296633720398
0.37405452132225037
0.1620340794324875
0.08167069405317307
0.08505861461162567
0.20925290882587433
0.07883516699075699
0.10293839126825333
0.047143954783678055
0.11967720091342926
0.026133976876735687
0.2376249134540558
0.038151271641254425
0.011985795572400093
0.0858350321650505
0.044343821704387665
0.0017086390871554613
0.014511746354401112
0.014946626499295235
0.02490893378853798
0.006769928149878979
0.030591262504458427
0.02074148692190647
0.02598600648343563
0.019268827512860298
0.027372190728783607
0.03952077403664589
0.027952082455158234
0.057307176291942596
0.04676993563771248
0.14924724400043488
0.07868847995996475
0.0777689516544342
0.025178296491503716
0.15198621153831482
0.08024504780769348
0.35664522647857666
0.39520472288131714
0.698445200920105
0.2059626579284668
0.5783180594444275
0.3963543176651001
0.2736527919769287
0.357896089553833
0.04139094799757004
0.33948400616645813
0.26816898584365845
0.017588386312127113
0.030955301597714424
0.24920065701007843
0.05763871222734451
0.03156117722392082
0.36426207423210144
0.2921646535396576
0.0781056210398674
0.035243768244981766
0.03386859595775604
0.15676288306713104
0.20736698806285858
0.21526436507701874
0.20217861235141754
0.08570991456508636
0.20454131066799164
0.14193707704544067
0.2510347068309784
0.4242125451564789
0.7863019704818726
0.735744297504425
0.7648260593414307
0.8773378133773804
0.7387084364891052
0.5528756380081177
0.580768346786499
0.6763319373130798
0.47622597217559814
0.3534509837627411
0.21291397511959076
0.6116265654563904
0.42402926087379456
0.16271306574344635
0.411769300699234
0.16913245618343353
0.4788028299808502
0.31060346961021423
0.808883011341095
0.5200252532958984
0.7796807885169983
0.7889896035194397
0.7366440892219543
0.5005071759223938
0.6409599184989929
0.475593239068985
0.20512492954730988
0.6209200620651245
0.20232823491096497
0.3095041811466217
0.3278212249279022
0.37553340196609497
0.12546370923519135
0.2193729132413864
0.513083815574646
0.3924422264099121
0.18863855302333832
0.14804869890213013
0.1378747671842575
0.07708755135536194
0.07919193804264069
0.04239184036850929
0.08216346800327301
0.05749562755227089
0.09511809796094894
