0.392299622297287
0.3916817605495453
0.3272954821586609
0.3485024571418762
0.23332861065864563
0.2809942364692688
0.3789962828159332
0.2836289703845978
0.4737556278705597
0.3434242010116577
0.4129420220851898
0.46263667941093445
0.41602450609207153
0.1886981874704361
0.4931285083293915
0.38984453678131104
0.4622695744037628
0.5096237659454346
0.5215521454811096
0.4919518530368805
0.38748228549957275
0.4994414150714874
0.5863249897956848
0.313444048166275
0.42189761996269226
0.5477702617645264
0.5944448113441467
0.20227967202663422
0.33719393610954285
0.7151017189025879
0.5614598393440247
0.34144672751426697
0.8450431227684021
0.7905519604682922
0.46129336953163147
0.6888248324394226
0.9070531129837036
0.5253600478172302
0.36062875390052795
0.8401286005973816
0.7046855688095093
0.5921494364738464
0.44444093108177185
0.761639416217804
0.674353837966919
0.5087226033210754
0.6462274193763733
0.7487545609474182
0.48903200030326843
0.7911275029182434
0.7291697859764099
0.643682599067688
0.5988526344299316
0.6745738983154297
0.7712387442588806
0.6389592289924622
0.6756499409675598
0.7184199094772339
0.7803765535354614
0.6443501710891724
0.593689501285553
0.8193435072898865
0.6857322454452515
0.7198779582977295
0.5734149813652039
0.7935810089111328
0.7089378833770752
0.6135875582695007
0.6764763593673706
0.662650465965271
0.6246523261070251
0.6029172539710999
0.7841309309005737
0.4626622796058655
0.43402552604675293
0.4195026457309723
0.6019402146339417
0.3156987726688385
0.20874105393886566
0.3278091549873352
0.2903979420661926
0.3129054605960846
0.3075874447822571
0.2788013517856598
0.25726932287216187
0.1960476189851761
0.15343628823757172
0.2159915715456009
0.3520471155643463
0.281749963760376
0.4227931797504425
0.5207635760307312
0.4978538751602173
0.5706647634506226
0.6810815930366516
0.7662366032600403
0.48809894919395447
0.5818867683410645
0.6644887924194336
0.7315383553504944
0.42931067943573
0.7873554825782776
0.6994897127151489
0.6347723603248596
0.6225108504295349
0.6484958529472351
0.7660995721817017
0.5070196390151978
0.5255255103111267
0.6959623694419861
0.5834799408912659
0.45323240756988525
0.5212761759757996
0.703494668006897
0.3638201951980591
0.3649154305458069
0.6533634662628174
0.606222927570343
0.2856331765651703
0.4236263334751129
0.6297248005867004
0.3759639859199524
0.4882443845272064
0.6925826072692871
0.7362985014915466
0.41602805256843567
0.7031353116035461
0.8142141699790955
0.7175009846687317
0.6694586873054504
0.8215591907501221
0.5953772664070129
0.618436336517334
0.8425880074501038
0.773454487323761
0.5953109860420227
0.5273712277412415
0.794062614440918
0.7273025512695312
0.5184733271598816
0.8001656532287598
0.7983266711235046
0.6094902157783508
0.5550543665885925
0.8046915531158447
0.8373133540153503
0.610914409160614
0.78449946641922
0.6962130665779114
0.544378399848938
0.6459614634513855
0.5726181864738464
0.3250957727432251
0.3562649190425873
0.4758361279964447
0.6268272399902344
0.762336015701294
0.615147054195404
0.6574486494064331
0.7259977459907532
0.7534545063972473
0.5764126181602478
0.628369152545929
0.7486175894737244
0.5545910596847534
0.4811796545982361
