0.14642234146595
0.2940061390399933
0.26918715238571167
0.21853730082511902
0.34124916791915894
0.5169280767440796
0.527725100517273
0.4862174093723297
0.7097706198692322
0.654396653175354
0.5634533762931824
0.509297251701355
0.621056079864502
0.5331253409385681
0.36623477935791016
0.6479518413543701
0.2518674433231354
0.5570257306098938
0.19887025654315948
0.2088429182767868
0.30987033247947693
0.21003472805023193
0.1342603713274002
0.1289677768945694
0.352533221244812
0.06315431743860245
0.10963327437639236
0.4080525040626526
0.2933609187602997
0.28425201773643494
0.29995226860046387
0.5708572268486023
0.31088709831237793
0.273367702960968
0.4048732817173004
0.3179190754890442
0.4573073983192444
0.29519620537757874
0.2954134941101074
0.5349956750869751
0.5011976957321167
0.1854907125234604
0.2448781579732895
0.5234845876693726
0.34836000204086304
0.17984871566295624
0.37129268050193787
0.4888260066509247
0.18242080509662628
0.20495665073394775
0.3454039990901947
0.37611910700798035
0.37223020195961
0.15882962942123413
0.5097549557685852
0.5603581070899963
0.5245358347892761
0.5653001070022583
0.5075076818466187
0.7331593632698059
0.4868721067905426
0.6912078261375427
0.6775936484336853
0.6471261382102966
0.5774090886116028
0.7373086810112
0.7696812152862549
0.5930519104003906
0.6339141726493835
0.6421632766723633
0.4832055866718292
0.7012407183647156
0.6188452839851379
0.5242497324943542
0.5268961191177368
0.5311076641082764
0.6358017325401306
0.40306970477104187
0.6887357831001282
0.5283588767051697
0.6386628746986389
0.5097577571868896
0.5870727896690369
0.7111067771911621
0.5296465754508972
0.5028420090675354
0.328093945980072
0.37529733777046204
0.4908716380596161
0.37020933628082275
0.5202306509017944
0.6127331852912903
0.5551595091819763
