0.12105486541986465
0.17730925977230072
0.22143042087554932
0.2257310003042221
0.2906509339809418
0.25864461064338684
0.26108518242836
0.34439849853515625
0.35719096660614014
0.34368255734443665
0.3207266330718994
0.24679864943027496
0.24532103538513184
0.3302282691001892
0.27091309428215027
0.2232826054096222
0.18040436506271362
0.1665404886007309
0.11407849937677383
0.15146000683307648
0.11080414056777954
0.12902015447616577
0.09504196792840958
0.06513480097055435
0.05390419438481331
0.04538128525018692
0.054230157285928726
0.21101315319538116
0.24402353167533875
0.15457995235919952
0.11987540870904922
0.13029372692108154
0.20297683775424957
0.15706975758075714
0.1461985856294632
0.1359143853187561
0.14369869232177734
0.15965889394283295
0.11194805055856705
0.21645577251911163
0.1415031999349594
0.09792117029428482
0.16252918541431427
0.13766348361968994
0.15550419688224792
0.12341473251581192
0.10152324289083481
0.39758312702178955
0.1919550746679306
0.20550645887851715
0.19761402904987335
0.27377405762672424
0.2940279543399811
0.3905925154685974
0.2712313234806061
0.3975982964038849
0.4567905068397522
0.28612932562828064
0.5198977589607239
0.49886444211006165
0.6026963591575623
0.35849279165267944
0.3902432322502136
0.4006807506084442
0.2541968822479248
0.22028937935829163
0.31037086248397827
0.36765360832214355
0.6247633099555969
0.11857736110687256
0.08243243396282196
0.10397832840681076
0.29336848855018616
0.1707017719745636
0.029513461515307426
0.037805017083883286
0.1151416078209877
0.01003712136298418
0.05805173143744469
0.10882830619812012
0.02113308012485504
0.022072702646255493
0.030304180458188057
0.08316535502672195
0.07147373259067535
0.060332074761390686
0.18633094429969788
0.18648388981819153
0.13023199141025543
0.09483042359352112
0.2036803811788559
0.3342393934726715
0.21829469501972198
0.24645601212978363
0.2411581128835678
0.19673822820186615
0.34981414675712585
0.40324777364730835
0.3142745792865753
0.3793591558933258
0.19810836017131805
0.22102214395999908
0.3570689558982849
0.19074156880378723
0.33251869678497314
0.43032532930374146
0.3168220520019531
0.15746697783470154
0.2846767008304596
0.5349571704864502
0.2753211557865143
0.17219431698322296
0.5025573968887329
0.3157811462879181
0.5813272595405579
0.5593283772468567
0.7070654630661011
0.4031694233417511
0.4880055785179138
0.29136526584625244
0.2458370476961136
0.3774387836456299
0.34998276829719543
0.5238329172134399
0.34937047958374023
0.5102620720863342
0.623473048210144
0.5750957727432251
0.3207365572452545
0.7470645904541016
0.6522881984710693
0.7864767909049988
0.7682412266731262
0.7017641067504883
0.6970152258872986
0.7302744388580322
0.6635629534721375
0.7618837952613831
0.8146958351135254
0.6963714957237244
0.525266170501709
0.37674054503440857
0.8462059497833252
0.6494205594062805
0.16372452676296234
0.3325759172439575
0.8160982131958008
0.2281731516122818
0.15154454112052917
0.6310528516769409
0.6899061799049377
0.29268938302993774
0.23243504762649536
0.5481646656990051
0.5905823111534119
0.3076517581939697
0.470954954624176
0.5190088152885437
0.21055470407009125
0.3290797770023346
0.2239702045917511
0.2041517198085785
0.32702532410621643
0.5818269848823547
0.7729719877243042
0.5677075982093811
0.8740412592887878
0.8715096712112427
0.8065406680107117
0.7437862753868103
0.5064692497253418
0.5009298324584961
0.4153684079647064
0.4663974940776825
0.5978267788887024
0.24193184077739716
0.3884679973125458
0.4666428565979004
0.3998711109161377
0.14449389278888702
0.4087202847003937
0.3400513231754303
0.3221675157546997
0.31956207752227783
0.3038594722747803
0.3506763279438019
0.19167299568653107
0.1007772758603096
0.12468097358942032
0.13777191936969757
0.22041039168834686
0.3563014566898346
0.5526137948036194
0.6075226068496704
0.8461974263191223
0.41806602478027344
0.4959397315979004
0.7872859239578247
0.6263930201530457
0.4679205119609833
0.46503105759620667
0.5816810727119446
0.4946953058242798
0.47691747546195984
0.5146484375
0.2904937267303467
0.20785170793533325
0.22398525476455688
0.17003074288368225
0.12691473960876465
0.13784892857074738
0.19477875530719757
0.0345122292637825
0.10150743275880814
0.09217178821563721
0.15982696413993835
0.07543756067752838
0.0642431378364563
0.0931810811161995
0.035022277384996414
0.05973062291741371
0.1600702404975891
0.0647275298833847
0.14144255220890045
0.4957951009273529
0.5989759564399719
0.5579283833503723
0.270304411649704
0.1032881960272789
0.10240797698497772
0.035885702818632126
0.055766887962818146
0.04833175241947174
0.045290250331163406
0.07367485016584396
0.09330659359693527
0.10590042918920517
0.24850082397460938
0.1946985274553299
0.049758389592170715
0.08335313946008682
0.14322271943092346
0.06537260860204697
0.20829637348651886
0.07926885783672333
0.283718079328537
0.4460308253765106
0.36881187558174133
0.41150233149528503
0.3331378996372223
0.24636073410511017
0.29474443197250366
0.4304031431674957
0.48066917061805725
0.4667348861694336
0.4905601143836975
0.41553106904029846
0.5825761556625366
0.5308575630187988
0.47458615899086
0.34289851784706116
0.4440200924873352
0.468718945980072
0.5111769437789917
0.31164562702178955
0.2652895450592041
0.28829315304756165
0.4163309633731842
0.29616254568099976
0.4117828905582428
0.18845227360725403
0.44904008507728577
0.43965286016464233
0.3560545742511749
0.5769564509391785
0.4895196557044983
0.6853330731391907
0.4340630769729614
0.19298574328422546
0.24552364647388458
0.06316430866718292
0.16731460392475128
0.07942886650562286
0.0747813731431961
0.19825053215026855
0.14810355007648468
0.20548602938652039
0.10984175652265549
0.08164409548044205
0.1784408837556839
0.16070620715618134
0.09079884737730026
0.17459066212177277
0.32919079065322876
0.10001266002655029
0.08736402541399002
0.34985506534576416
0.34099218249320984
0.14805519580841064
0.32379278540611267
0.4627349078655243
0.3276315927505493
0.2546340525150299
0.30386367440223694
0.3168388605117798
0.1599690318107605
0.5930412411689758
0.597473680973053
0.5296605825424194
0.6513862013816833
0.6661662459373474
0.5308738350868225
0.585801362991333
0.4401772916316986
0.5166183710098267
