0.5381218791007996
0.4439730644226074
0.3339613974094391
0.3378732204437256
0.43731918931007385
0.627996027469635
0.3833140432834625
0.30904442071914673
0.515150249004364
0.3778426945209503
0.28232425451278687
0.22648736834526062
0.3410266935825348
0.33570292592048645
0.35646453499794006
0.267293781042099
0.3790227472782135
0.4580492377281189
0.5788642168045044
0.6535546183586121
0.4907633066177368
0.667304515838623
0.6856874823570251
0.6251255869865417
0.6551652550697327
0.6629341244697571
0.4632737338542938
0.3245229423046112
0.4323458969593048
0.29114222526550293
0.48952987790107727
0.4786186218261719
0.6149791479110718
0.6912334561347961
0.5562235116958618
0.5818741917610168
0.42052802443504333
0.7121745347976685
0.6891352534294128
0.4480654001235962
0.5208297967910767
0.5185950994491577
0.6834635138511658
0.7079422473907471
0.77524334192276
0.4787490665912628
0.7405352592468262
0.8450613617897034
0.8191383481025696
0.6112692952156067
0.7776245474815369
0.581415593624115
0.8791992664337158
0.8234365582466125
0.7386916875839233
0.5752252340316772
0.8520082831382751
0.8898254036903381
0.6735047101974487
0.7428850531578064
0.8397715091705322
0.8426066637039185
0.5033947229385376
0.6412973999977112
0.7427637577056885
0.793638288974762
0.5631870627403259
0.6644032001495361
0.5769200921058655
0.6396889686584473
0.7125275731086731
0.6529477834701538
0.6808684468269348
0.7220112681388855
0.7304112911224365
0.7781229615211487
0.582245409488678
0.8019594550132751
0.6472720503807068
0.7015536427497864
0.7480693459510803
0.8427139520645142
0.8612408638000488
0.8177366852760315
0.8591741323471069
0.8571244478225708
0.8668654561042786
0.8493322730064392
0.7538315653800964
0.7765126824378967
0.3321101665496826
0.6222757697105408
0.6092850565910339
0.4867338538169861
0.4843175709247589
0.6615869998931885
0.5031235218048096
0.6159379482269287
0.5525875091552734
0.33134859800338745
0.5720297694206238
0.2331726849079132
0.2771919071674347
0.3410753011703491
0.2601933777332306
0.531334638595581
0.4247218668460846
0.630719780921936
0.44729122519493103
0.4570774435997009
0.6188012361526489
0.8477533459663391
0.8575307726860046
0.8984929323196411
0.9109490513801575
0.8187448382377625
0.8450497984886169
0.7411661744117737
