0.35084885358810425
0.40354764461517334
0.3823969066143036
0.48626652359962463
0.4167737066745758
0.251872181892395
0.3051762580871582
0.2362825870513916
0.1790497899055481
0.18878920376300812
0.19785165786743164
0.12591299414634705
0.08576158434152603
0.09953735023736954
0.13315384089946747
0.21725550293922424
0.15671050548553467
0.11890187859535217
0.22847634553909302
0.2516149878501892
0.12015460431575775
0.2698606550693512
0.12405097484588623
0.48316144943237305
0.6503114104270935
0.30633577704429626
0.5718671679496765
0.15093417465686798
0.49437686800956726
0.43699631094932556
0.10392357409000397
0.2196035385131836
0.18037056922912598
0.03469938784837723
0.08254410326480865
0.021221520379185677
0.10063908994197845
0.07099145650863647
0.1565721184015274
0.10970892757177353
0.11297304183244705
0.11839368939399719
0.4592624306678772
0.5907918214797974
0.19336958229541779
0.7239062786102295
0.3078422248363495
0.565513551235199
0.49453598260879517
0.09544903039932251
0.22298166155815125
0.14508022367954254
0.016702258959412575
0.033450689166784286
0.018226172775030136
0.09931132197380066
0.04016374424099922
0.0723002478480339
0.05131186917424202
0.08920042961835861
0.3769609332084656
0.3671964704990387
0.5869727730751038
0.20518773794174194
0.716489315032959
0.23248174786567688
0.7706220149993896
0.5843493938446045
0.1366233378648758
0.33543017506599426
0.16099785268306732
0.021588725969195366
0.03397037833929062
0.007273852825164795
0.03364897146821022
0.031455982476472855
0.09008733928203583
0.06601079553365707
0.4282911717891693
0.5310900807380676
0.2680375874042511
0.7215631008148193
0.27230554819107056
0.7570671439170837
0.5982319116592407
0.1341974437236786
0.4545781910419464
0.18367905914783478
0.022557131946086884
0.03765484690666199
0.018059825524687767
0.06234988942742348
0.029611025005578995
0.17595285177230835
0.17801712453365326
0.3264662027359009
0.5382216572761536
0.6569788455963135
0.2273540496826172
0.5935052037239075
0.1995483636856079
0.6522131562232971
0.7340012788772583
0.21461305022239685
0.4577937126159668
0.31024792790412903
0.08437839895486832
0.1117255687713623
0.101730577647686
0.0692719891667366
0.1531270444393158
0.2014714479446411
0.16763120889663696
0.20914801955223083
0.2432512491941452
0.23335599899291992
0.25970661640167236
0.229739248752594
0.23274721205234528
0.2767055630683899
0.33286550641059875
0.12231402844190598
0.1668633669614792
0.3419016897678375
0.20683272182941437
0.08180244266986847
0.2290760725736618
0.21471650898456573
0.41829121112823486
0.4158596396446228
0.5410615801811218
0.4573584794998169
0.2693849503993988
0.3692573606967926
0.13212443888187408
0.17950579524040222
0.5875388383865356
0.3058497905731201
0.8450021147727966
0.5634267330169678
0.8549152612686157
0.6572456955909729
0.7480230331420898
0.6787490248680115
0.6882711052894592
0.6827424168586731
0.6810076832771301
0.6441858410835266
0.38703209161758423
0.44844675064086914
0.28874990344047546
0.29834312200546265
0.18353590369224548
0.2135366052389145
0.3464600443840027
0.2684656083583832
0.10532393306493759
0.21868731081485748
0.05632411316037178
0.12303987890481949
0.22862988710403442
0.0794418677687645
0.040647465735673904
0.12745842337608337
0.186863511800766
0.09674235433340073
0.13552381098270416
0.1015920415520668
0.12216552346944809
0.14204785227775574
0.07133574783802032
0.12312956899404526
0.14314888417720795
0.10909979045391083
0.2622961103916168
0.08826397359371185
0.09488545358181
0.037329383194446564
0.19605185091495514
0.2841259837150574
0.3086615204811096
0.2360190898180008
0.11626621335744858
0.2911786139011383
0.17209535837173462
0.4389409124851227
0.47203317284584045
0.19411906599998474
0.3103557825088501
0.15536731481552124
0.28010469675064087
0.24696297943592072
0.2798069417476654
0.2638116180896759
0.2631360590457916
0.2508337199687958
0.36572256684303284
0.10526176542043686
0.12437091022729874
0.0334014818072319
0.04821894317865372
0.03429499641060829
0.05724869295954704
0.09049493819475174
0.09573755413293839
0.22181378304958344
0.19258610904216766
0.3744634985923767
0.24038024246692657
0.1099071204662323
0.5327180027961731
0.1333189457654953
0.03473912179470062
0.1798236221075058
0.6537119150161743
0.10781274735927582
0.03476826474070549
0.4522765576839447
0.379960298538208
0.10809220373630524
0.06308230012655258
0.5432079434394836
0.34947121143341064
0.38642066717147827
0.47520944476127625
0.28309646248817444
0.5290724039077759
0.4570474624633789
0.3873111605644226
0.5813472867012024
0.5811389088630676
0.455484539270401
0.45333996415138245
0.36490169167518616
0.4699794054031372
0.26933327317237854
0.36731842160224915
0.16928927600383759
0.27954304218292236
0.2306186854839325
0.0767429769039154
0.17050838470458984
0.34552186727523804
0.1920841634273529
0.13573619723320007
0.21974079310894012
0.14824801683425903
0.12716473639011383
0.06483237445354462
0.0956348106265068
0.08330432325601578
0.08937421441078186
0.13778093457221985
0.10800732672214508
0.09185676276683807
0.11608882993459702
0.3008149266242981
0.1979251354932785
0.20614822208881378
0.26210176944732666
0.1867714375257492
0.19099357724189758
0.1612127125263214
0.23051238059997559
0.3631088435649872
0.16102293133735657
0.2660258412361145
0.11765941232442856
0.37410759925842285
0.12267698347568512
0.03887403383851051
0.04379422217607498
0.18600203096866608
0.13836419582366943
0.014360383152961731
0.13403110206127167
0.13225293159484863
0.07146594673395157
0.02076478861272335
0.06211288273334503
0.05867999792098999
0.062472376972436905
0.03908936679363251
0.07683572173118591
0.07387454807758331
0.08169618248939514
0.1275651901960373
0.07917997986078262
0.1649138331413269
0.13988466560840607
0.07338283956050873
0.15451990067958832
0.1259632110595703
0.11674976348876953
0.2214348167181015
0.1321830004453659
0.016338996589183807
0.22475340962409973
0.14661487936973572
0.0844091847538948
0.17551599442958832
0.5227648019790649
0.2245931327342987
0.21176716685295105
0.6848375201225281
0.579622209072113
0.4554916024208069
0.24053819477558136
0.5500529408454895
0.6805739402770996
0.5524325966835022
0.48702186346054077
0.4419500529766083
0.6659949421882629
