0.5438024997711182
0.43523579835891724
0.5555679202079773
0.38200315833091736
0.5702360272407532
0.5148313641548157
0.6426544189453125
0.6749632954597473
0.3592902421951294
0.4497765898704529
0.20329627394676208
0.4268580675125122
0.34429624676704407
0.18376655876636505
0.23008380830287933
0.3659614026546478
0.07489315420389175
0.27482619881629944
0.2398129254579544
0.335514634847641
0.15607790648937225
0.29873523116111755
0.5499062538146973
0.6004801392555237
0.5289332270622253
0.6931264996528625
0.7234039306640625
0.7526436448097229
0.7917385101318359
0.8059991002082825
0.8764384388923645
0.49122413992881775
0.7789586186408997
0.40162166953086853
0.7275605797767639
0.5979674458503723
0.6791731715202332
0.5243702530860901
0.6448498368263245
0.5955109596252441
0.5758585929870605
0.668107807636261
0.6508675217628479
0.5909903049468994
0.762656033039093
0.5029674768447876
0.26299744844436646
0.6403243541717529
0.7465333938598633
0.8568428158760071
0.8826616406440735
0.6997140049934387
0.7815220952033997
0.4315953850746155
0.6599410176277161
0.46523556113243103
0.5702284574508667
0.5479927062988281
0.30223309993743896
0.40024200081825256
0.32255128026008606
0.26394256949424744
0.2753923833370209
0.3179105520248413
0.5559486150741577
0.5248203873634338
0.424828439950943
0.44036856293678284
0.30490604043006897
0.45358753204345703
0.38737326860427856
0.19965264201164246
0.31741148233413696
0.3757130801677704
0.12103993445634842
0.2556602954864502
0.11842446774244308
0.3403860628604889
0.3187653422355652
0.07790490984916687
0.4194210171699524
0.4499483108520508
0.4591759741306305
0.1892753392457962
0.31603842973709106
0.2055915743112564
0.6623069047927856
0.4005046784877777
0.6487808227539062
0.2947031557559967
0.6035106778144836
0.5562904477119446
0.8909813761711121
0.7522462010383606
0.8998330235481262
0.8771735429763794
0.8316482305526733
0.8367270231246948
0.9244257807731628
0.7903699278831482
0.8950634002685547
0.7602826356887817
0.8135890364646912
0.41209495067596436
0.7409248352050781
0.6211488842964172
0.287802517414093
0.4790593683719635
0.09366725385189056
0.35760316252708435
0.09946779161691666
0.43060538172721863
