0.7863073348999023
0.8650423288345337
0.855384349822998
0.8411037921905518
0.8721974492073059
0.7985759377479553
0.8179102540016174
0.8131579160690308
0.8075547218322754
0.8225782513618469
0.7050744891166687
0.8162243962287903
0.8137726783752441
0.8300570845603943
0.725298285484314
0.8239988684654236
0.5094415545463562
0.6321389675140381
0.500361979007721
0.7177762389183044
0.21318013966083527
0.5704993009567261
0.18340902030467987
0.519963264465332
0.32220590114593506
0.6464470028877258
0.49078258872032166
0.6614543199539185
0.7547142505645752
0.7104484438896179
0.8285574316978455
0.8202380537986755
0.8638597726821899
0.8989937901496887
0.697746217250824
0.787707507610321
0.6044856309890747
0.5864640474319458
0.33232906460762024
0.4186196029186249
0.28362837433815
0.6112658977508545
0.7840227484703064
0.7766039371490479
0.8893135190010071
0.8680033683776855
0.9111647009849548
0.8328893184661865
0.7571707963943481
0.9413524270057678
0.8434635996818542
0.8588874936103821
0.7841187715530396
0.8262479901313782
0.8125188946723938
0.6388905644416809
0.7410606145858765
0.7539669871330261
0.46524661779403687
0.7533681392669678
0.615800678730011
0.8477166295051575
0.7982066869735718
0.8317179083824158
0.8672384023666382
0.905277669429779
0.9104685187339783
0.8304765224456787
0.6169582009315491
0.7316420674324036
0.8380658626556396
0.70622318983078
0.600953221321106
0.48447296023368835
0.4947868883609772
0.5479174256324768
0.7850919365882874
0.6468400359153748
0.5463468432426453
0.5296091437339783
0.4133855104446411
0.6218451261520386
0.5802530646324158
0.8943981528282166
0.760754406452179
0.9066706895828247
0.8131091594696045
0.6795942783355713
0.7338746786117554
0.6444099545478821
0.8635197877883911
0.5526413917541504
0.8064512610435486
0.8931342363357544
0.8757500648498535
0.8186774849891663
0.8902392983436584
0.8670035600662231
0.8151575326919556
0.8364511132240295
0.7853749394416809
0.7431507706642151
0.8239737749099731
0.8099320530891418
0.7328215837478638
0.7714673280715942
0.8029673099517822
0.8165387511253357
0.7559440732002258
0.8399106860160828
0.8267005681991577
0.7130184769630432
0.7959737777709961
0.820868194103241
0.8964730501174927
0.8775731325149536
0.7579241394996643
0.8551538586616516
0.7329436540603638
0.7168817520141602
0.7226093411445618
