0.4906325340270996
0.5290881991386414
0.4702576994895935
0.42851951718330383
0.4567842483520508
0.5327346920967102
0.48029381036758423
0.5012660026550293
0.6018164753913879
0.4397641122341156
0.4082171320915222
0.3432082235813141
0.4448264539241791
0.3819204866886139
0.4403100609779358
0.5502656698226929
0.6143243312835693
0.4149777591228485
0.5608095526695251
0.5023516416549683
0.5603180527687073
0.6150233149528503
0.7016161680221558
0.5682041645050049
0.4153919816017151
0.7591320872306824
0.5489994287490845
0.4195983111858368
0.4015789031982422
0.42651233077049255
0.5050893425941467
0.6828421354293823
0.6124820113182068
0.4785785675048828
0.41165128350257874
0.7608954310417175
0.7404359579086304
0.6106603741645813
0.4701578915119171
0.8340687155723572
0.7850610017776489
0.7711729407310486
0.7392688393592834
0.731508731842041
0.6647341251373291
0.21877242624759674
0.17620083689689636
0.5684079527854919
0.5894635319709778
0.21981796622276306
0.6161116361618042
0.6321719884872437
0.613052487373352
0.4266558885574341
0.7562442421913147
0.6889879107475281
0.5165106654167175
0.564877450466156
0.8075923323631287
0.6067164540290833
0.5867617130279541
0.3943426012992859
0.5275332927703857
0.6690835952758789
0.3410259485244751
0.4850115180015564
0.5952235460281372
0.7694438695907593
0.20577163994312286
0.4705376625061035
0.6440332531929016
0.45607832074165344
0.3371269106864929
0.48092222213745117
0.39111390709877014
0.30686429142951965
0.20454047620296478
0.4317173957824707
0.5106461048126221
0.5961108803749084
0.3675246238708496
0.4880966544151306
0.3816441595554352
0.5361124277114868
0.258285790681839
0.5139945149421692
0.2425786703824997
0.32313188910484314
0.3139011263847351
0.3275245726108551
0.2055967152118683
0.2643192708492279
0.28387850522994995
0.2888180613517761
0.16011454164981842
0.2681291699409485
0.31544747948646545
0.3614792227745056
0.3457475006580353
0.3815169334411621
0.2674914300441742
0.23525823652744293
0.2934803068637848
0.3710440695285797
0.25945067405700684
0.579992949962616
0.4094538986682892
0.24251767992973328
0.2951694130897522
0.4939509928226471
0.3327144384384155
0.0965060144662857
0.5541008114814758
0.5568867921829224
0.25478941202163696
0.25696685910224915
0.6370403170585632
0.5684751272201538
0.47046223282814026
0.443711519241333
0.7050032615661621
0.6196388006210327
0.545324981212616
0.5090456008911133
0.6113642454147339
0.5458783507347107
0.5915181040763855
0.7178857922554016
0.6365885138511658
0.6051735877990723
0.7558067440986633
0.7650168538093567
0.7863759994506836
0.65092533826828
0.7937862873077393
0.4581168591976166
0.7285149693489075
0.7879546284675598
0.6753988265991211
0.4432871639728546
0.4827498495578766
0.5914776921272278
0.5143146514892578
0.5472849011421204
0.5543899536132812
0.36853158473968506
0.39756590127944946
0.45562928915023804
0.4049382209777832
0.5015134811401367
0.490319162607193
0.4625944197177887
0.43570366501808167
0.404796302318573
0.4226936399936676
0.34476837515830994
0.3844929337501526
0.2623906433582306
0.4850120544433594
0.5026701092720032
0.676871657371521
0.711617112159729
0.6273902058601379
0.708532989025116
0.8145797848701477
0.695358395576477
0.6969376802444458
0.7700724005699158
0.7523888349533081
0.5445249676704407
0.6609466075897217
0.7503073215484619
0.6598010063171387
0.5213122367858887
0.6204549074172974
0.5781696438789368
0.3932226002216339
0.6403366923332214
0.6216844320297241
0.572292149066925
0.7527067065238953
0.8584579825401306
0.6320924162864685
0.7793310880661011
0.8184548616409302
0.8159945011138916
0.6716586947441101
0.5511571168899536
0.7226918339729309
0.8316947221755981
0.6686078906059265
0.5661244988441467
0.4189111292362213
