0.5605674386024475
0.5591797828674316
0.5248993635177612
0.4848933219909668
0.32673633098602295
0.22772929072380066
0.5178332328796387
0.5000203847885132
0.49929651618003845
0.6124883890151978
0.5817038416862488
0.6466623544692993
0.5714760422706604
0.7490316033363342
0.5603334307670593
0.5872639417648315
0.4992274343967438
0.5250279903411865
0.382713258266449
0.46857744455337524
0.6058529019355774
0.7770633697509766
0.6003274917602539
0.5523746609687805
0.2849278151988983
0.5028892159461975
0.7450584173202515
0.7195502519607544
0.8387889862060547
0.8610068559646606
0.8315504193305969
0.8979358673095703
0.8353012800216675
0.7883966565132141
0.8086904883384705
0.816351056098938
0.8282600045204163
0.7527492642402649
0.7828499674797058
0.631919801235199
0.5809276700019836
0.5252987146377563
0.4854271709918976
0.7255002856254578
0.543398380279541
0.308224618434906
0.5945547819137573
0.5983560085296631
0.4002482295036316
0.654073178768158
0.4141641855239868
0.6310049295425415
0.2684010863304138
0.29106661677360535
0.17125527560710907
0.29270634055137634
0.2786981165409088
0.5757434964179993
0.5273298025131226
0.314555287361145
0.7117053270339966
0.5753340721130371
0.5374810695648193
0.643033504486084
0.6026087999343872
0.7394272089004517
0.8159352540969849
0.2570212781429291
0.6533980965614319
0.08863205462694168
0.36799031496047974
0.06873735040426254
0.3689870238304138
0.2002536803483963
0.5093852877616882
0.2586914896965027
0.6269859671592712
0.5772430896759033
0.6713183522224426
0.7093352675437927
0.5759763717651367
0.7664575576782227
0.7909420132637024
0.7037742733955383
0.5634446144104004
0.6358433961868286
0.7592827677726746
0.6267580986022949
0.44274282455444336
0.49127456545829773
0.45624294877052307
0.38801851868629456
0.17124703526496887
0.32165655493736267
0.09267236292362213
0.21774104237556458
0.34195587038993835
0.4591440260410309
0.46311771869659424
0.4155057966709137
0.5848029851913452
0.5718424916267395
0.4773761034011841
0.5454544425010681
0.5063395500183105
0.5996668934822083
0.5267898440361023
0.49029651284217834
0.5916561484336853
0.4567546248435974
0.7064263224601746
0.5091702342033386
0.43059054017066956
0.5595594644546509
0.5158937573432922
0.4163933992385864
0.3933427333831787
0.43353891372680664
0.25817182660102844
0.2950228452682495
0.3658349812030792
0.526504397392273
0.5330769419670105
0.5953717231750488
0.5134941339492798
0.6608056426048279
0.6872901320457458
0.7146722078323364
0.5909257531166077
0.7607505917549133
0.7432494759559631
0.6631366014480591
0.7694605588912964
0.7581622004508972
0.7748702764511108
0.5541062951087952
0.7327592968940735
0.420123815536499
0.6133775115013123
0.30915698409080505
0.7034549713134766
0.4633171856403351
0.7069876790046692
0.5811817646026611
0.6976795196533203
0.7944052815437317
0.6313613653182983
0.7416808009147644
0.692471444606781
0.6402077078819275
0.16172705590724945
0.26934999227523804
0.4631333351135254
0.10346981137990952
0.1270417869091034
0.09541600197553635
0.4282434582710266
0.23837849497795105
0.5513898134231567
0.22981874644756317
0.22948884963989258
0.44477930665016174
0.39201298356056213
0.6459406614303589
0.24638305604457855
0.5594883561134338
0.32869186997413635
0.17711372673511505
0.3736768662929535
0.24627573788166046
0.5680270195007324
0.7282384037971497
0.7890432476997375
0.7811363935470581
0.8297169804573059
