0.7045827507972717
0.710026204586029
0.6767754554748535
0.8136265873908997
0.7359697222709656
0.6866805553436279
0.7758582234382629
0.8638851046562195
0.8931010365486145
0.6199372410774231
0.8503147959709167
0.8879439234733582
0.6909719705581665
0.5647739171981812
0.9028676152229309
0.881248950958252
0.5870082974433899
0.6784748435020447
0.7746521234512329
0.5962774753570557
0.40684953331947327
0.7188745141029358
0.7379104495048523
0.41933727264404297
0.735859215259552
0.6754658818244934
0.7770417928695679
0.8303888440132141
0.8032947182655334
0.8290282487869263
0.7659947276115417
0.7665859460830688
0.8768701553344727
0.8182985186576843
0.6937043070793152
0.45839300751686096
0.7911638617515564
0.7514668107032776
0.5482048392295837
0.5184078216552734
0.5415022373199463
0.34094327688217163
0.5856908559799194
0.6035081744194031
0.5994049906730652
0.6177501082420349
0.5343558192253113
0.3078078329563141
0.4598718285560608
0.6304125189781189
0.6721258163452148
0.4624604284763336
0.48741763830184937
0.40340691804885864
0.6522780060768127
0.5116623044013977
0.5366258025169373
0.6260395646095276
0.7585685849189758
0.6564197540283203
0.5644508600234985
0.6238540410995483
0.6047012805938721
0.6031274199485779
0.6016286015510559
0.47669342160224915
0.5714523196220398
0.36843860149383545
0.31389424204826355
0.4194099009037018
0.6828161478042603
0.22891442477703094
0.5587888956069946
0.6485833525657654
0.5715811252593994
0.4019140601158142
0.33597269654273987
0.7648807764053345
0.6044618487358093
0.5781779289245605
0.7114904522895813
0.6870856285095215
0.7332562208175659
0.7046366930007935
0.8662235140800476
0.6778159141540527
0.8035853505134583
0.8609355092048645
0.682732880115509
0.6611437201499939
0.42854729294776917
0.5904319882392883
0.6012474894523621
0.5288316607475281
0.5590814352035522
0.5584204792976379
0.7723310589790344
0.4417956471443176
0.6755316853523254
0.7360159158706665
0.6331334710121155
0.5723565220832825
0.6668485999107361
0.7670548558235168
0.5229576230049133
0.7180637717247009
0.6734266877174377
0.6699396967887878
0.6945206522941589
0.6977066397666931
0.7346532940864563
0.7103807926177979
0.7717552781105042
0.5991547107696533
0.5137534141540527
0.6660078167915344
0.6486842036247253
0.700390100479126
0.46613752841949463
0.7246857285499573
0.7530041933059692
0.7264816164970398
0.5969945788383484
0.7204892039299011
0.6577903628349304
0.8412342071533203
0.7529026865959167
0.7698152661323547
0.8280928730964661
0.6840203404426575
0.7638226747512817
0.8525767922401428
0.766241192817688
0.5533027648925781
0.8338592648506165
0.798701286315918
0.6839253306388855
0.7176176309585571
0.6262322664260864
0.8424952030181885
0.6556433439254761
0.5606254935264587
0.74590003490448
0.872947096824646
0.6150597333908081
0.42101022601127625
0.8779519200325012
0.7930272221565247
0.6638493537902832
0.7222979664802551
0.8750381469726562
0.6829479932785034
0.6594332456588745
0.9321065545082092
0.8393752574920654
0.6955680847167969
0.8770366907119751
0.8555213212966919
0.8066499829292297
0.7388699650764465
0.7716389298439026
0.7743275165557861
0.5410267114639282
0.5991589426994324
0.5775246024131775
