0.1835252195596695
0.5018467903137207
0.4964105784893036
0.6014826893806458
0.4353572428226471
0.6398364901542664
0.37058767676353455
0.4169968366622925
0.44075807929039
0.6142933964729309
0.33714714646339417
0.2274647057056427
0.6141894459724426
0.5390127897262573
0.0941653847694397
0.29585161805152893
0.4793611168861389
0.32855042815208435
0.07454129308462143
0.22960525751113892
0.20502649247646332
0.1986103653907776
0.4039066731929779
0.43531423807144165
0.452547550201416
0.37791910767555237
0.657439112663269
0.5873603224754333
0.548869788646698
0.6850101351737976
0.6078748106956482
0.6202934384346008
0.5539800524711609
0.6557514667510986
0.5470487475395203
0.7540067434310913
0.7407011389732361
0.63674396276474
0.24833440780639648
0.557207465171814
0.6024853587150574
0.44767698645591736
0.3071611821651459
0.6490594148635864
0.7165783047676086
0.7877665162086487
0.4867815375328064
0.42014893889427185
0.6818299293518066
0.40093913674354553
0.3756691515445709
0.405394047498703
0.5128917098045349
0.29226335883140564
0.5333292484283447
0.6862961053848267
0.37765049934387207
0.5586831569671631
0.36349573731422424
0.5586134791374207
0.37390705943107605
0.1833420991897583
0.4792426526546478
0.4592309594154358
0.38397085666656494
0.579009473323822
0.6052268743515015
0.3052476644515991
0.407480388879776
0.6122244000434875
0.539825439453125
0.19821204245090485
0.3765083849430084
0.5537555813789368
0.39211082458496094
0.4411205053329468
0.41064196825027466
0.6123697757720947
0.6225072741508484
0.6663767695426941
0.6291139721870422
0.730158269405365
0.6853235363960266
0.6516640782356262
0.5407238006591797
0.30713507533073425
0.35045307874679565
0.36414024233818054
0.12227869033813477
0.28630730509757996
0.18344588577747345
0.2803329825401306
0.04839605093002319
0.09782612323760986
0.29747796058654785
0.1869162917137146
0.05920902267098427
0.34692496061325073
0.32402557134628296
0.13082343339920044
0.2625107765197754
0.3495227098464966
0.29511284828186035
0.1973315328359604
0.4597659707069397
0.39827626943588257
0.14073187112808228
0.46707645058631897
0.13637039065361023
0.4252147674560547
0.4842095375061035
0.22806787490844727
0.20846322178840637
0.5232993960380554
0.363496869802475
0.2594413757324219
0.3090168237686157
0.401175320148468
0.32757219672203064
0.3765968084335327
0.2790633738040924
0.49938902258872986
0.4487345516681671
0.5440520644187927
0.6107027530670166
0.47058719396591187
0.6535349488258362
0.4554895758628845
0.6277982592582703
0.6836681962013245
0.6340315937995911
0.8151477575302124
0.5285784602165222
0.7529414296150208
0.6808788776397705
0.407705157995224
0.6678867936134338
0.614303708076477
0.6877126693725586
0.7732611298561096
0.7317737936973572
0.6911500692367554
0.6488892436027527
0.7194607853889465
