0.7925628423690796
0.8724523782730103
0.8971441984176636
0.9222301840782166
0.894105076789856
0.8238611221313477
0.736140787601471
0.9160891771316528
0.6330155730247498
0.8705469369888306
0.81128990650177
0.8191781044006348
0.7189497947692871
0.8399413824081421
0.7539882063865662
0.580489456653595
0.6168039441108704
0.6979730725288391
0.44621244072914124
0.6567578315734863
0.7523907423019409
0.4412069320678711
0.5008266568183899
0.5244042873382568
0.6866530776023865
0.6256089806556702
0.6487635970115662
0.5321071743965149
0.30507510900497437
0.5684122443199158
0.7920750379562378
0.8583829998970032
0.8085998296737671
0.8745222091674805
0.8477780818939209
0.8175582885742188
0.7618759870529175
0.8296148777008057
0.4553796947002411
0.781012773513794
0.38463953137397766
0.5217454433441162
0.6737151741981506
0.6000124216079712
0.48065435886383057
0.674944281578064
0.6216560006141663
0.5563234686851501
0.40571409463882446
0.8028319478034973
0.6374089121818542
0.5827272534370422
0.6778848767280579
0.6938360929489136
0.6231870651245117
0.6970254182815552
0.8210251331329346
0.7121847867965698
0.6850849390029907
0.7192791700363159
0.812506377696991
0.8116989731788635
0.5417499542236328
