0.37350016832351685
0.24721680581569672
0.37677937746047974
0.34316280484199524
0.6086606979370117
0.38800784945487976
0.5346744656562805
0.3501746356487274
0.3064531981945038
0.33341559767723083
0.35920220613479614
0.2515215575695038
0.19188718497753143
0.2326054573059082
0.4662496745586395
0.3571183383464813
0.21219007670879364
0.19951801002025604
0.13562753796577454
0.2957889139652252
0.05639258399605751
0.29788511991500854
0.20815163850784302
0.33691421151161194
0.1723509132862091
0.17629964649677277
0.10272429138422012
0.10415607690811157
0.07653973996639252
0.12121105194091797
0.05711962282657623
0.11659029871225357
0.1141616627573967
0.11360672116279602
0.1231791079044342
0.27093052864074707
0.1824253350496292
0.4573012888431549
0.3621004521846771
0.42960411310195923
0.4231475591659546
0.6574098467826843
0.609545886516571
0.5809385180473328
0.5597753524780273
0.46844160556793213
0.2771183252334595
0.20233818888664246
0.15254400670528412
0.1401350051164627
0.11529766023159027
0.2239813357591629
0.17236091196537018
0.13273262977600098
0.2882813811302185
0.083701953291893
0.15966199338436127
0.09742356836795807
0.2224002182483673
0.17657998204231262
0.42909690737724304
0.415705144405365
0.4117632806301117
0.7453853487968445
0.7139892578125
0.8838170170783997
0.6030887961387634
0.7188171744346619
0.45461782813072205
0.4397541582584381
0.1129603385925293
0.3214445114135742
0.09785734862089157
0.10919114947319031
0.17175185680389404
0.1736484318971634
0.26062294840812683
0.22169609367847443
0.2927680015563965
0.3317965865135193
0.3533852696418762
0.5199522972106934
0.6337999701499939
0.7509871125221252
0.5307868123054504
0.7171009182929993
0.40477532148361206
0.6568150520324707
0.638566792011261
0.5779522061347961
0.300722599029541
0.38388970494270325
0.3015654385089874
0.3648263216018677
0.19947539269924164
0.10212362557649612
0.34265246987342834
0.30545511841773987
0.09402015805244446
0.22831779718399048
0.3646230399608612
0.3171781003475189
0.5158244967460632
0.4050403833389282
0.4327920377254486
0.2862206995487213
0.3067714273929596
0.40833547711372375
0.2309236079454422
0.2725020945072174
0.1171383187174797
0.02516254223883152
0.0651545450091362
0.02857401967048645
0.1658145934343338
0.2464131861925125
0.3573388159275055
0.36753687262535095
0.7355701923370361
0.7609029412269592
0.5530760884284973
0.7834135890007019
0.8355758786201477
0.5555478930473328
0.8225215077400208
0.8135353326797485
0.6179693937301636
0.6034558415412903
0.26332613825798035
0.32029762864112854
0.05505182221531868
0.24822306632995605
0.39810362458229065
0.5399766564369202
0.3938709795475006
0.4760333299636841
0.4497310221195221
0.3618050813674927
0.4345827102661133
0.5175246596336365
0.48693716526031494
0.5870148539543152
0.5557074546813965
0.5532506108283997
0.39505472779273987
0.5008114576339722
0.32228755950927734
0.6873807311058044
0.5203877091407776
0.25015294551849365
0.2908593714237213
0.24343009293079376
0.3919117748737335
0.3509129583835602
0.5033749938011169
0.5534200072288513
0.8055134415626526
0.6884469985961914
0.6883068680763245
0.6618316769599915
0.6798439621925354
0.6287282109260559
0.5274690985679626
0.5472631454467773
0.4377349317073822
0.5582373142242432
0.11446872353553772
0.3332674503326416
0.046954382210969925
0.27256330847740173
0.08223651349544525
0.5198442935943604
0.40588459372520447
0.7834039926528931
0.8547028303146362
0.9421035051345825
0.7794132828712463
0.7067563533782959
0.4985193610191345
0.6978104114532471
0.5567932724952698
0.16546094417572021
0.45706313848495483
0.4781250059604645
0.10166815668344498
0.3944525420665741
0.483612596988678
0.42959314584732056
0.6999294757843018
0.5662658214569092
0.7405465245246887
0.6272774934768677
0.695526123046875
