0.41626685857772827
0.5939939618110657
0.3509736657142639
0.42987674474716187
0.4738534390926361
0.5106425881385803
0.4130052626132965
0.6127060055732727
0.6510039567947388
0.5851591229438782
0.6475178599357605
0.7321626543998718
0.46415701508522034
0.4650261104106903
0.5335383415222168
0.3942718803882599
0.23882505297660828
0.5645303726196289
0.47001564502716064
0.20451326668262482
0.21762914955615997
0.5742255449295044
0.4378570020198822
0.24944598972797394
0.5394822955131531
0.6754645109176636
0.5677699446678162
0.48444244265556335
0.5923760533332825
0.6077414155006409
0.6742328405380249
0.6827266812324524
0.6348875761032104
0.7409965991973877
0.4932527542114258
0.6105495095252991
0.49590688943862915
0.6955216526985168
0.5990651249885559
0.38287097215652466
0.5328288674354553
0.6864503026008606
0.5714254379272461
0.4704492390155792
0.6403354406356812
0.749098539352417
0.7057136297225952
0.5991033911705017
0.5908845067024231
0.4185505509376526
0.7419174909591675
0.3040294647216797
0.33681005239486694
0.4756922721862793
0.6324931383132935
0.37528306245803833
0.336447149515152
0.542826771736145
0.5022348761558533
0.36936715245246887
0.4302440285682678
0.6248793005943298
0.5743274092674255
0.29515641927719116
0.40263476967811584
0.5665699243545532
0.5037142634391785
0.34952300786972046
0.5205082297325134
0.5259116291999817
0.5660709738731384
0.5412828326225281
0.5537855625152588
0.46814313530921936
0.3995124399662018
0.2681954503059387
0.4774538576602936
0.48806414008140564
0.283160924911499
0.4997100830078125
0.5885416865348816
0.646668016910553
0.37544170022010803
0.5972017645835876
0.7174373865127563
0.5932416915893555
0.5276995301246643
0.6453467607498169
0.6977039575576782
0.5370663404464722
0.6785324215888977
0.6807684898376465
0.6266419887542725
0.7487911581993103
0.592304527759552
0.3521929979324341
0.4289875328540802
0.4980069696903229
0.568805992603302
0.678789496421814
0.6657042503356934
0.3542492091655731
0.5533429980278015
0.4639025330543518
0.5104150176048279
0.5293357968330383
0.5506638288497925
0.48857033252716064
0.524471640586853
0.36392220854759216
0.25209715962409973
0.4047192633152008
0.457517147064209
0.45208412408828735
0.3485057055950165
0.3270370066165924
0.31836315989494324
0.5735757946968079
0.3952367603778839
0.6803510785102844
0.7195680737495422
0.47203493118286133
0.581391453742981
0.7349680662155151
0.5537589192390442
0.39607909321784973
0.6007679104804993
0.7344909906387329
0.42868536710739136
0.3466276526451111
0.6294535398483276
