0.14650030434131622
0.31552812457084656
0.36208003759384155
0.40294620394706726
0.4860711693763733
0.2803293466567993
0.40284743905067444
0.1908639818429947
0.33571600914001465
0.32572898268699646
0.257601797580719
0.20262537896633148
0.26710519194602966
0.15063828229904175
0.26135092973709106
0.45663395524024963
0.4559134840965271
0.28948819637298584
0.20315945148468018
0.2971602976322174
0.37605294585227966
0.37994658946990967
0.47700235247612
0.5762521624565125
0.6241062879562378
0.7468703389167786
0.5577296018600464
0.47138479351997375
0.5407873392105103
0.40628084540367126
0.6311128735542297
0.42590755224227905
0.5176995396614075
0.39267048239707947
0.2653561532497406
0.4231117069721222
0.7094641327857971
0.6748996376991272
0.4387751817703247
0.595183253288269
0.6439595222473145
0.42703595757484436
0.7559176683425903
0.77049720287323
0.7301998138427734
0.8486536145210266
0.7980769276618958
0.8063564300537109
0.7653566598892212
0.7867066264152527
0.8053696751594543
0.6754645109176636
0.862997829914093
0.8349570631980896
0.893177330493927
0.846399188041687
0.8431822657585144
0.8418790102005005
0.6304941773414612
0.8129995465278625
0.627811849117279
0.5779244899749756
0.48650094866752625
0.8562515377998352
0.7673199772834778
0.5627708435058594
0.7198885679244995
0.7540981769561768
0.7497292160987854
0.821763813495636
0.8301960229873657
0.7615706920623779
