0.12201264500617981
0.14099016785621643
0.16853360831737518
0.18642762303352356
0.1141798347234726
0.13625416159629822
0.1095956414937973
0.1804250031709671
0.11413129419088364
0.10044493526220322
0.06275273859500885
0.07225138694047928
0.056552544236183167
0.056579556316137314
0.028003275394439697
0.07062838226556778
0.06693090498447418
0.036218974739313126
0.09350724518299103
0.06247918680310249
0.05735446512699127
0.03313557058572769
0.038441434502601624
0.06891851872205734
0.051613423973321915
0.061362795531749725
0.043634384870529175
0.12236028164625168
0.09681745618581772
0.058591749519109726
0.04057468846440315
0.08038757741451263
0.05698259174823761
0.06363286823034286
0.034613993018865585
0.06117560341954231
0.04654160141944885
0.0211621280759573
0.048001259565353394
0.07259484380483627
0.06847373396158218
0.018015632405877113
0.03724566474556923
0.08470518887042999
0.04654690623283386
0.06203848123550415
0.1647709161043167
0.07719915360212326
0.08729664981365204
0.1873825490474701
0.22661855816841125
0.12005911767482758
0.22625084221363068
0.6436821818351746
0.222567617893219
0.34357646107673645
0.37863898277282715
0.2555879056453705
0.1568073332309723
0.2342090606689453
0.17842939496040344
0.2546767294406891
0.3120613396167755
0.3202565014362335
0.15010565519332886
0.26529660820961
0.23223106563091278
0.1753486543893814
0.10489050298929214
0.2517784833908081
0.3048117458820343
0.07575169950723648
0.09314414113759995
0.35858070850372314
0.18951953947544098
0.10411670058965683
0.09128306806087494
0.04817154258489609
0.07281129062175751
0.07920458167791367
0.04401896148920059
0.03370344266295433
0.06558407843112946
0.06058523431420326
0.04783441498875618
0.10777424275875092
0.20742519199848175
0.11531875282526016
0.10191169381141663
0.24008555710315704
0.7971808314323425
0.47661808133125305
0.09852372109889984
0.2680457830429077
0.7311378717422485
0.19675815105438232
0.08499167114496231
0.35026806592941284
0.671951949596405
0.10410552471876144
0.25680747628211975
0.7117345929145813
0.4882845878601074
0.2138257473707199
0.30717799067497253
0.8634216785430908
0.4170685112476349
0.492544025182724
0.4820025861263275
0.4040132761001587
0.5106962323188782
0.5587592720985413
0.3059473931789398
0.2586868107318878
0.1760866940021515
0.2633720934391022
0.24212318658828735
0.2293170839548111
0.09781663119792938
0.2421387881040573
0.17748962342739105
0.17263846099376678
0.19371527433395386
0.1720530092716217
0.06206841021776199
0.08450397849082947
0.15160821378231049
0.13237787783145905
0.1057838499546051
0.15498089790344238
0.23072099685668945
0.3206736743450165
0.4101378321647644
0.4320193827152252
0.46090105175971985
0.6833322644233704
0.6544390320777893
0.29734092950820923
0.4093095362186432
0.8316828608512878
0.6794503331184387
0.21341176331043243
0.24904987215995789
0.8394340872764587
0.26846227049827576
0.2029116451740265
0.8837348222732544
0.7994668483734131
0.19199363887310028
0.4075654149055481
0.7949901819229126
0.5154644846916199
0.5059536695480347
0.3006898760795593
0.12884949147701263
0.14836573600769043
0.3610377311706543
0.27286478877067566
0.14375856518745422
0.22894085943698883
0.5120475888252258
0.1866920292377472
0.2104286104440689
0.2121788114309311
0.22441048920154572
0.23268286883831024
0.10309252142906189
0.2513388991355896
0.21949833631515503
0.3396359384059906
0.17681725323200226
0.42564964294433594
0.5244112014770508
0.6062972545623779
0.7832801342010498
0.7822163105010986
0.9253817796707153
0.8804605007171631
0.5237737894058228
0.4682832360267639
0.8708804249763489
0.8002408146858215
0.1961725503206253
0.6375977396965027
0.8045144081115723
0.46998491883277893
0.4073616862297058
0.7828863859176636
0.7344679236412048
0.3081893026828766
0.4756733477115631
0.7305335998535156
0.8263609409332275
0.5626108050346375
0.577207088470459
0.4103994071483612
0.32065242528915405
0.19820554554462433
0.20397622883319855
0.23921318352222443
0.21809358894824982
0.17998819053173065
0.25437745451927185
0.12810248136520386
0.17616786062717438
0.27978041768074036
0.17319507896900177
0.21804779767990112
0.20923787355422974
0.18357853591442108
0.1078127920627594
0.1808871477842331
0.2835933268070221
0.1998148113489151
0.1881428211927414
0.22618718445301056
0.19811446964740753
0.4885663092136383
0.4139345586299896
0.6547660827636719
0.7650914192199707
0.8768652081489563
0.8674810528755188
0.48245149850845337
0.3577941060066223
0.811157763004303
0.8335638046264648
0.21345768868923187
0.23194514214992523
0.7835736870765686
0.5170058012008667
0.3161608874797821
0.36493030190467834
0.7026127576828003
0.36301156878471375
0.3343003988265991
0.7558712959289551
0.47889307141304016
0.7804771661758423
0.46674075722694397
0.2836489975452423
0.6781450510025024
0.2966844141483307
0.14794136583805084
0.3867028057575226
0.47081130743026733
0.31300103664398193
0.385579913854599
0.29345908761024475
0.29637882113456726
0.2780832350254059
0.3360837996006012
0.34269478917121887
0.2490207850933075
0.32753533124923706
0.554069459438324
0.3438023626804352
0.16911230981349945
0.5311421155929565
0.4902125895023346
0.16233690083026886
0.5213250517845154
0.7835056185722351
0.38311275839805603
0.6719544529914856
0.6315948963165283
0.7153304219245911
0.7727084159851074
0.38448864221572876
0.3886900842189789
0.741841733455658
0.5585507154464722
0.09664822369813919
0.5810152888298035
0.7276760935783386
0.29139387607574463
0.41636237502098083
0.6861937642097473
0.5552465319633484
0.36761149764060974
0.5065599083900452
0.664760172367096
0.5988613963127136
0.621491551399231
0.5028798580169678
0.3977094292640686
0.33407291769981384
0.2697482705116272
0.20691442489624023
0.180621936917305
0.3629209101200104
0.23871226608753204
0.4044100046157837
0.31100839376449585
0.2771337032318115
0.5022209882736206
0.5745635628700256
0.3003612160682678
0.28339457511901855
0.621414303779602
0.44353729486465454
0.31945744156837463
0.3197821378707886
0.5506356358528137
0.35547468066215515
0.24536629021167755
0.40898361802101135
0.5187724828720093
0.3944952189922333
0.35812315344810486
0.5391430854797363
0.4515417516231537
0.39721906185150146
0.60282301902771
0.5980618000030518
0.4929727017879486
0.7286112904548645
0.5609763264656067
0.377200722694397
0.5068775415420532
0.711773157119751
0.41465431451797485
0.36468151211738586
0.6870797276496887
0.41842663288116455
0.32601967453956604
0.42227548360824585
0.5060710906982422
0.26747286319732666
0.34990420937538147
0.2901262044906616
0.3962225615978241
0.2880665957927704
0.27589696645736694
0.215073361992836
