0.788956344127655
0.7967255115509033
0.6982834935188293
0.2150607854127884
0.5943576693534851
0.335383802652359
0.5007750988006592
0.0834910199046135
0.1311655193567276
0.02556540258228779
0.041451938450336456
0.029456671327352524
0.17968371510505676
0.12646904587745667
0.17236272990703583
0.2855289876461029
0.18139240145683289
0.2663498818874359
0.07848824560642242
0.12366769462823868
0.128618523478508
0.1642945557832718
0.26030173897743225
0.10974255949258804
0.12199082970619202
0.09745879471302032
0.1307639330625534
0.0741804987192154
0.06875315308570862
0.11687619239091873
0.20262137055397034
0.20282700657844543
0.28752729296684265
0.34237638115882874
0.1564144641160965
0.0314045175909996
0.13488222658634186
0.14920224249362946
0.0992421880364418
0.23090095818042755
0.19038058817386627
0.12864525616168976
0.11664014309644699
0.15595316886901855
0.1362767517566681
0.15415717661380768
0.18135122954845428
0.17495766282081604
0.3484228551387787
0.16365885734558105
0.5555709004402161
0.23223836719989777
0.06514996290206909
0.10345608741044998
0.08732622116804123
0.11270883679389954
0.16869252920150757
0.05088320001959801
0.030265016481280327
0.025350552052259445
0.03403743728995323
0.0709548220038414
0.02661852538585663
0.016550077125430107
0.08484955877065659
0.2886049449443817
0.06606283038854599
0.07262030988931656
0.7923872470855713
0.40072551369667053
0.06207321956753731
0.554413378238678
0.514289140701294
0.175831139087677
0.37650686502456665
0.760460376739502
0.5003432035446167
0.7176364660263062
0.44914114475250244
0.13966351747512817
0.10958931595087051
0.039664462208747864
0.18344789743423462
0.027723703533411026
0.13458846509456635
0.02923252247273922
0.20371179282665253
0.19210286438465118
0.12772849202156067
0.0882127657532692
0.027073267847299576
0.036941010504961014
0.0970999151468277
0.10822632908821106
0.023315992206335068
0.017226409167051315
0.04391364008188248
0.013410372659564018
0.04243897646665573
0.0420217402279377
0.061075806617736816
0.03907540440559387
0.025972561910748482
0.0051389820873737335
0.010261684656143188
0.01650158502161503
0.03680456429719925
0.02157634124159813
0.011904120445251465
0.04137858375906944
0.028023110702633858
0.05442795157432556
0.05442105606198311
0.10490819066762924
0.030802790075540543
0.12173730880022049
0.14813701808452606
0.16656455397605896
0.32480868697166443
0.2878056466579437
0.1328037828207016
0.15931981801986694
0.4343302845954895
0.5114908814430237
0.32880184054374695
0.2108704000711441
0.3271767199039459
0.11226647347211838
0.1590251326560974
0.028793854638934135
0.24146246910095215
0.06489815562963486
0.101251021027565
0.20691387355327606
0.1621716171503067
0.37674033641815186
0.4973779320716858
0.6509370803833008
0.4012505114078522
0.24302124977111816
0.324651300907135
0.12132181227207184
0.13503839075565338
0.1240905299782753
0.172275573015213
0.19641061127185822
0.17461031675338745
0.29281559586524963
0.2184610366821289
0.3662557899951935
0.2053743451833725
0.39155659079551697
0.4678209722042084
0.5435161590576172
0.530683696269989
0.5519388914108276
0.5820032358169556
0.49367353320121765
0.3927666246891022
0.5417530536651611
0.45219501852989197
0.5120108127593994
0.21946200728416443
0.36200588941574097
0.21688644587993622
0.16213329136371613
0.10383399575948715
0.19503088295459747
0.1844458431005478
0.2562490701675415
0.06221436336636543
0.23695321381092072
0.16707567870616913
0.11058396846055984
0.11107921600341797
0.16696389019489288
0.08317647874355316
0.12244811654090881
0.09638035297393799
0.11178354173898697
0.08615870028734207
0.09056118875741959
0.15818016231060028
0.06468696147203445
0.027819879353046417
0.1347612887620926
0.2787306010723114
0.24193382263183594
0.4014260470867157
0.1522664725780487
0.1713380366563797
0.3387551009654999
0.12495548278093338
0.2315109521150589
0.07563271373510361
0.14878536760807037
0.064778171479702
0.19917957484722137
0.044815417379140854
0.26066771149635315
0.12236244231462479
0.45484310388565063
0.3346382677555084
0.3573361933231354
0.4344978630542755
0.37196221947669983
0.4832542836666107
0.46188661456108093
0.5072160959243774
0.5440055131912231
0.6002611517906189
0.5720551013946533
0.6505023241043091
0.2683570384979248
0.3567565083503723
0.13664183020591736
0.17191839218139648
0.04348592087626457
0.09783247858285904
0.06028764322400093
0.15375767648220062
0.11323846876621246
0.046555694192647934
0.18098369240760803
0.2630494236946106
0.6294892430305481
0.4617816209793091
0.4194432199001312
0.4875544607639313
0.46414169669151306
0.33827880024909973
0.3680505156517029
0.44839754700660706
0.3367553949356079
0.39536482095718384
0.45485252141952515
0.45481449365615845
0.48496341705322266
0.39738929271698
0.36654356122016907
0.6102529168128967
0.3067692816257477
0.3054923117160797
0.6610704064369202
0.7024479508399963
0.26809877157211304
0.4466875493526459
0.6252656579017639
0.3519200384616852
0.546675443649292
0.384062796831131
0.711808443069458
0.36268845200538635
0.5328499674797058
0.37261006236076355
0.31447193026542664
0.4544099271297455
0.41869768500328064
0.4218154549598694
0.2277836799621582
0.468956857919693
0.4680558443069458
0.7838073968887329
0.641972541809082
0.667384684085846
0.7864167094230652
0.8720085620880127
0.629231870174408
0.6564760804176331
0.5404006242752075
0.42189058661460876
0.3239181637763977
0.7074548006057739
0.5187961459159851
0.4187270700931549
0.5417628884315491
0.5747116804122925
0.36666080355644226
0.5455584526062012
0.45058971643447876
0.49956709146499634
0.6372990608215332
0.3246902525424957
0.419182687997818
0.2304263412952423
0.21643343567848206
0.10047286003828049
0.02221050299704075
0.03138146549463272
0.02780546061694622
0.043702203780412674
0.10332032293081284
0.10725769400596619
0.079293392598629
0.2515030801296234
0.3527206480503082
0.22248488664627075
0.3580268323421478
0.429475337266922
0.26383084058761597
0.11014541983604431
0.37262147665023804
0.42367199063301086
0.11524513363838196
0.14065603911876678
0.4241938591003418
0.5455172657966614
0.15899160504341125
0.32176530361175537
0.6674612164497375
0.40601810812950134
0.567987322807312
0.3410114347934723
0.6312735080718994
0.3720662295818329
0.3479681611061096
0.41226640343666077
0.41095125675201416
0.5555276274681091
0.5373231172561646
0.3205461800098419
0.33628323674201965
0.3612208962440491
0.33711811900138855
0.15444178879261017
0.43778738379478455
0.5551497340202332
0.11532007157802582
0.2510569393634796
0.618656575679779
0.5682855844497681
0.08837044984102249
0.611839771270752
0.6737997531890869
0.07605914026498795
0.2411087602376938
0.7244504690170288
0.5623940229415894
0.0554397888481617
0.44578972458839417
0.6042906641960144
0.155673086643219
0.1284366250038147
0.2955095171928406
0.15167075395584106
0.08226221054792404
0.14922891557216644
0.15022318065166473
0.06133369728922844
0.1378067284822464
0.046285230666399
0.04243232309818268
0.07604444026947021
0.04018637165427208
0.02882269397377968
0.023886531591415405
0.027833227068185806
0.017274165526032448
0.040923111140728
