0.2950381934642792
0.7299517393112183
0.41605445742607117
0.36922162771224976
0.6927554607391357
0.1757339984178543
0.656028151512146
0.6204541325569153
0.6827095150947571
0.6409595608711243
0.5397743582725525
0.4452883303165436
0.47250357270240784
0.37033772468566895
0.3091958463191986
0.44044163823127747
0.27314668893814087
0.3350616991519928
0.4417840838432312
0.545582115650177
0.2607187032699585
0.2902516722679138
0.4182463586330414
0.32747384905815125
0.3337109088897705
0.23430128395557404
0.0382249541580677
0.015448537655174732
0.011863071471452713
0.027812156826257706
0.12553313374519348
0.16388268768787384
0.1773672103881836
0.3111196756362915
0.3657505214214325
0.23578964173793793
0.48177337646484375
0.0891505628824234
0.09417666494846344
0.31741219758987427
0.3821440637111664
0.14989084005355835
0.10139162838459015
0.4776141941547394
0.37033554911613464
0.34065571427345276
0.5194317102432251
0.30958518385887146
0.06783163547515869
0.22865422070026398
0.1037612184882164
0.21836219727993011
0.09381972998380661
0.36556243896484375
0.4670877456665039
0.8664515614509583
0.8480419516563416
0.7881448268890381
0.8119779229164124
0.6805207133293152
0.464467316865921
0.8375957608222961
0.6562535166740417
0.3958439528942108
0.5673193335533142
0.7212404608726501
0.5417564511299133
0.4339425563812256
0.7683680057525635
0.5426692366600037
0.6244283318519592
0.6221184134483337
0.5387330055236816
0.5734362006187439
0.32383474707603455
0.19083482027053833
0.4815673828125
0.6805729866027832
0.523952305316925
0.4771542549133301
0.6263192892074585
0.42115211486816406
0.6015413403511047
0.7884805798530579
0.8098883032798767
0.862962543964386
0.6871187090873718
0.880652904510498
0.8823453187942505
0.6952661275863647
0.6961258053779602
0.6199491620063782
0.42552751302719116
0.2977232038974762
0.35777631402015686
0.20613184571266174
0.1444922834634781
0.014637027867138386
0.03386460989713669
0.004373569972813129
0.0019807901699095964
0.005705547984689474
0.003919696435332298
0.036441605538129807
0.09816956520080566
0.04337743669748306
0.5998113751411438
0.48384228348731995
0.6136153936386108
0.22936265170574188
0.11014415323734283
0.2508661448955536
0.3297275900840759
0.08739575743675232
0.2179841846227646
0.34911638498306274
0.07165351510047913
0.3329934775829315
0.2988399863243103
0.5171307921409607
0.37541261315345764
0.0689406767487526
0.1929829716682434
0.45063310861587524
0.06370630115270615
0.023947030305862427
0.24698927998542786
0.08344624191522598
0.01592951826751232
0.07021953910589218
0.06894343346357346
0.06309609115123749
0.010023494251072407
0.023928595706820488
0.005162894260138273
0.03820782154798508
0.016506165266036987
0.03526557609438896
0.04117538779973984
0.1347166895866394
0.33368635177612305
0.31798866391181946
0.4119473397731781
0.46191295981407166
0.6351953744888306
0.3264264166355133
0.4195622503757477
0.2843236029148102
0.32774463295936584
0.22482439875602722
0.3192571997642517
0.35113054513931274
0.38289475440979004
0.3628065288066864
0.2847749590873718
0.4465824365615845
0.6298406720161438
0.30551430583000183
0.41862356662750244
0.39266496896743774
0.4719323217868805
0.506812572479248
0.2529587149620056
0.36003580689430237
0.2828770875930786
0.38782036304473877
0.4897458851337433
0.14044925570487976
0.21381749212741852
0.31636661291122437
0.3390021324157715
0.05441061779856682
0.10267677903175354
0.2121034413576126
0.03738526999950409
0.047789789736270905
0.1043478474020958
0.13085277378559113
0.1629020720720291
0.2384139448404312
0.20293644070625305
0.1839958131313324
0.18650178611278534
0.28510966897010803
0.22158457338809967
0.20292815566062927
0.15251325070858002
0.2581407129764557
0.2667149305343628
0.1348128318786621
0.2463889867067337
0.2560940086841583
0.20252461731433868
0.34910017251968384
0.1037691980600357
0.5911262631416321
0.6592980623245239
0.15611325204372406
0.48423492908477783
0.7847880125045776
0.43419530987739563
0.21251709759235382
0.725847065448761
0.4937869608402252
0.6868267059326172
0.44657352566719055
0.39078542590141296
0.3427242636680603
0.16506384313106537
0.0782986432313919
0.11721611022949219
0.023639405146241188
0.06633299589157104
0.00783125776797533
0.08869970589876175
0.007368751801550388
0.05309377238154411
0.0927722230553627
0.28086957335472107
