0.23035001754760742
0.2135009765625
0.30921119451522827
0.30701538920402527
0.32618799805641174
0.3417666256427765
0.22502382099628448
0.25357744097709656
0.25754082202911377
0.2998524010181427
0.28953760862350464
0.3591475188732147
0.3941699266433716
0.6199691891670227
0.3642391860485077
0.5047615766525269
0.5356957912445068
0.5913431644439697
0.32811403274536133
0.48619720339775085
0.4574717581272125
0.4330745339393616
0.3252207934856415
0.4193289577960968
0.2254055142402649
0.2796913981437683
0.3700546324253082
0.2811834216117859
0.20891474187374115
0.48391982913017273
0.3487740755081177
0.562701404094696
0.6269375681877136
0.6484987139701843
0.8090876340866089
0.7029507756233215
0.5203962326049805
0.32483115792274475
0.47276899218559265
0.33304429054260254
0.2528343200683594
0.29171639680862427
0.09475580602884293
0.41099533438682556
0.40243270993232727
0.2846328318119049
0.5071518421173096
0.40912023186683655
0.2638181447982788
0.2800183594226837
0.19980283081531525
0.16494204103946686
0.13825054466724396
0.16672082245349884
0.10894052684307098
0.2139866203069687
0.07419932633638382
0.5771766901016235
0.3598228991031647
0.49884065985679626
0.26304566860198975
0.12437733262777328
0.43716755509376526
0.2662631571292877
0.08997199684381485
0.2936667501926422
0.3368082046508789
0.16327789425849915
0.24447114765644073
0.5192697644233704
0.20381514728069305
0.11271850019693375
0.5575955510139465
0.597905158996582
0.12573108077049255
0.49503543972969055
0.5486583709716797
0.43765273690223694
0.24440614879131317
0.3361833393573761
0.19627328217029572
0.10987397283315659
0.3318495750427246
0.38374194502830505
0.42113304138183594
0.4641939699649811
0.5516557097434998
0.5094168186187744
0.6925922632217407
0.6273563504219055
0.6115406155586243
0.602080762386322
0.38518667221069336
0.07705412805080414
0.2739550769329071
0.059250131249427795
0.08976487070322037
0.03688594326376915
0.14210958778858185
0.21063022315502167
0.11542395502328873
0.33056044578552246
0.3008269667625427
0.33241018652915955
0.17236995697021484
0.08370372653007507
0.37167587876319885
0.30220451951026917
0.10608519613742828
0.20772983133792877
0.6262189149856567
0.3586091101169586
0.3390468657016754
0.5384056568145752
0.5691176056861877
0.31865718960762024
0.09413348883390427
0.295826256275177
0.28953346610069275
0.0858248695731163
0.022183502092957497
0.0705675482749939
0.04235061630606651
0.05584818869829178
0.012366720475256443
0.07301899790763855
0.0261516235768795
0.01867237128317356
0.16003963351249695
0.2847711145877838
0.05513535439968109
0.14416666328907013
0.30830666422843933
0.2686568796634674
0.5224934816360474
0.3987845778465271
0.5987035036087036
0.4778671860694885
0.2813682556152344
0.7017014622688293
0.4613848924636841
0.3733217120170593
0.09558815509080887
0.18713554739952087
0.41168656945228577
0.5457659959793091
0.467311292886734
0.3049551546573639
0.46852996945381165
0.37994471192359924
0.34345951676368713
0.17793260514736176
0.5058583617210388
0.40643566846847534
0.4469481110572815
0.21789796650409698
0.5209347605705261
0.5107450485229492
0.4135897159576416
0.5330703854560852
0.2708251178264618
0.5607650876045227
0.37008145451545715
0.614806592464447
0.6606181263923645
0.34252840280532837
0.6434418559074402
0.7605224847793579
0.7572512626647949
0.5722681879997253
0.7072368264198303
0.5783820748329163
0.6364162564277649
0.5892522931098938
0.38686174154281616
0.578823983669281
0.5918843746185303
0.3498229384422302
0.6662224531173706
0.6997969746589661
0.7578889727592468
0.38596412539482117
0.7726318836212158
0.7490013837814331
0.44911855459213257
0.7560182809829712
0.7522343397140503
0.43951788544654846
0.5455118417739868
0.27033790946006775
0.35881128907203674
0.32577434182167053
0.08685320615768433
0.08734655380249023
0.04684051498770714
0.19157913327217102
0.3117607533931732
0.5808650851249695
0.08346843719482422
0.4016916751861572
0.17834319174289703
0.5061341524124146
0.2979261577129364
0.0729420855641365
0.1756783276796341
0.051709700375795364
0.27338314056396484
0.33661356568336487
0.20486848056316376
0.18603479862213135
0.03897164389491081
0.2257712483406067
0.07100634276866913
0.06493542343378067
0.21081265807151794
0.32631227374076843
0.12398721277713776
0.19565005600452423
0.4124213755130768
0.07730909436941147
0.10181719064712524
0.1969209611415863
0.09993577748537064
0.10525846481323242
0.20843669772148132
0.15202440321445465
0.252676784992218
0.03477894142270088
0.0412413664162159
0.19116011261940002
0.3464464545249939
0.09477921575307846
0.48068490624427795
0.71830153465271
0.5275505781173706
0.20424287021160126
0.5512019395828247
0.8169562220573425
0.6079838871955872
0.5539835691452026
0.6371687054634094
0.3322204351425171
0.12938153743743896
0.4947039783000946
0.30933085083961487
0.1345704346895218
0.017911076545715332
0.1875448077917099
0.12065348774194717
0.06072256341576576
0.07708659023046494
0.11240378767251968
0.165568009018898
0.29297325015068054
0.32528308033943176
0.20389516651630402
0.2799907624721527
0.4492652714252472
0.4508260190486908
0.16638393700122833
0.26088082790374756
0.6691790819168091
0.33954963088035583
0.18872323632240295
0.5163102149963379
0.4506472945213318
0.48263004422187805
0.6446709632873535
0.42548659443855286
0.2329835146665573
0.5781707763671875
