0.31869861483573914
0.15546022355556488
0.25794532895088196
0.3174315392971039
0.22258444130420685
0.1646701991558075
0.146917462348938
0.08837554603815079
0.231461763381958
0.23814864456653595
0.24901467561721802
0.5877333283424377
0.4424807131290436
0.6942389607429504
0.4943765103816986
0.7624274492263794
0.6590203046798706
0.8070420622825623
0.6822227239608765
0.6371540427207947
0.6275511384010315
0.6220678091049194
0.6015015840530396
0.5624140501022339
0.7590630054473877
0.8377200961112976
0.4737071990966797
0.7377104163169861
0.5979360342025757
0.5470000505447388
0.39536362886428833
0.23952481150627136
0.0670103132724762
0.16076073050498962
0.13900797069072723
0.2602595388889313
0.03495737165212631
0.08845475316047668
0.1057291254401207
0.1085655689239502
0.09962664544582367
0.02572242170572281
0.015430884435772896
0.028813716024160385
0.045981522649526596
0.02951875329017639
0.18250811100006104
0.4349326491355896
0.4346311390399933
0.6186014413833618
0.9196884632110596
0.6762755513191223
0.843732476234436
0.47924286127090454
0.21018622815608978
0.3993557393550873
0.6772052645683289
0.32927313446998596
0.06015264242887497
0.0650240108370781
0.2657149136066437
0.05519075319170952
0.03279261663556099
0.08159718662500381
0.16625136137008667
0.049438633024692535
0.03278790041804314
0.07647864520549774
0.03157048299908638
0.013722971081733704
0.08255469799041748
0.023080306127667427
0.02218705601990223
0.04079931974411011
0.019476240500807762
0.04901145026087761
0.06436260044574738
0.018507950007915497
0.08430572599172592
0.02049511857330799
0.10674593597650528
0.1763114184141159
0.581562876701355
0.7781122326850891
0.9140951633453369
0.5892999172210693
0.9618452787399292
0.8880757689476013
0.342800110578537
0.7213001251220703
0.8996149897575378
0.5964758992195129
0.3925742208957672
0.9014788866043091
0.8243204355239868
0.48850923776626587
0.6304364204406738
0.1876177191734314
0.5659840106964111
0.2926586866378784
0.14144156873226166
0.0926736369729042
0.2962329685688019
0.43861836194992065
0.2567121088504791
0.48771339654922485
0.5349570512771606
0.8608858585357666
0.9154003262519836
0.661217987537384
0.7214611172676086
0.3020226061344147
0.16379165649414062
0.7654486298561096
0.37653690576553345
0.2397865206003189
0.32097211480140686
0.2788197994232178
0.37953391671180725
0.5847234725952148
0.6292160153388977
0.47298410534858704
0.7370186448097229
0.7282843589782715
0.8487261533737183
0.8222315907478333
0.7165296673774719
0.5801752209663391
0.6268889307975769
0.42878884077072144
0.13596946001052856
0.13153202831745148
0.07967350631952286
0.09518858790397644
0.012287539429962635
0.03456445410847664
0.04657291993498802
0.03155078738927841
0.09718258678913116
0.05184125900268555
0.05537881702184677
0.08357269316911697
0.06086935102939606
0.15439653396606445
0.08986269682645798
0.18246085941791534
0.07743208855390549
0.25275173783302307
0.09499773383140564
0.24553251266479492
0.39125218987464905
0.36871564388275146
0.17263805866241455
0.15080837905406952
0.1441345065832138
0.19070103764533997
0.03180583938956261
0.051491208374500275
0.023303860798478127
0.06886303424835205
0.04238000139594078
0.02038237825036049
0.02329295501112938
0.04395283758640289
0.07265757769346237
0.04591083526611328
0.0837908387184143
0.11901602894067764
