0.8809186220169067
0.9384909868240356
0.8740293383598328
0.8279427289962769
0.8823457360267639
0.9533283710479736
0.743012011051178
0.9655421376228333
0.6899601817131042
0.741972029209137
0.5681493878364563
0.3748698830604553
0.8574506640434265
0.25254514813423157
0.42733320593833923
0.8185811638832092
0.6467341780662537
0.7146444320678711
0.3039116859436035
0.6126434803009033
0.33915627002716064
0.63829505443573
0.8526185750961304
0.8732985258102417
0.9045370817184448
0.8511167764663696
0.8067463040351868
0.6269048452377319
0.19836576282978058
0.31524720788002014
0.2933255732059479
0.34159979224205017
0.37461724877357483
0.21094006299972534
0.6044002175331116
0.17340627312660217
0.09975156933069229
0.1751929670572281
0.4824425280094147
0.24382434785366058
0.176289901137352
0.4836011528968811
0.48873940110206604
0.5424068570137024
0.7449830174446106
0.7588939666748047
0.6385049819946289
0.5434262156486511
0.7633179426193237
0.8742325901985168
0.6731166839599609
0.7801191210746765
0.8160302639007568
0.9161722660064697
0.9546297192573547
0.9436164498329163
0.8511161208152771
0.7765629887580872
0.6990755200386047
0.9590242505073547
0.9190917611122131
0.6189819574356079
0.3964831233024597
0.20020757615566254
0.4222894310951233
0.5226742625236511
0.46705448627471924
0.4426532983779907
0.16426700353622437
0.20205476880073547
0.13339808583259583
0.1932157427072525
0.3264688551425934
0.04876486957073212
0.11293741315603256
0.08944916725158691
0.06567350029945374
0.13905426859855652
0.28311458230018616
0.22337301075458527
0.46080389618873596
0.6366349458694458
0.7241270542144775
0.8050635457038879
0.7433710098266602
0.516407310962677
0.5523850917816162
0.3266277611255646
0.20352062582969666
0.16224125027656555
0.11136887222528458
0.1861647218465805
0.1814960390329361
0.030573474243283272
0.10595028847455978
0.153626948595047
0.15669162571430206
0.019607514142990112
0.29438161849975586
0.38574454188346863
0.2458154410123825
0.09226500988006592
0.7173935174942017
0.813389003276825
0.47432366013526917
0.7362626194953918
0.30785003304481506
0.2662794888019562
0.11910182982683182
0.06333690881729126
0.06852392852306366
0.1549551784992218
0.23072300851345062
0.03330177068710327
0.2515266239643097
0.053781554102897644
0.07553855329751968
0.03195299208164215
0.08105506747961044
0.10683227330446243
0.24738489091396332
0.38349267840385437
0.24236811697483063
0.3426591157913208
0.11704187840223312
0.30078068375587463
0.03689233213663101
0.1944621205329895
0.03529420122504234
0.3045148551464081
0.08120880275964737
0.2532292902469635
0.3557778000831604
0.31823819875717163
0.6024473309516907
0.20020195841789246
0.4833259582519531
0.5668373703956604
0.14511574804782867
0.24636755883693695
0.08755965530872345
0.2490627020597458
0.12004836648702621
0.47099319100379944
0.1053825169801712
0.07564403861761093
0.27769187092781067
0.14833100140094757
0.18936878442764282
0.14436715841293335
0.2343849092721939
0.19297033548355103
0.05666108801960945
0.14407490193843842
0.01780015416443348
0.08166210353374481
0.03125281259417534
0.13688576221466064
0.1256910115480423
0.16109979152679443
0.06147528439760208
0.10388578474521637
0.05893132463097572
0.11089818179607391
0.018720118328928947
0.04840885475277901
0.019918354228138924
0.056551650166511536
0.19170035421848297
0.06479505449533463
0.13750393688678741
0.2377760410308838
0.11372704058885574
0.09703951328992844
0.01936769299209118
0.03550301864743233
0.02706669457256794
0.12483683973550797
0.005421862471848726
0.15025192499160767
0.08797890692949295
0.08600088208913803
0.10188131034374237
0.09638787060976028
0.23606878519058228
0.12163649499416351
0.3105982840061188
0.6601780652999878
0.6626611351966858
0.1564379781484604
0.5678570866584778
0.7189199924468994
0.25602999329566956
0.05732032284140587
0.2434673309326172
0.2928023636341095
0.04452836513519287
0.01724572852253914
0.16695021092891693
0.053405966609716415
0.006030676420778036
0.03473798185586929
0.06043577939271927
0.018922390416264534
0.002988568739965558
0.0755447968840599
0.08321895450353622
0.031227972358465195
0.030064595863223076
0.02819439396262169
0.11387700587511063
0.1524076908826828
0.24019800126552582
0.24387042224407196
0.3876844048500061
0.30810651183128357
0.23262973129749298
0.33195605874061584
0.3777792751789093
0.27146580815315247
0.298828661441803
0.049135640263557434
0.374766081571579
0.23702245950698853
0.02674226649105549
0.037452418357133865
0.013302614912390709
0.05203928425908089
0.06671534478664398
0.13695670664310455
0.10698715597391129
0.05887395143508911
0.06235872954130173
0.08673196285963058
0.10924838483333588
0.04446029290556908
0.06046847626566887
0.021313155069947243
0.049461450427770615
0.02173965610563755
0.10785970836877823
0.07126413285732269
0.08894912898540497
0.1476699858903885
0.09390801936388016
0.5600736737251282
0.7588629722595215
0.48985153436660767
0.2923332750797272
0.8686190843582153
0.6695675253868103
0.5849570631980896
0.8560308814048767
0.3512645363807678
0.2234775573015213
0.15857012569904327
0.07339725643396378
0.09921683371067047
0.045055825263261795
0.017286034300923347
0.05312969163060188
0.027314262464642525
0.08947155624628067
0.024949360638856888
0.07694073766469955
0.10287079215049744
0.03427184373140335
0.12714093923568726
0.19379180669784546
0.3133167326450348
0.09409750998020172
0.09086857736110687
0.03451674431562424
0.037581056356430054
0.16064471006393433
0.0732206478714943
0.026532793417572975
0.05882147327065468
0.021431805565953255
0.05225519463419914
0.030552277341485023
0.1540304720401764
0.19131295382976532
0.3649328052997589
0.8066715598106384
0.7828899025917053
0.46867138147354126
0.30254286527633667
0.12502354383468628
0.2983371913433075
0.018183790147304535
0.12765665352344513
0.03929690271615982
0.3241066038608551
0.27930957078933716
0.34644177556037903
0.3318102955818176
0.2326020747423172
0.25727179646492004
0.26134100556373596
0.2620539963245392
0.38899245858192444
0.282237708568573
0.116853266954422
0.14291295409202576
0.2740023732185364
0.029901713132858276
0.11441744863986969
0.05823143944144249
0.16412515938282013
0.32989898324012756
0.8482612371444702
0.3706451654434204
0.9709154963493347
0.9216690063476562
0.9794274568557739
0.9609197974205017
0.9836429953575134
0.9595457911491394
0.9831790924072266
0.9201335906982422
0.9211917519569397
0.8044624328613281
0.8949545621871948
0.8715401291847229
0.8914552330970764
0.8716196417808533
0.933228611946106
0.9255799055099487
0.8233391642570496
0.7850487232208252
0.6596408486366272
0.9237810969352722
0.8311046957969666
0.9365952610969543
0.8473925590515137
0.9289666414260864
0.8766435980796814
0.6989620327949524
0.5092707276344299
0.5945543646812439
0.37048420310020447
