0.03755827620625496
0.03916521370410919
0.0204634852707386
0.04185077175498009
0.010004818439483643
0.028103474527597427
0.005594698712229729
0.013533327728509903
0.03491140902042389
0.5004487037658691
0.26912975311279297
0.6880900859832764
0.7603304386138916
0.32684817910194397
0.2907596826553345
0.16379030048847198
0.21390098333358765
0.21850822865962982
0.06377074867486954
0.03359498456120491
0.24449872970581055
0.07775869220495224
0.04518972709774971
0.045095834881067276
0.09065477550029755
0.08980764448642731
0.06497877836227417
0.1945384293794632
0.46960535645484924
0.20067758858203888
0.12140912562608719
0.11238160729408264
0.027250560000538826
0.0698559507727623
0.04968779534101486
0.06058766320347786
0.09685944020748138
0.04064596816897392
0.07835055142641068
0.316236674785614
0.6147975325584412
0.5739821195602417
0.8919402360916138
0.5527365207672119
0.6044000387191772
0.20224766433238983
0.4586136043071747
0.5757506489753723
0.19656555354595184
0.19201037287712097
0.5428404808044434
0.4364558756351471
0.3105061650276184
0.24440346658229828
0.20151132345199585
0.400661826133728
0.46338358521461487
0.3624364137649536
0.29620805382728577
0.39281928539276123
0.3686276078224182
0.2450730800628662
0.2968423366546631
0.14117351174354553
0.21426822245121002
0.2747022211551666
0.04685224965214729
0.08330648392438889
0.24206264317035675
0.205984428524971
0.05423332005739212
0.05691591277718544
0.16514544188976288
0.11163220554590225
0.07155852019786835
0.10293443500995636
0.03877812251448631
0.047960616648197174
0.024939516559243202
0.02972825989127159
0.027093928307294846
0.12417004257440567
0.7549839615821838
0.6750237345695496
0.9709854125976562
0.9876683354377747
0.920045018196106
0.9551844000816345
0.8191330432891846
0.8556536436080933
0.961219072341919
0.7972584366798401
0.24045610427856445
0.9684473872184753
0.9272544980049133
0.2669811248779297
0.8254106640815735
0.9679616093635559
0.8504894375801086
0.3602304458618164
0.8032004237174988
0.4936504364013672
0.12492973357439041
0.9091426134109497
0.8925099968910217
0.6389761567115784
0.5467883348464966
0.17882902920246124
0.21917791664600372
0.8702187538146973
0.6677257418632507
0.31695589423179626
0.28496065735816956
0.17366790771484375
0.1682482659816742
0.08748545497655869
0.03935122489929199
0.12007500231266022
0.2629896402359009
0.4349239468574524
0.745545506477356
0.8493665456771851
0.9254598617553711
0.9697689414024353
0.894464373588562
0.7555901408195496
0.5147379040718079
0.9427520036697388
0.9510527849197388
0.37707939743995667
0.5087292790412903
0.9651566743850708
0.9465535283088684
0.2728700041770935
0.9178130030632019
0.9797030687332153
0.8339602947235107
0.5040116310119629
0.9784372448921204
0.9717643857002258
0.7082988023757935
0.7883949875831604
0.5426368713378906
0.906122624874115
0.9227321743965149
0.7650562524795532
0.7873357534408569
0.7486706972122192
0.9340285062789917
0.964293897151947
0.9531289339065552
0.7831677198410034
0.8705267310142517
0.5899888277053833
0.8404926657676697
0.8697776198387146
0.6457740664482117
0.9000276923179626
0.7096030116081238
0.8054967522621155
0.8882842659950256
0.6453748941421509
0.4497641623020172
0.6612074375152588
0.7715246081352234
0.9603789448738098
0.9609519243240356
0.4741736054420471
0.32279661297798157
0.23087890446186066
0.23924514651298523
0.497761994600296
0.3376269042491913
0.4786253571510315
0.7920197248458862
0.6783719062805176
0.4509437382221222
0.5213786363601685
0.610275149345398
0.4881174862384796
0.3500143587589264
0.3228108286857605
0.26227840781211853
0.4795391261577606
0.2565992474555969
0.2340531051158905
0.4254898428916931
0.6131553649902344
0.054782748222351074
0.2000536024570465
0.8212939500808716
0.5211787223815918
0.023646840825676918
0.4811798334121704
0.8966342210769653
0.18309171497821808
0.0317048542201519
0.7231274247169495
0.9218681454658508
0.16262052953243256
0.18358369171619415
0.9169848561286926
0.8456323742866516
0.12231145054101944
0.30889251828193665
0.7639825344085693
0.46524202823638916
