0.026077615097165108
0.0766708105802536
0.030459055677056313
0.005413482431322336
0.004448611754924059
0.003539034863933921
0.0031070534605532885
0.007892854511737823
0.013053134083747864
0.07225873321294785
0.5710914731025696
0.24266916513442993
0.015562457963824272
0.07376223802566528
0.13561025261878967
0.05531114712357521
0.015827178955078125
0.16024331748485565
0.2834009826183319
0.08099266141653061
0.03482098877429962
0.13854071497917175
0.2233150750398636
0.03639889135956764
0.03168930858373642
0.028387444093823433
0.010346260853111744
0.009856737218797207
0.0033465607557445765
0.01241915300488472
0.009459422901272774
0.09455559402704239
0.07464243471622467
0.026214342564344406
0.049675654619932175
0.06693480163812637
0.0059761768206954
0.008311811834573746
0.1634475588798523
0.02240205928683281
0.020649226382374763
0.01892825774848461
0.12339583039283752
0.025496909394860268
0.013592037372291088
0.1235055923461914
0.1572873443365097
0.02279609441757202
0.016559932380914688
0.20138691365718842
0.12165302783250809
0.03299249708652496
0.03896494582295418
0.27387434244155884
0.1495840698480606
0.16239450871944427
0.03002488985657692
0.019568920135498047
0.027082759886980057
0.009671448729932308
0.023920921608805656
0.0158095583319664
0.01747903600335121
0.049569644033908844
0.04598655179142952
0.024947460740804672
0.03384209796786308
0.1353377252817154
0.024893170222640038
0.02969943918287754
0.017322037369012833
0.01534933503717184
0.03966214880347252
0.02944721095263958
0.010441332124173641
0.032536160200834274
0.012139315716922283
0.00716208154335618
0.017817333340644836
0.02396620437502861
0.016045918688178062
0.03279711306095123
0.009716060943901539
0.0016636590007692575
0.0038298550061881542
0.0034372855443507433
0.0072000715881586075
0.0200288537889719
0.06721372157335281
0.2580718994140625
0.1545391082763672
0.20012709498405457
0.1357555091381073
0.04494142159819603
0.02901034615933895
0.37981513142585754
0.0701131820678711
0.01083212811499834
0.03830185905098915
0.11572382599115372
0.032354336231946945
0.00545588880777359
0.07955155521631241
0.03347955644130707
0.02813868783414364
0.018591051921248436
0.07942384481430054
0.04839908704161644
0.065067820250988
0.019692162051796913
0.02439071424305439
0.007517349440604448
0.008082677610218525
0.010587895289063454
0.044222526252269745
0.09334102272987366
0.6415480971336365
0.6048238277435303
0.5440412163734436
0.6396949887275696
0.38986092805862427
0.8553524613380432
0.8059788346290588
0.1032019630074501
0.2597123682498932
0.8208193182945251
0.3268834352493286
0.2981344759464264
0.4048500955104828
0.18811996281147003
0.37964117527008057
0.2734732925891876
0.0958000048995018
0.09744281321763992
0.07774863392114639
0.10667623579502106
0.027047419920563698
0.4732012152671814
0.19337807595729828
0.7184325456619263
0.8574548959732056
0.8060444593429565
0.35521820187568665
0.6409021019935608
0.8066843152046204
0.6577879786491394
0.759172260761261
0.7134708166122437
0.15317080914974213
0.49039649963378906
0.164584681391716
0.28355544805526733
0.5391853451728821
0.4013042151927948
0.912260890007019
0.5821922421455383
0.3034231662750244
0.22215545177459717
0.3211342990398407
0.07298800349235535
0.05969887971878052
0.13194765150547028
0.0350053496658802
0.01943347416818142
0.006936667021363974
0.0674031674861908
0.05529249832034111
0.03668137267231941
0.023165319114923477
0.14638882875442505
0.07190186530351639
0.20060452818870544
0.29238763451576233
0.2767275273799896
0.3940536379814148
0.10867217928171158
0.7291194200515747
0.6561424136161804
0.4812464118003845
0.7444865107536316
0.7968471646308899
0.8496111631393433
0.758770227432251
0.5256085395812988
0.6143372058868408
0.8794747591018677
0.8970955610275269
0.7268907427787781
0.9235109686851501
0.9593939185142517
0.8838523030281067
0.6396551132202148
0.8899803161621094
0.9165475964546204
0.4795210063457489
0.7478502988815308
0.9688982367515564
0.4138857126235962
0.5871391892433167
0.9593545198440552
0.9148766398429871
0.828220784664154
0.9359046220779419
0.9762029647827148
0.9443273544311523
0.9592106938362122
0.8708413243293762
0.8318780064582825
0.7690715193748474
0.6591945886611938
0.7751162648200989
0.5413235425949097
0.5088016390800476
0.7070713639259338
0.7672761678695679
0.6641201376914978
0.7332115173339844
0.9319418668746948
0.9270464777946472
0.8989467620849609
0.9434670209884644
0.918671190738678
0.9432756900787354
0.9217868447303772
0.4588567912578583
0.4495292901992798
0.4613315761089325
0.5973685383796692
0.8110082149505615
0.3433372378349304
0.4095611572265625
0.8964270353317261
0.877878725528717
0.4806818962097168
0.344628244638443
0.8465569615364075
0.8343046307563782
0.3669850528240204
0.6955733299255371
0.7912757396697998
0.6962093114852905
0.5010625123977661
0.8331746459007263
0.7328007817268372
0.6291455030441284
0.864814281463623
0.809077262878418
0.8353672027587891
0.9282150268554688
0.901707649230957
0.9395385384559631
0.976330578327179
0.9809170961380005
0.8125074505805969
0.9706787467002869
0.8009293675422668
0.7913434505462646
0.9424620866775513
0.8894596099853516
0.4832499921321869
0.9207846522331238
0.9330433011054993
0.7575091123580933
0.5192328691482544
0.9688823819160461
0.8937076926231384
0.6550637483596802
0.6969108581542969
0.5997141003608704
0.179069384932518
0.7251784801483154
0.7791016697883606
0.616716206073761
0.2883674204349518
0.2264917641878128
0.2178298979997635
0.6469582319259644
0.5722575783729553
0.24606271088123322
0.5343818068504333
0.22992481291294098
0.329203724861145
