0.182079017162323
0.3687634766101837
0.2113986313343048
0.16705234348773956
0.09213969111442566
0.17258065938949585
0.41005459427833557
0.11927240341901779
0.3557252287864685
0.3988966643810272
0.1830221712589264
0.1504528522491455
0.31297314167022705
0.15541866421699524
0.056077174842357635
0.27476775646209717
0.14869746565818787
0.13690143823623657
0.07360893487930298
0.2040172517299652
0.11635323613882065
0.055067967623472214
0.22158847749233246
0.0381198413670063
0.12059827893972397
0.3184240758419037
0.34947580099105835
0.18154707551002502
0.07166335731744766
0.13856716454029083
0.04668603092432022
0.021550627425312996
0.025518544018268585
0.16247452795505524
0.11990425735712051
0.12916773557662964
0.21725177764892578
0.06869854032993317
0.17303146421909332
0.6212120652198792
0.6033563017845154
0.43542349338531494
0.5426766276359558
0.09065541625022888
0.16308709979057312
0.7797401547431946
0.3913637101650238
0.0314718633890152
0.09983660280704498
0.24212795495986938
0.12886092066764832
0.3145623505115509
0.16739895939826965
0.24160297214984894
0.23140282928943634
0.25948286056518555
0.34884947538375854
0.23943911492824554
0.34277838468551636
0.37037909030914307
0.3373182415962219
0.7598469853401184
0.31631267070770264
0.4050135016441345
0.7091703414916992
0.919804573059082
0.9581090211868286
0.9262452721595764
0.9218576550483704
0.916951596736908
0.9681317210197449
0.7945341467857361
0.6808684468269348
0.772980272769928
0.8404262065887451
0.7137333750724792
0.8322385549545288
0.8825187683105469
0.649671733379364
0.2054654210805893
0.671055257320404
0.23758159577846527
0.758715033531189
0.35209789872169495
0.9218944907188416
0.7499955296516418
0.41551902890205383
0.3542751371860504
0.4092560112476349
0.2101135402917862
0.275566428899765
0.3372042775154114
0.2231970876455307
0.29188549518585205
0.4547804892063141
0.6589149832725525
0.7099431753158569
0.5602443814277649
0.5536360144615173
0.7560051679611206
0.4361599385738373
0.6040717959403992
0.45142117142677307
0.5945173501968384
0.7449230551719666
0.6747820377349854
0.8985478281974792
0.5141589641571045
0.800804615020752
0.27340608835220337
0.3999446928501129
0.17262761294841766
0.16554880142211914
0.15340200066566467
0.3578631281852722
0.08928688615560532
0.12981173396110535
0.19158528745174408
0.264064222574234
0.3168467879295349
0.4441182315349579
0.2486581802368164
0.5165149569511414
0.33665457367897034
0.3247196674346924
0.2866533100605011
0.46483904123306274
0.3285025656223297
0.37013664841651917
0.3937584459781647
0.11843226850032806
0.05526868999004364
0.1032770648598671
0.04836195334792137
0.1673763394355774
0.15225467085838318
0.04009871184825897
0.1304420679807663
0.16653119027614594
0.21964898705482483
0.21783015131950378
0.8341080546379089
0.5553713440895081
0.8659307956695557
0.7772508263587952
0.6124799847602844
0.2685474455356598
0.06123353913426399
0.08041255921125412
0.15905292332172394
0.1550273448228836
0.01988843083381653
0.04059939458966255
0.4883174002170563
0.09832099825143814
0.025565341114997864
0.20227201282978058
0.3619323968887329
0.06478114426136017
0.07582017779350281
0.0492858849465847
0.025828653946518898
0.020233986899256706
0.07732466608285904
0.04159823805093765
0.022153012454509735
0.16146914660930634
0.08729130774736404
0.21923843026161194
0.17996187508106232
0.3876524865627289
0.7056993246078491
0.7092458009719849
0.7401162385940552
0.5762951970100403
0.7513687610626221
0.2818453311920166
0.308576375246048
0.4403616189956665
0.32423830032348633
0.5854154825210571
0.7102463245391846
0.21617281436920166
0.5589489340782166
0.8550049662590027
0.31500566005706787
0.30157604813575745
0.6691838502883911
0.7340242862701416
0.23398613929748535
0.26300808787345886
0.6981527805328369
0.33392953872680664
0.20832133293151855
0.23151381313800812
0.6919604539871216
0.7106566429138184
0.30949142575263977
0.6219038367271423
0.2980823516845703
0.32362422347068787
0.3547320067882538
0.6691159605979919
0.4842514097690582
0.5792325735092163
0.9030017852783203
0.9365280866622925
0.40979745984077454
0.823627769947052
0.5011639595031738
0.7842752933502197
0.46087387204170227
0.768873929977417
0.6098655462265015
0.4953814148902893
0.8397853970527649
0.8515943288803101
0.5739895701408386
0.8324373364448547
0.7246043086051941
0.6741353869438171
0.7515706419944763
0.4801998734474182
0.26316896080970764
0.6887083053588867
0.2559193968772888
0.3389023244380951
0.5331295132637024
0.7420504689216614
0.2165706306695938
0.2692245841026306
0.4944438934326172
0.4628216028213501
0.4038866460323334
0.4635953903198242
0.2500946521759033
0.7986484169960022
0.2111317664384842
0.8980685472488403
0.4037598967552185
0.9184607267379761
0.2613122761249542
0.7466214299201965
0.1731395423412323
0.35931217670440674
0.26402559876441956
0.18373921513557434
0.15635570883750916
0.17850802838802338
0.11905501037836075
0.17808926105499268
0.10534632205963135
0.11923869699239731
0.04497663676738739
0.1199297085404396
0.18940149247646332
0.13926026225090027
0.0794418603181839
0.1463920623064041
0.4060496687889099
0.23260170221328735
0.1701880246400833
0.5535807609558105
0.3745918571949005
0.6147814989089966
0.42139214277267456
0.4466075301170349
0.21378779411315918
0.36890941858291626
0.3571038544178009
0.20008744299411774
0.2536732256412506
0.2539253532886505
0.3836510479450226
0.35764989256858826
0.3016064167022705
0.4299425482749939
0.7302268147468567
0.7239878177642822
0.8937876224517822
0.915847659111023
0.5818039774894714
0.4653054475784302
0.5313815474510193
0.8092296719551086
0.3285311758518219
0.3839484751224518
0.8263388872146606
0.289535790681839
0.30412769317626953
0.11954203993082047
0.3270505368709564
0.08380023390054703
0.610729992389679
0.15746942162513733
0.7777634263038635
0.2565981447696686
0.8750702738761902
0.6493704915046692
0.5966200828552246
0.8112252354621887
0.7051291465759277
0.9207456707954407
0.3328658640384674
0.8075537085533142
0.23665182292461395
0.3009016215801239
0.6566541194915771
0.7290616631507874
0.43057405948638916
0.5624701380729675
0.392197847366333
0.44249144196510315
0.3260105550289154
0.4417172372341156
0.29796549677848816
0.22784209251403809
0.6391162872314453
0.40761318802833557
0.5962817072868347
0.3722050189971924
