0.21984511613845825
0.12820644676685333
0.13727255165576935
0.02724294923245907
0.028949247673153877
0.005123890470713377
0.005444025155156851
0.00930413231253624
0.04512907937169075
0.03365805372595787
0.07840360701084137
0.10057045519351959
0.1721176654100418
0.15490642189979553
0.05314496159553528
0.022530874237418175
0.04049341753125191
0.008886984549462795
0.012561703100800514
0.021452350541949272
0.10022460669279099
0.04397032782435417
0.05263128876686096
0.033651430159807205
0.038540974259376526
0.06200754642486572
0.05330772325396538
0.21829183399677277
0.18472573161125183
0.20378652215003967
0.2256275862455368
0.324981689453125
0.34344688057899475
0.28758805990219116
0.3896687626838684
0.16111673414707184
0.3289811611175537
0.27827128767967224
0.1975116729736328
0.18473203480243683
0.27544736862182617
0.1885426640510559
0.16442354023456573
0.07858635485172272
0.023167327046394348
0.04319710657000542
0.1481144279241562
0.09737388044595718
0.10441076755523682
0.27596813440322876
0.20263974368572235
0.04637013375759125
0.13059870898723602
0.1624263972043991
0.10163065046072006
0.08608479052782059
0.05417947843670845
0.019576968625187874
0.09880229085683823
0.15296363830566406
0.01593378558754921
0.014115075580775738
0.026831740513443947
0.00645926920697093
0.00468296417966485
0.02182655595242977
0.03490325063467026
0.041531529277563095
0.09304522722959518
0.06450578570365906
0.06660141795873642
0.10689956694841385
0.05871017277240753
0.13287954032421112
0.013071511872112751
0.0401398129761219
0.029465848580002785
0.03558338060975075
0.124899722635746
0.10152492672204971
0.04427437111735344
0.08619063347578049
0.1361834704875946
0.06881283968687057
0.2360404133796692
0.152610182762146
0.12190598994493484
0.1553249955177307
0.27562108635902405
0.3743799030780792
0.260137677192688
0.47195085883140564
0.147867351770401
0.37064269185066223
0.29905015230178833
0.4258377254009247
0.3642732501029968
0.189192533493042
0.29156389832496643
0.38691872358322144
0.15043579041957855
0.02237166278064251
0.037840742617845535
0.2926572859287262
0.17657814919948578
0.23835593461990356
0.2503456473350525
0.23415957391262054
0.07763981074094772
0.16993387043476105
0.2740042805671692
0.0941585898399353
0.07027707248926163
0.038800716400146484
0.06492511928081512
0.12558665871620178
0.03571752458810806
0.012449376285076141
0.021925147622823715
0.0035808393731713295
0.004596794489771128
0.019968979060649872
0.048763930797576904
0.07692835479974747
0.08403025567531586
0.18988020718097687
0.06925784051418304
0.07727980613708496
0.09738866984844208
0.03321203589439392
0.07812000066041946
0.009186177514493465
0.018780622631311417
0.02830415405333042
0.016443071886897087
0.04502354934811592
0.04114019498229027
0.06796075403690338
0.08696267753839493
0.2559131681919098
0.10333213955163956
0.13094203174114227
0.13130757212638855
0.17396968603134155
0.3676546514034271
0.3402934670448303
0.4057230055332184
0.43114176392555237
0.39120975136756897
0.4412083923816681
0.5403443574905396
0.27539175748825073
0.3419319689273834
0.09215901792049408
0.025340138003230095
0.03287883475422859
0.21876725554466248
0.14316555857658386
0.19512449204921722
0.2594878673553467
0.20350880920886993
0.04538673534989357
0.1565668135881424
0.12020884454250336
0.07701832056045532
0.08471653610467911
0.03337499871850014
0.049376338720321655
0.0478789359331131
0.011959888972342014
0.010823610238730907
0.031569287180900574
0.006639545317739248
0.003841283032670617
0.017479415982961655
0.018867800012230873
0.08367452770471573
0.13213999569416046
0.1845080405473709
0.13001976907253265
0.09844250231981277
0.11714915186166763
0.04687456041574478
0.06498519331216812
0.017311591655015945
0.05139651894569397
0.0792728066444397
0.06693324446678162
0.18871086835861206
0.11739686131477356
0.22331148386001587
0.06746871769428253
0.2094891369342804
0.07216905802488327
0.29069051146507263
0.13489115238189697
0.16349348425865173
0.17021407186985016
0.2586076557636261
0.3030368387699127
0.3873079717159271
0.4061945378780365
0.21549293398857117
0.4787505567073822
0.36589014530181885
0.3979986310005188
0.4091087877750397
0.49481910467147827
0.23310796916484833
0.452835351228714
0.2843737304210663
0.13591980934143066
0.1956656575202942
0.44045230746269226
0.28692129254341125
0.2970934212207794
0.3936510980129242
0.31181085109710693
0.16311798989772797
0.41322246193885803
0.40526074171066284
0.28852787613868713
0.13664431869983673
0.23240266740322113
0.10769686847925186
