0.2261693775653839
0.13823193311691284
0.14791837334632874
0.1574239879846573
0.20892485976219177
0.08124715089797974
0.1992238461971283
0.0587814524769783
0.3292359709739685
0.291725218296051
0.5591035485267639
0.7009301781654358
0.4182201325893402
0.5362730622291565
0.8700790405273438
0.9507748484611511
0.9561405181884766
0.6630125641822815
0.8213128447532654
0.9422357678413391
0.8915572762489319
0.4879297614097595
0.8658812046051025
0.9106247425079346
0.563606858253479
0.4583122432231903
0.873683750629425
0.7978887557983398
0.25870662927627563
0.4306684732437134
0.16168883442878723
0.45471689105033875
0.17241603136062622
0.27942338585853577
0.2871699929237366
0.20609939098358154
0.4009898602962494
0.27916961908340454
0.36773940920829773
0.774560272693634
0.6656950116157532
0.6902727484703064
0.855564296245575
0.48208194971084595
0.8349982500076294
0.9031675457954407
0.9562294483184814
0.9686618447303772
0.8570387959480286
0.8126153945922852
0.9398273825645447
0.9244425296783447
0.683872401714325
0.8696455359458923
0.4947810173034668
0.5912297368049622
0.4604004919528961
0.22740943729877472
0.21327778697013855
0.21026475727558136
0.09235429018735886
0.12456720322370529
0.041723091155290604
0.13869328796863556
0.03236323595046997
0.3780571222305298
0.21054109930992126
0.3227979242801666
0.22382283210754395
0.09185730665922165
0.20322056114673615
0.13817864656448364
0.04241088777780533
0.07810775190591812
0.13105233013629913
0.19884070754051208
0.2620813250541687
0.05435341224074364
0.07268639653921127
0.7731339335441589
0.18739864230155945
0.15640908479690552
0.32552748918533325
0.5257834196090698
0.6236032843589783
