0.09678876399993896
0.1318885236978531
0.01487551350146532
0.007062518037855625
0.0038423307705670595
0.009448084980249405
0.012822424061596394
0.05874834582209587
0.23909500241279602
0.7022531032562256
0.7334380745887756
0.3246477544307709
0.1911577731370926
0.10251056402921677
0.27905598282814026
0.020640522241592407
0.05868558958172798
0.04461069405078888
0.02967270277440548
0.00925727654248476
0.06994990259408951
0.10027018934488297
0.03335809335112572
0.028050491586327553
0.07635369896888733
0.14770247042179108
0.14203576743602753
0.1964782029390335
0.07210204005241394
0.09894898533821106
0.07595548778772354
0.04144890606403351
0.05754920467734337
0.3184318542480469
0.2109483927488327
0.3738887906074524
0.2517019808292389
0.5164383053779602
0.6050726771354675
0.7901632189750671
0.9478526711463928
0.8761705756187439
0.8751030564308167
0.7717698216438293
0.8173302412033081
0.7029942870140076
0.7777857780456543
0.35453182458877563
0.30277884006500244
0.5335507988929749
0.3709307014942169
0.2164219170808792
0.15725870430469513
0.32505515217781067
0.19370049238204956
0.121269091963768
0.051967013627290726
0.1620503067970276
0.05856207385659218
0.06364055722951889
0.027642441913485527
0.10680952668190002
0.04424211010336876
0.04021451249718666
0.2930384576320648
0.045922018587589264
0.0456901453435421
0.021357236430048943
0.08745899796485901
0.016184229403734207
0.07309611886739731
0.3713122010231018
0.6129177212715149
0.9454337358474731
0.9864075183868408
0.9575228095054626
0.8656452298164368
0.7812766432762146
0.6977879405021667
0.9457468390464783
0.8009853363037109
0.29772111773490906
0.95857834815979
0.9157138466835022
0.4626609981060028
0.7637535333633423
0.9502895474433899
0.6933111548423767
0.42824873328208923
0.6595824360847473
0.7083214521408081
0.40908530354499817
0.13417896628379822
0.22619478404521942
0.6368952989578247
0.8438475131988525
0.283242791891098
0.3756254017353058
0.21910090744495392
0.20422281324863434
0.12191697210073471
0.06839369237422943
0.12176459282636642
0.20415230095386505
0.3569694757461548
0.792022168636322
0.8442884087562561
0.9280278086662292
0.9811735153198242
0.7882639765739441
0.5415031909942627
0.9538686871528625
0.9403138756752014
0.21277578175067902
0.6645835638046265
0.9705178141593933
0.8989853262901306
0.16737207770347595
0.9410266876220703
0.9735258221626282
0.877428412437439
0.2743206322193146
0.9689820408821106
0.9353240132331848
0.7175302505493164
0.9084932804107666
0.6326414346694946
0.9257147908210754
0.7893475890159607
0.8193683624267578
0.9782198667526245
0.8858561515808105
0.8948549628257751
0.7212382555007935
0.7415957450866699
0.21557040512561798
0.47925084829330444
0.523912250995636
0.43658438324928284
0.25062382221221924
0.08301626890897751
0.04491742327809334
0.08386438339948654
0.08556525409221649
0.062392640858888626
0.046419430524110794
0.03235270455479622
0.04769007861614227
0.03822314739227295
0.04917659983038902
0.368162602186203
0.22271683812141418
0.13089275360107422
0.4006955921649933
0.6839666366577148
0.13962148129940033
0.31786373257637024
0.8073924779891968
0.443132609128952
0.11727363616228104
0.6186093091964722
0.9266735911369324
0.32091933488845825
0.26277172565460205
0.8653436303138733
0.9282883405685425
0.3779529929161072
0.6175006031990051
0.9070167541503906
0.8345491290092468
0.5881434082984924
0.7100324630737305
0.5759299993515015
0.38436946272850037
