0.054968662559986115
0.025105563923716545
0.0033397215884178877
0.002402310259640217
0.0051161074079573154
0.0029292807448655367
0.00820740032941103
0.043923575431108475
0.0803772434592247
0.18897061049938202
0.16009987890720367
0.013737578876316547
0.12747497856616974
0.5294268131256104
0.06786562502384186
0.04767734184861183
0.34252840280532837
0.5954359173774719
0.06841600686311722
0.11786619573831558
0.6018012762069702
0.2957960367202759
0.11462795734405518
0.10980794578790665
0.07469750195741653
0.022225048393011093
0.005792577285319567
0.007380928378552198
0.004240049049258232
0.016182133927941322
0.02379542961716652
0.14540328085422516
0.18508972227573395
0.03783442825078964
0.051742326468229294
0.03447858989238739
0.06663130968809128
0.028120560571551323
0.02292977087199688
0.016699694097042084
0.08339635282754898
0.019669150933623314
0.020025862380862236
0.017876876518130302
0.03265585005283356
0.0032806519884616137
0.007986639626324177
0.012521267868578434
0.02831576205790043
0.02256164140999317
0.00938127376139164
0.019210249185562134
0.010618723928928375
0.0010685579618439078
0.0017723337514325976
0.0042810640297830105
0.006994776427745819
0.040604375302791595
0.08300910145044327
0.04838767275214195
0.09881085157394409
0.020785672590136528
0.004319257568567991
0.04049684479832649
0.059525266289711
0.021509988233447075
0.0023333656135946512
0.022690556943416595
0.012409711256623268
0.0017424292163923383
0.002507039112970233
0.022924108430743217
0.017182214185595512
0.006062667351216078
0.00633200304582715
0.011314412578940392
0.0018118771258741617
0.009711513295769691
0.0022960782516747713
0.03231905773282051
0.043135855346918106
0.15657560527324677
0.13019591569900513
0.03561725839972496
0.09925229102373123
0.18838445842266083
0.09586640447378159
0.410624623298645
0.06348388642072678
0.025959420949220657
0.1229543685913086
0.06517588347196579
0.06339502334594727
0.006565430201590061
0.23891837894916534
0.02540520951151848
0.007706724107265472
0.013749497942626476
0.08137152343988419
0.028331875801086426
0.008693212643265724
0.015882277861237526
0.015398619696497917
0.14091795682907104
0.015783993527293205
0.11141664534807205
0.3649858236312866
0.16907663643360138
0.6955403685569763
0.30093392729759216
0.40107250213623047
0.6020299792289734
0.8782357573509216
0.8576741814613342
0.7931142449378967
0.954833447933197
0.9247135519981384
0.5456612706184387
0.9237733483314514
0.9430789947509766
0.8265436291694641
0.7370083928108215
0.8893917798995972
0.8666661381721497
0.48114195466041565
0.536445677280426
0.4796072542667389
0.188139870762825
0.20116861164569855
0.07788640260696411
0.15571840107440948
0.07174494117498398
0.10596618056297302
0.08677871525287628
0.06948371231555939
0.041864972561597824
0.11797802895307541
0.08344050496816635
0.07807354629039764
0.08028296381235123
0.054428473114967346
0.0593961663544178
0.017319032922387123
0.09042967110872269
0.07250642776489258
0.11978598684072495
0.08028600364923477
0.06538978964090347
0.1135396808385849
0.15636253356933594
0.2596217393875122
0.25963249802589417
0.2460288256406784
0.2980453670024872
0.3362034261226654
0.33193835616111755
0.38954082131385803
0.5982675552368164
0.49675238132476807
0.47918570041656494
0.4866388142108917
0.5845643281936646
0.6466010212898254
0.2746421694755554
0.3591175377368927
0.6998098492622375
0.5023228526115417
0.6094956994056702
0.8419854044914246
0.7248360514640808
0.41627007722854614
0.8025489449501038
0.4946590065956116
0.3798200190067291
0.2730139493942261
0.10901687294244766
0.04795064404606819
0.06867418438196182
0.0339784175157547
0.027528859674930573
0.020408406853675842
0.03195660188794136
0.07930734753608704
0.12105512619018555
0.1362186074256897
0.20365364849567413
0.17806188762187958
0.12286689877510071
0.13939955830574036
0.3426166772842407
0.24530859291553497
0.44195276498794556
0.2568300664424896
0.5878257155418396
0.5955489277839661
0.8679968118667603
0.8665200471878052
0.8146416544914246
0.8126216530799866
0.8058841824531555
0.7576962113380432
0.6464040279388428
0.705459713935852
0.44257932901382446
0.6717959642410278
0.2899806499481201
0.8409133553504944
0.4488535523414612
0.45435604453086853
0.6367152333259583
0.4647749364376068
0.4754250943660736
0.31671252846717834
0.5152629613876343
0.45004305243492126
0.30654650926589966
0.8012423515319824
0.7988349795341492
0.25117745995521545
0.133748859167099
0.9171722531318665
0.5176740288734436
0.037086181342601776
0.44099053740501404
0.9132103323936462
0.2922477424144745
0.020728662610054016
0.753331184387207
0.5905792713165283
0.320397287607193
0.25084230303764343
0.7206345200538635
0.8724245429039001
0.9138585329055786
0.899853527545929
0.9410939812660217
