0.01882825791835785
0.015859464183449745
0.005942247807979584
0.005929097533226013
0.014422942884266376
0.01438091415911913
0.018921304494142532
0.02918911911547184
0.05359531566500664
0.1241987943649292
0.22838401794433594
0.014288930222392082
0.05035907030105591
0.0743393748998642
0.08662872761487961
0.0077480352483689785
0.15526878833770752
0.0836539939045906
0.01631929911673069
0.03504243493080139
0.1938464343547821
0.08617959171533585
0.030573861673474312
0.039525553584098816
0.07653430104255676
0.031412892043590546
0.03494148701429367
0.02100738137960434
0.04682501032948494
0.03054964542388916
0.21542198956012726
0.28024524450302124
0.6970196962356567
0.10567246377468109
0.10506511479616165
0.14438483119010925
0.09304825961589813
0.03130318596959114
0.06741037964820862
0.031620822846889496
0.02693159319460392
0.04498729854822159
0.0650564432144165
0.03404005244374275
0.1122199073433876
0.0634835958480835
0.023045077919960022
0.10394370555877686
0.29125794768333435
0.03982880339026451
0.08627380430698395
0.08286488056182861
0.048838622868061066
0.029577016830444336
0.10213112831115723
0.04815220087766647
0.0332876481115818
0.07448974996805191
0.09362175315618515
0.03771941363811493
0.13433656096458435
0.1092713326215744
0.11130467057228088
0.08164320886135101
0.024318233132362366
0.01714879274368286
0.04305030778050423
0.008921068161725998
0.007697779219597578
0.023372499272227287
0.028075894340872765
0.008421351201832294
0.020430738106369972
0.0050746663473546505
0.0047263819724321365
0.009277727454900742
0.01892670802772045
0.012953625060617924
0.06886192411184311
0.37444767355918884
0.13036352396011353
0.5324079394340515
0.2691403925418854
0.04942182078957558
0.3084559738636017
0.43706563115119934
0.08805295825004578
0.011854837648570538
0.17874860763549805
0.22931501269340515
0.014760168269276619
0.038811735808849335
0.04846325144171715
0.02805175818502903
0.009898926131427288
0.029202444478869438
0.02234102226793766
0.00865986105054617
0.010395139455795288
0.006247712764889002
0.006981693208217621
0.025224531069397926
0.05310555920004845
0.14030374586582184
0.5124990940093994
0.13776732981204987
0.06867595762014389
0.12491854280233383
0.3035040497779846
0.14831645786762238
0.27557992935180664
0.3874823749065399
0.20361876487731934
0.0980449691414833
0.14689894020557404
0.5197044014930725
0.047189194709062576
0.22945544123649597
0.5193036198616028
0.05243752524256706
0.009378599934279919
0.1378493458032608
0.31661614775657654
0.06168602779507637
0.036102715879678726
0.08616477251052856
0.02931673265993595
0.016509810462594032
0.18274027109146118
0.10890578478574753
0.03993559628725052
0.030270937830209732
0.03043149597942829
0.22776582837104797
0.18153484165668488
0.29313209652900696
0.3366054594516754
0.76459139585495
0.2946993410587311
0.7139798998832703
0.1510692685842514
0.5089526772499084
0.6367324590682983
0.21294352412223816
0.11962657421827316
0.371258407831192
0.5842446088790894
0.7900692820549011
0.888403594493866
0.7657449841499329
0.9175810217857361
0.21634356677532196
0.47661319375038147
0.04701793193817139
0.2082480937242508
0.163010835647583
0.35177093744277954
0.07535634934902191
0.3436340093612671
0.09623387455940247
0.014439927414059639
0.03006398305296898
0.1742105931043625
0.026984937489032745
0.005160800646990538
0.07035739719867706
0.042125653475522995
0.012659822590649128
0.025261100381612778
0.3080378472805023
0.22662284970283508
0.6260209083557129
0.6600552201271057
0.4573252499103546
0.5805156826972961
0.23489446938037872
0.9082377552986145
0.47206127643585205
0.7074928283691406
0.44002625346183777
0.6542457938194275
0.559386670589447
0.7149460315704346
0.2670551538467407
0.32887035608291626
0.3635711669921875
0.4129472076892853
0.23663656413555145
0.3046378791332245
0.11583738774061203
0.11611587554216385
0.37895554304122925
0.25227659940719604
0.05724673345685005
0.36720091104507446
0.16432635486125946
0.06940494477748871
0.13624119758605957
0.6306631565093994
0.13062304258346558
0.2580966353416443
0.32604172825813293
0.7274954915046692
0.12262805551290512
0.29134035110473633
0.5603001713752747
0.5115547776222229
0.5010391473770142
0.3780374228954315
0.5970765352249146
0.8188199400901794
0.9306883215904236
0.8276748657226562
0.9660629630088806
0.982559084892273
0.8532456159591675
0.9286938905715942
0.9610264301300049
0.938970148563385
0.5520105361938477
0.9123390913009644
0.9729219079017639
0.9112721681594849
0.5039692521095276
0.8650810122489929
0.9018386006355286
0.41269242763519287
0.40178608894348145
0.43882763385772705
0.4435279369354248
0.13854070007801056
0.15093226730823517
0.5403485894203186
0.366448312997818
0.7092400789260864
0.6916899085044861
0.5534636378288269
0.698432445526123
0.7687791585922241
0.9482614994049072
0.6632691621780396
0.3580494821071625
0.9729035496711731
0.9006636142730713
0.8589785695075989
0.41095390915870667
0.6414735913276672
0.9665599465370178
0.6944417357444763
0.4620327353477478
0.6615146994590759
0.957004964351654
0.6362193822860718
0.5985478162765503
0.9379156827926636
0.9602324366569519
0.7409018874168396
0.5956644415855408
0.5575549602508545
0.21086080372333527
0.1436794251203537
0.2764374911785126
0.10866915434598923
0.0537075474858284
0.284940630197525
0.12699271738529205
0.15906298160552979
0.07109495997428894
0.27282240986824036
0.21613341569900513
0.14073239266872406
0.12002330273389816
0.3056747615337372
0.16807687282562256
0.08681511133909225
0.1005721390247345
0.2831818759441376
0.09028033167123795
0.14800865948200226
0.22994886338710785
0.32447999715805054
0.19561922550201416
0.3407549262046814
0.342522531747818
0.2760736048221588
0.44043993949890137
0.6327489018440247
0.1371932327747345
0.30275335907936096
0.059287894517183304
0.23534174263477325
0.16121013462543488
0.06047504022717476
0.01596328429877758
0.08454147726297379
0.09973277896642685
0.03328533098101616
0.11236587166786194
0.17146709561347961
0.20776449143886566
0.0349910743534565
0.12565425038337708
0.24695618450641632
0.3125753104686737
0.2556346356868744
0.15619750320911407
0.3761252462863922
0.1564674973487854
0.42939868569374084
0.5317645072937012
0.061376895755529404
0.17244301736354828
0.2201540768146515
0.12298733741044998
0.08704118430614471
0.32398179173469543
0.17109939455986023
0.1633676439523697
0.2851935923099518
0.40141627192497253
0.1961277574300766
0.33860859274864197
0.2769359052181244
0.20741170644760132
0.3912636637687683
0.4029151201248169
0.34217122197151184
0.671107292175293
0.8156235218048096
0.47938272356987
0.791840136051178
0.9286023378372192
0.9050549268722534
0.7536226511001587
0.7743855714797974
