0.025179708376526833
0.02337580733001232
0.006329069379717112
0.010485751554369926
0.00663358997553587
0.014357916079461575
0.04654435068368912
0.2222433090209961
0.20692120492458344
0.09912457317113876
0.10809312015771866
0.12763768434524536
0.06553235650062561
0.08519888669252396
0.1653217077255249
0.028604932129383087
0.03152163699269295
0.03344200924038887
0.02599821239709854
0.011063696816563606
0.03784684091806412
0.06498159468173981
0.02988635189831257
0.032329197973012924
0.011690807528793812
0.019449282437562943
0.02292461320757866
0.0681828185915947
0.10477075725793839
0.06465525925159454
0.10370703786611557
0.08248347789049149
0.034009676426649094
0.03715314716100693
0.0770716518163681
0.03763118386268616
0.013053293339908123
0.075965516269207
0.08548694849014282
0.05214829742908478
0.10543558746576309
0.027945147827267647
0.024015523493289948
0.02268133871257305
0.04651092365384102
0.03632059320807457
0.0920289158821106
0.1891038715839386
0.5034804344177246
0.47339630126953125
0.0949195995926857
0.0968330055475235
0.2711092531681061
0.2583082616329193
0.010647146962583065
0.08787672966718674
0.2594148516654968
0.10802972316741943
0.04076823964715004
0.12373536080121994
0.14782792329788208
0.01764683984220028
0.09093248099088669
0.04784007743000984
0.039087649434804916
0.06809396296739578
0.06434380263090134
0.060189083218574524
0.3476105034351349
0.4155272841453552
0.7388836741447449
0.9242739081382751
0.6887157559394836
0.43165627121925354
0.6982634663581848
0.5716174840927124
0.38682201504707336
0.16908779740333557
0.1457267850637436
0.451553076505661
0.3401056230068207
0.35097000002861023
0.402454137802124
0.04704542085528374
0.07112991809844971
0.10997966676950455
0.1390020251274109
0.01558725256472826
0.028465304523706436
0.0885113850235939
0.024186426773667336
0.0238052848726511
0.04088343307375908
0.041453517973423004
0.07515840977430344
0.049874432384967804
0.02908400632441044
0.05318790674209595
0.058616988360881805
0.058827705681324005
0.10253379493951797
0.04143610969185829
0.08727745711803436
0.02449219860136509
0.015418310649693012
0.04654513671994209
0.0346812829375267
0.03724687173962593
0.13251520693302155
0.16594372689723969
0.0895180031657219
0.060724854469299316
0.05092519149184227
0.10399696975946426
0.525842547416687
0.36404481530189514
0.09855228662490845
0.4947250783443451
0.11188908666372299
0.6216971278190613
0.27187082171440125
0.1910281628370285
0.38347044587135315
0.8618696928024292
0.872134268283844
0.7061715126037598
0.7314724326133728
0.23714525997638702
0.5130710005760193
0.14662523567676544
0.14474989473819733
0.2434936910867691
0.28670957684516907
0.4754575788974762
0.5718472599983215
0.34925171732902527
0.7763735055923462
0.7768824696540833
0.7983260750770569
0.8232051730155945
0.753742516040802
0.6411121487617493
0.8405304551124573
0.35263729095458984
0.7868476510047913
0.4148242771625519
0.3020957112312317
0.35728517174720764
0.16411449015140533
0.24285085499286652
0.351917564868927
0.4257482588291168
0.7235239744186401
0.5943789482116699
0.49878495931625366
0.7205589413642883
0.8377087712287903
0.9156129956245422
0.365511953830719
0.930340588092804
0.9604600071907043
0.8078385591506958
0.8201092481613159
0.7311722636222839
0.9334892630577087
0.9252644777297974
0.8245478272438049
0.9040249586105347
0.5427072644233704
0.5633640289306641
0.926807701587677
0.5918862223625183
0.7935853004455566
0.41697263717651367
0.5462568998336792
0.39396360516548157
0.5888095498085022
0.6094226241111755
0.8092224597930908
0.9115458726882935
0.7930818200111389
0.9225204586982727
0.9429152607917786
0.9761338829994202
0.9485142827033997
0.915185809135437
0.9539980292320251
0.9084438681602478
0.9553324580192566
0.9593092799186707
0.8709567189216614
0.900212824344635
0.4413328170776367
0.5167372822761536
0.7163355946540833
0.3280518054962158
0.07020250707864761
0.05747333541512489
0.01429132279008627
0.06682687997817993
0.02129543013870716
0.1221861019730568
0.15349918603897095
0.06420861184597015
0.2670678198337555
0.01995612122118473
0.40370967984199524
0.08149046450853348
0.31141507625579834
0.7721933126449585
0.41671547293663025
0.24640433490276337
0.31299683451652527
0.21040312945842743
0.1691722720861435
0.09110776335000992
0.11987851560115814
0.03125103563070297
0.11630426347255707
0.028190046548843384
0.02601662650704384
0.03467382863163948
0.12800294160842896
0.2913416922092438
0.07768868654966354
0.08626952767372131
0.12383139133453369
0.029109656810760498
0.016255933791399002
0.023915337398648262
0.031109072268009186
0.020330896601080894
0.06916607171297073
0.20624077320098877
0.20447219908237457
0.42763909697532654
0.3958425521850586
0.8494275212287903
0.861683189868927
0.6383001804351807
0.6777983903884888
0.9388006925582886
0.62932950258255
0.7128783464431763
0.8365634083747864
0.9270352125167847
0.7361036539077759
0.8780319094657898
0.9097141623497009
