0.04429919645190239
0.09541621804237366
0.19064995646476746
0.1950962096452713
0.25193437933921814
0.29931965470314026
0.45595937967300415
0.608450710773468
0.5754083395004272
0.5112276673316956
0.3451061248779297
0.3727633059024811
0.659964919090271
0.2695712149143219
0.08246246725320816
0.2268785983324051
0.3853605091571808
0.1614256203174591
0.05872444435954094
0.30527734756469727
0.08163297921419144
0.0707888975739479
0.09524966031312943
0.26057377457618713
0.08339715003967285
0.09740162640810013
0.17856109142303467
0.07466350495815277
0.14683032035827637
0.17366306483745575
0.3350127637386322
0.11141154915094376
0.285462886095047
0.15660521388053894
0.07463252544403076
0.11767765134572983
0.11965566128492355
0.19149231910705566
0.0682753250002861
0.036678414791822433
0.05166255310177803
0.10162893682718277
0.08822845667600632
0.19956059753894806
0.11923036724328995
0.1439695805311203
0.29166918992996216
0.2582468092441559
0.338236540555954
0.20502705872058868
0.05339791253209114
0.32805347442626953
0.37743377685546875
0.057051632553339005
0.093874491751194
0.22171862423419952
0.36690056324005127
0.07457397133111954
0.17988336086273193
0.37163081765174866
0.4575974643230438
0.1861126720905304
0.1940677911043167
0.06901872903108597
0.45135149359703064
0.3804319202899933
0.34880268573760986
0.42966189980506897
0.24117381870746613
0.38349655270576477
0.13219225406646729
0.08026517927646637
0.17204028367996216
0.10711341351270676
0.21814949810504913
0.25081953406333923
0.534222424030304
0.6912943124771118
0.5761844515800476
0.794500470161438
0.7223582863807678
0.79508376121521
0.8801150321960449
0.9082270860671997
0.8086214661598206
0.7876480221748352
0.7105276584625244
0.4257068634033203
0.2596508264541626
0.19531983137130737
0.544094443321228
0.5794447064399719
0.0647486224770546
0.3813658654689789
0.3528192639350891
0.6443777680397034
0.27765631675720215
0.16213136911392212
0.1559954732656479
0.09815267473459244
0.032646555453538895
0.07507876306772232
0.1220443919301033
0.09947723150253296
0.1596287041902542
0.1358933001756668
0.0821072906255722
0.09892398864030838
0.15939277410507202
0.15505187213420868
0.19866657257080078
0.11214300245046616
0.25403597950935364
0.29427140951156616
0.5600263476371765
0.18491657078266144
0.06575315445661545
0.3020109236240387
0.50362229347229
0.11912643909454346
0.31861284375190735
0.11813301593065262
0.09678782522678375
0.2500147223472595
0.2850123941898346
0.07393006235361099
0.09693049639463425
0.03273697569966316
0.0261978842318058
0.05582072213292122
0.010446456260979176
0.03595753759145737
0.05499321594834328
0.05878853052854538
0.0587620735168457
0.0716586709022522
0.04035811871290207
0.25718846917152405
0.15362608432769775
0.17281970381736755
0.06990410387516022
0.18412914872169495
0.03853822126984596
0.06976524740457535
0.07821904122829437
0.04115194454789162
0.023539384827017784
0.05910995975136757
0.015506971627473831
0.07824195921421051
0.1188693419098854
0.20762203633785248
0.0725146159529686
0.030734717845916748
0.04457711800932884
0.1446988433599472
0.054836858063936234
0.08298448473215103
0.08716728538274765
0.0850897803902626
0.03613175451755524
0.05507602542638779
0.10667693614959717
0.13925912976264954
0.17471323907375336
0.03970898687839508
0.2888900339603424
0.18936510384082794
0.042978253215551376
0.022420505061745644
0.07492692023515701
0.1297999769449234
0.07832226902246475
0.07658612728118896
0.11372007429599762
0.12920048832893372
0.3042667806148529
0.32629770040512085
0.3982357382774353
0.7697203755378723
0.5197264552116394
0.8305914998054504
0.8295999765396118
0.9006810784339905
0.9290341138839722
0.9463172554969788
0.9269328713417053
0.8220115303993225
0.8570098876953125
0.21824248135089874
0.42240971326828003
0.43297329545021057
0.46003258228302
0.28736862540245056
0.06273730099201202
0.26048973202705383
0.36008086800575256
0.10345932841300964
0.23036064207553864
0.29389292001724243
0.31969764828681946
0.3517903685569763
0.36785435676574707
0.209849551320076
0.6977995038032532
0.3380751609802246
0.7011845707893372
0.6510847806930542
0.3099278509616852
0.6632664799690247
0.42833027243614197
0.2993425130844116
0.23529024422168732
0.5576761364936829
0.08669979125261307
0.29425516724586487
0.208266943693161
0.2535151243209839
0.22572533786296844
0.11909857392311096
0.12239573895931244
0.0765635147690773
0.24832943081855774
0.12327922880649567
0.5213216543197632
0.1408264935016632
0.25599393248558044
0.4035014510154724
0.3373014032840729
0.7730875611305237
0.40438535809516907
0.43960142135620117
0.6646389365196228
0.8675263524055481
0.889245331287384
0.9100337624549866
0.9462130069732666
0.9711689352989197
0.963830292224884
0.9580004215240479
0.9686072468757629
0.9565944671630859
0.8744611740112305
