0.0787692666053772
0.15133245289325714
0.05487086623907089
0.4017864465713501
0.14083953201770782
0.30365410447120667
0.3236895799636841
0.3933228552341461
0.6498292684555054
0.2938291132450104
0.5746843814849854
0.27054470777511597
0.16343523561954498
0.046944547444581985
0.03151794523000717
0.04635965824127197
0.014828922227025032
0.05494682490825653
0.10660438984632492
0.11270715296268463
0.04807793349027634
0.07470104843378067
0.1254749298095703
0.06151602789759636
0.056290771812200546
0.03130805492401123
0.09800539165735245
0.2416955679655075
0.2645874619483948
0.512036919593811
0.42249658703804016
0.4228733777999878
0.7728586196899414
0.36565452814102173
0.4396548867225647
0.2521146833896637
0.09319355338811874
0.6649681329727173
0.08257365226745605
0.28711166977882385
0.1386481672525406
0.03784024715423584
0.048908255994319916
0.01630883663892746
0.0852212980389595
0.08010540902614594
0.09458465129137039
0.3216683566570282
0.06446558982133865
0.3852299749851227
0.2013511061668396
0.30389487743377686
0.645034909248352
0.08863645792007446
0.1621176153421402
0.4802517890930176
0.4584616720676422
0.42004504799842834
0.31094926595687866
0.13975343108177185
0.24055998027324677
0.5432402491569519
0.30938664078712463
0.5318309664726257
0.41945451498031616
0.24112264811992645
0.3887684941291809
0.426634818315506
0.19972382485866547
0.12258190661668777
0.10074503719806671
0.22398334741592407
0.1458248645067215
0.03587808087468147
0.09125630557537079
0.03595556691288948
0.03214036300778389
0.032991889864206314
0.03637024387717247
0.04012899845838547
0.042231667786836624
0.021506531164050102
0.028664622455835342
0.01182460505515337
0.017990006133913994
0.008682223036885262
0.011156191118061543
0.08664977550506592
0.05700966343283653
0.1926521211862564
0.1387917548418045
0.4793435335159302
0.44109907746315
0.17386749386787415
0.4773973822593689
0.43717333674430847
0.5109537243843079
0.5662956237792969
0.2994939982891083
0.4042201042175293
0.10507772862911224
0.3751148283481598
0.015431080013513565
0.054553091526031494
0.03195900097489357
0.0100266607478261
0.024077393114566803
0.005177396349608898
0.03949925675988197
0.07215137779712677
0.06238507479429245
0.2483396828174591
0.11163360625505447
0.1641431599855423
0.08415663242340088
0.06161022186279297
0.23713499307632446
0.13989001512527466
0.08750048279762268
0.36597660183906555
0.04664843529462814
0.07400491833686829
0.30041268467903137
0.15034161508083344
0.05230854079127312
0.09360955655574799
0.022475065663456917
0.011531690135598183
0.019047124311327934
0.011515474878251553
0.015134109184145927
0.05605003610253334
0.027164548635482788
0.054000575095415115
0.03526591882109642
0.01600373536348343
0.04353632777929306
0.017034323886036873
0.009105308912694454
0.0038456437177956104
0.0018722654785960913
0.009518957696855068
0.02423296682536602
0.19360220432281494
0.3416267931461334
0.3032389283180237
0.5222715735435486
0.6594219207763672
0.666469931602478
0.7719957232475281
0.610471785068512
0.5936630368232727
0.36673152446746826
0.2519119083881378
0.3037697374820709
0.024847568944096565
0.004397829063236713
0.004921921528875828
0.0035607682075351477
0.0071197994984686375
0.010952720418572426
0.015180679038167
0.012897251173853874
0.02773590385913849
0.04418908432126045
0.09155895560979843
0.10320063680410385
0.050528522580862045
0.02568683959543705
0.0443151481449604
0.03968670219182968
0.06861547380685806
0.03973650559782982
0.04683651775121689
0.068758524954319
0.023239076137542725
0.06584884226322174
0.34253180027008057
0.10179055482149124
0.23157207667827606
0.7185943722724915
0.3640645146369934
0.44158104062080383
0.6598290205001831
0.04972125589847565
0.06376583874225616
0.003814141498878598
0.0030889802146703005
0.020285705104470253
0.004474290646612644
0.05066854879260063
0.05117424204945564
0.07733626663684845
0.07297436892986298
0.05366397649049759
0.04027745500206947
0.020886734127998352
0.022725369781255722
0.004376521334052086
0.006220696493983269
0.008507261984050274
0.031709592789411545
0.09003511071205139
0.26627081632614136
0.26175811886787415
0.2987697422504425
0.5907428860664368
0.5755937695503235
0.6097308993339539
0.12963886559009552
0.08863496780395508
0.012518535368144512
0.0288911834359169
0.02377813495695591
0.019918790087103844
0.06974484026432037
0.007576563395559788
0.09306082129478455
0.039022866636514664
0.02925185114145279
0.07890031486749649
0.03280571475625038
0.10674137622117996
0.03374170511960983
0.12891742587089539
0.22076661884784698
0.1471460610628128
0.2609156668186188
0.47635093331336975
0.4093065559864044
0.32771870493888855
0.05450928956270218
0.041191745549440384
0.13680624961853027
0.18799778819084167
0.6423694491386414
0.7652161717414856
0.4946514666080475
0.7440304160118103
0.8073418736457825
0.5029819011688232
0.7206125259399414
0.18614742159843445
0.4444194436073303
0.2917506694793701
0.05272580310702324
0.019039379432797432
0.022725345566868782
0.010906217619776726
0.01913546398282051
0.01606138050556183
0.03452980890870094
0.10641553997993469
0.03117535263299942
0.09577631950378418
0.051945775747299194
0.02551570162177086
0.03340369835495949
0.04369328171014786
0.01602184772491455
0.006113676819950342
0.005727228242903948
0.014396469108760357
0.04128284379839897
0.0962105542421341
0.2363186925649643
0.6694411039352417
0.5343227982521057
0.3642529249191284
0.6865132451057434
0.5311296582221985
0.5832088589668274
0.5877774357795715
0.686943531036377
0.7374761700630188
0.7847641110420227
0.6758325695991516
0.8159075379371643
0.736354649066925
0.8483431935310364
0.740470826625824
0.6438665986061096
0.6931964159011841
0.42828238010406494
0.22599151730537415
0.24161137640476227
0.16972817480564117
0.3843858540058136
0.18549004197120667
0.30705156922340393
0.2098780870437622
0.05552462488412857
0.03764494135975838
0.03784020617604256
0.030910206958651543
0.021205071359872818
0.012974810786545277
0.08164907246828079
0.12713982164859772
0.16412301361560822
0.10652963817119598
0.05386773496866226
0.19038990139961243
0.037839531898498535
0.0815272107720375
0.06433799862861633
0.06397663056850433
0.14726832509040833
0.13171906769275665
0.17869941890239716
0.1618850976228714
0.07129690796136856
0.08261943608522415
0.35379233956336975
0.19593653082847595
0.034193310886621475
0.08257492631673813
0.0349263995885849
0.039263270795345306
0.05524950474500656
0.04521631449460983
0.07537031918764114
0.06561849266290665
0.027973443269729614
0.07755350321531296
0.060111600905656815
0.12401209771633148
0.07916341722011566
0.08838430792093277
0.09220115095376968
0.13064506649971008
0.13307254016399384
0.10435596853494644
0.05014432594180107
0.06602954864501953
0.049410659819841385
0.07835230231285095
0.0524631142616272
0.11786656826734543
0.12330702692270279
0.2133561372756958
0.08882025629281998
0.5009850859642029
0.2268785983324051
0.2208201140165329
0.5958159565925598
0.41156691312789917
0.5693867802619934
0.4452376365661621
0.42600417137145996
0.6340439319610596
0.30127331614494324
0.41691455245018005
0.29171064496040344
0.5244244337081909
0.13260310888290405
0.02995094284415245
0.04449083283543587
0.04262462630867958
0.0626697987318039
0.040954187512397766
0.05316243693232536
0.058538272976875305
0.017224611714482307
0.021910909563302994
0.018850265070796013
0.03204303979873657
0.014641938731074333
0.09930568188428879
0.08629639446735382
0.3050267994403839
0.49990320205688477
0.5968800187110901
0.26693183183670044
0.6714271306991577
0.4433625042438507
0.6327126622200012
0.7175871133804321
0.4049099385738373
0.3007079064846039
0.1069633960723877
0.17514462769031525
0.07434378564357758
0.19133776426315308
0.29234835505485535
0.7534218430519104
0.2592100203037262
0.5345032215118408
0.2879745662212372
0.543718695640564
0.14910687506198883
0.036129772663116455
0.04853718727827072
0.002875928534194827
0.005691914353519678
0.0018104397458955646
0.007833871990442276
0.0050278292037546635
0.015407362021505833
0.050180722028017044
0.07088877260684967
0.030790239572525024
0.2727088928222656
0.3012154996395111
0.5708034634590149
0.5741481184959412
0.09999691694974899
0.19998012483119965
0.00984982866793871
0.013691467233002186
0.006512029096484184
0.038139354437589645
0.05686783045530319
0.3238008916378021
0.45405101776123047
0.5096229314804077
0.4356328248977661
0.5173361897468567
0.1462317854166031
0.3262169361114502
0.04865720495581627
0.04032047092914581
0.007196101825684309
0.06084027513861656
0.016708338633179665
0.06351736932992935
0.07229524850845337
0.0648382306098938
0.2967069447040558
0.10699812322854996
0.0731717199087143
0.013782316818833351
0.059485144913196564
0.026635218411684036
0.009713046252727509
0.1384560614824295
0.039095424115657806
0.21182528138160706
0.18033583462238312
0.24743856489658356
0.4869265556335449
0.5531376600265503
0.5208545923233032
0.6475418210029602
0.7223101854324341
0.4700191915035248
0.4786628186702728
0.23353494703769684
0.17233744263648987
0.38372713327407837
0.38380324840545654
0.22768984735012054
0.09284666925668716
0.16852732002735138
0.17736944556236267
0.058313269168138504
0.06164151430130005
0.11359947174787521
0.06281720101833344
0.040680237114429474
0.06414908915758133
0.03684382513165474
0.008358302526175976
0.016617335379123688
0.0027180530596524477
0.013103444129228592
0.0034129382111132145
0.025426119565963745
0.019600247964262962
0.11518947035074234
0.07306276261806488
0.27943500876426697
0.09302208572626114
0.02692336030304432
0.02270997129380703
0.006655951030552387
0.0073445504531264305
0.03253161162137985
0.010295589454472065
0.037905193865299225
0.043101269751787186
0.01990019716322422
0.06360522657632828
0.03519770875573158
0.034365735948085785
0.03925057500600815
0.02737746760249138
0.055107466876506805
0.14508457481861115
0.0860559418797493
0.14349433779716492
0.1347888708114624
0.253754198551178
0.1326497346162796
0.35892805457115173
0.3826963007450104
0.2654753625392914
0.2081049233675003
0.482566773891449
0.5071147084236145
0.5458729863166809
0.4033285081386566
0.8059318661689758
0.6447333693504333
0.5844131708145142
0.33691585063934326
0.6850535273551941
0.4653494656085968
0.4918261766433716
0.2287730723619461
0.18900108337402344
0.29274359345436096
0.04542263224720955
0.028461065143346786
0.018265465274453163
0.0486891083419323
0.035003695636987686
0.3448690176010132
0.18765433132648468
0.7391627430915833
0.5280653834342957
0.5843256115913391
0.42330238223075867
0.31034430861473083
0.11504414677619934
0.09956589341163635
0.015602624975144863
0.011427992023527622
0.006895058322697878
0.02272343449294567
0.023252218961715698
0.019620070233941078
0.01835315115749836
0.0852816104888916
0.07376352697610855
0.1411629170179367
0.19337885081768036
0.35013607144355774
