0.41497743129730225
0.4737289249897003
0.6791427135467529
0.48598405718803406
0.43009015917778015
0.679185688495636
0.7342990636825562
0.5284069180488586
0.7262404561042786
0.6438500285148621
0.6373133063316345
0.4207707643508911
0.7147682309150696
0.6033552289009094
0.501693069934845
0.5492644906044006
0.4877132773399353
0.6335767507553101
0.7721257209777832
0.7413579821586609
0.699059784412384
0.6436131000518799
0.7050611972808838
0.8074922561645508
0.7359368801116943
0.8376736640930176
0.8502310514450073
0.8591359257698059
0.9311802387237549
0.918915867805481
0.9320223927497864
0.9153584241867065
0.924016535282135
0.9310075044631958
0.850995659828186
0.961776614189148
0.807384192943573
0.9037824273109436
0.6589269638061523
0.7084549069404602
0.7283104062080383
0.29795584082603455
0.13909097015857697
0.392965704202652
0.32758960127830505
0.3139633238315582
0.16970743238925934
0.1363505721092224
0.19769147038459778
0.14080214500427246
0.13681179285049438
0.13458611071109772
0.1579132378101349
0.10433285683393478
0.3369075357913971
0.4577297270298004
0.6636133790016174
0.7540538907051086
0.44406408071517944
0.6085577607154846
0.836165189743042
0.85381680727005
0.6138222813606262
0.8508397340774536
0.9123044610023499
0.8919989466667175
0.8613541722297668
0.8364785313606262
0.43464452028274536
0.8114123940467834
0.40388739109039307
0.8831526041030884
0.915003776550293
0.388578861951828
0.8312373757362366
0.5260900259017944
0.8819820284843445
0.5130746960639954
0.9686492085456848
0.8521769642829895
0.8706631660461426
0.9223175048828125
0.6756302118301392
0.4120558798313141
0.8505903482437134
0.8189764022827148
0.6747655868530273
0.7934134006500244
0.37185677886009216
0.7042307257652283
0.24744383990764618
0.3351055085659027
0.2469489872455597
0.31447672843933105
0.5250364542007446
0.24250183999538422
0.2612234950065613
0.11646715551614761
0.37105318903923035
0.2480792999267578
0.4285537004470825
0.2687063217163086
0.26545530557632446
0.2190743088722229
0.484253466129303
0.531120240688324
0.3970673680305481
0.8948447108268738
0.845112681388855
0.6094658374786377
0.9309847950935364
0.8113507628440857
0.7884371876716614
0.8652656674385071
0.9515405297279358
0.928848385810852
0.9515748620033264
0.6713501811027527
0.7132361531257629
0.8346756100654602
0.948787271976471
0.9415705800056458
0.9258266091346741
0.8950956463813782
0.8901181817054749
0.9020612835884094
0.893278956413269
0.8323401808738708
0.8642455339431763
0.6632752418518066
0.8608395457267761
0.6196718215942383
0.6810796856880188
0.6578114628791809
0.8560847640037537
0.7191984057426453
0.37201905250549316
0.5096645355224609
0.637917697429657
0.5962713360786438
0.30440956354141235
0.7424074411392212
0.7113897800445557
0.8049702048301697
0.685202956199646
0.6200078129768372
0.44209104776382446
0.4100787937641144
0.29388973116874695
0.09431640803813934
0.06774646788835526
0.08481046557426453
0.0683254674077034
0.07970557361841202
0.07407702505588531
0.389911413192749
0.21534544229507446
0.7675709128379822
0.2825546860694885
0.7175195813179016
0.621434211730957
0.5134028792381287
0.3491014540195465
0.4601215720176697
0.5523880124092102
0.6577151417732239
0.5923368334770203
0.4533838629722595
0.35081663727760315
0.9167646765708923
0.36084404587745667
0.9089867472648621
0.43840429186820984
0.9260504841804504
0.6427199840545654
0.9196360111236572
0.5301558375358582
0.87171870470047
0.7620704770088196
0.8415490984916687
0.8745817542076111
0.9218326210975647
0.9146304726600647
0.9437891840934753
0.9018594026565552
0.8658803105354309
0.8694189190864563
0.7600642442703247
