0.5114750266075134
0.567844033241272
0.44810739159584045
0.5136435031890869
0.46525803208351135
0.5461512804031372
0.516603946685791
0.5290083885192871
0.7027043104171753
0.6278298497200012
0.39735254645347595
0.3430161476135254
0.40175798535346985
0.4617123603820801
0.3650280833244324
0.47927412390708923
0.5409707427024841
0.4696762263774872
0.40914106369018555
0.5852979421615601
0.411171555519104
0.5201663374900818
0.6902949810028076
0.6777114272117615
0.3460025191307068
0.6178169250488281
0.7194128036499023
0.5268033742904663
0.6002114415168762
0.6766887903213501
0.6631245613098145
0.6349864602088928
0.7010800242424011
0.7233371138572693
0.6799169182777405
0.7054552435874939
0.7490498423576355
0.5789793133735657
0.579717755317688
0.5840031504631042
0.6295967102050781
0.5998713374137878
0.32141250371932983
0.2507982552051544
0.6509284377098083
0.3839869201183319
0.45079728960990906
0.32576534152030945
0.32773301005363464
0.45665618777275085
0.2636494040489197
0.4489856958389282
0.43989452719688416
0.5085727572441101
0.5541945695877075
0.5151641368865967
0.5446719527244568
0.5347915291786194
0.636653482913971
0.5298968553543091
0.6807339787483215
0.6715412139892578
0.5632580518722534
0.4144977629184723
0.31545010209083557
0.4741203486919403
0.5448514819145203
0.5571344494819641
