0.4524403214454651
0.575904130935669
0.7626045346260071
0.8863326907157898
0.6694905161857605
0.7028853297233582
0.9437457323074341
0.8847950100898743
0.7176611423492432
0.9288944602012634
0.9694402813911438
0.6958068013191223
0.8984576463699341
0.9790269136428833
0.9591531753540039
0.8589866757392883
0.8839923143386841
0.9755036234855652
0.8443716168403625
0.9303775429725647
0.949248731136322
0.9500559568405151
0.8484066128730774
0.855782151222229
0.9435768127441406
0.8146238327026367
0.8697687983512878
0.9027850031852722
0.949741780757904
0.8909509778022766
0.8039031028747559
0.8982780575752258
0.9340035319328308
0.8969801664352417
0.8134046792984009
0.8973842263221741
0.9483762383460999
0.8180864453315735
0.8777479529380798
0.9256578087806702
0.9441912770271301
0.8966029286384583
0.8400695323944092
0.9345816373825073
0.7344849705696106
0.8421114087104797
0.8541874885559082
0.9148734211921692
0.8612565994262695
0.7956394553184509
0.8397278189659119
0.7278380990028381
0.7941166758537292
0.7631648182868958
0.8816549777984619
0.809428334236145
0.5966761112213135
0.6426829099655151
0.6113755106925964
0.6267092823982239
0.6875296831130981
0.792353093624115
0.8808616995811462
