0.6905015110969543
0.5408313870429993
0.3513280153274536
0.4974151849746704
0.18765729665756226
0.505618691444397
0.46035829186439514
0.31722700595855713
0.5841560959815979
0.7142685651779175
0.7848125696182251
0.33129942417144775
0.6684080958366394
0.2509239912033081
0.261958509683609
0.5669564008712769
0.3756997585296631
0.11473647505044937
0.22262920439243317
0.2904970645904541
0.4222765266895294
0.40843528509140015
0.1678576022386551
0.6479088068008423
0.6788004040718079
0.5209417343139648
0.22322657704353333
0.4149185121059418
0.02699892781674862
0.1447945386171341
0.13538964092731476
0.04958190768957138
0.06373091787099838
0.010717521421611309
0.009166186675429344
0.016329903155565262
0.030451467260718346
0.10009608417749405
0.16694512963294983
0.04353963956236839
0.02648424357175827
0.08633501827716827
0.045173075050115585
0.18856309354305267
0.13872969150543213
0.10622283816337585
0.10270082950592041
0.021171631291508675
0.02818289026618004
0.02293563261628151
0.08560559898614883
0.019881488755345345
0.09653941541910172
0.07433311641216278
0.06676271557807922
0.35581281781196594
0.1002684161067009
0.2695362865924835
0.4247717261314392
0.3516881465911865
0.4571318030357361
0.3572632968425751
0.32346397638320923
0.18076719343662262
0.060513634234666824
0.33501487970352173
0.1702757626771927
0.40449613332748413
0.48375770449638367
0.22159522771835327
0.5095551013946533
0.08981235325336456
0.0647471696138382
0.36802488565444946
0.028151774778962135
0.013661340810358524
0.046108026057481766
0.1342751681804657
0.023830408230423927
0.04331892356276512
0.1568049043416977
0.09011588990688324
0.24856175482273102
0.4175075888633728
0.4505579173564911
0.4444504380226135
0.27490249276161194
0.17483200132846832
0.17918531596660614
0.28834059834480286
0.12774112820625305
0.18114472925662994
0.1726183444261551
0.34848520159721375
0.2348814755678177
0.05010491609573364
0.02984139695763588
0.015648627653717995
0.03214438632130623
0.01699851080775261
0.018265843391418457
0.10675129294395447
0.18639913201332092
0.40792661905288696
0.500383198261261
0.5233305096626282
0.6755176186561584
0.61342853307724
0.8378947377204895
0.7658849358558655
0.8190966248512268
0.8197730183601379
0.777124285697937
0.4205823540687561
0.3503519892692566
0.5422521233558655
0.6168103814125061
0.09690442681312561
0.1286681890487671
0.617986798286438
0.42830121517181396
0.02448284439742565
0.14284348487854004
0.39335694909095764
0.266947865486145
0.06785354763269424
0.08074619621038437
0.2228083312511444
0.050946637988090515
0.04162907600402832
0.09471318870782852
0.13243350386619568
0.19705119729042053
0.7875159978866577
0.7355974912643433
0.6956396698951721
0.7597059607505798
0.8131051659584045
0.7712996602058411
0.7471306920051575
0.7830349802970886
0.7307917475700378
0.4684799611568451
0.5814945101737976
0.7272292375564575
0.35883983969688416
0.18352626264095306
0.5073933005332947
0.5529268383979797
0.08055689185857773
0.52748042345047
0.4420602023601532
0.46891847252845764
0.22950322926044464
0.1346207559108734
0.2803751230239868
0.18414649367332458
0.12388160824775696
0.2657122313976288
0.20155642926692963
0.3253479599952698
0.18915370106697083
0.6001438498497009
0.3889480233192444
0.27374836802482605
0.42572125792503357
0.3898513615131378
0.4489581286907196
0.6158314943313599
0.48191478848457336
0.6762769818305969
0.3362576365470886
0.394532173871994
0.739812970161438
0.6126322746276855
0.7577746510505676
0.54421067237854
0.32344236969947815
0.49969345331192017
0.47885772585868835
0.16656257212162018
0.2838663160800934
0.24325329065322876
0.20978467166423798
0.4123927652835846
0.5500321984291077
0.4437110126018524
0.3072768449783325
0.4093862771987915
0.44021695852279663
0.43911013007164
0.6325883269309998
0.6910143494606018
0.23782828450202942
0.21361026167869568
0.3015037178993225
0.1978963166475296
0.4331784248352051
0.519636332988739
0.2112024575471878
0.45825111865997314
0.09259828180074692
0.21539802849292755
0.07025185227394104
0.2943210005760193
0.22239640355110168
0.5667158365249634
0.7946859002113342
0.4574393332004547
0.6522688865661621
0.23673070967197418
0.15567922592163086
0.5624426007270813
0.37470927834510803
0.42625701427459717
0.3019598424434662
0.6397572159767151
0.5058251619338989
0.628709614276886
0.8190140128135681
0.7441413998603821
0.8365888595581055
0.30726614594459534
0.2986512780189514
0.5108766555786133
0.40251031517982483
0.1440039426088333
0.0655529797077179
0.11467999964952469
0.1478436291217804
0.1132083311676979
0.07059674710035324
0.13937194645404816
0.11851007491350174
0.07101800292730331
0.061621613800525665
0.18216870725154877
0.1390630006790161
0.14893251657485962
0.07979538291692734
0.3389052450656891
0.24795208871364594
0.3950497806072235
0.42713528871536255
0.38681742548942566
0.3761678636074066
0.36707162857055664
0.28240063786506653
0.702187180519104
0.3686670958995819
0.1780921220779419
0.31682902574539185
0.40320074558258057
0.3905196785926819
0.13204319775104523
0.12533892691135406
0.20834024250507355
0.29488852620124817
0.29530754685401917
0.22400256991386414
0.12923868000507355
0.1195073127746582
0.24297387897968292
0.1807648241519928
0.2614649534225464
0.20479567348957062
0.19508279860019684
0.33438965678215027
0.08908984810113907
0.26334911584854126
0.06927935034036636
0.10496671497821808
0.09471935033798218
0.3183048367500305
0.16879144310951233
0.04545186460018158
0.15518422424793243
0.4188118577003479
0.3839511275291443
