0.07153265178203583
0.07085151970386505
0.14786045253276825
0.1218838319182396
0.22246530652046204
0.24663230776786804
0.21287575364112854
0.11106876283884048
0.1578916758298874
0.12713079154491425
0.09469465166330338
0.16276010870933533
0.2728683054447174
0.09947526454925537
0.12147399038076401
0.26516228914260864
0.18541119992733002
0.14019350707530975
0.2140192836523056
0.10424257814884186
0.08967497199773788
0.12164905667304993
0.06947536766529083
0.04334798827767372
0.04873596131801605
0.1173887774348259
0.031737640500068665
0.09588096290826797
0.0625966489315033
0.08996257930994034
0.021491529420018196
0.050885893404483795
0.03492550551891327
0.04501839727163315
0.024737689644098282
0.06761416792869568
0.12390127778053284
0.014253969304263592
0.0576673299074173
0.016895754262804985
0.17190895974636078
0.10084746032953262
0.029015356674790382
0.10264073312282562
0.05293399468064308
0.025826003402471542
0.13673627376556396
0.046304889023303986
0.15197785198688507
0.1555873602628708
0.26258423924446106
0.09373896569013596
0.10303319990634918
0.039805419743061066
0.4319497048854828
0.13813516497612
0.07410096377134323
0.10372497886419296
0.2887319326400757
0.0600321888923645
0.19968968629837036
0.29683825373649597
0.3835243880748749
0.17507122457027435
0.13040606677532196
0.04596468806266785
0.08338353782892227
0.07526689767837524
0.01566600240767002
0.06146254763007164
0.0908743143081665
0.033781301230192184
0.037589553743600845
0.05037149786949158
0.01691562682390213
0.01801437884569168
0.01639479212462902
0.024266667664051056
0.07094106823205948
0.05052449554204941
0.15903297066688538
0.2588391900062561
0.27267661690711975
0.05274145305156708
0.10743949562311172
0.13346335291862488
0.26447850465774536
0.21624277532100677
0.3574658930301666
0.4429841637611389
0.19955021142959595
0.09068629145622253
0.10830547660589218
0.09123358130455017
0.11178300529718399
0.19819729030132294
0.45377594232559204
0.4091734290122986
0.2520841658115387
0.4134339988231659
0.29578861594200134
0.10960688441991806
0.17782364785671234
0.07443727552890778
0.37993890047073364
0.1427275389432907
0.22732628881931305
0.2598086893558502
0.36116212606430054
0.5478924512863159
0.24820412695407867
0.4980807900428772
0.34594404697418213
0.35303449630737305
0.42657968401908875
0.30977463722229004
0.15631169080734253
0.2280273139476776
0.42350903153419495
0.1496107131242752
0.20543818175792694
0.13903924822807312
0.31191733479499817
0.18808799982070923
0.1413145214319229
0.22593136131763458
0.28051072359085083
0.148088276386261
0.2003529965877533
0.12529891729354858
0.18988320231437683
0.02963930368423462
0.05694042518734932
0.019584037363529205
0.07434287667274475
0.06453701853752136
0.15472623705863953
0.11346908658742905
0.011424231342971325
0.06152623891830444
0.016652971506118774
0.02076440118253231
0.025964006781578064
0.03148072212934494
0.026186062023043633
0.05509001016616821
0.02616109885275364
0.05426248908042908
0.16277222335338593
0.14436845481395721
0.0726209506392479
0.27029186487197876
0.13181760907173157
0.11238302290439606
0.4107014834880829
0.08950116485357285
0.030467446893453598
0.030428124591708183
0.045217063277959824
0.02853149175643921
0.050835829228162766
0.07254312187433243
0.092399962246418
0.1333015412092209
0.1479557603597641
0.053711336106061935
0.03300745040178299
0.0348082073032856
0.026894250884652138
0.02115020714700222
0.05946540832519531
0.01344697643071413
0.015489120967686176
0.02164003811776638
0.09388189017772675
0.027657071128487587
0.01625770889222622
0.11767438054084778
0.0646059513092041
0.008410850539803505
0.030193306505680084
0.13638612627983093
0.07165269553661346
0.031981244683265686
0.0382332019507885
0.11185704171657562
0.1100495234131813
0.3552987277507782
0.10085177421569824
0.11282568424940109
0.0676434263586998
0.026121361181139946
0.05240471661090851
0.1006929948925972
0.07921140640974045
0.13701684772968292
0.04334751516580582
0.11194940656423569
0.1428421288728714
0.3228722810745239
0.4414430558681488
0.34998390078544617
0.39345231652259827
0.2151140719652176
0.29003816843032837
0.3858552873134613
0.16883189976215363
0.1270582228899002
0.2770417034626007
0.1356874257326126
0.19498959183692932
0.051067475229501724
0.0617147833108902
0.18629999458789825
0.40576496720314026
0.26101237535476685
0.05640839412808418
0.11270026117563248
0.0586007721722126
0.08538813143968582
0.11176227033138275
0.1077338382601738
0.12520399689674377
0.31944718956947327
0.30539384484291077
0.2761410176753998
0.1150861606001854
0.025690147653222084
0.08082864433526993
0.0422104150056839
0.0695783942937851
0.023947788402438164
0.09958924353122711
0.14321693778038025
0.1535959243774414
0.09230124950408936
0.14674800634384155
0.10077247768640518
0.12203063070774078
0.07634660601615906
0.07841214537620544
0.062185049057006836
0.13417403399944305
0.4002344012260437
0.10266535729169846
0.13352103531360626
0.10472800582647324
0.17561933398246765
0.24571220576763153
0.09388033300638199
0.1522492915391922
0.10258736461400986
0.36168888211250305
0.3100360929965973
0.12094175815582275
0.4490079879760742
0.44503122568130493
0.44254791736602783
0.32673704624176025
0.45636674761772156
0.1926373988389969
0.11889232695102692
0.2874455153942108
0.23924531042575836
0.07755574584007263
0.03232705965638161
0.02009762078523636
0.027427267283201218
0.0377325713634491
0.035748884081840515
0.04620816558599472
0.029588613659143448
0.0894303023815155
0.04704894497990608
0.06315582245588303
0.05295463278889656
0.09784271568059921
0.02200237102806568
0.03300458937883377
0.006917462218552828
0.010714851319789886
0.007514933589845896
0.029256287962198257
0.031723763793706894
0.11172357946634293
0.18792246282100677
0.242200568318367
0.17724615335464478
0.12802666425704956
0.09032919257879257
0.08322983235120773
0.2621270716190338
0.11169343441724777
0.02472013793885708
0.08100566267967224
0.09940937161445618
0.2914288640022278
0.08128036558628082
0.2259853482246399
0.12469673156738281
0.17938587069511414
0.1290731132030487
0.06385782361030579
0.14543849229812622
0.04425760731101036
0.10698362439870834
0.05625894293189049
0.021397696807980537
0.04795762524008751
0.0766044408082962
0.14946764707565308
0.08726099133491516
0.029279759153723717
0.17846496403217316
0.0546242855489254
0.208665132522583
0.21488438546657562
0.08559735119342804
0.1499050110578537
0.1272265613079071
0.03238464146852493
0.08041084557771683
0.03940719738602638
0.058724623173475266
0.02438800409436226
0.05842054635286331
0.054919078946113586
0.0731552243232727
0.05371016263961792
0.03566119074821472
0.0207068994641304
0.058291833847761154
0.09289594739675522
0.030652662739157677
0.12720343470573425
0.024912314489483833
0.04351070895791054
0.094154953956604
0.05864189192652702
0.09336495399475098
0.23107923567295074
0.3053680658340454
0.21315322816371918
0.0900055542588234
0.22501137852668762
0.10371853411197662
0.06476196646690369
0.15536321699619293
0.13452962040901184
0.04058516025543213
0.02844613790512085
0.07538855820894241
0.055692315101623535
0.03976096585392952
0.0072532882913947105
0.012594486586749554
0.004418039694428444
0.010406880639493465
0.01224090252071619
0.007854914292693138
0.010871835052967072
0.029172755777835846
0.01650351844727993
0.03379536420106888
0.0561390183866024
0.023448070511221886
0.01570199616253376
0.04724521189928055
0.09288457036018372
0.05063046142458916
0.19664132595062256
0.14268191158771515
0.17377705872058868
0.32256948947906494
0.2321384996175766
0.2583984434604645
0.16749997437000275
0.11675429344177246
0.13957704603672028
0.07071731239557266
0.06476947665214539
0.07474414259195328
0.030521506443619728
0.03951188549399376
0.017379725351929665
0.03170730173587799
0.13519488275051117
0.11770293861627579
0.10298094898462296
0.08325596898794174
0.052952829748392105
0.10692644864320755
0.19571876525878906
0.24157193303108215
0.07975547760725021
0.22132402658462524
0.13622742891311646
0.0673128142952919
0.019137803465127945
0.008138293400406837
0.02522154524922371
0.14495840668678284
0.05357782915234566
0.010827818885445595
0.03037894517183304
0.010233924724161625
0.00894197914749384
0.01200007926672697
0.03202994912862778
0.038865603506565094
0.13910633325576782
0.056909602135419846
0.05635688081383705
0.3167041540145874
0.1467079371213913
0.1592797040939331
0.0632825717329979
0.2168920636177063
0.05370331555604935
0.13448430597782135
0.1643378883600235
0.07329250872135162
0.10484031587839127
0.12209942936897278
0.0392799898982048
0.05645694211125374
0.026798734441399574
0.018068617209792137
0.031842757016420364
0.0058427671901881695
0.020589718595147133
0.011256232857704163
0.07928021997213364
0.03511540964245796
0.06860840320587158
0.3438628911972046
0.23546317219734192
0.3371760845184326
0.24510277807712555
0.04877301678061485
0.10811898112297058
0.058355171233415604
0.07856224477291107
0.038665324449539185
0.20046056807041168
0.10280890017747879
0.1358441859483719
0.4567279815673828
0.3943444788455963
0.29652607440948486
0.27649837732315063
0.23197300732135773
0.08913620561361313
0.23654671013355255
0.15814533829689026
0.1994497925043106
0.07669118791818619
0.1933722048997879
0.26198768615722656
0.10326310992240906
0.2901560366153717
0.10658944398164749
0.2438693791627884
0.163954958319664
0.2641054689884186
0.12133225053548813
0.14752717316150665
0.20903272926807404
0.45118391513824463
0.4303891360759735
0.5039394497871399
0.44152846932411194
0.600011944770813
0.5841008424758911
0.5526721477508545
0.4231061041355133
0.3771195113658905
0.26723793148994446
0.2285325825214386
0.28940725326538086
0.1773543804883957
0.22955213487148285
0.5717881917953491
0.5037582516670227
0.440396785736084
0.4615590274333954
0.2100857049226761
0.31176987290382385
0.18835212290287018
0.3154352903366089
0.14593791961669922
0.3573974668979645
0.3832949697971344
0.1735372543334961
0.3031885325908661
0.40313196182250977
0.4884467124938965
0.2812657356262207
0.4637877643108368
0.28756627440452576
0.2908385097980499
0.5309048891067505
0.25980791449546814
0.218534916639328
0.14947624504566193
0.06322605162858963
0.07254587858915329
0.15921631455421448
0.07775340229272842
0.04891059547662735
0.05179247260093689
0.020834550261497498
0.08540505915880203
0.05101652070879936
0.07142023742198944
0.2949470281600952
0.2669964134693146
0.0783049687743187
0.21549813449382782
0.0821748748421669
0.16226401925086975
0.21814267337322235
0.27607956528663635
0.2266194373369217
0.3895878791809082
0.08412855118513107
0.17016665637493134
0.31313252449035645
0.17646558582782745
0.35203248262405396
0.07598643004894257
0.129008486866951
0.0921100452542305
0.029994359239935875
0.07802337408065796
0.04858618974685669
0.02266509458422661
0.0318630076944828
0.03098342753946781
0.012074260041117668
0.029924290254712105
0.014264936558902264
0.08129741996526718
0.027326449751853943
0.0577104277908802
0.07131925225257874
0.07646235078573227
0.150328129529953
0.040305569767951965
0.08288364112377167
0.1853170245885849
0.32768213748931885
0.18301011621952057
0.1392710953950882
0.2577952444553375
0.11804929375648499
0.18081973493099213
0.08388640731573105
0.049312133342027664
0.10925412178039551
0.26071253418922424
0.0853135958313942
0.02957487478852272
0.06766217201948166
0.0726270079612732
0.08746013790369034
0.12249091267585754
0.180487260222435
0.15375392138957977
0.08093906939029694
0.10247349739074707
0.07291647046804428
0.05913274735212326
0.07781564444303513
0.08299548923969269
0.06753096729516983
0.06056925281882286
0.08593424409627914
0.041829127818346024
0.09181693941354752
0.15115149319171906
0.13864195346832275
0.08142358064651489
0.1512971818447113
0.07004707306623459
0.10159967094659805
0.12023328244686127
0.17889533936977386
0.06083115562796593
0.09166574478149414
0.29427361488342285
0.1631939560174942
0.207182839512825
0.20234814286231995
0.4300391972064972
0.17731383442878723
0.2694065272808075
0.1827279031276703
0.14426620304584503
0.11463279277086258
0.22883214056491852
0.43336525559425354
0.25870102643966675
0.36939316987991333
0.3885735869407654
0.6931678056716919
0.4614819884300232
0.2031613290309906
0.5582658052444458
0.5476297736167908
0.301108181476593
0.23796065151691437
0.4611140489578247
0.26343244314193726
0.24244053661823273
0.15795943140983582
0.18141420185565948
0.31433239579200745
0.0417206734418869
0.06784099340438843
0.1876249760389328
0.1474899798631668
