0.876309335231781
0.8791907429695129
0.9183415174484253
0.9024437665939331
0.6243113875389099
0.7449856400489807
0.674696147441864
0.5090798139572144
0.7532296776771545
0.7691652774810791
0.5027783513069153
0.7144088745117188
0.7840850353240967
0.7921044230461121
0.2913706302642822
0.27518293261528015
0.656383752822876
0.27310529351234436
0.2759566903114319
0.6006312370300293
0.6669316291809082
0.6886720657348633
0.5400062203407288
0.5931640267372131
0.6807445883750916
0.6852796673774719
0.6548230051994324
0.855109453201294
0.7643007636070251
0.7515966892242432
0.6852709054946899
0.5750196576118469
0.32725250720977783
0.32394343614578247
0.569470226764679
0.6452027559280396
0.947728157043457
0.8846971392631531
0.5297567248344421
0.851127564907074
0.6398196220397949
0.6477752923965454
0.435665100812912
0.701380729675293
0.5878182649612427
0.5068220496177673
0.5545045137405396
0.4401562213897705
0.31488731503486633
0.3426566421985626
0.7412241101264954
0.6806756854057312
0.530339241027832
0.3940429985523224
0.3939453661441803
0.39681991934776306
0.1298433542251587
0.13341665267944336
0.1402096301317215
0.18793728947639465
0.09986870735883713
0.11491165310144424
0.13095693290233612
0.2415342628955841
0.3590860664844513
0.18271364271640778
0.3352297246456146
0.300607830286026
0.4933079183101654
0.2430829256772995
0.07807400822639465
0.22491243481636047
0.16526378691196442
0.07861334830522537
0.16393497586250305
0.2058037668466568
0.5011178255081177
0.17255708575248718
0.3305809795856476
0.5663770437240601
0.7165713906288147
0.36278289556503296
0.35431650280952454
0.6293615698814392
0.4736671447753906
0.18813209235668182
0.12326820939779282
0.46788808703422546
0.4070532023906708
0.1362781524658203
0.2340255081653595
0.24327519536018372
0.6158116459846497
0.540988028049469
0.24056406319141388
0.3806454837322235
0.13680480420589447
0.4313924312591553
0.18046461045742035
0.21431267261505127
0.5533748269081116
0.5112741589546204
0.869705080986023
0.7114423513412476
0.5378654599189758
0.929331362247467
0.7142928242683411
0.45320987701416016
0.45538344979286194
0.6742624044418335
0.8404144644737244
0.1620316058397293
0.5368565320968628
0.7476798295974731
0.8160343170166016
0.4019194543361664
0.5754846930503845
0.7715852856636047
0.7795271277427673
0.6806520223617554
0.8565879464149475
0.7740780115127563
0.9638998508453369
0.9498780369758606
0.7115622162818909
0.8159090280532837
0.2570158839225769
0.765215277671814
0.31210118532180786
0.5244227647781372
0.8825041651725769
0.9139083027839661
0.798417329788208
0.6830231547355652
0.9093025922775269
0.884451150894165
0.5787643790245056
0.605747640132904
0.5894527435302734
0.43475210666656494
0.3905487656593323
0.43053334951400757
0.2724454402923584
0.6536767482757568
0.33121925592422485
0.8701098561286926
0.5298083424568176
0.7424821853637695
0.34363991022109985
0.7064367532730103
0.6357474327087402
0.11770525574684143
0.868323802947998
0.49825823307037354
0.8776562213897705
0.5473936200141907
0.9285514950752258
0.735585629940033
0.47260311245918274
0.661034107208252
0.2091563493013382
0.777266263961792
0.15701280534267426
0.8015434741973877
0.2888345420360565
0.7840273976325989
0.28680363297462463
0.9319263100624084
0.7343980073928833
0.482660710811615
0.6585495471954346
0.3106613755226135
0.4556388258934021
0.762544572353363
0.4686788022518158
0.38909783959388733
0.3458161950111389
0.28141841292381287
0.20912490785121918
0.20773622393608093
0.15570342540740967
0.14821437001228333
0.13338720798492432
0.313971608877182
0.2186732143163681
0.08528415113687515
0.12234338372945786
0.3533715605735779
0.35047033429145813
0.15613362193107605
0.21935425698757172
0.34327432513237
0.5010436773300171
0.26523929834365845
0.33777493238449097
0.5340202450752258
0.4979654550552368
0.3900699317455292
0.49293169379234314
0.5648589134216309
0.43277743458747864
0.5305560231208801
0.36851632595062256
0.6760514974594116
0.5922811627388
0.6650943160057068
0.8185749650001526
0.4412662386894226
0.7314754724502563
0.4869726002216339
0.82335364818573
0.39788559079170227
0.7124236226081848
0.6056811213493347
0.3491106629371643
0.5219904780387878
0.3132455050945282
0.6854308247566223
0.43323907256126404
0.8849853873252869
0.5435217022895813
0.3280644714832306
0.44899293780326843
0.271807998418808
0.18616361916065216
0.2742796540260315
0.21719253063201904
0.5118787884712219
0.6498711705207825
0.5879747867584229
0.6257336735725403
0.6486926078796387
0.6751410365104675
0.4851398468017578
0.5997010469436646
0.6055430769920349
0.7806721329689026
0.7675483822822571
0.8156952261924744
0.6788903474807739
0.5937668085098267
0.7221155166625977
0.48147377371788025
0.5890522003173828
0.4633500874042511
0.4857892096042633
