0.11508939415216446
0.15975838899612427
0.1616653949022293
0.1650003045797348
0.1084284633398056
0.05874143913388252
0.1926320493221283
0.04302576556801796
0.1130698099732399
0.05825169384479523
0.39618098735809326
0.19295744597911835
0.1678876280784607
0.1619338095188141
0.06525230407714844
0.14624805748462677
0.10931628942489624
0.26433539390563965
0.16319158673286438
0.012891744263470173
0.2985057830810547
0.20453746616840363
0.1567387580871582
0.04246823862195015
0.42818862199783325
0.3142697811126709
0.07515285909175873
0.05391252040863037
0.13265378773212433
0.18242427706718445
0.08442139625549316
0.10636848211288452
0.23393072187900543
0.1472855806350708
0.4447568356990814
0.20115450024604797
0.2935120165348053
0.2049102783203125
0.6154740452766418
0.7485628128051758
0.588967502117157
0.7262253165245056
0.3719993233680725
0.3570837080478668
0.36829179525375366
0.6371200084686279
0.4390169084072113
0.15192456543445587
0.2675941288471222
0.475372850894928
0.1690087914466858
0.16189412772655487
0.3628234565258026
0.4348432421684265
0.49659666419029236
0.527896523475647
0.36044183373451233
0.4073145091533661
0.26097050309181213
0.5076730251312256
0.6054721474647522
0.4854559302330017
0.772581934928894
0.4350418746471405
0.6497156620025635
0.7597406506538391
0.6074519157409668
0.5022066235542297
0.6082614660263062
0.5776407122612
0.4194890260696411
0.2592780590057373
0.44418033957481384
0.3224983215332031
0.16634011268615723
0.2905416786670685
0.20325994491577148
0.1104106530547142
0.1310572326183319
0.07091386616230011
0.06421371549367905
0.26582279801368713
0.5773836970329285
0.4834786653518677
0.23505589365959167
0.4642373323440552
0.6651506423950195
0.7209500074386597
0.5956946015357971
0.7509453296661377
0.8155289888381958
0.5021964311599731
0.6054872870445251
0.6577990651130676
0.3266831636428833
0.23675580322742462
0.4018339514732361
0.5145344138145447
0.3717414140701294
0.5334286093711853
0.3548292815685272
0.2678581774234772
0.12480614334344864
0.358316570520401
0.4139620065689087
0.08926965296268463
0.40227121114730835
0.47216522693634033
0.37677517533302307
0.3324451148509979
0.5336790680885315
0.15132398903369904
0.10812634229660034
0.13322515785694122
0.28909075260162354
0.17600630223751068
0.08485297858715057
0.21017035841941833
0.1977468580007553
0.28387850522994995
0.056373145431280136
0.14265374839305878
0.08245670050382614
0.08195380121469498
0.023585492745041847
0.05175738409161568
0.13418419659137726
0.1225147545337677
0.07580066472291946
0.1185922622680664
0.20460040867328644
