0.2255956083536148
0.4318307340145111
0.36454883217811584
0.26782655715942383
0.3897031247615814
0.12965162098407745
0.2182958424091339
0.24054665863513947
0.14619788527488708
0.16546493768692017
0.10988986492156982
0.14810936152935028
0.08978444337844849
0.10984697192907333
0.06590546667575836
0.20571060478687286
0.20517058670520782
0.09538932889699936
0.0667223110795021
0.10429875552654266
0.21862846612930298
0.14435333013534546
0.26247334480285645
0.33411499857902527
0.377022385597229
0.5966742038726807
0.7324756979942322
0.904847264289856
0.7066681981086731
0.815233588218689
0.8609164357185364
0.4760640561580658
0.7542641758918762
0.8433626294136047
0.41532447934150696
0.4466497600078583
0.6708075404167175
0.39372938871383667
0.23143082857131958
0.4116280972957611
0.34369468688964844
0.17702321708202362
0.10032311826944351
0.20065337419509888
0.24477794766426086
0.2498139590024948
0.20992371439933777
0.21402409672737122
0.22989477217197418
0.10903546214103699
0.1805858165025711
0.08188776671886444
0.07107925415039062
0.30264008045196533
0.12679553031921387
0.41440001130104065
0.6180937886238098
0.73809415102005
0.40452608466148376
0.14320839941501617
0.6407561898231506
0.42848217487335205
0.1707974225282669
0.5914984345436096
0.8096765875816345
0.5953701138496399
0.6585748791694641
0.9417721629142761
0.8429079651832581
0.9616307020187378
0.9450603127479553
0.8131638169288635
0.5413433909416199
0.7404124736785889
0.5439938306808472
0.6170000433921814
0.17108650505542755
0.2940923571586609
0.24805207550525665
0.2109261304140091
0.17375846207141876
0.3100772202014923
0.47415146231651306
0.4958931505680084
0.6169349551200867
0.898626446723938
0.814994215965271
0.9432371854782104
0.8166190385818481
0.8796881437301636
0.704704225063324
0.7048388123512268
0.36327093839645386
0.41774889826774597
0.5854594707489014
0.25955966114997864
0.1647324562072754
0.3634185194969177
0.4005657434463501
0.12760959565639496
0.24841618537902832
0.3495575487613678
0.27075257897377014
0.27731233835220337
