0.0642189085483551
0.040991611778736115
0.044816743582487106
0.039236534386873245
0.013036699965596199
0.006229829974472523
0.011955101042985916
0.019204890355467796
0.035059768706560135
0.10434328764677048
0.13813701272010803
0.340065598487854
0.09029418975114822
0.208048477768898
0.43916088342666626
0.22801239788532257
0.26998773217201233
0.16201891005039215
0.0859738141298294
0.11261144280433655
0.12580803036689758
0.09333259612321854
0.02491285651922226
0.0518513098359108
0.11160262674093246
0.033094704151153564
0.01513958815485239
0.0766216292977333
0.1137961819767952
0.05016675218939781
0.18790552020072937
0.15267789363861084
0.1697247177362442
0.1094462051987648
0.13696841895580292
0.059903908520936966
0.07782015949487686
0.043540891259908676
0.021688340231776237
0.027030829340219498
0.02516978792846203
0.1343439370393753
0.21014133095741272
0.29528507590293884
0.38495776057243347
0.5185116529464722
0.46123403310775757
0.3228762745857239
0.423978716135025
0.6800637245178223
0.7792452573776245
0.29217153787612915
0.552137017250061
0.8064883351325989
0.8659998178482056
0.44158193469047546
0.3220537006855011
0.16916359961032867
0.13565398752689362
0.06614461541175842
0.26314011216163635
0.14414437115192413
0.21788035333156586
0.35800114274024963
0.26128602027893066
0.19157613813877106
0.08689819276332855
0.18272121250629425
0.3542296886444092
0.6380111575126648
0.6193808317184448
0.29737186431884766
0.5204616189002991
0.9204272031784058
0.8841693997383118
0.3749622702598572
0.7841877937316895
0.9103782773017883
0.7488368153572083
0.3274942636489868
0.7524643540382385
0.8774223923683167
0.9007843732833862
0.3268519341945648
0.708393394947052
0.971805989742279
0.81781405210495
0.16834206879138947
0.8192389607429504
0.8236224055290222
0.23975566029548645
0.052903223782777786
0.8869540691375732
0.2915087938308716
0.1318637728691101
0.3819692134857178
0.32619598507881165
0.8071191906929016
0.4642850160598755
0.9035366773605347
0.7733532786369324
0.8727476596832275
0.8669262528419495
0.6144744753837585
0.7808148860931396
0.9407416582107544
0.8906528949737549
0.8208456039428711
0.41558271646499634
0.3193618059158325
0.4324280619621277
0.28833380341529846
0.29794713854789734
0.3843959867954254
0.3008863925933838
0.1670229434967041
0.2944686710834503
0.18445362150669098
0.07589758187532425
0.12362615019083023
0.3878549039363861
0.1219717413187027
0.13805443048477173
0.40210703015327454
0.18760667741298676
0.34791529178619385
0.11944809556007385
0.2517492473125458
0.559561014175415
0.34895360469818115
0.8210756778717041
0.93441241979599
0.46697998046875
0.4775928854942322
0.9246523380279541
0.862663209438324
0.5740276575088501
0.7828724980354309
0.9273407459259033
0.6848559379577637
0.8810471892356873
0.3255462050437927
0.36600759625434875
0.19264540076255798
0.34244680404663086
0.4624139368534088
0.40779057145118713
0.5861991047859192
0.43003979325294495
0.8510462641716003
0.6317837834358215
0.6556999087333679
0.6717337369918823
0.7963012456893921
0.6553192138671875
0.8022940754890442
0.2535209655761719
0.29255133867263794
0.31685885787010193
0.44845470786094666
0.19208569824695587
0.12458787113428116
0.38235732913017273
0.08334904909133911
0.010652435012161732
0.07076302915811539
0.10623295605182648
0.06651052832603455
0.008535738103091717
0.06221966817975044
0.05500660836696625
0.056953538209199905
0.03173473849892616
0.025238940492272377
0.03562305122613907
0.01139254029840231
0.029049331322312355
0.024112071841955185
0.046469662338495255
0.061814043670892715
0.309405654668808
0.16663141548633575
0.1675729751586914
0.08196866512298584
0.09785228222608566
0.21681171655654907
0.08898233622312546
0.14850996434688568
0.17590968310832977
0.28107061982154846
0.23806524276733398
0.3579618036746979
0.12675806879997253
0.19900622963905334
0.2345884144306183
0.04620104655623436
0.10482888668775558
0.1022118628025055
0.08847133070230484
0.1223369687795639
0.03782239183783531
0.11838339269161224
0.09569805860519409
0.048051364719867706
0.14278586208820343
0.146697998046875
0.1389216184616089
0.0979103222489357
0.1574154496192932
0.06875813752412796
0.165208637714386
0.23782137036323547
0.15390817821025848
0.094930000603199
0.11694291979074478
0.18425849080085754
0.08819723129272461
0.03863764554262161
0.1516701728105545
0.1123427301645279
0.011820773594081402
0.05423128977417946
0.17590659856796265
0.02227620594203472
0.01776920072734356
0.13085848093032837
0.11108233034610748
0.028190255165100098
0.06497447937726974
0.07894867658615112
0.07380512356758118
0.019066696986556053
0.0659467950463295
0.01776365377008915
0.03995385393500328
0.07531312853097916
0.11013058573007584
0.3220787048339844
0.2508925795555115
0.09767131507396698
0.31830576062202454
0.15445682406425476
0.03293907269835472
0.056682758033275604
0.07288509607315063
0.06125972047448158
0.03482914716005325
0.08111114799976349
0.0744192823767662
0.11736508458852768
0.15174134075641632
0.2027909755706787
0.0681113749742508
0.04714711755514145
0.12705910205841064
0.030342962592840195
0.136968731880188
0.07927415519952774
