0.16484272480010986
0.24416057765483856
0.20276306569576263
0.2216774970293045
0.24681700766086578
0.19189293682575226
0.10293405503034592
0.15588712692260742
0.06779340654611588
0.08851693570613861
0.0661412850022316
0.2464049905538559
0.06687916070222855
0.06342647969722748
0.23048396408557892
0.10318263620138168
0.04044362157583237
0.09056754410266876
0.2698458135128021
0.0768667683005333
0.0486227422952652
0.1300537884235382
0.17622175812721252
0.10261281579732895
0.2932066023349762
0.5874980688095093
0.41593223810195923
0.7663106322288513
0.39500394463539124
0.3991662263870239
0.7163437008857727
0.4154428541660309
0.7611516118049622
0.8433975577354431
0.7991560101509094
0.7217116951942444
0.48204606771469116
0.7974517345428467
0.6096429824829102
0.45985284447669983
0.6427803039550781
0.2859300673007965
0.5965445041656494
0.7518752813339233
0.8394555449485779
0.6804929375648499
0.6912444233894348
0.6281509399414062
0.5929921269416809
0.7625726461410522
0.5238863229751587
0.8985885977745056
0.8635865449905396
0.6158282160758972
0.47715431451797485
0.881108820438385
0.680192232131958
0.8489552140235901
0.8637354373931885
0.7113339304924011
0.6297371983528137
0.5772795677185059
0.576942503452301
0.6147827506065369
0.3774808943271637
0.7068122029304504
0.2804020643234253
0.7041636109352112
0.2819484770298004
0.8807918429374695
0.6948692798614502
0.6271424889564514
0.6190834641456604
0.4426417350769043
0.2696281969547272
0.3721867501735687
0.3183352053165436
0.12790192663669586
0.437473326921463
0.6424998641014099
0.27612224221229553
0.20898261666297913
0.6490005850791931
0.4589446485042572
0.48288753628730774
0.8052155375480652
0.6971360445022583
0.6421838402748108
0.5722559094429016
0.7837479710578918
0.4328779876232147
0.7798508405685425
0.6365108489990234
0.6268757581710815
0.5066738128662109
0.4668436646461487
0.7242446541786194
0.20096789300441742
0.7329784035682678
0.21665239334106445
0.5912479758262634
0.6070101857185364
0.6793981194496155
0.537713885307312
0.37150758504867554
0.42789968848228455
0.40771228075027466
0.46364647150039673
0.5951293110847473
0.3220447897911072
0.28566789627075195
0.4287032186985016
0.36578455567359924
0.25958091020584106
0.36147773265838623
0.4830869138240814
0.12367434054613113
0.49749183654785156
0.1861850470304489
0.22932444512844086
0.1503872573375702
0.5858505368232727
0.3409022092819214
0.15527401864528656
0.46568426489830017
0.4785451889038086
0.31475070118904114
0.1108345165848732
0.7113792300224304
0.520996630191803
0.1691729873418808
0.5679235458374023
0.7118887901306152
0.3720493018627167
0.09136082231998444
0.5392085909843445
0.3002539575099945
0.305889755487442
0.30038973689079285
0.5055848360061646
0.1373813897371292
0.29912516474723816
0.35321328043937683
0.36172452569007874
0.24838240444660187
0.31112268567085266
0.271971195936203
0.260637491941452
0.358304888010025
0.4525144398212433
0.5292280316352844
0.2914968729019165
0.2567708194255829
0.5711062550544739
0.4733058512210846
0.17609751224517822
0.47315895557403564
0.32323986291885376
0.21115799248218536
0.14366953074932098
0.5564187169075012
0.11790715157985687
0.13559012115001678
0.2500951886177063
0.2546924948692322
0.021462123841047287
0.048297666013240814
0.35201847553253174
0.06320423632860184
0.05509741231799126
0.06647875159978867
0.19879381358623505
0.022939348593354225
0.06149296090006828
0.26248160004615784
0.10085488110780716
0.0793285220861435
0.20934325456619263
0.25074487924575806
0.11666496843099594
0.24885888397693634
0.18849891424179077
0.41649213433265686
0.3210146725177765
0.41147252917289734
