0.09344864636659622
0.4255554974079132
0.4817239046096802
0.19370566308498383
0.2637532651424408
0.38720959424972534
0.456130713224411
0.2618682086467743
0.2287999838590622
0.3054982125759125
0.2958150804042816
0.3932117819786072
0.2189389318227768
0.5408321022987366
0.47258487343788147
0.6343029141426086
0.6291258931159973
0.6726467609405518
0.7026636600494385
0.33391132950782776
0.5795491337776184
0.5726185441017151
0.632560133934021
0.5098623037338257
0.24033276736736298
0.46211662888526917
0.42802995443344116
0.381012886762619
0.4331139028072357
0.20239514112472534
0.27654263377189636
0.3069109618663788
0.334566205739975
0.3259511888027191
0.2361103743314743
0.3815290629863739
0.3044876158237457
0.3370615839958191
0.5376927256584167
0.5732811689376831
0.8017271161079407
0.449178546667099
0.6306484937667847
0.4709841012954712
0.42926570773124695
0.33427852392196655
0.16984036564826965
0.2955605685710907
0.36260494589805603
0.0902591198682785
0.17989742755889893
0.22863711416721344
0.23428797721862793
0.12352485209703445
0.22904300689697266
0.2761836051940918
0.1899389773607254
0.13279052078723907
0.12972988188266754
0.17181910574436188
0.08693502098321915
0.12849359214305878
0.03997164964675903
0.030549056828022003
0.0854976549744606
0.12159473448991776
0.06297870725393295
0.023763159289956093
0.11481849104166031
0.1757984459400177
0.039485130459070206
0.03398899361491203
0.12782390415668488
0.1240873634815216
0.13259387016296387
0.06720826029777527
0.39156728982925415
0.45584896206855774
0.24121178686618805
0.4304152727127075
0.6108796000480652
0.2178356796503067
0.4238626956939697
0.4237567186355591
0.1729646772146225
0.044085968285799026
0.14123503863811493
0.25185269117355347
0.0733567550778389
0.04232554882764816
0.13350404798984528
0.10641743987798691
0.027870280668139458
0.15785793960094452
0.17416347563266754
0.08243375271558762
0.23676279187202454
0.23750045895576477
0.2148335725069046
0.24410420656204224
0.3580768406391144
0.14058208465576172
0.2758972942829132
0.17654848098754883
0.2398683726787567
0.4762643873691559
0.4394974708557129
0.562843918800354
0.22988571226596832
0.08912187069654465
0.056859321892261505
0.33097514510154724
0.11308620125055313
0.09718034416437149
0.2227160632610321
0.2755870819091797
0.08103916794061661
0.19200026988983154
0.5382202863693237
0.632756233215332
0.25125446915626526
0.05796279385685921
0.18894116580486298
0.4677974283695221
0.1447007805109024
0.16124793887138367
0.24807988107204437
0.5368420481681824
0.3400963842868805
0.589807391166687
0.5965020060539246
0.5645852088928223
0.41504383087158203
0.27566882967948914
0.1732461303472519
0.24871543049812317
0.1596650630235672
0.6049889922142029
0.7024531364440918
0.4405885636806488
0.12717857956886292
0.27963554859161377
0.7009514570236206
0.2781151235103607
0.07860361039638519
0.3617214262485504
0.5056717395782471
0.15602655708789825
0.2474563866853714
0.25213712453842163
0.08704240620136261
0.19952459633350372
0.197000652551651
0.4694649279117584
0.3234426975250244
0.3653493821620941
0.410724401473999
0.20722706615924835
0.052229076623916626
0.24177370965480804
0.22479374706745148
0.16160841286182404
0.1122250035405159
0.514065682888031
0.3128906488418579
0.34024927020072937
0.2744522988796234
0.5109673738479614
0.44942012429237366
0.5427193641662598
0.33719030022621155
0.34116366505622864
0.568198025226593
0.4434226155281067
0.25042271614074707
0.3894597589969635
0.5849839448928833
0.3793610632419586
0.253124475479126
0.4216650128364563
0.5503749847412109
0.5359086990356445
0.22499074041843414
0.7778679728507996
0.8577671647071838
0.5707686543464661
0.23997217416763306
0.6024897694587708
0.768118679523468
0.8437488675117493
0.6879143714904785
0.3958761394023895
0.5985704660415649
0.2927931845188141
0.43463996052742004
0.6492409110069275
0.34419846534729004
0.6673890948295593
0.35811275243759155
0.3825378715991974
0.36844712495803833
0.31588566303253174
0.17726464569568634
0.2458285540342331
0.4567732810974121
0.47690868377685547
0.4280971586704254
0.3437245786190033
0.4769931435585022
0.4247511923313141
0.5567331314086914
