0.1514204442501068
0.3019099235534668
0.5056770443916321
0.4272923171520233
0.6689249277114868
0.7924975156784058
0.8217852115631104
0.688704788684845
0.8249706029891968
0.790026843547821
0.7072635889053345
0.8413183093070984
0.7515477538108826
0.805509090423584
0.8782660365104675
0.8014362454414368
0.7870268225669861
0.7873213887214661
0.7971116304397583
0.8419208526611328
0.768191397190094
0.7364897131919861
0.8764217495918274
0.9040618538856506
0.9228034615516663
0.5709584355354309
0.7175166606903076
0.8337946534156799
0.6750361919403076
0.6335820555686951
0.909866452217102
0.8661706447601318
0.3496157228946686
0.7599544525146484
0.923107922077179
0.5965140461921692
0.32507625222206116
0.8414955139160156
0.7568619251251221
0.2433633804321289
0.6613180041313171
0.7839152216911316
0.2986740171909332
0.4925556182861328
0.4297199547290802
0.7419228553771973
0.4820301830768585
0.4004959762096405
0.5595999956130981
0.5951149463653564
0.5136950612068176
0.6411888599395752
0.24313566088676453
0.6194649338722229
0.42410808801651
0.5549486875534058
0.5586550235748291
0.42280688881874084
0.4719752371311188
0.81919264793396
0.8289795517921448
0.8799107670783997
0.9582380652427673
0.9627465009689331
0.877775251865387
0.825495719909668
0.8556481599807739
0.5628799796104431
0.6855321526527405
0.41613879799842834
0.3536853492259979
0.2792545557022095
0.4500748813152313
0.34889665246009827
0.20603390038013458
0.3532105088233948
0.34132280945777893
0.30513662099838257
0.16015788912773132
0.5417385101318359
0.6190618276596069
0.7373389005661011
0.5437436103820801
0.7738650441169739
0.276801735162735
0.6395367980003357
0.18668600916862488
0.4467616081237793
0.1726168543100357
0.6576569676399231
0.55362868309021
0.3872237205505371
0.12515607476234436
0.09394530206918716
0.1662542074918747
0.05456669628620148
0.2075343281030655
0.13857276737689972
0.4044555425643921
0.3126963675022125
0.2817019820213318
0.6494624614715576
0.7155152559280396
0.6901212930679321
0.5235624313354492
0.7675319314002991
0.1497138887643814
0.728669285774231
0.13482166826725006
0.6611266136169434
0.26464882493019104
0.8983128666877747
0.8730363249778748
0.6749961972236633
0.5704151391983032
0.26223650574684143
0.5976457595825195
0.7794924378395081
0.5961889624595642
0.37187862396240234
0.151342511177063
0.04033894091844559
0.05200672894716263
0.02362639829516411
0.13143625855445862
0.08520188182592392
0.28803613781929016
0.24318766593933105
0.3205551207065582
0.1407054215669632
0.5896604061126709
0.5591700673103333
0.25668826699256897
0.4175800681114197
0.18871080875396729
0.12733757495880127
0.23891383409500122
0.40399789810180664
0.18858210742473602
0.6512667536735535
0.8405042290687561
0.7212603092193604
0.9071558713912964
0.6287983059883118
0.8629819750785828
0.18154557049274445
0.6677265167236328
0.20452149212360382
0.8442420363426208
0.2074972242116928
0.7686754465103149
0.39874425530433655
0.2668456435203552
0.4059293866157532
0.497130811214447
0.3258417546749115
0.2621302604675293
0.09690902382135391
0.29713883996009827
0.1864774525165558
0.7356500029563904
0.5735093951225281
0.8834207653999329
0.8826751112937927
0.94130539894104
0.9293056130409241
0.9038704633712769
0.9730450510978699
0.9504364132881165
0.9401389360427856
0.9603207111358643
0.93538498878479
0.8784250020980835
0.7187776565551758
0.673710286617279
0.9087351560592651
0.5970475077629089
0.7751895189285278
0.5998412370681763
0.5459306836128235
0.05779309570789337
0.16910748183727264
0.2942900061607361
0.1752731055021286
0.04375278577208519
0.0727817714214325
0.06566957384347916
0.1354573369026184
0.19110359251499176
0.3168086111545563
0.17967672646045685
0.5012663006782532
0.5578689575195312
0.42377516627311707
0.692658007144928
0.6625347137451172
0.7294647097587585
0.7530852556228638
0.8761128187179565
0.27611371874809265
0.928626298904419
0.4736896753311157
0.9409697651863098
0.3222881853580475
0.8694646954536438
0.17510725557804108
0.7121840119361877
0.3924213945865631
0.6739371418952942
0.5604299306869507
0.5756166577339172
0.7149776220321655
0.3369061052799225
0.6849825382232666
0.6040735840797424
0.8588660955429077
0.6098361611366272
0.881886899471283
0.5736892223358154
0.9078672528266907
0.38375726342201233
0.8509026765823364
0.4270290732383728
0.700111448764801
0.6060343384742737
0.581890881061554
0.6431987285614014
0.5033780336380005
0.629550039768219
0.43675780296325684
0.906406819820404
0.841777503490448
0.953257143497467
0.9295730590820312
0.9833845496177673
0.9690739512443542
0.9445866346359253
0.9565660953521729
0.8198198080062866
0.8125361204147339
0.543766975402832
0.5589281320571899
0.4422719180583954
0.5745911598205566
0.7797316312789917
0.7766190767288208
0.5436619520187378
0.6254124045372009
0.29138270020484924
0.17706593871116638
0.5470762848854065
0.5141241550445557
0.5186977982521057
0.43724682927131653
0.34248438477516174
0.3140292167663574
0.2846125662326813
0.42638251185417175
0.4590390622615814
0.2804030179977417
0.09932038933038712
0.0663403868675232
0.06983534246683121
0.10464344173669815
0.03550463169813156
0.14999520778656006
0.07343260198831558
0.35007014870643616
0.29512035846710205
0.354328453540802
0.26459944248199463
0.17633607983589172
0.7201783657073975
0.12601689994335175
0.8187196254730225
0.22738273441791534
0.8855668902397156
0.44406747817993164
0.955786943435669
0.8156269192695618
0.816181480884552
0.9175528287887573
0.846648097038269
0.8789972066879272
0.8537271022796631
0.8831866383552551
0.792286217212677
0.8151611089706421
