0.000517353299073875
0.001808515633456409
0.0013218909734860063
0.0014158684061840177
0.0021086405031383038
0.0018076824489980936
0.0027395396027714014
0.0019807808566838503
0.002344914246350527
0.003800885984674096
0.008128724992275238
0.0018279009964317083
0.0031948289833962917
0.006363079883158207
0.004473081324249506
0.0015818073879927397
0.0017341413768008351
0.0035847227554768324
0.0014599311398342252
0.002517109038308263
0.0028986067045480013
0.00445358594879508
0.0028672919142991304
0.0023169287014752626
0.004784412682056427
0.010128089226782322
0.008379554376006126
0.0037817235570400953
0.006066720932722092
0.005765667650848627
0.003988997545093298
0.007112911902368069
0.02529047429561615
0.011507527902722359
0.016524774953722954
0.0770856961607933
0.05764387920498848
0.191425159573555
0.11375542730093002
0.09920700639486313
0.12025104463100433
0.276438444852829
0.061216071248054504
0.05994085595011711
0.14483065903186798
0.14077414572238922
0.0229341983795166
0.008968210779130459
0.010943608358502388
0.01097053475677967
0.0018316643545404077
0.0023688774090260267
0.002058690181002021
0.0020902971737086773
0.006633765064179897
0.0035426164977252483
0.003065122291445732
0.0049003311432898045
0.003228666028007865
0.005576849449425936
0.00585075281560421
0.005369070451706648
0.004974310286343098
0.005628098268061876
0.004203834570944309
0.0034256719518452883
0.004159266594797373
0.00878254882991314
0.006137435790151358
0.00836196355521679
0.007412079256027937
0.009311079047620296
0.006912305951118469
0.007785223424434662
0.01228274218738079
0.036235809326171875
0.050345275551080704
0.1923660784959793
0.3448466658592224
0.5429372191429138
0.4861082136631012
0.42500701546669006
0.6800625920295715
0.7411115765571594
0.8671789765357971
0.8075411915779114
0.8455705642700195
0.9295496344566345
0.868445098400116
0.9108852744102478
0.9499594569206238
0.9272357225418091
0.9333615899085999
0.9053352475166321
0.8198984265327454
0.8103721737861633
0.8382695317268372
0.8205282092094421
0.8141363263130188
0.8559826016426086
0.730311930179596
0.7361997961997986
0.7051864862442017
0.7909150123596191
0.8065968751907349
0.7196239829063416
0.7187761068344116
0.8392331004142761
0.8198347091674805
0.87624192237854
0.8847622871398926
0.7456457018852234
0.8612299561500549
0.7834610342979431
0.8657661080360413
0.6952407360076904
0.6222002506256104
0.6543686985969543
0.44150739908218384
0.5141562223434448
0.4878464937210083
0.4752194583415985
0.5180643200874329
0.3508429527282715
0.5435742735862732
0.4920014441013336
0.6792449951171875
0.5656452775001526
0.6651708483695984
0.7654046416282654
0.7176051139831543
0.8213087320327759
0.8240962624549866
0.8297033309936523
0.8920794725418091
0.9240511655807495
0.9293392300605774
0.8614509105682373
0.9343761801719666
0.9584617614746094
0.9335204362869263
0.9244157075881958
0.9265812635421753
0.9073312878608704
0.9128531217575073
0.9065583348274231
0.9222211837768555
0.91758793592453
0.9233364462852478
0.8734199404716492
0.8478179574012756
0.815135657787323
0.8159795999526978
0.6448493003845215
0.6888821125030518
0.514496922492981
0.6497929096221924
0.7315196394920349
0.6209002733230591
0.7557433843612671
0.6362587213516235
0.5455065965652466
0.7551620602607727
0.7065761685371399
0.8414785265922546
0.9081308841705322
0.8902875185012817
0.9611433744430542
0.8486537933349609
0.931396484375
0.9436187744140625
0.9123314619064331
0.8467175364494324
0.5135568976402283
0.6456099152565002
0.46493619680404663
0.556460976600647
0.31187254190444946
0.37409135699272156
0.44265905022621155
0.4519504904747009
0.4419739246368408
0.43929627537727356
0.40394362807273865
0.37804514169692993
0.510718047618866
0.4637247622013092
0.3634093105792999
0.5626205205917358
0.560796856880188
0.6861916184425354
0.6336325407028198
0.671227753162384
0.7731335759162903
0.6800296902656555
0.8253357410430908
0.7398029565811157
0.7552371621131897
0.6000241041183472
0.7290673851966858
0.4089341461658478
0.7093273997306824
0.7345083355903625
0.6621310114860535
0.5257658362388611
0.5821221470832825
0.5297470092773438
0.4217446744441986
0.550673246383667
0.5265216827392578
0.40319719910621643
0.4132329523563385
0.5850135087966919
0.78715580701828
0.5118092894554138
0.8786419034004211
0.5692185759544373
0.8468626737594604
0.8388208150863647
0.957158625125885
0.9040160775184631
0.8720918297767639
0.9255083203315735
0.6380775570869446
0.8693979978561401
0.7268060445785522
0.8889375329017639
0.7201337814331055
0.684097170829773
0.8904922604560852
0.7779945731163025
0.6718155145645142
0.5044547915458679
0.56767737865448
0.841130256652832
0.4115956425666809
0.9124172329902649
0.9067988991737366
0.8937180638313293
0.6700257062911987
0.32130542397499084
0.6321555376052856
0.5216070413589478
0.38669532537460327
0.48715320229530334
0.3997260332107544
0.20451641082763672
0.3593423366546631
0.43680012226104736
0.800114631652832
0.7740698456764221
0.711540162563324
0.8767527341842651
0.49089935421943665
0.8703463673591614
0.7723587155342102
0.37541648745536804
0.4908098578453064
0.8365801572799683
0.6437690854072571
0.7849868535995483
0.8651478886604309
0.6211559772491455
0.76343834400177
0.6808802485466003
0.6490005254745483
0.3933950364589691
0.5341001749038696
0.4975447654724121
0.49738046526908875
0.29822200536727905
0.6500181555747986
0.33584681153297424
0.805249035358429
