0.7260189056396484
0.7272800207138062
0.9436435699462891
0.7817821502685547
0.9382417798042297
0.6367036700248718
0.9153793454170227
0.47869983315467834
0.76441890001297
0.5997647047042847
0.547400712966919
0.8016551733016968
0.495885968208313
0.22681665420532227
0.3590415418148041
0.1465444564819336
0.49674999713897705
0.21702080965042114
0.3695920407772064
0.9069472551345825
0.7170857191085815
0.2921646535396576
0.5503230094909668
0.7751858234405518
0.5107144713401794
0.30704647302627563
0.5000928640365601
0.4989280700683594
0.3811606466770172
0.512222945690155
0.41024330258369446
0.424135684967041
0.7754004001617432
0.7910351753234863
0.7818991541862488
0.9555391669273376
0.9636738300323486
0.7784914970397949
0.975448489189148
0.8862749338150024
0.9819331765174866
0.7864440083503723
0.9414284825325012
0.734312117099762
0.8370659947395325
0.9354727864265442
0.9586283564567566
0.9328597187995911
0.9595162272453308
0.934895932674408
0.9521955847740173
0.9610987901687622
0.9011152982711792
0.7021854519844055
0.772214412689209
0.654187023639679
0.6955846548080444
0.5135444402694702
0.9589822888374329
0.638384997844696
0.9395621418952942
0.6538400650024414
0.9408988952636719
0.6524074077606201
0.9027140140533447
0.7345357537269592
0.7455436587333679
0.8369166851043701
0.8124577403068542
0.8927726745605469
0.7282662391662598
0.6536644101142883
0.9006750583648682
0.9229406714439392
0.55694979429245
0.6253480911254883
0.9106132984161377
0.7937673926353455
0.5153812170028687
0.5708444714546204
0.7197899222373962
0.1757514923810959
0.3004906475543976
0.28153014183044434
0.314761757850647
0.10762850195169449
0.1845659762620926
0.14413298666477203
0.3109425902366638
0.37206271290779114
0.4897031784057617
0.7338874936103821
0.9095396399497986
0.9354581832885742
0.7468305826187134
0.9875958561897278
0.8889486789703369
0.9831041693687439
0.8795715570449829
0.9538437724113464
0.8916128873825073
0.8866292238235474
0.7791196703910828
0.8568264245986938
0.8974012732505798
0.9475642442703247
0.9115615487098694
0.9412989020347595
0.976111114025116
0.9722704291343689
0.9806693196296692
0.9383461475372314
0.8647181987762451
0.8385260701179504
0.8341888189315796
