0.44672006368637085
0.6137431263923645
0.4790457785129547
0.421349436044693
0.3571714460849762
0.1414211541414261
0.18240967392921448
0.14762483537197113
0.10555867850780487
0.1298421174287796
0.23818762600421906
0.19987906515598297
0.2698560655117035
0.34817269444465637
0.5749166011810303
0.46457773447036743
0.5732057094573975
0.46534156799316406
0.2893950641155243
0.4985155463218689
0.34969139099121094
0.3511401414871216
0.48959648609161377
0.4836025834083557
0.3888571560382843
0.08227762579917908
0.10181183367967606
0.13626228272914886
0.2552180886268616
0.17026855051517487
0.4680955708026886
0.5925439596176147
0.20905940234661102
0.35782119631767273
0.2558640241622925
0.2696494162082672
0.25947460532188416
0.2354835420846939
0.12096617370843887
0.05044150725007057
0.02959606423974037
0.035575613379478455
0.014602179639041424
0.051758673042058945
0.09631954878568649
0.6135405898094177
0.49515703320503235
0.517699122428894
0.2921985387802124
0.6135938167572021
0.5806898474693298
0.19786812365055084
0.4106135070323944
0.5857974290847778
0.11928669363260269
0.1340225487947464
0.5143613219261169
0.3857950270175934
0.057352710515260696
0.42898476123809814
0.5767158269882202
0.3563292920589447
0.15576446056365967
0.6578688025474548
0.516400158405304
0.5124133229255676
0.36588701605796814
0.4374050498008728
0.35740944743156433
0.1830286681652069
0.04585893824696541
0.22934439778327942
0.15375114977359772
0.07031917572021484
0.093255415558815
0.3360024392604828
0.3771500885486603
0.06185254082083702
0.23838867247104645
0.3833681643009186
0.2571702301502228
0.30971452593803406
0.6551862955093384
0.6199409365653992
0.5443543195724487
0.7534232139587402
0.23785927891731262
0.04635780677199364
0.04790717363357544
0.007507565896958113
0.010461254976689816
0.016386205330491066
0.025889305397868156
0.0900343656539917
0.08266691118478775
0.08700690418481827
0.131095290184021
0.15357740223407745
0.142652690410614
0.12862031161785126
0.11125719547271729
0.03662807121872902
0.04372848570346832
0.07437281310558319
0.05175616219639778
0.059177227318286896
0.07941790670156479
0.1271224021911621
0.5176525115966797
0.04581302031874657
0.5444697141647339
0.10369516164064407
0.26011455059051514
0.12234890460968018
0.21461138129234314
0.10107496380805969
0.22230632603168488
0.3160979151725769
0.4607461988925934
0.5385770797729492
0.4415417015552521
0.5513900518417358
0.8276920914649963
0.6356685757637024
0.8960196375846863
0.592831015586853
0.5223116278648376
0.7452409267425537
0.5108814835548401
0.5847293734550476
0.10087136179208755
0.4284486472606659
0.25493481755256653
0.5820232033729553
0.6236952543258667
0.5486143231391907
0.6206604242324829
0.33154162764549255
0.6733142137527466
0.2057478427886963
0.579352080821991
0.3419414460659027
0.4338255822658539
0.32276391983032227
0.13812251389026642
0.2051236927509308
0.15737135708332062
0.06933905184268951
0.046632129698991776
0.17971201241016388
0.08738251775503159
0.15501876175403595
0.02944461815059185
0.255504310131073
0.0722927674651146
0.5677468180656433
0.39647233486175537
0.37396764755249023
0.6290108561515808
0.5106280446052551
0.7156025767326355
0.592960000038147
0.38572898507118225
0.46970334649086
0.46337005496025085
0.3386474847793579
0.1703641414642334
0.3350297212600708
0.4619513154029846
0.1921108514070511
0.5190513134002686
0.2825242578983307
0.15661555528640747
0.42425966262817383
0.43366485834121704
0.25779396295547485
0.4316723048686981
0.532247006893158
0.4532851576805115
0.4415806829929352
0.8139361143112183
0.732151448726654
0.611929714679718
0.662798285484314
0.7320571541786194
0.5790631175041199
0.6705467700958252
0.6220049858093262
0.44242870807647705
0.17327314615249634
0.2553732693195343
0.08829808980226517
0.39834603667259216
0.14134004712104797
0.2255791276693344
0.11450990289449692
0.1410192996263504
0.06880103796720505
0.17882288992404938
