0.6850417852401733
0.540428638458252
0.2681308388710022
0.10981212556362152
0.11002074927091599
0.24878044426441193
0.08928314596414566
0.42124032974243164
0.04069248586893082
0.0903153270483017
0.08582860231399536
0.029314802959561348
0.02927098050713539
0.027954760938882828
0.042911943048238754
0.06887070089578629
0.05419418588280678
0.18730127811431885
0.2805366516113281
0.27676922082901
0.8064130544662476
0.8033012747764587
0.9725085496902466
0.9540522694587708
0.9630683064460754
0.9334219098091125
0.8733483552932739
0.9496152997016907
0.8658292889595032
0.7703238725662231
0.8397372961044312
0.8220598101615906
0.6606578826904297
0.5687103867530823
0.2357274740934372
0.8175546526908875
0.6013209223747253
0.4054299294948578
0.18959593772888184
0.382280170917511
0.10301104933023453
0.08366142958402634
0.0950675755739212
0.1707238405942917
0.11710275709629059
0.34846359491348267
0.3849802017211914
0.830176830291748
0.9671102166175842
0.966079592704773
0.9657877683639526
0.9117746353149414
0.4755934774875641
0.9731916785240173
0.9740488529205322
0.696975827217102
0.4240436851978302
0.9544089436531067
0.9670584797859192
0.38412052392959595
0.7439318299293518
0.9492943286895752
0.9346688389778137
0.5170242786407471
0.9030452370643616
0.9684392213821411
0.9142009019851685
0.6195448040962219
0.9545682072639465
0.9760645627975464
0.9277307987213135
0.8857079744338989
0.8936913013458252
0.4694318175315857
0.7939006686210632
0.6220388412475586
0.22521577775478363
0.8732369542121887
0.9473320841789246
0.33279016613960266
0.6085054278373718
0.963679313659668
0.967279314994812
0.5128830671310425
0.9472679495811462
0.9644606113433838
0.8726053237915039
0.6872334480285645
0.9591614603996277
0.9341724514961243
0.7462829947471619
0.9455352425575256
0.9725477695465088
0.922247052192688
0.9871250987052917
0.9790366291999817
0.9512283802032471
0.9041685461997986
0.9455896019935608
0.4065021574497223
0.5746439695358276
0.21823351085186005
0.2457789033651352
0.10818114131689072
0.1920536905527115
0.08938208967447281
0.08157891035079956
0.2965616285800934
0.17919234931468964
0.5772853493690491
0.409338116645813
0.09347019344568253
0.31747281551361084
0.11735553294420242
0.25844094157218933
0.2657164931297302
0.6507856845855713
0.8371800780296326
0.6008922457695007
0.9176608324050903
0.9558559060096741
0.9776625037193298
0.9028663635253906
0.9747017025947571
0.9535452723503113
0.9797999262809753
0.908981442451477
0.9230169653892517
0.8545759320259094
0.8514288067817688
0.6549917459487915
0.4851401746273041
0.6539006233215332
0.8754929304122925
0.9621426463127136
0.4159996509552002
0.7934777140617371
0.9811070561408997
0.9168255925178528
0.3023766577243805
0.9757419228553772
0.9753296971321106
0.8336876034736633
0.5694035291671753
0.9738215208053589
0.9378308057785034
0.7502233982086182
0.6700857281684875
0.6009383797645569
0.4110373556613922
0.1703285574913025
0.13887201249599457
0.13565750420093536
0.05773055553436279
0.12993057072162628
0.17439933121204376
0.04009784758090973
0.07225214689970016
0.17779231071472168
0.20214635133743286
0.056129489094018936
0.1942930668592453
0.7024405598640442
0.3060169219970703
0.17652446031570435
0.5920712351799011
0.9010949730873108
0.6186820268630981
0.865232527256012
0.9427135586738586
0.9817374348640442
0.9159421920776367
0.954314112663269
0.9315802454948425
0.8858869075775146
0.6258049607276917
0.688491940498352
0.23807393014431
0.2714073657989502
0.2235766053199768
0.05977786332368851
0.05272406339645386
0.036354195326566696
0.03902921825647354
0.029413124546408653
0.10037567466497421
0.10936730355024338
0.03305203840136528
0.10772969573736191
0.15003232657909393
0.28599628806114197
0.19932527840137482
0.3678039312362671
0.28847864270210266
0.16631200909614563
0.3447512686252594
0.2436782270669937
0.5546972155570984
