0.41985780000686646
0.31960660219192505
0.5358176827430725
0.4914206564426422
0.6406978368759155
0.22499248385429382
0.3271501362323761
0.24522815644741058
0.37019410729408264
0.3426567316055298
0.22204217314720154
0.3249635100364685
0.2456391453742981
0.5203557014465332
0.18083421885967255
0.2936597168445587
0.443159818649292
0.32920143008232117
0.21211645007133484
0.22147543728351593
0.5145815014839172
0.0932873860001564
0.21851904690265656
0.15738947689533234
0.21433262526988983
0.12795963883399963
0.13476696610450745
0.1074155941605568
0.09229403734207153
0.07086610049009323
0.3030920922756195
0.30428847670555115
0.4142378866672516
0.31122103333473206
0.37551891803741455
0.2751193344593048
0.17288370430469513
0.3038334548473358
0.09284400194883347
0.24785852432250977
0.3825537860393524
0.3475762903690338
0.3769358992576599
0.31980592012405396
0.28493833541870117
0.1836445927619934
0.34833115339279175
0.12627342343330383
0.6717343330383301
0.4722035825252533
0.842759907245636
0.3285200297832489
0.7680256366729736
0.6231173872947693
0.6033479571342468
0.3824694752693176
0.4537426233291626
0.40594813227653503
0.25263702869415283
0.5555746555328369
0.3060835599899292
0.5187305808067322
0.5476968884468079
0.832043468952179
0.6547669768333435
0.7489340901374817
0.7292401194572449
0.7537523508071899
0.8678691387176514
0.650221586227417
0.8607777953147888
0.6929174065589905
0.6898640990257263
0.42535218596458435
0.578867495059967
0.4639849066734314
0.29772594571113586
0.38793331384658813
0.2467113882303238
0.07241907715797424
0.12325419485569
0.29010075330734253
0.10484838485717773
0.06388907879590988
0.2149873673915863
0.1335785835981369
0.04786400496959686
0.123905710875988
0.25022849440574646
0.07758910208940506
0.07571369409561157
0.25113028287887573
0.16936978697776794
0.07573813199996948
0.08995284140110016
0.30341657996177673
0.2635557949542999
0.1270463764667511
0.28558993339538574
0.1868041455745697
0.10072317719459534
0.32874831557273865
0.5006659626960754
0.5153387188911438
0.2853040397167206
0.6632779240608215
0.551777184009552
0.1253577023744583
0.18931041657924652
0.10436025261878967
0.21308797597885132
0.09970724582672119
0.13509424030780792
0.3561292290687561
0.24661800265312195
0.31339728832244873
0.1732769012451172
0.03253930062055588
0.08249787241220474
0.03862869739532471
0.10368325561285019
0.07421920448541641
0.34731149673461914
0.16448037326335907
0.6801760196685791
0.27711525559425354
0.28210365772247314
0.15985186398029327
0.18951566517353058
0.1400064080953598
0.16827936470508575
0.20677264034748077
0.29606783390045166
0.14039970934391022
0.10541008412837982
0.05903688445687294
0.22003278136253357
0.14750441908836365
0.07698676735162735
0.1603064090013504
0.17279231548309326
0.159337118268013
0.049205232411623
0.2954205870628357
0.15478192269802094
0.21628455817699432
0.2249625325202942
0.14924971759319305
0.24110442399978638
0.14049285650253296
0.22257187962532043
0.14605428278446198
0.19396807253360748
0.13710668683052063
0.4047045409679413
0.1568552553653717
0.5756990313529968
0.6735742688179016
0.39139318466186523
0.5182874202728271
0.295797735452652
0.48861831426620483
0.3715116083621979
0.4604186415672302
0.4104762077331543
0.28436997532844543
0.35173463821411133
0.1656043380498886
0.3345271050930023
0.16035594046115875
0.3679727613925934
0.11330130696296692
0.32355424761772156
0.061142697930336
0.11670413613319397
0.21050572395324707
0.20537692308425903
0.21125906705856323
0.07643554359674454
0.15723766386508942
0.14005865156650543
0.18430374562740326
0.1793932318687439
0.16437238454818726
0.2634621560573578
0.6622487306594849
0.3369002044200897
0.6959072947502136
0.36874672770500183
0.3704971373081207
0.29681313037872314
0.09897929430007935
0.14019791781902313
0.12285620719194412
0.06499116122722626
0.1251499503850937
0.12129463255405426
0.1282721310853958
0.05770489200949669
0.05983738228678703
0.08808806538581848
0.1983688324689865
0.027137137949466705
0.07821450382471085
0.16045084595680237
0.11045118421316147
0.06707338243722916
0.156844824552536
0.09382157772779465
0.020478498190641403
0.07301235944032669
0.035003162920475006
0.020104844123125076
0.010556214489042759
0.05844445899128914
0.015679480507969856
0.05554673448204994
0.31437599658966064
0.04444807022809982
0.16127778589725494
0.12683330476284027
0.06747277081012726
0.14176876842975616
0.09602908045053482
0.012710487470030785
0.08115670084953308
0.05770954117178917
0.024577671661973
0.044813334941864014
0.2641298472881317
0.04258977621793747
0.024210212752223015
0.12878508865833282
0.15160420536994934
0.016115186735987663
0.1867247223854065
0.0275851059705019
0.12808236479759216
0.11108822375535965
0.6410568356513977
0.48853492736816406
0.673277735710144
0.38213005661964417
0.12513622641563416
0.17000660300254822
0.37372133135795593
0.12734927237033844
0.049762241542339325
0.5059174299240112
0.5340121984481812
0.15216045081615448
0.22615034878253937
0.30482661724090576
0.29629355669021606
0.21755750477313995
0.3016557991504669
0.18900594115257263
0.3583693504333496
0.2527565062046051
0.09879035502672195
0.4786490797996521
0.28470149636268616
0.4145423471927643
0.7090014219284058
0.40812698006629944
0.47258028388023376
0.27481478452682495
0.3936116397380829
0.4080621600151062
0.25617992877960205
0.17505694925785065
0.18750780820846558
0.1263195127248764
0.36202508211135864
0.2949509620666504
0.27860501408576965
0.37835168838500977
0.5269237160682678
0.4573877155780792
0.5508047342300415
0.6577088236808777
0.6954284310340881
0.4999609589576721
0.5891531109809875
0.4771875739097595
0.40523865818977356
0.2965281903743744
0.3110045790672302
0.2288973331451416
0.1428336650133133
0.22465790808200836
0.07182430475950241
0.04189075902104378
0.03180713579058647
0.008618809282779694
0.014624466188251972
0.011149239726364613
0.015550987794995308
0.11925329267978668
0.12485361099243164
0.6291760802268982
0.8919268846511841
0.4504290819168091
0.13274480402469635
0.11280465126037598
0.29096609354019165
0.09835295379161835
0.30000582337379456
0.04925285652279854
0.041075266897678375
0.10081510990858078
0.09733299165964127
0.037285346537828445
0.05646467208862305
0.0922946110367775
0.11483170092105865
0.03941801190376282
0.074384406208992
0.018560053780674934
0.03242221847176552
0.0815875306725502
0.15800224244594574
0.22958789765834808
0.6008250117301941
0.3998049795627594
0.25079041719436646
0.49131181836128235
0.22538873553276062
0.09063787013292313
0.062141053378582
0.1545792818069458
0.06184117868542671
0.02667408436536789
0.09012174606323242
0.047191280871629715
0.024331441149115562
0.04102404788136482
0.08401799947023392
0.06239650025963783
0.06128383427858353
0.07073433697223663
0.0951092541217804
0.23224963247776031
0.21058650314807892
0.1963442862033844
0.29127395153045654
0.20221929252147675
0.2624569535255432
0.23962418735027313
0.261073499917984
0.49752822518348694
0.25087684392929077
0.5606839656829834
0.682755708694458
0.9047349095344543
0.7746203541755676
0.40513479709625244
0.40920403599739075
0.35898759961128235
0.18687619268894196
0.07321354746818542
0.07530108839273453
0.03664802387356758
0.10098455101251602
0.053977012634277344
0.08993539959192276
