0.01990392804145813
0.029874661937355995
0.015628792345523834
0.04103730618953705
0.04131559282541275
0.03806260600686073
0.14379170536994934
0.16706497967243195
0.2872675061225891
0.34739813208580017
0.3208679258823395
0.1471145898103714
0.1852681040763855
0.2907412052154541
0.34807315468788147
0.4778422713279724
0.4389227628707886
0.39195215702056885
0.3041496276855469
0.18880529701709747
0.1550590544939041
0.3368207812309265
0.34541600942611694
0.0473191924393177
0.2600993514060974
0.34958165884017944
0.14644403755664825
0.1392427682876587
0.03802259638905525
0.07941590249538422
0.022524626925587654
0.025179937481880188
0.04039795324206352
0.020203525200486183
0.04408617690205574
0.0283588208258152
0.10417026281356812
0.10364924371242523
0.10341588407754898
0.4524664282798767
0.22079451382160187
0.03112202323973179
0.17980271577835083
0.3979879319667816
0.01327473483979702
0.046434301882982254
0.2316797524690628
0.08173606544733047
0.013529742136597633
0.16993631422519684
0.2736411690711975
0.3105406165122986
0.21076060831546783
0.11831539124250412
0.062454953789711
0.048589129000902176
0.015029354020953178
0.04224667325615883
0.018613366410136223
0.027905957773327827
0.018934519961476326
0.060272496193647385
0.027820557355880737
0.2944566309452057
0.1301281899213791
0.024604294449090958
0.12276707589626312
0.17049725353717804
0.12302201241254807
0.17930927872657776
0.1387166678905487
0.2087421715259552
0.08167246729135513
0.2128276228904724
0.23042038083076477
0.16255375742912292
0.04311792179942131
0.13424167037010193
0.19131585955619812
0.07852926105260849
0.03565209358930588
0.1884090006351471
0.09620319306850433
0.192489892244339
0.0626751035451889
0.013478596694767475
0.055158425122499466
0.012569583021104336
0.012927631847560406
0.017635026946663857
0.04701047018170357
0.01360235270112753
0.011688845232129097
0.028182655572891235
0.049265433102846146
0.1897871196269989
0.6905696392059326
0.5773009657859802
0.3345274031162262
0.4861983358860016
0.09453622251749039
0.1695127934217453
0.2016577124595642
0.1305365413427353
0.08793339133262634
0.03256826475262642
0.12026063352823257
0.12067295610904694
0.016084644943475723
0.030990932136774063
0.07530458271503448
0.07942941784858704
0.017185039818286896
0.030817188322544098
0.30264949798583984
0.05685044080018997
0.011612785048782825
0.04944214969873428
0.2515558898448944
0.1701774150133133
0.1354079395532608
0.033227864652872086
0.02958749420940876
0.006572182755917311
0.03465713933110237
0.01572544127702713
0.10061202198266983
0.15742897987365723
0.5688980221748352
0.5918299555778503
0.09644775092601776
0.43555307388305664
0.43282654881477356
0.35574671626091003
0.052026715129613876
0.23536433279514313
0.19992387294769287
0.1278134286403656
0.049281757324934006
0.22890707850456238
0.1940022110939026
0.12611401081085205
0.047466304153203964
0.11111930757761002
0.07782181352376938
0.02806268446147442
0.045790985226631165
0.01738753356039524
0.007475737947970629
0.02138226293027401
0.08951365947723389
0.12710100412368774
0.1937049925327301
0.31394076347351074
0.6057426929473877
0.47378313541412354
0.46559879183769226
0.49211952090263367
0.43867626786231995
0.34668806195259094
0.1142956018447876
0.4019676744937897
0.19840285181999207
0.04877543821930885
0.06876389682292938
0.13127084076404572
0.14265595376491547
0.03189649432897568
0.018546568229794502
0.02332543395459652
0.030296623706817627
0.04453643038868904
0.065559022128582
0.06863034516572952
0.07331538945436478
0.43599626421928406
0.10165558010339737
0.08402494341135025
0.25771185755729675
0.4714191257953644
0.5910073518753052
0.6618836522102356
0.1327122002840042
0.3459548056125641
0.4006038010120392
0.33676600456237793
0.24841134250164032
0.26638033986091614
0.16467499732971191
0.06660304963588715
0.1763356775045395
0.27311471104621887
0.15175636112689972
0.13123400509357452
0.07931814342737198
0.13958042860031128
0.04617748036980629
0.0420977920293808
0.018209662288427353
0.016315408051013947
0.049070969223976135
0.01914326287806034
0.08655986934900284
0.037694670259952545
0.1067793145775795
0.45225048065185547
0.13888253271579742
0.21397195756435394
0.09336376935243607
0.3373258113861084
0.2939895987510681
0.2180599719285965
0.4097854793071747
0.3374846875667572
0.19347360730171204
0.17563769221305847
0.30640068650245667
0.31348058581352234
0.449248731136322
0.246090367436409
0.04540242627263069
0.1616700142621994
0.026302838698029518
0.1088976040482521
0.12238054722547531
0.022335553541779518
0.14648324251174927
0.18857868015766144
0.04238119348883629
0.05571925640106201
0.16240352392196655
0.21311412751674652
0.023487674072384834
0.02456311322748661
0.19657696783542633
0.2827220559120178
0.1570216417312622
0.12854421138763428
0.1097709909081459
0.14587214589118958
0.08209627121686935
0.09389043599367142
0.18073774874210358
0.027478588744997978
0.05186481773853302
0.04516291618347168
0.06751136481761932
0.02946532517671585
0.05123928189277649
0.03174533322453499
0.020841505378484726
0.020001091063022614
0.06122681871056557
0.028727352619171143
0.0185985267162323
0.04425939917564392
0.03301716595888138
0.05444108694791794
0.07124548405408859
0.06248296797275543
