0.614624559879303
0.7813137173652649
0.8916962146759033
0.9264426827430725
0.8635257482528687
0.9006296992301941
0.4338344633579254
0.847006618976593
0.7967051863670349
0.7794187664985657
0.8661681413650513
0.8041616082191467
0.8823806643486023
0.7235583066940308
0.9052292704582214
0.881568968296051
0.7571605443954468
0.7463406324386597
0.48770809173583984
0.7268249988555908
0.5523982048034668
0.5224911570549011
0.6543285250663757
0.5806925892829895
0.6972993016242981
0.5438711643218994
0.5555974245071411
0.6456332802772522
0.3919622302055359
0.8593454957008362
0.7309131622314453
0.6718643307685852
0.6531460881233215
0.634880781173706
0.623113214969635
0.6620000004768372
0.505323588848114
0.5527100563049316
0.6614325642585754
0.6710911989212036
0.773160457611084
0.8677080869674683
0.8309829235076904
0.9138058423995972
0.8823649883270264
0.8879507184028625
0.7782376408576965
0.8168676495552063
0.7317642569541931
0.6174733638763428
0.5928717851638794
0.7078468203544617
0.5244779586791992
0.612912118434906
0.7834920883178711
0.7103267312049866
0.7279707193374634
0.8925429582595825
0.7313349843025208
0.8113449811935425
0.8130377531051636
0.6800858974456787
0.5127646327018738
0.6872109174728394
0.7991330623626709
0.8456262946128845
0.8832689523696899
0.8305996656417847
0.832450270652771
0.8382221460342407
0.7395111322402954
0.7596443295478821
0.813902735710144
0.619296669960022
0.30812954902648926
0.6363340020179749
0.6201003789901733
0.5653059482574463
0.4031450152397156
0.2806198000907898
0.6266698837280273
0.63152676820755
0.3385429084300995
0.6711393594741821
0.7888151407241821
0.9256298542022705
0.9384046196937561
0.7819914817810059
0.8511543869972229
0.7811193466186523
0.8490071892738342
0.659031867980957
0.7169360518455505
0.6864476799964905
0.6109355688095093
0.7301368117332458
0.9023330807685852
0.8001287579536438
0.8236371278762817
0.77720707654953
0.6365232467651367
0.5704123377799988
0.23037931323051453
0.7357035875320435
0.5055034756660461
0.6246969699859619
0.6903718113899231
0.6129619479179382
0.7904419302940369
0.7598145008087158
0.7901543378829956
0.6500418782234192
0.6243119239807129
0.6557530164718628
0.4946860373020172
0.39659935235977173
0.28977811336517334
0.37028035521507263
0.2244712859392166
0.2778617739677429
0.4042714834213257
0.226653054356575
