0.5408109426498413
0.7347854375839233
0.8666446805000305
0.5978199243545532
0.7532606720924377
0.9012076258659363
0.9061091542243958
0.6722584962844849
0.8618242740631104
0.925251841545105
0.9055150151252747
0.8168109059333801
0.9096566438674927
0.9522984027862549
0.9548388719558716
0.8966507315635681
0.8683516383171082
0.9312856793403625
0.9250108003616333
0.7217913866043091
0.8462432026863098
0.9172346591949463
0.6431811451911926
0.7403948307037354
0.831953763961792
0.8101090788841248
0.40056681632995605
0.7759636640548706
0.847355842590332
0.5405444502830505
0.664725661277771
0.567491352558136
0.6223304271697998
0.5211665034294128
0.38156384229660034
0.26227104663848877
0.3404279947280884
0.24839404225349426
0.15334227681159973
0.131642147898674
0.09559018164873123
0.09892270714044571
0.08233273774385452
0.0724392905831337
0.03428502753376961
0.02082921750843525
0.02890603058040142
0.023328714072704315
0.019655223935842514
0.022049089893698692
0.05717693641781807
0.11226478964090347
0.1425592452287674
0.24855820834636688
0.28596368432044983
0.25603389739990234
0.3123442828655243
0.4149858057498932
0.1570190042257309
0.12621468305587769
0.034905631095170975
0.04599817842245102
0.05570383369922638
0.06247396022081375
0.06310368329286575
0.08199669420719147
0.1527721881866455
0.20511187613010406
0.1439637839794159
0.4323701858520508
0.6782577633857727
0.1641136258840561
0.05379876121878624
0.3558622896671295
0.49479416012763977
0.0885540023446083
0.07596249133348465
0.4536930322647095
0.20919810235500336
0.24365366995334625
0.4412437677383423
0.39900580048561096
0.4676564633846283
0.661911129951477
0.808134913444519
0.7155835032463074
0.5730443000793457
0.21873344480991364
0.5948144197463989
0.3809002637863159
0.24009829759597778
0.1842420995235443
0.46330854296684265
0.1544257551431656
0.08543594181537628
0.10849469900131226
0.08256217837333679
0.2006508857011795
0.2390107661485672
0.03947892040014267
0.14340560138225555
0.13953797519207
0.18666760623455048
0.15756085515022278
0.13787037134170532
0.09337189048528671
0.13756950199604034
0.16574741899967194
0.14874759316444397
0.12285441905260086
0.03089396096765995
0.08164211362600327
0.04810817912220955
0.059259071946144104
0.06345117092132568
0.03579036518931389
0.08121836185455322
0.044963184744119644
0.05441711097955704
0.06456833332777023
0.09737656265497208
0.09015748649835587
0.021215954795479774
0.07634646445512772
0.04032161459326744
0.07505432516336441
0.14102323353290558
0.1211986169219017
