0.03253214806318283
0.02160903811454773
0.045588552951812744
0.014796202071011066
0.019944243133068085
0.04401852935552597
0.009877546690404415
0.016850508749485016
0.038201186805963516
0.1298939734697342
0.2797434628009796
0.21298496425151825
0.28630945086479187
0.1846742033958435
0.20883367955684662
0.3728359639644623
0.15546458959579468
0.22189584374427795
0.09559568017721176
0.044559091329574585
0.02014663815498352
0.07671517878770828
0.05867183953523636
0.02212425507605076
0.06454382091760635
0.04608551785349846
0.10041475296020508
0.04507298767566681
0.0898343175649643
0.08108250796794891
0.053515154868364334
0.04213415086269379
0.023629290983080864
0.031956080347299576
0.013692562468349934
0.015411785803735256
0.09367567300796509
0.1315835565328598
0.4285571873188019
0.5639137029647827
0.2951718270778656
0.09433827549219131
0.0686998963356018
0.07035072147846222
0.21941351890563965
0.055110957473516464
0.04824330657720566
0.04784458875656128
0.2824191153049469
0.04043389484286308
0.09294790774583817
0.3623006045818329
0.40901321172714233
0.663682758808136
0.1881326586008072
0.30678853392601013
0.04727538302540779
0.06528402864933014
0.04460647329688072
0.01306213904172182
0.03251756727695465
0.017727460712194443
0.05276374891400337
0.044566113501787186
0.1745692491531372
0.15680374205112457
0.1659068465232849
0.11891521513462067
0.14599356055259705
0.0779120922088623
0.1167542114853859
0.18790625035762787
0.24726563692092896
0.521435558795929
0.3216293454170227
0.24316269159317017
0.4574388861656189
0.5923798680305481
0.2696797549724579
0.19483071565628052
0.7173609733581543
0.4511221945285797
0.23532305657863617
0.17346709966659546
0.13679830729961395
0.3598696291446686
0.18295645713806152
0.5269842147827148
0.36744174361228943
0.6107000708580017
0.40420883893966675
0.697826623916626
0.44117721915245056
0.6865146160125732
0.561532199382782
0.6480922102928162
0.5876352190971375
0.2858230769634247
0.041184987872838974
0.14589367806911469
0.136776864528656
0.2663472294807434
0.038789305835962296
0.14969603717327118
0.45210298895835876
0.2004423886537552
0.10752830654382706
0.40088850259780884
0.5863596796989441
0.2880954146385193
0.2525109648704529
0.0979086384177208
0.13677559792995453
0.1982620358467102
0.03389834985136986
0.03995629772543907
0.05747753381729126
0.08464188128709793
0.087666355073452
0.15694354474544525
0.025250552222132683
0.07729532569646835
0.07100296020507812
0.05987187847495079
0.02522420324385166
0.13787506520748138
0.322076678276062
0.14177381992340088
0.19117029011249542
0.12564308941364288
0.08014015108346939
0.21687176823616028
0.14798814058303833
0.13276638090610504
0.16002324223518372
0.10807108879089355
0.40788137912750244
0.14312894642353058
0.2947770357131958
0.262022465467453
0.16769708693027496
0.23847068846225739
0.1850810945034027
0.07732123881578445
0.20324771106243134
0.184091717004776
0.18779848515987396
0.20841006934642792
0.08429580181837082
0.2552565336227417
0.2829042375087738
0.05545178800821304
0.6503637433052063
0.2748986482620239
0.29900795221328735
0.13399726152420044
0.34294167160987854
0.29729658365249634
0.15154753625392914
0.11734142899513245
0.04507395252585411
0.05923599749803543
0.04562913626432419
0.01591712236404419
0.08885881304740906
0.1143069788813591
0.1062878891825676
0.13652120530605316
0.27116841077804565
0.24945074319839478
0.1998358517885208
0.3548828959465027
0.3780971169471741
0.2658049762248993
0.1774979531764984
0.2327793389558792
0.3377978801727295
0.24851305782794952
0.15784135460853577
0.14979468286037445
0.20042355358600616
0.2976341247558594
0.10099785029888153
0.11434637010097504
0.1580725461244583
0.19400976598262787
0.0687524601817131
0.17377153038978577
0.2937682569026947
0.2933899164199829
0.08111213892698288
0.055429209023714066
0.027407238259911537
0.013452832587063313
0.008354284800589085
0.02330658584833145
0.023744288831949234
0.06171292066574097
0.5533547401428223
0.46004432439804077
0.2797588109970093
0.41818341612815857
0.15665611624717712
0.09177578240633011
0.5425115823745728
0.48917144536972046
0.1138184443116188
0.035637181252241135
0.06692652404308319
0.04891319200396538
0.032390046864748
0.053529996424913406
0.044101107865571976
0.06207641586661339
0.12439601868391037
0.193929985165596
0.03611621633172035
0.10678020864725113
0.11518776416778564
0.1677747517824173
0.09222448617219925
0.15568868815898895
0.09249953925609589
0.07242083549499512
0.07179410755634308
0.28133097290992737
0.2190573811531067
0.14293122291564941
0.4744299352169037
0.4223058819770813
0.3330787122249603
0.3220790922641754
0.4212932288646698
0.19333377480506897
0.2113611251115799
0.3386632800102234
0.11031009256839752
0.4354684352874756
0.5032027363777161
0.43757280707359314
0.46937137842178345
0.6006936430931091
0.6408495306968689
0.6442434191703796
0.8080264925956726
0.9186887741088867
0.7988736033439636
0.8385222554206848
0.7062453031539917
0.820976972579956
0.6694843769073486
0.7517077922821045
0.6809437274932861
0.593165934085846
0.40523889660835266
0.3588046729564667
0.2510641813278198
0.07349423319101334
0.1251928061246872
0.16329431533813477
0.09973225742578506
0.1964617371559143
0.08180664479732513
0.09391622245311737
0.06180981919169426
0.14695137739181519
0.09195071458816528
0.3806277811527252
0.25919094681739807
0.6380386352539062
0.3604414463043213
0.5044776797294617
0.5061729550361633
0.29176658391952515
0.34394922852516174
0.48600074648857117
0.2400396168231964
0.5845502614974976
0.7465593814849854
0.6003633141517639
0.8537425398826599
0.5187332630157471
0.8544887900352478
0.8926583528518677
0.6773949265480042
0.28103891015052795
0.7642097473144531
0.8395339250564575
0.548945963382721
0.16234098374843597
0.686980664730072
0.36562079191207886
0.839069664478302
0.7650223970413208
0.9465305805206299
0.9738674163818359
0.9090622067451477
0.9329870939254761
0.9458262324333191
0.8781225085258484
0.933134913444519
0.8167588114738464
0.8776280879974365
0.2720711827278137
0.299913614988327
0.4378126859664917
0.45423445105552673
0.6574172973632812
0.664114773273468
0.49440282583236694
0.6221960186958313
0.5661676526069641
0.6144881248474121
0.3489459156990051
0.712008535861969
0.16686873137950897
0.5164511799812317
0.13916859030723572
0.1316259354352951
0.09164212644100189
0.07917559891939163
0.09467004984617233
0.06317075341939926
0.09089914709329605
0.06407460570335388
0.08247295767068863
0.11971665918827057
0.06855759769678116
0.539023756980896
0.13031210005283356
0.2443881332874298
0.15247543156147003
0.33816272020339966
0.2874284088611603
0.2008894979953766
0.44566234946250916
0.27617165446281433
0.6389501690864563
0.32947272062301636
0.5036110281944275
0.08871851861476898
0.11415467411279678
0.1105288490653038
