0.7971363067626953
0.8489025235176086
0.8159773945808411
0.8543660044670105
0.7004764676094055
0.6979253888130188
0.6744477152824402
0.6239524483680725
0.5301399230957031
0.8137356638908386
0.6008225083351135
0.7908537983894348
0.4537879228591919
0.4874979257583618
0.4661271870136261
0.15719671547412872
0.5303741693496704
0.7234075665473938
0.7926498651504517
0.7604674100875854
0.9139161705970764
0.6544820070266724
0.7717520594596863
0.8111602663993835
0.7570989727973938
0.6929617524147034
0.5370615720748901
0.5281593799591064
0.709348201751709
0.529390811920166
0.7070674896240234
0.7134779691696167
0.7849532961845398
0.8067441582679749
0.8834212422370911
0.91286301612854
0.8592904806137085
0.643372654914856
0.7754828929901123
0.5909588932991028
0.7534673810005188
0.19942565262317657
0.5249444842338562
0.4125879406929016
0.5714333057403564
0.6560284495353699
0.724155604839325
0.7402833104133606
0.5195329189300537
0.5626132488250732
0.6686728000640869
0.3222193419933319
0.2467503845691681
0.6019400358200073
0.5303649306297302
0.24495792388916016
0.45102691650390625
0.3728237450122833
0.21037565171718597
0.20012636482715607
0.43492114543914795
0.41019073128700256
0.553839385509491
0.4183315634727478
0.6667395234107971
0.7187858819961548
0.7189955115318298
0.2378985583782196
0.26065152883529663
0.3061907887458801
0.18208016455173492
0.31924667954444885
0.19931040704250336
0.4273620545864105
0.14706356823444366
0.33103641867637634
0.0675133690237999
0.05598682165145874
0.10722887516021729
0.24562984704971313
0.17912735044956207
0.1246279627084732
0.22526903450489044
0.282064825296402
0.4165508449077606
0.09572237730026245
0.11420586705207825
0.44951000809669495
0.12014322727918625
0.09010675549507141
0.41111284494400024
0.5313686728477478
0.4784182608127594
0.14750124514102936
0.37640613317489624
0.4816186726093292
0.1948995143175125
0.19304664433002472
0.11162641644477844
0.09255768358707428
0.437253475189209
0.17013822495937347
0.33214402198791504
0.29562509059906006
0.18333716690540314
0.09809813648462296
0.22095385193824768
0.5925607681274414
0.6173627376556396
0.740429699420929
0.4561305046081543
0.34741315245628357
0.4533204436302185
0.6967034935951233
0.5225216746330261
0.289387971162796
0.4315684139728546
0.1371048241853714
0.26440390944480896
0.09187430888414383
0.23298239707946777
0.08829734474420547
0.4450784921646118
0.3301222026348114
0.5694375038146973
0.46984508633613586
0.3766142427921295
0.48957598209381104
0.13216249644756317
0.2320406436920166
0.04134861007332802
0.21955998241901398
0.07990870624780655
0.35196977853775024
0.20392023026943207
0.5446557402610779
0.2182105928659439
0.3332523703575134
0.2992722690105438
0.3013564646244049
0.49013519287109375
0.44605982303619385
0.5492913126945496
0.4809608459472656
0.3475722670555115
0.23490963876247406
0.18874968588352203
0.37488284707069397
0.15942859649658203
0.3317444622516632
0.053388550877571106
0.21116292476654053
0.054989974945783615
0.25025901198387146
0.10663802921772003
0.5287265181541443
0.23450303077697754
0.6389746069908142
0.3543318808078766
0.4430009722709656
0.5426166653633118
0.13752444088459015
0.3401343524456024
0.12284551560878754
0.34418874979019165
0.07484740763902664
0.2934551537036896
0.05364295467734337
0.11003944277763367
0.10324422270059586
0.2796761393547058
0.07583913952112198
0.3094700872898102
0.2454914003610611
0.19396063685417175
0.1805192232131958
0.24068231880664825
0.14061732590198517
0.04155374690890312
0.09115324914455414
0.0714077278971672
0.11602678894996643
0.049767591059207916
0.19249041378498077
0.09842481464147568
0.21135050058364868
0.0897492840886116
0.20788569748401642
0.24918313324451447
0.41379013657569885
0.3400161564350128
0.5829501748085022
0.3664829730987549
0.3163227438926697
0.34564533829689026
0.1861376315355301
0.21723473072052002
0.0885734036564827
0.11797528713941574
0.10785572230815887
0.15524441003799438
0.05471527948975563
0.1502387672662735
0.05738817900419235
0.05247578024864197
0.06533095985651016
0.06387631595134735
0.06599541753530502
0.05394063517451286
0.32197603583335876
0.07810934633016586
0.16293255984783173
0.20297940075397491
0.255262553691864
0.3070233166217804
0.3600774109363556
0.2758626341819763
0.24909533560276031
0.20130443572998047
0.17820437252521515
0.12546010315418243
0.11211080104112625
0.13000284135341644
0.04462471976876259
0.09169548004865646
0.058880824595689774
0.055835623294115067
0.06339752674102783
0.05229628086090088
0.07804065197706223
0.055493880063295364
0.1448696404695511
0.11767472326755524
0.20249652862548828
0.05970335006713867
0.1328299194574356
0.2547726333141327
0.26326465606689453
0.19505439698696136
0.41594943404197693
0.39474987983703613
0.5008926391601562
0.379011869430542
0.09949468076229095
0.2349482625722885
0.03918786346912384
0.05544130131602287
0.06459903717041016
0.11281951516866684
0.07401051372289658
0.10204257071018219
0.09153527766466141
0.09478027373552322
0.04404797405004501
0.09986995160579681
0.15856093168258667
0.13066375255584717
0.10354575514793396
0.09900884330272675
0.08530036360025406
0.093499556183815
0.13017365336418152
0.1654365062713623
0.03245899826288223
0.23207299411296844
0.03549325093626976
0.19800345599651337
0.1517978310585022
0.7086753249168396
0.5254494547843933
0.8343329429626465
0.7098820805549622
0.8324697613716125
0.7405638694763184
0.7618586421012878
0.29394689202308655
0.6421607136726379
0.1908462792634964
0.08627355098724365
0.10553132742643356
0.1475309580564499
0.07027710229158401
0.14081044495105743
0.1362728625535965
0.21844565868377686
0.18199296295642853
0.20994727313518524
0.15841658413410187
0.1354760229587555
0.20004232227802277
0.30670514702796936
0.1415078192949295
0.30418846011161804
0.1538110375404358
0.6520989537239075
0.34692975878715515
0.7775701284408569
0.4839463233947754
0.8432993292808533
0.7063802480697632
0.8685885667800903
