0.5518071055412292
0.7737207412719727
0.41378429532051086
0.8490797281265259
0.8993943333625793
0.886652946472168
0.660773754119873
0.46565839648246765
0.1987258940935135
0.2267797589302063
0.12197025865316391
0.11181468516588211
0.29525026679039
0.28519442677497864
0.5070770382881165
0.1924106627702713
0.2922476828098297
0.424034982919693
0.6593952775001526
0.6251797080039978
0.8165882229804993
0.9190237522125244
0.3330833613872528
0.30391407012939453
0.12643341720104218
0.05688846856355667
0.06299737095832825
0.03881349787116051
0.1089123860001564
0.18070688843727112
0.11199777573347092
0.07415971904993057
0.12401318550109863
0.17090220749378204
0.08616999536752701
0.060208506882190704
0.06386350095272064
0.08667373657226562
0.11636989563703537
0.23690421879291534
0.46284860372543335
0.8772373795509338
0.6347055435180664
0.9504005908966064
0.8703450560569763
0.9656227827072144
0.8800671696662903
0.47440147399902344
0.7141495943069458
0.8922741413116455
0.5031751394271851
0.1691024899482727
0.551662027835846
0.5319374799728394
0.13657529652118683
0.09254199266433716
0.34871265292167664
0.06342624127864838
0.05217866972088814
0.1181412935256958
0.10317502915859222
0.02487920969724655
0.09502128511667252
0.09007460623979568
0.2594439685344696
0.05529646947979927
0.010410569608211517
0.09930402785539627
0.037001628428697586
0.05654843524098396
0.0705176368355751
0.13511593639850616
0.20443737506866455
0.5959961414337158
0.7817544937133789
0.9030550122261047
0.6141127943992615
0.97808438539505
0.909186601638794
0.37630316615104675
0.8445493578910828
0.9292358756065369
0.7453883290290833
0.5228975415229797
0.8752675652503967
0.8180277347564697
0.8373644351959229
0.7800717353820801
0.8906105756759644
0.8939234614372253
0.7175477743148804
0.31819355487823486
0.4023073613643646
0.2863309681415558
0.6304953694343567
0.33170005679130554
0.24241621792316437
0.23706994950771332
0.1589529812335968
0.2969345450401306
0.2175922691822052
0.42326265573501587
0.4194810092449188
0.9184888005256653
0.9157214760780334
0.8081225156784058
0.5329959988594055
0.21919085085391998
0.21334262192249298
0.6875741481781006
0.4303126335144043
0.39060699939727783
0.7746961116790771
0.46719783544540405
0.522921621799469
0.8256176114082336
0.8160317540168762
0.8816407322883606
0.8644846677780151
0.723484218120575
0.7001574039459229
0.22148248553276062
0.7149635553359985
0.49866431951522827
0.2220914363861084
0.413010835647583
0.34875667095184326
0.25652098655700684
0.16943897306919098
0.1348789632320404
0.17679737508296967
0.30281832814216614
0.09936627000570297
0.46378570795059204
0.39384618401527405
0.795637309551239
0.9159620404243469
0.9257801175117493
0.9169668555259705
0.9467184543609619
0.8705465197563171
0.9384678602218628
0.9316447377204895
0.9705952405929565
0.9579575061798096
0.8985012769699097
0.8660747408866882
0.8925501704216003
0.2647567391395569
0.7101786732673645
0.9352874755859375
0.24401728808879852
0.23564468324184418
0.9321374893188477
0.858044445514679
0.10940684378147125
0.6637116074562073
0.8344935178756714
0.7507818341255188
0.44694751501083374
0.6516340374946594
0.7674264311790466
0.5024397373199463
0.5893542766571045
0.7063663005828857
0.5307413935661316
0.4419384300708771
0.7695232033729553
0.7671805024147034
0.7624242901802063
0.9516593217849731
0.9155707955360413
0.6854813694953918
0.7378642559051514
0.7666897773742676
0.7820304036140442
0.5740082859992981
0.597261905670166
0.5055700540542603
0.49211713671684265
0.5319698452949524
0.7613704800605774
0.7300437092781067
0.8476439714431763
0.5055903196334839
0.4967937469482422
0.4991421103477478
0.5806117653846741
0.3439621031284332
0.536709725856781
0.7358692288398743
0.4652853012084961
0.41548535227775574
0.5792292356491089
0.6961801052093506
0.6163487434387207
