0.4367481470108032
0.4530884325504303
0.3702799379825592
0.09045124799013138
0.04637002572417259
0.04886985570192337
0.04623669385910034
0.11960187554359436
0.4210297167301178
0.33814147114753723
0.3264015316963196
0.22197440266609192
0.1297706514596939
0.1685086041688919
0.45629826188087463
0.19607795774936676
0.14996285736560822
0.41659435629844666
0.6501952409744263
0.357340544462204
0.3701658248901367
0.5225459933280945
0.8332923054695129
0.8796146512031555
0.8054772019386292
0.5702422261238098
0.5923426151275635
0.5014851689338684
0.4400618374347687
0.2478000819683075
0.5889689922332764
0.5003623962402344
0.4407017230987549
0.40723440051078796
0.2899886667728424
0.43373775482177734
0.18388693034648895
0.40063849091529846
0.10784430056810379
0.2953125536441803
0.27038946747779846
0.5939778685569763
0.7009800672531128
0.5001306533813477
0.16518503427505493
0.6458281874656677
0.2752310633659363
0.6625236868858337
0.5581009984016418
0.274609237909317
0.05964905023574829
0.4762447774410248
0.08507844805717468
0.03260941058397293
0.009422998875379562
0.26936817169189453
0.11920547485351562
0.1110696792602539
0.018061663955450058
0.07921401411294937
0.15230514109134674
0.02745283581316471
0.21714861690998077
0.2892541289329529
0.2726733982563019
0.287760466337204
0.18262724578380585
0.2593544125556946
0.1722278743982315
0.36438778042793274
0.3531663417816162
0.07647554576396942
0.04735741391777992
0.015388710424304008
0.0472957044839859
0.09624160826206207
0.4082123935222626
0.24142567813396454
0.1507115513086319
0.4969400465488434
0.40218931436538696
0.4595150947570801
0.6805791258811951
0.6569058895111084
0.5172476768493652
0.3545646071434021
0.24680015444755554
0.05298265442252159
0.038035303354263306
0.2474822998046875
0.19712404906749725
0.46398672461509705
0.32064640522003174
0.6048747301101685
0.8091719150543213
0.6244044303894043
0.5725660920143127
0.7657129168510437
0.7988848090171814
0.9390063881874084
0.823375940322876
0.9702964425086975
0.9069170355796814
0.8985188603401184
0.8331602215766907
0.5793571472167969
0.6716505289077759
0.3782685399055481
0.5072442889213562
0.36473825573921204
0.2688625156879425
0.2973494827747345
0.37794065475463867
0.34987276792526245
0.5037846565246582
0.4734492301940918
0.5806089043617249
0.39594337344169617
0.527312695980072
0.5390675663948059
0.40085369348526
0.36938297748565674
0.18109284341335297
0.3355746269226074
0.29421210289001465
0.4763311445713043
0.6892339587211609
0.6392212510108948
0.5601023435592651
0.5575537085533142
0.5629077553749084
0.4954473674297333
0.23917272686958313
0.3277263939380646
0.4433386027812958
0.4941334128379822
0.5865419507026672
0.3754984140396118
0.5889363884925842
0.6391347050666809
0.44196152687072754
0.7965854406356812
0.8609073758125305
0.8622947335243225
0.8929678797721863
0.7541203498840332
0.9558871388435364
0.9003424048423767
0.5853485465049744
0.41992250084877014
0.34898853302001953
0.8829799890518188
0.7650671005249023
0.2338368445634842
0.7850229144096375
0.9608396887779236
0.285855233669281
0.19195474684238434
0.922368049621582
0.9521328806877136
0.34013065695762634
0.7003472447395325
0.9546106457710266
0.8895947337150574
0.7512848973274231
0.9380868077278137
0.9316392540931702
0.8542230725288391
0.9207830429077148
0.9185779690742493
