0.2699663043022156
0.1676057130098343
0.05105337128043175
0.010852755978703499
0.021535955369472504
0.0075551546178758144
0.01967572420835495
0.04265220835804939
0.014404058456420898
0.07412175089120865
0.17862004041671753
0.12152162194252014
0.11348627507686615
0.08114604651927948
0.2905380427837372
0.5966712832450867
0.7604199051856995
0.3945639729499817
0.534787118434906
0.34451034665107727
0.4324837923049927
0.11062736064195633
0.23726555705070496
0.337951123714447
0.07432858645915985
0.37254634499549866
0.20306357741355896
0.033011604100465775
0.07096153497695923
0.14922161400318146
0.06133458390831947
0.015001771040260792
0.06891901791095734
0.11510668694972992
0.04750614985823631
0.05363534390926361
0.23173053562641144
0.11546778678894043
0.3384144604206085
0.25811025500297546
0.11657997220754623
0.3729311525821686
0.14922520518302917
0.48837462067604065
0.4383631944656372
0.13885442912578583
0.10012573003768921
0.06063230335712433
0.03598271682858467
0.15366283059120178
0.2453533262014389
0.3892589211463928
0.34433063864707947
0.6926177740097046
0.7623744606971741
0.848015308380127
0.5645189881324768
0.7245092988014221
0.6582245826721191
0.45196497440338135
0.2840687334537506
0.6957696676254272
0.670032799243927
0.6477378606796265
0.8244903087615967
0.7116650342941284
0.5227672457695007
0.6455845832824707
0.6029615998268127
0.8698165416717529
0.563171923160553
0.76813805103302
0.6710507273674011
0.7237484455108643
0.6816061735153198
0.7657421827316284
0.6242687702178955
0.6559699773788452
0.7752863764762878
0.7747437953948975
0.6697254776954651
0.6500042080879211
0.6532629132270813
0.6374516487121582
0.5566937327384949
0.7142779231071472
0.7376518249511719
0.5681377649307251
0.7263807058334351
0.3052218556404114
0.7091565132141113
0.5147241950035095
0.45254746079444885
0.3374037444591522
0.10374484211206436
0.40977177023887634
0.6809899210929871
0.7491405606269836
0.586094856262207
0.7230992913246155
0.15442650020122528
0.12841585278511047
0.2716640830039978
0.08501454442739487
0.13147760927677155
0.4056670665740967
0.18551376461982727
0.04420832172036171
0.25840404629707336
0.47285929322242737
0.21896272897720337
0.23307392001152039
0.6407514810562134
0.6054695248603821
0.5424842834472656
0.7827761769294739
0.46249309182167053
0.5105680227279663
0.45308223366737366
0.1789313554763794
0.44049355387687683
0.2617267072200775
0.3871273994445801
0.8167533278465271
0.7930095195770264
0.8265461921691895
0.8705101013183594
0.63421231508255
0.7030465006828308
0.6823153495788574
0.436519593000412
0.24086256325244904
0.1954779475927353
0.3479771614074707
0.6450334787368774
0.38429567217826843
0.7479628324508667
0.6792277693748474
0.7146748900413513
0.7470324635505676
0.7305281162261963
0.7421243786811829
0.4546974003314972
0.5645681619644165
0.10644927620887756
0.2864316403865814
0.6114858984947205
0.5757675766944885
0.14855735003948212
0.5022460222244263
0.6324312686920166
0.5042124390602112
0.48978132009506226
0.13124756515026093
0.2748400568962097
0.0653085857629776
0.006569064222276211
0.06482179462909698
0.0033101062290370464
0.010549996979534626
0.008957657031714916
0.0315178781747818
0.05654509365558624
0.03146698698401451
0.09727107733488083
0.2944847643375397
0.0788782387971878
0.01156849879771471
0.08484377712011337
0.28530386090278625
0.03786754980683327
0.004651359748095274
0.1023247167468071
0.1566082090139389
0.039179060608148575
0.036418367177248
0.39469337463378906
0.4186365306377411
0.1866394728422165
0.21720542013645172
0.08248207718133926
0.009000358171761036
0.010738581418991089
0.0039108144119381905
0.010601161979138851
0.018178019672632217
0.017610711976885796
0.019318457692861557
0.019029978662729263
0.07246320694684982
0.06560887396335602
0.3233453631401062
0.16037127375602722
0.4050575792789459
0.15319645404815674
0.09087008237838745
0.05527723208069801
0.06430254876613617
0.049367353320121765
0.023057598620653152
0.056395310908555984
0.01628575287759304
0.029942072927951813
0.024279136210680008
0.040912676602602005
0.007664490025490522
0.015390397980809212
0.021135903894901276
0.060928549617528915
0.03794142231345177
0.011752709746360779
0.02395664155483246
0.01136140339076519
0.04608951136469841
0.04520783573389053
0.05177610367536545
