0.11531983315944672
0.2963120639324188
0.19511382281780243
0.38998016715049744
0.2308163344860077
0.6944758892059326
0.5373671054840088
0.6686376333236694
0.8754194974899292
0.8922243118286133
0.9325840473175049
0.9699649810791016
0.8910624384880066
0.8917475938796997
0.46207019686698914
0.3961051404476166
0.18830935657024384
0.5417380928993225
0.2642331123352051
0.4264996647834778
0.13534291088581085
0.2772235870361328
0.3720357418060303
0.17207582294940948
0.6729215979576111
0.24196560680866241
0.6817189455032349
0.26642730832099915
0.7177498936653137
0.27027997374534607
0.8687750697135925
0.642327606678009
0.7529568672180176
0.8471395373344421
0.8813392519950867
0.6221907734870911
0.8873231410980225
0.8657357692718506
0.9253522157669067
0.793628454208374
0.780677080154419
0.8281881809234619
0.8749832510948181
0.8451789021492004
0.8077812790870667
0.5937851667404175
0.7621856927871704
0.5846872925758362
0.8829709887504578
0.37304216623306274
0.7515658140182495
0.24874387681484222
0.8655460476875305
0.6948363184928894
0.7325685620307922
0.7966538667678833
0.8463002443313599
0.897471010684967
0.7158268094062805
0.711563766002655
0.8716005682945251
0.7230392098426819
0.3866533637046814
0.8622573018074036
0.8499564528465271
0.2435813695192337
0.4459340274333954
0.8718087673187256
0.7752554416656494
0.11711344867944717
0.7302131652832031
0.8364492058753967
0.6079834699630737
0.1601669192314148
0.7347334027290344
0.8527873158454895
0.5895183086395264
0.5279050469398499
0.7879023551940918
0.654822587966919
0.780466616153717
0.8492965698242188
0.7907784581184387
0.8216919898986816
0.8411885499954224
0.7335079312324524
0.6032037138938904
0.474953293800354
0.8304805755615234
0.39740949869155884
0.7446053624153137
0.2647680342197418
0.9129066467285156
0.43714141845703125
0.870968759059906
0.777947187423706
0.3957928419113159
0.19638127088546753
0.12971486151218414
0.3088778555393219
0.5083103775978088
0.6113511323928833
0.46879372000694275
0.38801923394203186
0.5496123433113098
0.291805237531662
0.14378945529460907
0.21482552587985992
0.5010078549385071
0.23660808801651
0.2080070823431015
0.13176549971103668
0.43075910210609436
0.5996761918067932
0.08736345916986465
0.24327240884304047
0.7833722233772278
0.571747899055481
0.16539669036865234
0.5142421722412109
0.9127377271652222
0.7211295962333679
0.5440646409988403
0.8841106295585632
0.7158474922180176
0.8477480411529541
0.8600991368293762
0.857495903968811
0.7593175172805786
0.6947796940803528
0.4156249165534973
0.31915807723999023
0.30397212505340576
0.09695503860712051
0.10777115821838379
0.1584605574607849
0.07042807340621948
0.20013049244880676
0.2364335060119629
0.39586544036865234
0.26816844940185547
0.19398364424705505
0.19695262610912323
0.24294233322143555
0.3708457946777344
0.25460630655288696
0.1978512853384018
0.2052289843559265
0.17676524817943573
0.23906022310256958
0.1945260614156723
0.3013197183609009
0.24540109932422638
0.1506292074918747
0.2975534200668335
0.20188619196414948
0.2034454643726349
0.38191914558410645
0.2832694947719574
0.4201313555240631
0.4006566107273102
0.3947847783565521
0.3229016065597534
0.4045563340187073
0.5085068941116333
0.621189296245575
0.303326278924942
0.5885892510414124
0.6727060079574585
0.4642173945903778
0.25718429684638977
0.4745984673500061
0.6830740571022034
0.7620687484741211
0.826927661895752
0.8984299898147583
0.9334433078765869
0.7669426798820496
0.7949891686439514
0.9380249381065369
0.9136154651641846
0.8750486969947815
0.8959222435951233
0.8377610445022583
0.7835544943809509
0.7780436277389526
0.7195539474487305
0.9275810718536377
0.7456415295600891
0.5915718078613281
0.8143969178199768
0.8908055424690247
0.46243444085121155
0.2957761883735657
0.7857446670532227
0.6001278758049011
0.3793179392814636
0.12343064695596695
0.46876415610313416
0.24479760229587555
0.22001393139362335
0.14511264860630035
0.2369857132434845
0.1490606814622879
0.3393629789352417
0.3913336396217346
0.24543817341327667
0.2997834384441376
0.6951977014541626
0.7431190609931946
0.4808349013328552
0.521327018737793
0.7921629548072815
0.7605916857719421
0.5501663088798523
0.6790242195129395
0.8523132801055908
0.7570032477378845
0.7371076941490173
0.8808436393737793
0.8966334462165833
0.7980432510375977
0.7934232950210571
