0.06687693297863007
0.05834944546222687
0.09702672064304352
0.042166709899902344
0.07596902549266815
0.1786714792251587
0.14020784199237823
0.08245652168989182
0.06896457821130753
0.35458359122276306
0.35477012395858765
0.20321881771087646
0.3981381058692932
0.4500845968723297
0.5073720216751099
0.09738926589488983
0.6300182938575745
0.5739465951919556
0.3594799339771271
0.5222699046134949
0.6988468766212463
0.7191799283027649
0.6589277386665344
0.6249039173126221
0.5795778036117554
0.13851594924926758
0.21057704091072083
0.11349386721849442
0.057857051491737366
0.032267551869153976
0.04739828407764435
0.07701592892408371
0.12434158474206924
0.04389055818319321
0.08593191206455231
0.15755192935466766
0.1250876486301422
0.22354242205619812
0.3764127790927887
0.7745705842971802
0.7915168404579163
0.8906131386756897
0.8824918866157532
0.869400680065155
0.7615675330162048
0.5089564919471741
0.5090630650520325
0.3170589506626129
0.2924850285053253
0.21313758194446564
0.4010292589664459
0.18615075945854187
0.18633495271205902
0.08474213629961014
0.274183452129364
0.23958924412727356
0.09940475970506668
0.19806928932666779
0.10321665555238724
0.11427444964647293
0.07238403707742691
0.049462657421827316
0.10081697255373001
0.08762212097644806
0.05619515851140022
0.03957192972302437
0.031806398183107376
0.06060640886425972
0.2873498499393463
0.16474466025829315
0.6108153462409973
0.18555067479610443
0.6230114102363586
0.7460091710090637
0.2154427021741867
0.4575172960758209
0.8787142038345337
0.8010997772216797
0.32143741846084595
0.8518146276473999
0.9346873164176941
0.3586132228374481
0.674267053604126
0.4208754599094391
0.4143529534339905
0.372355580329895
0.08345922827720642
0.24179799854755402
0.06655046343803406
0.19315946102142334
0.15521900355815887
0.12673354148864746
0.08942839503288269
0.31138086318969727
0.2942298352718353
0.5493065118789673
0.14191149175167084
0.17978249490261078
0.47044965624809265
0.28011003136634827
0.29477769136428833
0.24843433499336243
0.41391125321388245
0.3252027928829193
0.4199797809123993
0.567285418510437
0.6681022644042969
0.6468274593353271
0.781023383140564
0.861005961894989
0.8813088536262512
0.8887524604797363
0.9114670157432556
0.9051811695098877
0.6476873755455017
0.8148860931396484
0.2599423825740814
0.41472044587135315
0.1565151959657669
0.12672775983810425
0.21642881631851196
0.11361650377511978
0.16679011285305023
0.24233762919902802
0.5201508402824402
0.466519296169281
0.5448583960533142
0.3468760550022125
0.3940294682979584
0.37650978565216064
0.20968811213970184
0.1490965038537979
0.0940319299697876
0.07114652544260025
0.10852551460266113
0.1259300857782364
0.10029468685388565
0.2080472707748413
0.438738077878952
0.44363752007484436
0.6745346188545227
0.7281584143638611
0.2895284593105316
0.696488618850708
0.8583777546882629
0.7014313340187073
0.24040861427783966
0.8052893877029419
0.8897978663444519
0.2791353762149811
0.5107177495956421
0.8964451551437378
0.730061948299408
0.4326704442501068
0.6248200535774231
0.5835574865341187
0.22606894373893738
0.6528065800666809
0.16320791840553284
0.1506621390581131
0.1936875581741333
0.3704676032066345
0.2577960193157196
0.20049028098583221
0.2441823035478592
0.16933508217334747
0.481437623500824
0.4886322021484375
0.6944677233695984
0.27586597204208374
0.6010230183601379
0.7593104243278503
0.8512929677963257
0.8301865458488464
0.7521749138832092
0.9060329794883728
0.831137478351593
0.9138285517692566
0.6906026005744934
0.8389117121696472
0.4432704448699951
0.3503429591655731
0.2307245284318924
0.30743858218193054
0.3809479773044586
0.3512890338897705
0.11894170194864273
0.3151494562625885
0.18008066713809967
0.1301688253879547
0.16659757494926453
0.20316821336746216
0.19954141974449158
0.21249115467071533
0.1611754447221756
0.11042161285877228
0.23215477168560028
0.24306698143482208
0.3703354001045227
0.3418042063713074
0.3494032919406891
0.20125021040439606
0.5588440895080566
0.5699419975280762
0.20563049614429474
0.3682394325733185
0.6051539778709412
0.3293832838535309
0.20750434696674347
0.7592258453369141
0.5663346648216248
0.38779836893081665
0.8819640278816223
0.8145295977592468
0.5627503395080566
0.5949405431747437
0.37426814436912537
0.28921496868133545
0.15771864354610443
0.14105044305324554
0.1214844137430191
0.09016654640436172
0.1660066843032837
0.09714693576097488
0.3267618715763092
0.4772684872150421
0.3933083117008209
0.4259311854839325
0.1969873160123825
0.18081159889698029
0.1132374182343483
0.2474314421415329
0.34735655784606934
0.36114588379859924
0.41055169701576233
0.5675266981124878
0.2123851329088211
0.21412727236747742
0.2822215259075165
0.4618857800960541
0.32901817560195923
0.3693324625492096
0.3307778239250183
0.45679178833961487
0.32008975744247437
0.6622552871704102
0.5516780018806458
0.6998378038406372
0.7639411687850952
