0.2807990312576294
0.2944733798503876
0.2947617471218109
0.339885413646698
0.2876998484134674
0.32796335220336914
0.1465335637331009
0.30581945180892944
0.1629287749528885
0.31133833527565
0.23569509387016296
0.3302220106124878
0.22312031686306
0.17770063877105713
0.3248980641365051
0.24089638888835907
0.25034084916114807
0.42814943194389343
0.39394113421440125
0.5612204670906067
0.6120849847793579
0.5539412498474121
0.3533309996128082
0.45744937658309937
0.6104971766471863
0.6093637347221375
0.5861871242523193
0.3161757290363312
0.6656126379966736
0.7560569047927856
0.5824503898620605
0.3556896448135376
0.8686880469322205
0.8238397836685181
0.5903986692428589
0.33331626653671265
0.9142286777496338
0.8378307819366455
0.21952234208583832
0.6105373501777649
0.840967059135437
0.5686697959899902
0.2664455473423004
0.5956025719642639
0.5956719517707825
0.5043846964836121
0.4615626931190491
0.29338231682777405
0.3106745481491089
0.41387739777565
0.6109755635261536
0.7571402788162231
0.5969569087028503
0.6244743466377258
0.7743595838546753
0.7154582142829895
0.6489900350570679
0.5330651998519897
0.5982943773269653
0.589408814907074
0.5874342918395996
0.5054066777229309
0.5182260870933533
0.36040422320365906
0.4335004985332489
0.2848975956439972
0.5013843774795532
0.43573400378227234
0.43048331141471863
0.330385684967041
0.8148485422134399
0.5657886862754822
0.20772892236709595
0.4818948209285736
0.7294750809669495
0.4413757920265198
0.3824758529663086
0.316813588142395
0.47959104180336
0.43773555755615234
0.3913170099258423
0.41092783212661743
0.333242267370224
0.39167720079421997
0.4029703140258789
0.3627457320690155
0.4367705285549164
0.6479722261428833
0.5186460614204407
0.4244948923587799
0.410043865442276
0.28639930486679077
0.23436027765274048
0.19745995104312897
0.2380973845720291
0.18597260117530823
0.23133595287799835
0.19055554270744324
0.33546653389930725
0.2862159013748169
0.40098899602890015
0.3163715898990631
0.5156233906745911
0.6172278523445129
0.791070282459259
0.7218466401100159
0.6374355554580688
0.4855729639530182
0.6388947367668152
0.4029468297958374
0.7910261154174805
0.6959074139595032
0.644450843334198
0.4293326437473297
0.2826714813709259
0.44914448261260986
0.4992794096469879
0.544086217880249
0.501905083656311
0.6954420208930969
0.2155613899230957
0.3103448450565338
0.2162596732378006
0.23954659700393677
0.31851235032081604
0.46599096059799194
0.5122949481010437
0.8111283779144287
0.7387314438819885
0.7570332288742065
0.8776372075080872
0.8223106265068054
0.9144240617752075
0.7690200209617615
0.36122217774391174
0.33338671922683716
0.7309840321540833
0.6526351571083069
0.20639511942863464
0.3405887186527252
0.7850539088249207
0.562063455581665
0.2107454240322113
0.23549816012382507
0.5568365454673767
0.21536551415920258
0.3323615491390228
0.17719998955726624
0.3233654499053955
0.6519865393638611
0.7097328305244446
0.2433168590068817
0.4161439836025238
0.5333600044250488
0.5132583975791931
0.35238873958587646
0.5170480012893677
0.467992901802063
0.5350305438041687
0.5912884473800659
0.37700119614601135
0.5728135704994202
0.3987482190132141
0.5803093314170837
0.7402611970901489
0.9045020341873169
0.8874091506004333
0.8483129143714905
0.8765138983726501
0.7665311694145203
0.7143992781639099
0.7739549279212952
0.8706434369087219
0.6926382780075073
0.5215477347373962
0.268478125333786
0.3929503262042999
0.3979581892490387
0.1542551964521408
0.5650540590286255
0.5214272141456604
0.5029266476631165
0.40524235367774963
0.5705393552780151
0.5504902005195618
0.4183287024497986
0.5034034848213196
0.5456259846687317
0.6977463364601135
0.5609464049339294
0.5351902842521667
0.22597646713256836
0.3915788531303406
0.29967033863067627
0.2425699234008789
0.4471571743488312
0.4228750765323639
