0.6348596811294556
0.8420410752296448
0.5623827576637268
0.6482315063476562
0.42948007583618164
0.5402164459228516
0.5577568411827087
0.6980631947517395
0.5831621885299683
0.6660545468330383
0.6712728142738342
0.6436215043067932
0.9376003742218018
0.9064001441001892
0.7815868258476257
0.4886249899864197
0.5884672403335571
0.6068793535232544
0.6573786735534668
0.7840550541877747
0.9163477420806885
0.9079265594482422
0.9200102686882019
0.97016841173172
0.9626606106758118
0.9346584677696228
0.8792041540145874
0.9555387496948242
0.8718953728675842
0.9375312924385071
0.86649489402771
0.9395449161529541
0.7027450203895569
0.6810492277145386
0.7925123572349548
0.6478651165962219
0.6751978993415833
0.6931004524230957
0.5334046483039856
0.5650631189346313
0.77241051197052
0.7213113307952881
0.7346169352531433
0.7148793339729309
0.8803587555885315
0.8895618915557861
0.8778075575828552
0.7796308994293213
0.9040277600288391
0.9153320789337158
0.8656226992607117
0.7987883687019348
0.765133798122406
0.4348337650299072
0.5834915041923523
0.5178467035293579
0.3085741102695465
0.4457520842552185
0.40251290798187256
0.4753911793231964
0.6098288297653198
0.6607877612113953
0.5392439365386963
0.8588712811470032
0.7444162964820862
0.9745364785194397
0.9709823727607727
0.9520426988601685
0.9691450595855713
0.9635017514228821
0.8417186737060547
0.868678867816925
0.8408598303794861
0.7371283769607544
0.6028074622154236
0.6186339855194092
0.5424774289131165
0.6057209372520447
0.6527240872383118
0.6335783004760742
0.5806778073310852
0.40066972374916077
0.3552356958389282
0.4619005620479584
0.5235071182250977
0.5860400795936584
0.6141092777252197
0.7624123692512512
0.6294142603874207
0.4792718291282654
0.8831300139427185
0.8680934906005859
0.67446368932724
0.851832389831543
0.9194729924201965
0.9143202304840088
0.9192579388618469
0.973663866519928
0.9821965098381042
0.9205286502838135
0.9466435313224792
