0.9539718627929688
0.9806755185127258
0.9501827359199524
0.9695054292678833
0.9049656987190247
0.9841605424880981
0.8653002977371216
0.9395003914833069
0.6754708886146545
0.8251866102218628
0.42470648884773254
0.6925538778305054
0.7350632548332214
0.4278223514556885
0.7563512921333313
0.6787375807762146
0.5985287427902222
0.7506394386291504
0.6895549893379211
0.6880937814712524
0.6514787673950195
0.3420983552932739
0.2934500277042389
0.5990869998931885
0.11096519976854324
0.6147435307502747
0.2666926980018616
0.5734507441520691
0.7578134536743164
0.8442698121070862
0.907146692276001
0.9033520221710205
0.9399102330207825
0.8479107022285461
0.8296285271644592
0.8845757246017456
0.8997552990913391
0.8855704069137573
0.7638859152793884
0.8944814801216125
0.8630211353302002
0.8276748657226562
0.7659977078437805
0.3099806308746338
0.8275983929634094
0.21157310903072357
0.6640729308128357
0.39675936102867126
0.628117024898529
0.3106463849544525
0.1540992558002472
0.5783134698867798
0.32785025238990784
0.19855277240276337
0.4124610126018524
0.35062724351882935
0.4830748736858368
0.3033760190010071
0.4770638048648834
0.48885053396224976
0.6440690159797668
0.7562211751937866
0.7577819228172302
0.2568880617618561
0.8500940203666687
0.5654817223548889
0.8750141263008118
0.6471930146217346
0.9509660005569458
0.9240608215332031
0.9279265999794006
0.9403828382492065
0.9254948496818542
0.9378823041915894
0.7001733779907227
0.8187107443809509
0.7188430428504944
0.6840187311172485
0.6835688948631287
0.8630484342575073
0.9178435206413269
0.7830398678779602
0.9220465421676636
0.757522702217102
0.6030590534210205
0.7577211260795593
0.4306929111480713
0.7922840118408203
0.7319936752319336
0.41911545395851135
0.8075677156448364
0.5997093915939331
0.7417486310005188
0.7721521854400635
0.8896557688713074
0.741138756275177
0.8238561749458313
0.5845701694488525
0.5195358395576477
0.614506721496582
0.6707890629768372
0.7825543880462646
0.6778772473335266
0.7798111438751221
