0.10986590385437012
0.20236995816230774
0.4978926479816437
0.18697619438171387
0.28175225853919983
0.22650930285453796
0.15885794162750244
0.26075607538223267
0.15490847826004028
0.22422392666339874
0.2975021004676819
0.5212224125862122
0.9188020825386047
0.5757120251655579
0.9176556468009949
0.8605746030807495
0.9036144614219666
0.9785694479942322
0.8023197054862976
0.5554616451263428
0.9582193493843079
0.9646844863891602
0.6060766577720642
0.8061464428901672
0.9683220386505127
0.8227303624153137
0.3709689676761627
0.8660897612571716
0.930266261100769
0.5430801510810852
0.5104339718818665
0.3454233705997467
0.6615810990333557
0.6051377654075623
0.641647219657898
0.8690673112869263
0.768593430519104
0.7225139737129211
0.7435644268989563
0.9020312428474426
0.702351450920105
0.756877064704895
0.40200290083885193
0.5521247982978821
0.7392614483833313
0.2342732548713684
0.10709550231695175
0.6966583132743835
0.5634402632713318
0.13532404601573944
0.5604651570320129
0.7838962078094482
0.5547505617141724
0.4301609992980957
0.16833359003067017
0.18937642872333527
0.11697520315647125
0.0266816895455122
0.07136699557304382
0.06383481621742249
0.19807882606983185
0.17172931134700775
0.8204437494277954
0.9203172326087952
0.7628318071365356
0.8709147572517395
0.4514772593975067
0.7828570604324341
0.830298125743866
0.6797643899917603
0.1826753169298172
0.5783117413520813
0.2675800025463104
0.11939533799886703
0.14724557101726532
0.16194085776805878
0.2916709780693054
0.036471299827098846
0.11270719021558762
0.12174228578805923
0.0867912620306015
0.127912700176239
0.07028407603502274
0.13495662808418274
0.13546222448349
0.119539275765419
0.06708817183971405
0.03762334957718849
0.057438526302576065
0.028920181095600128
0.1609882116317749
0.3149811029434204
0.7517585158348083
0.3872355818748474
0.6859686970710754
0.9171535968780518
0.8654801249504089
0.8766894936561584
0.8073760867118835
0.8876861333847046
0.8033161759376526
0.4879285395145416
0.31741565465927124
0.48101064562797546
0.3053833544254303
0.17607350647449493
0.4430103302001953
0.24861399829387665
0.2495957762002945
0.17544396221637726
0.29490360617637634
0.1487639844417572
0.1389797329902649
0.18492551147937775
0.19858817756175995
0.2059960514307022
0.6052111387252808
0.6879506707191467
0.8494953513145447
0.8706367611885071
0.6608135104179382
0.8614580035209656
0.761188268661499
0.8066009879112244
0.37427592277526855
0.16858935356140137
0.32762643694877625
0.0977247804403305
0.16396303474903107
0.0695844292640686
0.09798108041286469
0.05669131502509117
0.06659376621246338
0.07337478548288345
0.07748457044363022
0.07449845969676971
0.0813182070851326
