0.545704185962677
0.616335928440094
0.6919406056404114
0.6932116746902466
0.6806567311286926
0.5552716851234436
0.7186853289604187
0.8089300394058228
0.610375702381134
0.6203340291976929
0.819693386554718
0.723815381526947
0.6733366250991821
0.7641908526420593
0.7330822944641113
0.5811262130737305
0.46843472123146057
0.4584454596042633
0.5238856673240662
0.6070473790168762
0.5960583090782166
0.48455810546875
0.5390098690986633
0.6139944195747375
0.3750239610671997
0.5439746975898743
0.4605993330478668
0.5814440846443176
0.5919359922409058
0.47978678345680237
0.47305482625961304
0.45608511567115784
0.18437936902046204
0.2620099186897278
0.22702834010124207
0.16816557943820953
0.30647194385528564
0.32442706823349
0.45122015476226807
0.2950831949710846
0.2515794634819031
0.4919174611568451
0.32719776034355164
0.3433888852596283
0.60700923204422
0.6457503437995911
0.6061977744102478
0.41071829199790955
0.4663974344730377
0.4853242337703705
0.1260283887386322
0.34401166439056396
0.25115522742271423
0.4265298545360565
0.5264699459075928
0.5345780253410339
0.6970999836921692
0.5376338958740234
0.5638706684112549
0.6242713928222656
0.6071445941925049
0.6393247842788696
0.7409080862998962
0.6682071685791016
0.669788658618927
0.6048453450202942
0.5893337726593018
0.6830682754516602
0.5357287526130676
0.24903808534145355
0.21070197224617004
0.2514805197715759
0.48947662115097046
0.40123048424720764
0.4906501770019531
0.19952400028705597
0.5525546073913574
0.6311626434326172
0.5527125000953674
0.326956182718277
0.7296685576438904
0.6850192546844482
0.8222938179969788
0.35996636748313904
0.36797866225242615
0.46844127774238586
0.2881312370300293
0.5198023915290833
0.40289047360420227
0.44623270630836487
0.1621134877204895
0.5149455666542053
0.3024425208568573
0.6285572648048401
0.6177095770835876
0.49726438522338867
0.6316956281661987
0.6069819331169128
0.7536280751228333
0.6638239622116089
0.7204861044883728
0.681182861328125
0.7880067825317383
0.7778264284133911
0.7063916921615601
0.8887125849723816
0.8255246877670288
0.7114797830581665
0.3705507814884186
0.5892181396484375
0.5216208100318909
0.520808756351471
0.4804605543613434
0.5083645582199097
