0.060081370174884796
0.06842855364084244
0.0683228000998497
0.05205436423420906
0.04928623512387276
0.04155107960104942
0.08005896955728531
0.06327515095472336
0.03782596066594124
0.13200537860393524
0.18900567293167114
0.2042236030101776
0.17617256939411163
0.17828911542892456
0.2952796220779419
0.3288387358188629
0.306606262922287
0.29304635524749756
0.0954003557562828
0.04857347905635834
0.10040158778429031
0.053566236048936844
0.07643970102071762
0.14352115988731384
0.05270979925990105
0.08055413514375687
0.05522691458463669
0.029820779338479042
0.010962070897221565
0.016926143318414688
0.0036427073646336794
0.001705210073851049
0.005080216098576784
0.0354749821126461
0.0093406205996871
0.003470598254352808
0.015763375908136368
0.012954526580870152
0.0076016271486878395
0.005543878301978111
0.06878908723592758
0.10659287869930267
0.011662566103041172
0.06476868689060211
0.2670990526676178
0.04277772456407547
0.08492223918437958
0.08581678569316864
0.05703602358698845
0.06607722491025925
0.007636210881173611
0.012214668095111847
0.0037113837897777557
0.032660264521837234
0.05571980029344559
0.5589554309844971
0.08229704201221466
0.36159560084342957
0.12495926767587662
0.13904407620429993
0.07966002821922302
0.2402627170085907
0.4014102518558502
0.4427408277988434
0.6559768319129944
0.6126441359519958
0.2994658946990967
0.43382301926612854
0.42232847213745117
0.2713271379470825
0.6572954654693604
0.4517468512058258
0.689559817314148
0.58754962682724
0.80763179063797
0.3475170135498047
0.6330375671386719
0.6001303791999817
0.5660484433174133
0.5383545160293579
0.22441530227661133
0.2177669256925583
0.3370519280433655
0.4591082036495209
0.46505895256996155
0.5996012091636658
0.24597427248954773
0.43091756105422974
0.6200101971626282
0.21253451704978943
0.41976168751716614
0.37587153911590576
0.5719539523124695
0.6129277348518372
0.4370722472667694
0.302016019821167
0.5299522876739502
0.23813632130622864
0.39915794134140015
0.20783931016921997
0.04726419970393181
0.24347861111164093
0.039535440504550934
0.022620821371674538
0.0063749030232429504
0.017132988199591637
0.1541636735200882
0.051974400877952576
0.03816404938697815
0.11464892327785492
0.3308009207248688
0.27853187918663025
0.03161507099866867
0.04929284751415253
0.02298145368695259
0.06324180215597153
0.08308622986078262
0.19810014963150024
0.1567828208208084
0.22268278896808624
0.23531664907932281
0.47788006067276
0.0927356481552124
0.04027005285024643
0.2961413860321045
0.29973945021629333
0.020383711904287338
0.2968387305736542
0.6864063739776611
0.2539535462856293
0.20870040357112885
0.11794086545705795
0.17485986649990082
0.04591185972094536
0.18502801656723022
0.027457520365715027
0.06132655590772629
0.04784100130200386
0.02939586155116558
0.02450638636946678
0.0805339589715004
0.06839197874069214
0.02701037935912609
0.016663921996951103
0.05014840513467789
0.041902948170900345
0.00820164941251278
0.017761101946234703
0.027307329699397087
0.023318178951740265
0.09570512175559998
0.08251085877418518
0.023809906095266342
0.05124152451753616
0.06543432921171188
0.07976747304201126
0.038405001163482666
0.06480194628238678
0.10994337499141693
0.06531814485788345
0.019735030829906464
0.03182096779346466
0.024126116186380386
0.06769885867834091
0.12873470783233643
0.13468025624752045
0.12698349356651306
0.08228830248117447
0.05989757552742958
0.011815122328698635
0.0810747817158699
0.17748849093914032
0.014911959879100323
0.04776601120829582
0.010225207544863224
0.03233473747968674
0.012703199870884418
0.011782829649746418
0.06392168253660202
0.13527676463127136
0.11837693303823471
0.4125167429447174
0.33073070645332336
0.5204562544822693
0.33680644631385803
0.2151326984167099
0.11816547065973282
0.12082559615373611
0.07286477833986282
0.05603058636188507
0.11063744127750397
0.03531705215573311
0.02968662977218628
0.04742444306612015
0.12035325914621353
0.02389046922326088
0.012759584002196789
0.06877142190933228
0.1163848489522934
0.1530151516199112
0.1306549459695816
0.04905267059803009
0.07577260583639145
0.03902928903698921
0.12315656244754791
0.04848024621605873
0.06320422887802124
0.05733449012041092
0.0435643345117569
0.09546718746423721
0.12999527156352997
0.2795673608779907
0.11688268184661865
0.24489061534404755
0.013707095757126808
0.013775699771940708
0.017837870866060257
0.044204819947481155
0.026351163163781166
0.02589258924126625
0.0190823245793581
0.029436135664582253
0.02188483253121376
0.1903260052204132
0.15176554024219513
0.26922905445098877
0.2664892077445984
0.2717580795288086
0.18624213337898254
0.05409493297338486
0.1450517773628235
0.014708427712321281
0.015834519639611244
0.2120298445224762
0.03797047212719917
0.03069026954472065
0.05747276544570923
0.14072547852993011
0.1639580875635147
0.09491086006164551
0.22567635774612427
0.22290121018886566
0.20206211507320404
0.17766685783863068
0.09929593652486801
0.05274508148431778
0.06833276897668839
0.02411913499236107
0.11241582781076431
0.06714064627885818
0.23815815150737762
0.46200650930404663
0.5805708169937134
0.2085544764995575
0.43351420760154724
0.6976502537727356
0.27804046869277954
0.40534648299217224
0.4595770835876465
0.38568174839019775
0.43090754747390747
0.17505188286304474
0.28722333908081055
0.3149283230304718
0.10685959458351135
0.10681402683258057
0.20739342272281647
0.05555491894483566
0.13916325569152832
0.03594518452882767
0.06305354833602905
0.5991418361663818
0.3786849081516266
0.43685123324394226
0.7721256613731384
0.7425119280815125
0.7812970280647278
0.8407837152481079
0.7784799933433533
0.6528648734092712
0.6164520382881165
0.2975521981716156
0.02685053087770939
0.13592387735843658
0.07316668331623077
0.20526321232318878
0.13653013110160828
0.19234739243984222
0.0448056198656559
0.05986134335398674
0.04829823225736618
0.040403299033641815
0.09224062412977219
0.10723402351140976
0.26377081871032715
0.3929833769798279
0.5030651092529297
0.0900961384177208
0.17133991420269012
0.5248226523399353
0.2316378504037857
0.26079168915748596
0.42651382088661194
0.7212671637535095
0.4476774036884308
0.2907477915287018
0.19982270896434784
0.14527826011180878
0.28003135323524475
0.24838662147521973
0.4017637372016907
0.3708030581474304
0.27617302536964417
0.3125789165496826
0.6773272156715393
0.326673686504364
0.5898799896240234
0.40020957589149475
0.48762279748916626
0.30717796087265015
0.3175447881221771
0.33879953622817993
0.3775302469730377
0.21416638791561127
0.20762582123279572
0.15597578883171082
0.10392060875892639
0.13956646621227264
0.24957428872585297
0.07159025967121124
0.4347681403160095
0.3008164167404175
0.4279288649559021
0.07633499056100845
0.22359032928943634
0.08528484404087067
0.21122652292251587
0.0331956222653389
0.09116151928901672
0.06392879784107208
0.24163410067558289
0.12134750932455063
0.16798420250415802
0.32632097601890564
0.20705457031726837
0.08177051693201065
0.24128766357898712
0.13441431522369385
0.16033867001533508
0.06170654296875
0.1090494692325592
0.044624146074056625
0.046073682606220245
0.01325505692511797
0.08884502202272415
0.03363807871937752
0.05662897601723671
0.07776957005262375
0.09106455743312836
0.04730601981282234
0.03526340425014496
0.08115279674530029
0.054309554398059845
0.25206586718559265
0.2366516888141632
0.06645376235246658
0.12541888654232025
0.1478639841079712
0.044684868305921555
0.11351267248392105
0.07086149603128433
0.11390683799982071
0.04922230914235115
0.1653425097465515
0.10277480632066727
0.08382043987512589
0.06540482491254807
0.16658806800842285
0.12867778539657593
0.12338749319314957
0.04374420642852783
0.15796156227588654
0.18634332716464996
0.09903647750616074
0.2203391194343567
0.3221340775489807
0.4595305025577545
0.22347614169120789
0.06416452676057816
0.23683121800422668
0.6028848886489868
0.4802505671977997
0.16040129959583282
0.6276881694793701
0.49486106634140015
0.2434154599905014
0.21986131370067596
0.6107940077781677
0.6929509043693542
0.23092082142829895
0.428406685590744
0.6055014133453369
0.6271262168884277
0.1332433819770813
0.3927207589149475
0.4188016653060913
0.13737398386001587
0.16530205309391022
0.4456125497817993
0.17483969032764435
0.1784311681985855
0.2117375135421753
0.19623050093650818
0.22417230904102325
0.042917389422655106
0.20929871499538422
0.018845468759536743
0.38535091280937195
0.13729619979858398
0.5107863545417786
0.14748214185237885
0.4417404234409332
0.24746179580688477
0.3718312978744507
0.08796709030866623
0.37318557500839233
0.04383659362792969
0.3891371786594391
0.024078326299786568
0.22884567081928253
0.24601289629936218
0.5999917984008789
0.6826057434082031
0.6007639169692993
0.5446707606315613
0.25183743238449097
0.45594850182533264
0.060302939265966415
0.16538500785827637
0.13374753296375275
0.3780454695224762
0.4354046881198883
0.8384312987327576
0.7176917195320129
0.6772543787956238
0.7179357409477234
0.7299508452415466
0.836010217666626
0.8352916240692139
0.8718966245651245
0.8106899261474609
0.5714211463928223
0.528915286064148
0.24677592515945435
0.21761788427829742
0.1514883041381836
0.1921747326850891
0.12139393389225006
0.18619205057621002
0.41954636573791504
0.3310512602329254
0.3745306134223938
0.4661931097507477
0.17729206383228302
0.2019328773021698
0.23392581939697266
0.0720311850309372
0.026893548667430878
0.04794361814856529
0.09132581949234009
0.01627831533551216
0.028238167986273766
0.11336097866296768
0.05123034119606018
0.012922988273203373
0.11339027434587479
0.19228263199329376
0.027929220348596573
0.03355409577488899
0.08783469349145889
0.10494650155305862
0.02917594648897648
0.06158008053898811
0.01785687543451786
0.09335557371377945
0.15640467405319214
0.10963788628578186
0.08504115045070648
0.1193261668086052
0.06344682723283768
0.0639478862285614
0.13320250809192657
0.11438263952732086
0.05305370315909386
0.047919437289237976
0.32628005743026733
0.13020439445972443
0.08390528708696365
0.16721685230731964
0.1441158801317215
0.25235703587532043
0.0700497180223465
0.2927004396915436
0.2259371280670166
0.38054826855659485
0.1399228572845459
0.039589472115039825
0.11728722602128983
0.2617713510990143
0.09076962620019913
0.02844606153666973
0.23301389813423157
0.3004445433616638
0.1699446588754654
0.15481075644493103
0.5625022053718567
0.17966961860656738
0.35794663429260254
0.5379482507705688
0.7051524519920349
0.28527718782424927
0.3898090422153473
0.20413991808891296
0.11854170262813568
0.12187337875366211
0.15381139516830444
0.12280784547328949
0.23993413150310516
0.33494842052459717
0.4124707281589508
0.5931578278541565
0.4468904137611389
0.17101934552192688
0.10165701061487198
0.1647922545671463
0.1757679134607315
0.31251928210258484
0.17548246681690216
0.18611393868923187
0.1365799456834793
0.2676037847995758
0.1386200189590454
0.35999101400375366
0.27460914850234985
0.15267176926136017
0.2212897539138794
0.17984691262245178
0.18212726712226868
0.19688886404037476
0.09987637400627136
0.1223706305027008
0.1522640883922577
0.1346445083618164
0.1327516734600067
0.2241242527961731
0.49199286103248596
0.549614429473877
0.5773221254348755
0.7943863272666931
0.6667702794075012
0.296190470457077
0.42935773730278015
0.6309641003608704
0.6000420451164246
0.1618170589208603
0.0809730514883995
0.23585417866706848
0.1425897181034088
0.061801567673683167
0.04046296328306198
0.1635735183954239
0.0077113499864935875
0.05446795001626015
0.1744452565908432
0.10665301233530045
0.04139130190014839
0.29387322068214417
0.2098434716463089
0.11208508163690567
0.09133574366569519
0.16829605400562286
0.12571337819099426
0.07240711152553558
0.056249890476465225
0.1654876321554184
0.07499704509973526
0.07333121448755264
