0.5362163782119751
0.4969819486141205
0.4507727026939392
0.16833098232746124
0.2637733519077301
0.6900587677955627
0.6587738394737244
0.38271433115005493
0.5686413645744324
0.40097713470458984
0.5914704203605652
0.5439121127128601
0.19993795454502106
0.4955812096595764
0.5194781422615051
0.35883310437202454
0.2727506160736084
0.09963879734277725
0.19352582097053528
0.2827617824077606
0.6721940040588379
0.7842439413070679
0.3066233992576599
0.7131370902061462
0.343103289604187
0.266475111246109
0.4520410895347595
0.48016372323036194
0.5690854787826538
0.5926516056060791
0.42988303303718567
0.25366681814193726
0.3698631525039673
0.7261385917663574
0.4995560646057129
0.38979607820510864
0.5386671423912048
0.40706300735473633
0.381051629781723
0.49581634998321533
0.6646432876586914
0.5504092574119568
0.7322229743003845
0.739406406879425
0.2583142817020416
0.4699954092502594
0.8364980816841125
0.7752148509025574
0.7649113535881042
0.8174532055854797
0.7583097219467163
0.7992489337921143
0.7918301820755005
0.5419215559959412
0.6829493641853333
0.6947665810585022
0.6806153059005737
0.5008400082588196
0.24015779793262482
0.2889719605445862
0.41344600915908813
0.6858445405960083
0.7781581282615662
0.5865654945373535
0.8062103986740112
0.4949561655521393
0.45928722620010376
0.7384927272796631
0.6490817666053772
0.5495691895484924
0.5626189708709717
0.4190749228000641
0.3633291721343994
0.45227718353271484
0.5708839297294617
0.48255014419555664
0.34014496207237244
0.552751362323761
0.44609567523002625
0.4201316833496094
0.40472880005836487
0.5088926553726196
