0.02875378727912903
0.03024456277489662
0.019169580191373825
0.012157278135418892
0.005044704303145409
0.00992157869040966
0.011197437532246113
0.00848412699997425
0.02339211478829384
0.01007657591253519
0.016394266858696938
0.02857876569032669
0.011381563730537891
0.0026982524432241917
0.00584724685177207
0.0015042171580716968
0.00762137770652771
0.0014520409749820828
0.01936754770576954
0.021775836125016212
0.03307678923010826
0.044179774820804596
0.060520026832818985
0.006280146073549986
0.02893998846411705
0.01068895310163498
0.018499495461583138
0.04206278175115585
0.014411157928407192
0.006497961934655905
0.06497015058994293
0.021645305678248405
0.004898156505078077
0.0031355966348201036
0.01935121975839138
0.008694494143128395
0.0017253822879865766
0.005400582682341337
0.015222347341477871
0.006617925129830837
0.0033292097505182028
0.022341236472129822
0.027249809354543686
0.009064268320798874
0.042795032262802124
0.013987619429826736
0.03316682204604149
0.017528602853417397
0.004667389206588268
0.005859185941517353
0.0016075581079348922
0.0015206049429252744
0.0012122971238568425
0.008153068833053112
0.027155427262187004
0.0679534450173378
0.008412489667534828
0.0010708319023251534
0.0021992879919707775
0.02019902504980564
0.006810869090259075
0.11086223274469376
0.04140333831310272
0.4449939727783203
0.1695108860731125
0.03786453977227211
0.4319712519645691
0.5533351898193359
0.15076777338981628
0.3333040475845337
0.2744629681110382
0.32678744196891785
0.18525108695030212
0.09707460552453995
0.20444469153881073
0.23290978372097015
0.19351394474506378
0.10403133928775787
0.41001319885253906
0.4157949984073639
0.09292479604482651
0.10913828015327454
0.44734737277030945
0.48237377405166626
0.023131130263209343
0.3611249029636383
0.8676009774208069
0.14366428554058075
0.06473235040903091
0.7078390121459961
0.754837691783905
0.3628256618976593
0.3050312101840973
0.30661046504974365
0.4381774961948395
0.21459271013736725
0.07582403719425201
0.05188213661313057
0.024417320266366005
0.013235279358923435
0.02726357989013195
0.009021163918077946
0.05302544683218002
0.00722718657925725
0.037885118275880814
0.07302826642990112
0.06551127880811691
0.004143501166254282
0.04400532320141792
0.5600079894065857
0.005349988583475351
0.041141360998153687
0.5133285522460938
0.6561645865440369
0.6007921695709229
0.9454552531242371
0.8294144868850708
0.8199843764305115
0.3059198260307312
0.31413736939430237
0.3403899669647217
0.6271765828132629
0.515554666519165
0.21124808490276337
0.2989300489425659
0.07224628329277039
0.2245621383190155
0.44153547286987305
0.7151308655738831
0.8079487681388855
0.9268944263458252
0.9240296483039856
0.9244478344917297
0.9606146216392517
0.9397927522659302
0.9723051190376282
0.8916563391685486
0.7952973246574402
0.8855236768722534
0.5583990216255188
0.5577076077461243
0.8867080807685852
0.8340912461280823
0.6958249807357788
0.42490312457084656
0.9351945519447327
0.9385690689086914
0.9589064121246338
0.7365112900733948
0.8740906715393066
0.9798632860183716
0.9059719443321228
0.6040630340576172
0.9182278513908386
0.9676035642623901
0.9115919470787048
0.5999231338500977
0.939554750919342
0.9550378918647766
0.959213376045227
0.8349703550338745
0.8832471370697021
0.820868968963623
0.45016908645629883
0.4442162811756134
0.2172425538301468
0.7275869250297546
0.498500257730484
0.24851781129837036
0.6961939930915833
0.6317503452301025
0.37808534502983093
0.6429476141929626
0.4315936863422394
0.61415696144104
0.9396166205406189
0.823855996131897
0.6645284295082092
0.33108675479888916
0.3902539312839508
0.3339031934738159
0.4075862467288971
0.3063369691371918
0.0830787867307663
0.08516056835651398
0.14509208500385284
0.641142725944519
0.0500594787299633
0.05293108895421028
0.4182770252227783
0.5500133037567139
0.012021961621940136
0.07845134288072586
0.7016370892524719
0.8408680558204651
0.10879095643758774
0.35186222195625305
0.8813145756721497
0.8826707005500793
0.6835116744041443
0.8939729332923889
0.943257749080658
0.864230215549469
0.7105923295021057
0.9114596247673035
0.9525721073150635
0.8992602229118347
0.8534582257270813
0.9655035138130188
0.9652456641197205
0.9470646381378174
0.8204558491706848
0.9546366930007935
0.8640637993812561
0.8217765688896179
0.7598916292190552
0.7687223553657532
0.5581262707710266
0.7787464261054993
0.5090187191963196
0.4200713336467743
0.4836854934692383
0.7281432747840881
0.38075798749923706
0.336536169052124
0.46452945470809937
0.43109193444252014
0.693204402923584
0.6424267292022705
0.624533474445343
0.48863616585731506
