0.6991485953330994
0.7685931921005249
0.6836235523223877
0.6583299040794373
0.7824670672416687
0.7904829978942871
0.5095288157463074
0.5786539912223816
0.915521502494812
0.7713934779167175
0.7278981804847717
0.860797107219696
0.9233733415603638
0.5963172912597656
0.7050143480300903
0.9156143665313721
0.8824893236160278
0.7256304025650024
0.7441093921661377
0.8662923574447632
0.8673515319824219
0.8864729404449463
0.9002007246017456
0.8634923100471497
0.8966408967971802
0.8266544342041016
0.8722694516181946
0.6490694880485535
0.777445912361145
0.7837465405464172
0.8776108026504517
0.8329925537109375
0.7683407068252563
0.8566291332244873
0.9203672409057617
0.9523283839225769
0.9011673331260681
0.9387395977973938
0.8564406633377075
0.8799664378166199
0.7926095128059387
0.9032939076423645
0.9362925291061401
0.8633574843406677
0.9126074314117432
0.9726734161376953
0.9418949484825134
0.9585655927658081
0.9640814661979675
0.9618170261383057
0.9601942896842957
0.9493340253829956
0.9558707475662231
0.9670732617378235
0.9278305172920227
0.9068846106529236
0.8709406852722168
0.9424290060997009
0.9241768717765808
0.8379083871841431
0.9325376152992249
0.962174117565155
0.9394181370735168
0.7431456446647644
0.8852270245552063
0.9671820402145386
0.7126035690307617
0.8841434717178345
0.9470406770706177
0.8926037549972534
0.633870005607605
0.8136060833930969
0.8735349178314209
0.8791700005531311
0.8785942196846008
0.9124581217765808
0.8270166516304016
0.7175615429878235
0.7857068181037903
0.857681930065155
0.5686983466148376
0.601816713809967
0.8761342167854309
0.8599958419799805
0.6079766154289246
0.8507756590843201
0.8861678242683411
0.7136276364326477
0.6468329429626465
0.6798213124275208
0.6164448857307434
