0.08588530123233795
0.06635268777608871
0.19567692279815674
0.14797984063625336
0.2576806843280792
0.12763932347297668
0.16366621851921082
0.1843508630990982
0.3699629604816437
0.1583728939294815
0.12231433391571045
0.1644388735294342
0.10165923088788986
0.14301668107509613
0.14670519530773163
0.2969965636730194
0.10404299944639206
0.15498311817646027
0.1894834190607071
0.18049973249435425
0.39049363136291504
0.3872254192829132
0.12261819839477539
0.4242152273654938
0.06334143877029419
0.08807025104761124
0.039060112088918686
0.13956643640995026
0.24368003010749817
0.0675935298204422
0.07595793902873993
0.0918942466378212
0.1522882878780365
0.06734351068735123
0.041184622794389725
0.07269980758428574
0.047200579196214676
0.0667622983455658
0.030105412006378174
0.07688877731561661
0.07009480148553848
0.06620518118143082
0.1986888349056244
0.11216611415147781
0.5063958764076233
0.5261062383651733
0.30141958594322205
0.08032197505235672
0.10741760581731796
0.0588509701192379
0.5386611223220825
0.3191377818584442
0.05754076689481735
0.0851631611585617
0.41907355189323425
0.19870290160179138
0.06513616442680359
0.15776987373828888
0.5579190254211426
0.5031058192253113
0.19017697870731354
0.5947113633155823
0.16566522419452667
0.280070424079895
0.15390899777412415
0.09076472371816635
0.09703657031059265
0.4660281538963318
0.2241773158311844
0.20874038338661194
0.21066349744796753
0.37961992621421814
0.3189283013343811
0.05784749984741211
0.30946847796440125
0.2570754885673523
0.10402434319257736
0.06771615892648697
0.12572824954986572
0.05356394499540329
0.030458275228738785
0.09967967867851257
0.1495695263147354
0.09355980157852173
0.06062787026166916
0.1539817452430725
0.19260552525520325
0.36521318554878235
0.612062394618988
0.4508582651615143
0.6313103437423706
0.464569628238678
0.21645213663578033
0.23856104910373688
0.19034923613071442
0.2560123801231384
0.21256205439567566
0.15843108296394348
0.13661856949329376
0.1896025389432907
0.22627979516983032
0.22579918801784515
0.29554256796836853
0.26860037446022034
0.19549620151519775
0.3237312138080597
0.16429728269577026
0.34397250413894653
0.2537141442298889
0.18044783174991608
0.22698146104812622
0.1637776494026184
0.0616631917655468
0.02937459945678711
0.28022301197052
0.32592716813087463
0.34778428077697754
0.3016194999217987
0.16567109525203705
0.08374384790658951
0.46219268441200256
0.3343971073627472
0.13080283999443054
0.45091480016708374
0.17456786334514618
0.5870908498764038
0.34121641516685486
0.3267698287963867
0.3965631127357483
0.23930318653583527
0.2031509429216385
0.4900122284889221
0.5898474454879761
0.5572312474250793
0.5065119862556458
0.5189483761787415
0.5950831174850464
0.4334477484226227
0.47993719577789307
0.5209028720855713
0.7199563980102539
0.6607803702354431
0.47711196541786194
0.5197571516036987
0.3198651075363159
0.3574613630771637
0.4078466594219208
0.09738091379404068
0.13595539331436157
0.13854475319385529
0.27990731596946716
0.03780391812324524
0.09948791563510895
0.21000123023986816
0.08838159590959549
0.07658777385950089
0.11113321781158447
0.17793504893779755
0.11803575605154037
0.1253863126039505
0.1261182576417923
0.2610913813114166
0.058080460876226425
0.14117760956287384
0.08962392807006836
0.3688820004463196
0.20491130650043488
0.32463380694389343
0.3705865442752838
0.4911191761493683
0.5506648421287537
0.5487533807754517
0.48211395740509033
0.38387250900268555
0.5553638935089111
0.4240483045578003
0.28080442547798157
0.48739486932754517
0.5964934229850769
0.4236953556537628
0.27952781319618225
0.6657871603965759
0.5827284455299377
0.5567576289176941
0.8203328251838684
0.49948883056640625
0.5159715414047241
0.7971958518028259
0.8758607506752014
0.7955606579780579
0.7909197211265564
0.8702517747879028
0.8228076100349426
0.6397202014923096
0.6227692365646362
0.7749896049499512
0.6098611354827881
0.499097615480423
0.75190669298172
0.5335682034492493
0.7494551539421082
0.844325840473175
0.8066145181655884
0.8075540065765381
0.5312103629112244
0.3222365379333496
0.11677148938179016
0.37737882137298584
0.14808447659015656
0.1553841531276703
0.14612634479999542
0.2255868911743164
0.144963338971138
0.23570752143859863
0.3581438660621643
0.5939126014709473
0.3307235538959503
0.07255280762910843
0.3539966642856598
0.08678673952817917
0.48127663135528564
0.08206455409526825
0.2602933943271637
0.5118585824966431
0.6137763261795044
0.38365212082862854
0.43192675709724426
0.19095325469970703
0.4274592399597168
0.2114764004945755
0.37254709005355835
0.1637444794178009
0.44394651055336
0.48563724756240845
0.6623068451881409
0.1493687927722931
0.08278430253267288
0.1982729732990265
0.15463483333587646
0.09953345358371735
0.3219551146030426
0.17353485524654388
0.17604191601276398
0.22807522118091583
0.3012831211090088
0.1982782632112503
0.38419023156166077
0.18943557143211365
0.08530620485544205
0.1751834899187088
0.32215461134910583
0.1939193457365036
0.0718851089477539
0.30058133602142334
0.3033861219882965
0.3485212028026581
0.1498764306306839
0.38890525698661804
0.34365326166152954
0.2338295727968216
0.26748594641685486
0.23241396248340607
0.2504648268222809
0.3225998878479004
0.2651366889476776
0.08500166982412338
0.2049858272075653
0.28698426485061646
0.2534484565258026
0.5322293043136597
0.5326259732246399
0.20339366793632507
0.7212191224098206
0.6798665523529053
0.2590261995792389
0.14786668121814728
0.21733836829662323
0.39073604345321655
0.2929016649723053
0.5955085754394531
0.09064794331789017
0.24727065861225128
0.08896056562662125
0.35611897706985474
0.06601183116436005
0.34566473960876465
0.14069300889968872
0.35200035572052
0.22220772504806519
0.1529044508934021
0.1807255744934082
0.19297701120376587
0.18056708574295044
0.5619763731956482
0.271045446395874
0.1554536074399948
0.13498622179031372
0.4180122911930084
0.2534307539463043
0.20025964081287384
0.12685328722000122
0.20541489124298096
0.4259549677371979
0.3687838912010193
0.5478562116622925
0.17844203114509583
0.5458518862724304
0.406328022480011
0.6368012428283691
0.20556731522083282
0.5621216297149658
0.7649399638175964
0.5230410099029541
0.790319561958313
0.7703366875648499
0.5101678967475891
0.5513948798179626
0.3407406806945801
0.6035546064376831
0.41805288195610046
0.25122445821762085
0.24495859444141388
0.17746883630752563
0.23961684107780457
0.13629350066184998
0.28549671173095703
0.29981571435928345
0.6150917410850525
0.5702866911888123
0.6151713728904724
0.24147436022758484
0.35662737488746643
0.48521846532821655
0.24401742219924927
0.19874431192874908
0.3025300204753876
0.26582154631614685
0.24192701280117035
0.28506606817245483
0.31944969296455383
0.3630788028240204
0.12722541391849518
0.1750676929950714
0.28140679001808167
0.09651739150285721
0.1600082665681839
0.1409636288881302
0.18203632533550262
0.13377587497234344
0.11736912280321121
0.1272869110107422
0.15471147000789642
0.13199277222156525
0.14471076428890228
0.15290625393390656
0.23864862322807312
