0.7635690569877625
0.7329551577568054
0.7539749145507812
0.3151179850101471
0.31059008836746216
0.20978909730911255
0.11662328243255615
0.4159671366214752
0.06626641750335693
0.7886022925376892
0.6459603905677795
0.9377337694168091
0.8210471272468567
0.43904122710227966
0.960429310798645
0.9080837965011597
0.23881949484348297
0.7554293870925903
0.9565938115119934
0.747258186340332
0.23697590827941895
0.8604311347007751
0.931620717048645
0.6712778210639954
0.7740617990493774
0.6470309495925903
0.8750316500663757
0.7529944181442261
0.8295136094093323
0.8264051675796509
0.7809931039810181
0.8413877487182617
0.19720067083835602
0.6264617443084717
0.715237021446228
0.6687052249908447
0.5165024399757385
0.22322405874729156
0.5043331980705261
0.5413051843643188
0.17628775537014008
0.29861655831336975
0.7012505531311035
0.713744044303894
0.5700042843818665
0.3399313986301422
0.47744131088256836
0.24892333149909973
0.011101546697318554
0.03588579222559929
0.009207864291965961
0.02277795970439911
0.13634562492370605
0.23994506895542145
0.6591368317604065
0.14809758961200714
0.10154662281274796
0.007641529198735952
0.09506884962320328
0.14755885303020477
0.23713363707065582
0.3417929708957672
0.11787112802267075
0.04654325917363167
0.12194042652845383
0.09171757102012634
0.011820572428405285
0.030847204849123955
0.09858689457178116
0.012281420640647411
0.006377173587679863
0.11423606425523758
0.14341530203819275
0.03796683996915817
0.02338261902332306
0.07120228558778763
0.14305660128593445
0.03273893520236015
0.07229220867156982
0.010876050218939781
0.043389562517404556
0.01016506552696228
0.050908591598272324
0.03858356550335884
0.045206401497125626
0.010350442491471767
0.0345364473760128
0.05396546795964241
0.005427915137261152
0.0064381761476397514
0.005356228444725275
0.06675694137811661
0.024542123079299927
0.08390382677316666
0.05204521119594574
0.022612597793340683
0.12440822273492813
0.06612575799226761
0.304828405380249
0.5953241586685181
0.31588882207870483
0.4613487422466278
0.5025362968444824
0.8047983050346375
0.6287164092063904
0.9085114002227783
0.8875918388366699
0.8957918882369995
0.8993286490440369
0.3809627592563629
0.4746238887310028
0.15461277961730957
0.25220024585723877
0.18103179335594177
0.29110968112945557
0.15358437597751617
0.2639315128326416
0.35208168625831604
0.3386070430278778
0.15924642980098724
0.23850910365581512
0.14223363995552063
0.20343512296676636
0.3325484097003937
0.37740811705589294
0.3003995716571808
0.28699615597724915
0.2477303147315979
0.36460915207862854
0.2727039158344269
0.6959059834480286
0.17238536477088928
0.6511571407318115
0.5168667435646057
0.8701707124710083
0.5362980961799622
0.642076849937439
0.14959846436977386
0.10859108716249466
0.03821348398923874
0.11310061067342758
0.09728682786226273
0.040423545986413956
0.10254467278718948
0.12334991991519928
0.0534609779715538
0.024333301931619644
0.107634998857975
0.20448057353496552
0.11228480935096741
0.0680963322520256
0.32446885108947754
0.18424460291862488
0.31616032123565674
0.5341532826423645
0.4217929244041443
0.2634026110172272
0.24150602519512177
0.13170857727527618
0.12207535654306412
0.0451778843998909
0.022707486525177956
0.12506155669689178
0.021305568516254425
0.09922119230031967
0.06817278265953064
0.06513110548257828
0.04248521849513054
0.013757123611867428
0.0917043685913086
0.03699919581413269
0.06867402046918869
0.14909005165100098
0.2807137072086334
0.473829060792923
0.45089033246040344
0.7256253361701965
0.7675601840019226
0.9628678560256958
0.8242958188056946
0.47278398275375366
0.800731360912323
0.5018249750137329
0.548628032207489
0.920237123966217
0.5789405703544617
0.31524354219436646
0.2602420747280121
0.6121559143066406
0.1794300377368927
0.09780541807413101
0.3104904592037201
0.5031440854072571
0.48182976245880127
0.09189267456531525
