0.7531149983406067
0.7627297043800354
0.7936009168624878
0.7589472532272339
0.8676250576972961
0.9264952540397644
0.8952658176422119
0.6311054229736328
0.7385414242744446
0.9557380676269531
0.763874351978302
0.7540666460990906
0.9255760908126831
0.9104610085487366
0.7544567584991455
0.6813808679580688
0.9277571439743042
0.8815890550613403
0.6599714756011963
0.7430810928344727
0.9348642826080322
0.7467935681343079
0.72368985414505
0.7998064160346985
0.8849914073944092
0.674749493598938
0.8298760056495667
0.7968018651008606
0.829839289188385
0.8901107907295227
0.9179286956787109
0.8115947842597961
0.8959258198738098
0.8257350921630859
0.801963746547699
0.9225053787231445
0.9506409764289856
0.9052919745445251
0.9505147933959961
0.8980318903923035
0.9447515606880188
0.7327468991279602
0.905633807182312
0.9701002836227417
0.6989693641662598
0.8124582767486572
0.9679901599884033
0.9397501349449158
0.8460294008255005
0.8923042416572571
0.9035435914993286
0.9502103924751282
0.9148126244544983
0.812491774559021
0.9341253638267517
0.9662438631057739
0.8821450471878052
0.7474129796028137
0.9450329542160034
0.95280522108078
0.7925549745559692
0.8394304513931274
0.9525836110115051
0.8585012555122375
0.7022588849067688
0.8610625863075256
0.9334359765052795
0.8345906734466553
0.7805716395378113
0.922092854976654
0.8893851041793823
0.7590769529342651
0.8827645182609558
