0.5274677276611328
0.5693420767784119
0.31290116906166077
0.24767790734767914
0.5292788147926331
0.49107277393341064
0.26736530661582947
0.3302156925201416
0.1446342170238495
0.10785514861345291
0.06418011337518692
0.04279507324099541
0.023087121546268463
0.06810247153043747
0.3093196749687195
0.2898801267147064
0.1354542076587677
0.5297753810882568
0.6289790272712708
0.7603004574775696
0.6389036178588867
0.6742146015167236
0.88294517993927
0.8096612095832825
0.7614869475364685
0.21599628031253815
0.6709292531013489
0.8478284478187561
0.9481316804885864
0.9495447278022766
0.8437340259552002
0.589654803276062
0.5685058236122131
0.5782538652420044
0.9375513792037964
0.5800890326499939
0.24790231883525848
0.3853708505630493
0.8311770558357239
0.9187679290771484
0.2094164490699768
0.8815526962280273
0.9551068544387817
0.9242148995399475
0.6745865941047668
0.9566225409507751
0.963440477848053
0.8599790930747986
0.8333242535591125
0.90367192029953
0.8055106997489929
0.7085398435592651
0.7716331481933594
0.4340823292732239
0.8282152414321899
0.5611167550086975
0.33474597334861755
0.2043735384941101
0.2843141257762909
0.1283249408006668
0.529717743396759
0.6888111233711243
0.30856290459632874
0.21956871449947357
0.07382533699274063
0.02329038828611374
0.3128625452518463
0.3478030562400818
0.046361636370420456
0.18645808100700378
0.42810773849487305
0.5698116421699524
0.07533853501081467
0.196340411901474
0.618395984172821
0.373767614364624
0.035396091639995575
0.15092475712299347
0.1909801959991455
0.3483225405216217
0.2597993016242981
0.05342724546790123
0.13418003916740417
0.13647814095020294
0.006205136887729168
0.01786492019891739
0.00605377834290266
0.02237020619213581
0.023138567805290222
0.030409229919314384
0.1405612975358963
0.12746919691562653
0.049002427607774734
0.06873349100351334
0.4989577829837799
0.37834078073501587
0.2640027105808258
0.6163647770881653
0.6539217829704285
0.4920714795589447
0.4730418026447296
0.7666330337524414
0.6103132367134094
0.5806680917739868
0.5716216564178467
0.4919663667678833
0.37371689081192017
0.07890661805868149
0.3635164797306061
0.25215643644332886
0.37675660848617554
0.2643222212791443
0.09262889623641968
0.15362925827503204
0.20496070384979248
0.09854792058467865
0.044003717601299286
0.215220645070076
0.10996304452419281
0.0295842494815588
0.019890546798706055
0.12801559269428253
0.173409104347229
0.02034623734652996
0.0677434578537941
0.08267394453287125
0.09376313537359238
0.043766964226961136
0.2768656611442566
0.06991226971149445
0.0417582243680954
0.03543330356478691
0.02982655167579651
0.031601112335920334
0.033616527915000916
0.048197709023952484
0.23771126568317413
0.2565072178840637
0.4208461344242096
0.3440258204936981
0.36998802423477173
0.49688854813575745
0.36382749676704407
0.5709139108657837
0.3896845281124115
0.4998305141925812
0.49647077918052673
0.20576177537441254
0.2959792912006378
0.20752862095832825
0.08815643936395645
0.20127888023853302
0.2725602686405182
0.1061331182718277
0.0970718190073967
0.362179696559906
0.13381095230579376
0.027385657653212547
0.21602782607078552
0.24300527572631836
0.09696503728628159
0.05945201218128204
0.18232271075248718
0.2647944986820221
0.1186349168419838
0.2805446982383728
0.06703661382198334
0.1716441661119461
0.2265080362558365
0.07662155479192734
0.20815522968769073
0.15356118977069855
0.17891009151935577
0.25828996300697327
0.3346790671348572
0.44485193490982056
0.3578341007232666
0.4899808466434479
0.8459100723266602
0.6739507913589478
0.5569790601730347
0.829889714717865
0.8935741782188416
0.8897125720977783
0.47360774874687195
0.8676360249519348
0.9330902099609375
0.749451220035553
0.5014151930809021
0.9151439666748047
0.8690617084503174
0.602288007736206
0.6150205135345459
0.8237078785896301
0.7130468487739563
0.8892048001289368
0.9480431079864502
0.9392046332359314
0.34169164299964905
0.5976651310920715
0.9350307583808899
0.7252257466316223
0.18524685502052307
0.42111077904701233
0.9430837631225586
0.26086729764938354
0.17370285093784332
0.7777444124221802
0.8769373893737793
0.42423582077026367
0.5004631876945496
0.7836622595787048
0.7939755320549011
0.778847336769104
0.9639840722084045
0.9375364780426025
0.8338920474052429
0.7956669926643372
0.8969214558601379
