0.527881920337677
0.7964679002761841
0.8248628973960876
0.7181426882743835
0.7098316550254822
0.6358482241630554
0.4628712236881256
0.5009320378303528
0.675973117351532
0.651933491230011
0.49710744619369507
0.41280397772789
0.700482189655304
0.7600803971290588
0.7466967701911926
0.6881692409515381
0.732883095741272
0.7251259684562683
0.6343156099319458
0.5882718563079834
0.6844056248664856
0.5474182963371277
0.6540286540985107
0.6403331756591797
0.8381774425506592
0.7676350474357605
0.6994887590408325
0.8517774343490601
0.8949871063232422
0.910155177116394
0.7865455746650696
0.8417587876319885
0.8832005858421326
0.8141524791717529
0.5972665548324585
0.754686176776886
0.738409161567688
0.7514265179634094
0.7254619002342224
0.6471655964851379
0.7761501669883728
0.8140708804130554
0.7905948758125305
0.8923130035400391
0.8972587585449219
0.9368682503700256
0.7943512797355652
0.8902443647384644
0.5960646867752075
0.796814501285553
0.7734234929084778
0.6575292348861694
0.7364349365234375
0.7416675686836243
0.7338866591453552
0.6609815359115601
0.38020768761634827
0.46585360169410706
0.5072231888771057
0.30970731377601624
0.3291083574295044
0.6421734690666199
0.5595519542694092
0.6189310550689697
0.6030477285385132
0.5499616265296936
0.4182566702365875
0.37295597791671753
0.3820982277393341
0.5215842127799988
0.2745365798473358
0.4395328164100647
0.5563223958015442
0.4618242084980011
0.6360161900520325
0.7508541345596313
0.7413269877433777
0.7205908894538879
0.8080129027366638
0.8585303425788879
0.7892297506332397
0.8262664675712585
0.6618088483810425
0.737822413444519
0.7472279667854309
0.7772942185401917
0.8498009443283081
0.6621826887130737
0.8637844920158386
0.8236478567123413
0.8018220067024231
0.7639873623847961
0.8008278012275696
0.6646032929420471
