0.0501541905105114
0.053611259907484055
0.10407725721597672
0.08170901983976364
0.0938391387462616
0.03150292858481407
0.03496607020497322
0.038761962205171585
0.05497095361351967
0.01679995283484459
0.06490500271320343
0.6568133234977722
0.48962560296058655
0.35219529271125793
0.03142206370830536
0.1376284807920456
0.14635667204856873
0.0769466906785965
0.13324619829654694
0.12064128369092941
0.1932622343301773
0.2519717812538147
0.30785518884658813
0.2947886288166046
0.5482178330421448
0.3248511254787445
0.4574460983276367
0.389853835105896
0.3216138184070587
0.1895567923784256
0.26063475012779236
0.11821799725294113
0.2890515625476837
0.1660754382610321
0.19527138769626617
0.1824301928281784
0.10480955988168716
0.10268779844045639
0.07313337922096252
0.09598920494318008
0.0627359002828598
0.12394669651985168
0.11205819249153137
0.121189646422863
0.12601979076862335
0.04391991347074509
0.0323571152985096
0.14956964552402496
0.0157209150493145
0.004719933029264212
0.037833716720342636
0.008402564562857151
0.021435806527733803
0.04569273442029953
0.26431140303611755
0.11282502114772797
0.12773242592811584
0.3295586109161377
0.1365031749010086
0.043328605592250824
0.05825771391391754
0.1059514582157135
0.16695953905582428
0.02276724949479103
0.05072300136089325
0.04395251348614693
0.06808485835790634
0.011784962378442287
0.04509066790342331
0.05645905062556267
0.0838228166103363
0.03257686272263527
0.05293775349855423
0.05012063682079315
0.0314553827047348
0.03843756765127182
0.05651749670505524
0.168856680393219
0.21978217363357544
0.09273403882980347
0.4159766137599945
0.058891456574201584
0.2997378706932068
0.3312564790248871
0.44063085317611694
0.2189670205116272
0.20772340893745422
0.2885187864303589
0.1271996647119522
0.34046822786331177
0.23192116618156433
0.6398513913154602
0.6453007459640503
0.776667594909668
0.715229868888855
0.14354895055294037
0.29922419786453247
0.865249514579773
0.3898443281650543
0.14169372618198395
0.04630814492702484
0.12044380605220795
0.680679976940155
0.22438552975654602
0.016536323353648186
0.01194667536765337
0.034264519810676575
0.05219877138733864
0.0291647519916296
0.012437746860086918
0.10031581670045853
0.14391185343265533
0.13802899420261383
0.11304892599582672
0.35369637608528137
0.08483878523111343
0.0751459151506424
0.1321648508310318
0.08548993617296219
0.18694861233234406
0.015232841484248638
0.03380066528916359
0.09046842902898788
0.15750053524971008
0.5195858478546143
0.8946015238761902
0.8154114484786987
0.6118567585945129
0.6841984391212463
0.6795256733894348
0.6260813474655151
0.7162041068077087
0.3408416211605072
0.7295128703117371
0.12324570119380951
0.4729781150817871
0.34006109833717346
0.6911712884902954
0.3347628116607666
0.8827757239341736
0.8461220860481262
0.939473569393158
0.976359486579895
0.9785073399543762
0.9330331087112427
0.9660430550575256
0.8009136319160461
0.8669964075088501
0.8096590638160706
0.962708055973053
0.9192282557487488
0.7042304277420044
0.9237215518951416
0.9392731189727783
0.9283197522163391
0.8020810484886169
0.9253273010253906
0.9773719906806946
0.958550751209259
0.9658829569816589
0.9511011242866516
0.9147747755050659
0.8952358961105347
0.8423348665237427
0.7238049507141113
0.7693924307823181
0.8501194715499878
0.6424053311347961
0.6329792141914368
0.5226905941963196
0.559071958065033
0.5246473550796509
0.6397207975387573
0.7327993512153625
0.5468466281890869
0.4837874472141266
0.5350341796875
0.41106584668159485
0.371830552816391
0.42048147320747375
0.5148866772651672
0.614215612411499
0.8614221811294556
0.7920768857002258
0.9371708035469055
0.9742507934570312
0.7934672236442566
0.8874315023422241
0.8975609540939331
0.8997021913528442
0.7502478361129761
0.7204471826553345
0.856170117855072
0.8863561749458313
0.7081413865089417
0.8708500862121582
0.9356648325920105
0.889043927192688
0.6813129186630249
0.97364741563797
0.962942361831665
0.7065606117248535
0.6708419919013977
0.941512942314148
0.976599395275116
0.2908497154712677
0.8792564868927002
0.9871248602867126
0.9061374664306641
0.2580088973045349
0.8203204870223999
0.9573851823806763
0.6742144823074341
0.23445375263690948
0.7211872935295105
0.8567689061164856
0.6886853575706482
0.519446074962616
0.13987742364406586
0.11987124383449554
0.18478268384933472
0.1255556344985962
0.03352179005742073
0.0313386470079422
0.029090289026498795
0.02452794276177883
0.14290376007556915
0.6401767134666443
0.45277494192123413
0.09450415521860123
0.6617164015769958
0.6659137010574341
0.4231923222541809
0.28040438890457153
0.7939978837966919
0.8046395182609558
0.6484058499336243
0.8869755864143372
0.6799904108047485
0.4785464107990265
0.31851428747177124
0.18189549446105957
0.38204696774482727
0.109186552464962
0.21389490365982056
0.17311497032642365
0.06014364957809448
0.09648346155881882
0.04870803281664848
0.1413457989692688
0.03206196799874306
0.04100616276264191
0.07431342452764511
0.18717916309833527
0.15849730372428894
0.09653772413730621
0.29721322655677795
0.41015833616256714
0.26934683322906494
