0.2047242969274521
0.2786294221878052
0.42070066928863525
0.470430850982666
0.5494164228439331
0.8239690065383911
0.5096338391304016
0.6340051889419556
0.25752344727516174
0.2862362265586853
0.8179211020469666
0.7202275395393372
0.620118260383606
0.5854849219322205
0.5409087538719177
0.4084984064102173
0.693284809589386
0.28865742683410645
0.6398621201515198
0.6072601675987244
0.8840761184692383
0.7456831336021423
0.9451553821563721
0.9387959241867065
0.9827622175216675
0.9516841173171997
0.9197373986244202
0.9324299693107605
0.9451161623001099
0.6235973238945007
0.4889589846134186
0.6282939910888672
0.8671973347663879
0.4875168204307556
0.49343258142471313
0.892534077167511
0.7531604170799255
0.8946077823638916
0.7117065191268921
0.5498001575469971
0.6063889265060425
0.27311885356903076
0.3825499713420868
0.1703552007675171
0.05341767147183418
0.143158420920372
0.06208081543445587
0.11785510927438736
0.08652577549219131
0.07976866513490677
0.6173413395881653
0.4660292863845825
0.6514168977737427
0.9092797040939331
0.4707058370113373
0.74931800365448
0.9541034698486328
0.9721495509147644
0.9471078515052795
0.9301493167877197
0.6695830821990967
0.4276566207408905
0.9339450001716614
0.9403778910636902
0.39613255858421326
0.5236913561820984
0.9280570149421692
0.6468762159347534
0.2537994980812073
0.847189724445343
0.9119213819503784
0.6444860696792603
0.5707954168319702
0.8844688534736633
0.9618104100227356
0.8501096367835999
0.7434226274490356
0.9394355416297913
0.955505907535553
0.8834035992622375
0.675816535949707
0.9777635931968689
0.9596298336982727
0.8978589177131653
0.8442376255989075
0.8812181949615479
0.6640869975090027
0.4666508734226227
0.705053985118866
0.5776461362838745
0.28590691089630127
0.1354825794696808
0.33317792415618896
0.22122907638549805
0.35022884607315063
0.3134971857070923
0.7202343344688416
0.5008743405342102
0.9019339084625244
0.34289464354515076
0.9521104097366333
0.8039183020591736
0.9343611598014832
0.9438982009887695
0.9783318638801575
0.9331438541412354
0.9224737286567688
0.86647629737854
0.7258908152580261
0.5488366484642029
0.6031792163848877
0.6601241230964661
0.4392756521701813
0.0859333872795105
0.16238652169704437
0.3959498405456543
0.4992779791355133
0.04181700572371483
0.15930721163749695
0.459620863199234
0.32777467370033264
0.0638836994767189
0.2463671863079071
0.37598392367362976
0.1868312656879425
0.0927414819598198
0.1321987509727478
0.023787807673215866
0.05824558064341545
0.023386536166071892
0.08938152343034744
0.09195805341005325
0.1689292937517166
0.29904255270957947
0.1803232580423355
0.3729690909385681
0.08031672984361649
0.029792580753564835
0.18924181163311005
0.05985646694898605
0.02927960641682148
0.01105039194226265
0.11291125416755676
0.012503758072853088
0.015419253148138523
0.011164846830070019
0.08904784917831421
0.10587632656097412
0.04951854422688484
0.009167218580842018
0.014608216471970081
0.01774313859641552
0.003957307897508144
0.0017770632402971387
0.003485330380499363
0.003607630031183362
0.045186784118413925
0.027151785790920258
0.08033659309148788
0.392986923456192
0.4913952052593231
0.23891356587409973
0.2767844796180725
0.14711567759513855
0.8482725620269775
0.5889518857002258
0.46185505390167236
0.7723718881607056
0.7298721075057983
0.6558694243431091
0.819608747959137
0.697372317314148
0.8405674695968628
0.6666743159294128
0.46323123574256897
0.4238656163215637
0.3326149582862854
0.11390064656734467
0.04792711138725281
0.34593507647514343
0.35541850328445435
0.007566588465124369
0.025793617591261864
0.174785315990448
0.1242305338382721
0.025129858404397964
0.030636906623840332
0.009768057614564896
0.014553542248904705
0.02432980388402939
0.05284489691257477
0.012615825049579144
0.01721523143351078
0.021954357624053955
0.10636324435472488
0.04278245195746422
0.09140154719352722
0.2677675485610962
0.8790144920349121
0.8623632192611694
0.9454818367958069
0.7115990519523621
0.9052541851997375
0.6043084263801575
0.5571753978729248
0.13091641664505005
0.1364375501871109
0.059154484421014786
0.10984256118535995
0.3022039234638214
0.16264820098876953
0.612848162651062
0.6114673018455505
0.8492267727851868
0.5102028846740723
0.20192661881446838
0.8655382990837097
0.7896202802658081
0.42277324199676514
0.392124742269516
0.5530723929405212
0.46434736251831055
0.14525628089904785
0.06140918284654617
0.25596076250076294
0.17681826651096344
0.2492770403623581
0.030793912708759308
0.13779884576797485
0.05319719389081001
0.039580561220645905
0.0056604729034006596
0.008515434339642525
0.008164470084011555
0.04163161665201187
0.004479715134948492
0.0017632251838222146
0.005436161998659372
0.0042969887144863605
0.006956915836781263
0.10216540843248367
0.04938049986958504
0.25542593002319336
0.40221527218818665
0.17051731050014496
0.6283714771270752
0.8381038308143616
0.9060396552085876
0.9648917317390442
0.9131390452384949
0.4823184609413147
0.8983917236328125
0.5556179881095886
0.3821343779563904
0.6191654801368713
0.8108943104743958
0.8907304406166077
0.8116292357444763
0.965079128742218
0.9125179648399353
0.629767656326294
0.6415695548057556
0.8605471849441528
0.9494287967681885
0.9694490432739258
0.6748284697532654
0.4566638767719269
0.9544721245765686
0.7934741377830505
0.16675494611263275
0.5335413813591003
0.9722902774810791
0.5384934544563293
0.1301841139793396
0.46785280108451843
0.11730791628360748
0.012686570174992085
0.013505053706467152
0.009583312086760998
0.02221348136663437
0.0035533339250832796
0.004067976027727127
0.013607007451355457
0.03220309689640999
0.04912123456597328
0.2533145844936371
0.26186293363571167
0.5259659290313721
0.8934028744697571
0.9246218800544739
0.9375648498535156
0.8164884448051453
0.94646155834198
0.9525376558303833
0.9357419610023499
0.9613810777664185
0.46999019384384155
0.4836001992225647
0.951391875743866
0.8343156576156616
0.10190963000059128
0.40984630584716797
0.9604591727256775
0.5398144125938416
0.08563664555549622
0.8382383584976196
0.895807147026062
0.12474385648965836
0.341406911611557
0.7591721415519714
0.5299680829048157
0.06011509150266647
0.23710812628269196
0.5613771080970764
0.06365296244621277
0.043108388781547546
0.0812176987528801
0.11135395616292953
0.039617281407117844
0.17105074226856232
