0.09403553605079651
0.3377890884876251
0.5290268063545227
0.7107679843902588
0.8034877777099609
0.8148281574249268
0.7223544716835022
0.9174408316612244
0.7647536396980286
0.6066747903823853
0.6098386645317078
0.5833427906036377
0.39689743518829346
0.1738724261522293
0.227377787232399
0.15534469485282898
0.08579099178314209
0.06371141225099564
0.12068908661603928
0.08834894746541977
0.07548139244318008
0.06945543736219406
0.03607415407896042
0.018030261620879173
0.0241682231426239
0.004469219595193863
0.001101615489460528
0.0030998284928500652
0.004469645209610462
0.00898804236203432
0.020490724593400955
0.07330498844385147
0.4680767059326172
0.2547150254249573
0.02822423353791237
0.07776526361703873
0.24439787864685059
0.048208002001047134
0.026923174038529396
0.20903457701206207
0.352764755487442
0.09802039712667465
0.12250722944736481
0.6170121431350708
0.35752078890800476
0.23422877490520477
0.043150417506694794
0.03421368449926376
0.04664167761802673
0.011612643487751484
0.003831428475677967
0.0015483536990359426
0.0030326603446155787
0.003477304708212614
0.009174124337732792
0.1910848170518875
0.1830894500017166
0.017631584778428078
0.028378967195749283
0.02930694818496704
0.002292724559083581
0.0068747554905712605
0.05285755172371864
0.028124796226620674
0.006775055546313524
0.02097340300679207
0.11091864109039307
0.06005442142486572
0.08954854309558868
0.06636625528335571
0.02755078859627247
0.01225297711789608
0.018190352246165276
0.008582382462918758
0.003671759506687522
0.012258164584636688
0.016795283183455467
0.002312681172043085
0.014464444480836391
0.013250932097434998
0.02755776233971119
0.008118671365082264
0.008284724317491055
0.0028330483473837376
0.008403842337429523
0.01659231446683407
0.0013002656633034348
0.009396810084581375
0.021881338208913803
0.007046619895845652
0.013236153870821
0.009366058744490147
0.0050761885941028595
0.0018560915486887097
0.006710643880069256
0.009435135871171951
0.043427724391222
0.041261136531829834
0.026687275618314743
0.040807902812957764
0.006536236964166164
0.003759159008041024
0.025234628468751907
0.021599987521767616
0.012977813370525837
0.037780776619911194
0.02746766246855259
0.010892205871641636
0.03907858580350876
0.007698071654886007
0.0024937253911048174
0.002676380332559347
0.009067914448678493
0.01862599328160286
0.05013687163591385
0.21837452054023743
0.40220826864242554
0.15339559316635132
0.13264615833759308
0.11557306349277496
0.041701335459947586
0.15038730204105377
0.39815109968185425
0.027104957029223442
0.04127808287739754
0.5306074023246765
0.04996282979846001
0.005471381824463606
0.050240933895111084
0.5905923843383789
0.05772056058049202
0.04214829206466675
0.03428191691637039
0.05116788670420647
0.018219247460365295
0.014082689769566059
0.02008759416639805
0.05517882853746414
0.08579565584659576
0.1391630321741104
0.24326689541339874
0.09543726593255997
0.13002504408359528
0.1827312558889389
0.15084467828273773
0.11446958035230637
0.12336409091949463
0.24940736591815948
0.19574323296546936
0.07985083013772964
0.3522426187992096
0.40445294976234436
0.30627158284187317
0.028562337160110474
0.4385494291782379
0.4312637150287628
0.23274946212768555
0.2066679298877716
0.10391049087047577
0.16230209171772003
0.1842530518770218
0.08209258317947388
0.104177325963974
0.07616417855024338
0.11802693456411362
0.17805711925029755
0.25475120544433594
0.18359442055225372
0.2103220820426941
0.27859795093536377
0.33650580048561096
0.16524595022201538
0.48656347393989563
0.860192596912384
0.2552688717842102
0.43509382009506226
0.899872362613678
0.90427166223526
0.24139200150966644
0.7159264087677002
0.9001960754394531
0.8186816573143005
0.6151608228683472
0.555791437625885
0.38097554445266724
0.16430000960826874
0.0965631976723671
0.07251936197280884
0.0964980274438858
0.16425074636936188
0.14560146629810333
0.1153898537158966
0.3645269572734833
0.6379304528236389
0.6222051382064819
0.780703067779541
0.7531551718711853
0.6671848297119141
0.7581765055656433
0.5973124504089355
0.2272852212190628
0.2648731470108032
0.2981717884540558
0.39511433243751526
0.46124395728111267
0.35144153237342834
0.44607189297676086
0.2522164285182953
0.4640333950519562
0.0888514295220375
0.21998052299022675
0.4408085346221924
0.479459673166275
0.3575725555419922
0.3591739237308502
0.38295406103134155
0.1064198762178421
0.4961659610271454
0.5730856657028198
0.19843122363090515
0.10773712396621704
0.3169291913509369
0.4919215440750122
0.2580054700374603
0.17303596436977386
0.1764286458492279
0.159016415476799
0.4983321726322174
0.27130377292633057
0.14143599569797516
0.11265140026807785
0.19618894159793854
0.10484937578439713
0.03863435983657837
0.07481202483177185
0.12173594534397125
0.021569103002548218
0.13088861107826233
0.18487229943275452
0.2919207513332367
0.15818476676940918
0.16304917633533478
0.2476939707994461
0.12159194052219391
0.1054520234465599
0.5054781436920166
0.48713070154190063
0.31987324357032776
0.3121319115161896
0.3581841289997101
0.3508830666542053
0.26482298970222473
0.771877110004425
0.13579292595386505
0.27062511444091797
0.3500324785709381
0.4292128086090088
0.2978266477584839
0.10542634129524231
0.12712354958057404
0.2870865762233734
0.10451731085777283
0.10104621201753616
0.06392066180706024
0.10449165105819702
0.25841259956359863
0.1779584437608719
0.22030727565288544
0.22922982275485992
0.08355233818292618
0.18641643226146698
0.0763467326760292
0.181899294257164
0.3205642104148865
0.27513569593429565
0.1163550466299057
0.08872748911380768
0.11625117808580399
0.12773087620735168
0.35745787620544434
0.13786348700523376
0.5831903219223022
0.1816275417804718
0.6245600581169128
0.28717806935310364
0.1526922732591629
0.4072226583957672
0.5198990106582642
0.08874049782752991
0.0895010232925415
0.09377137571573257
0.03762113302946091
0.050103235989809036
0.09567064791917801
0.11847257614135742
0.2397986501455307
0.4812740385532379
0.6105668544769287
0.4943418502807617
0.8709356188774109
0.5393564105033875
0.15330477058887482
0.6801719665527344
0.8290097117424011
0.39489904046058655
0.44015517830848694
0.8845933675765991
0.8626668453216553
0.8132721185684204
0.6017182469367981
0.3045901358127594
0.396688312292099
0.2873968780040741
0.3227091431617737
0.1735352724790573
0.21567638218402863
0.1268371343612671
0.48940011858940125
0.47611203789711
0.8430102467536926
0.7655694484710693
0.8952212929725647
0.4954794943332672
0.7734168171882629
0.5741373300552368
0.14530135691165924
0.5586760640144348
0.4394097626209259
0.03915184363722801
0.052076756954193115
0.4141535758972168
0.03676806017756462
0.010476785711944103
0.030033031478524208
0.2989848554134369
0.03536013513803482
0.09608340263366699
0.3718399703502655
0.6788061857223511
0.3209964632987976
0.550719678401947
0.35526981949806213
0.3363216519355774
0.26049911975860596
0.5278711318969727
0.16821570694446564
0.508031964302063
0.523703932762146
0.6121997833251953
0.19000060856342316
0.2993694543838501
0.07644087076187134
0.2621927857398987
0.09235260635614395
0.1133689358830452
0.06812625378370285
0.330742210149765
0.06092286854982376
0.2755759656429291
0.20981350541114807
0.08493205159902573
0.036392178386449814
0.04246681556105614
0.02757919207215309
0.08174648135900497
0.12557467818260193
0.2748664915561676
0.058467548340559006
0.4687753915786743
0.4681533873081207
0.4140543043613434
0.11963213980197906
0.42076170444488525
0.6902008056640625
0.28398293256759644
0.25174498558044434
0.4239889979362488
0.14415569603443146
0.3696417808532715
0.11221277713775635
0.1303558349609375
0.2176847606897354
0.46845728158950806
0.36380115151405334
0.2631368935108185
0.06797892600297928
0.5324896574020386
0.23947159945964813
0.16284655034542084
0.3890639543533325
0.08667997270822525
0.09484339505434036
0.15039180219173431
0.12785159051418304
0.14408573508262634
0.10067764669656754
0.08278641849756241
0.2565028667449951
0.18609848618507385
0.04856783524155617
0.0429055280983448
0.02155260369181633
0.07245487719774246
0.02742091380059719
0.060241926461458206
0.022315116599202156
0.08188547194004059
0.23627479374408722
0.30322808027267456
0.07537836581468582
0.33370721340179443
0.04487331584095955
0.054149363189935684
0.37631067633628845
0.09061828255653381
0.05092604458332062
0.03263470530509949
0.05304286628961563
0.06174164265394211
0.08165570348501205
0.16775581240653992
0.14724045991897583
0.07631085067987442
0.5711032748222351
0.08153397589921951
0.036808378994464874
0.21738304197788239
0.19101518392562866
0.19164040684700012
0.14331521093845367
0.33949604630470276
0.10734577476978302
0.2875169813632965
0.2270483523607254
0.28637751936912537
0.3428281545639038
0.36049818992614746
0.20472414791584015
