0.17006303369998932
0.07087739557027817
0.26338523626327515
0.19193550944328308
0.5665286183357239
0.35065165162086487
0.8972569704055786
0.395658403635025
0.8934574127197266
0.7241762280464172
0.9413984417915344
0.8740059733390808
0.9211634397506714
0.933557391166687
0.9139796495437622
0.8452377915382385
0.5812876224517822
0.649491012096405
0.5740770101547241
0.30428096652030945
0.43346714973449707
0.06224648281931877
0.15712156891822815
0.07468245178461075
0.24576494097709656
0.4092389643192291
0.5876321792602539
0.44415125250816345
0.6293674111366272
0.5886209607124329
0.5170158743858337
0.49007484316825867
0.45780181884765625
0.3039439916610718
0.3054945170879364
0.261846661567688
0.09622557461261749
0.328592449426651
0.1466907411813736
0.5523285269737244
0.24060381948947906
0.7289617657661438
0.8072361350059509
0.8913456797599792
0.41647112369537354
0.855070173740387
0.42628127336502075
0.7221254110336304
0.35589390993118286
0.2470470815896988
0.16534171998500824
0.06885740906000137
0.09749038517475128
0.15499381721019745
0.1955394595861435
0.0846269354224205
0.1937195062637329
0.4927186071872711
0.5735055208206177
0.5770686268806458
0.7611234188079834
0.36603695154190063
0.40809133648872375
0.26285067200660706
0.42512035369873047
0.4675429165363312
0.5143317580223083
0.46126317977905273
0.5241355299949646
0.4501660168170929
0.6264892220497131
0.6512506604194641
0.6747133731842041
0.5704402923583984
0.8030589818954468
0.7612006068229675
0.5384907722473145
0.7327684760093689
0.7303288578987122
0.7667292952537537
0.8959938883781433
0.9393687844276428
0.7591671347618103
0.9619829654693604
0.7946168184280396
0.6798954010009766
0.7646425366401672
0.7334874272346497
0.8360856771469116
0.7615809440612793
0.9074862599372864
0.8650992512702942
0.8453000783920288
0.5093043446540833
0.6708055138587952
0.4744078814983368
0.27578824758529663
0.32679811120033264
0.32656750082969666
0.839452862739563
0.7758820056915283
0.906689465045929
0.7777834534645081
0.8956786394119263
0.6873679161071777
0.9323101043701172
0.5876372456550598
0.930237889289856
0.8309915661811829
0.9638710021972656
0.9709429144859314
0.9519777297973633
0.9796580076217651
0.9426577687263489
0.9872555136680603
0.9626743793487549
0.9275015592575073
0.9159128665924072
