0.049861907958984375
0.04675978422164917
0.06591876596212387
0.04538590461015701
0.07467378675937653
0.05383235216140747
0.0544443279504776
0.06992045044898987
0.16159209609031677
0.0696631669998169
0.21413931250572205
0.07243865728378296
0.2168319970369339
0.1302759349346161
0.11997558176517487
0.06064948812127113
0.21772153675556183
0.8011226058006287
0.8138225078582764
0.2851772606372833
0.31390437483787537
0.4952388405799866
0.6882274746894836
0.9444690346717834
0.8747554421424866
0.6374386548995972
0.5832855701446533
0.45719534158706665
0.37756669521331787
0.404570996761322
0.15341201424598694
0.21682676672935486
0.32045453786849976
0.3370440900325775
0.12033843994140625
0.2580263614654541
0.11886163800954819
0.151975616812706
0.5327306389808655
0.30661484599113464
0.8155211210250854
0.7207270264625549
0.15576839447021484
0.19200463593006134
0.21956218779087067
0.14834235608577728
0.07559128105640411
0.2771499454975128
0.08742748945951462
0.05511145666241646
0.026414435356855392
0.043707091361284256
0.052591778337955475
0.03637011721730232
0.05654577538371086
0.12739194929599762
0.054503053426742554
0.1704825609922409
0.06413479149341583
0.15260331332683563
0.0762450322508812
0.24359025061130524
0.391560435295105
0.44024917483329773
0.939690887928009
0.7657700181007385
0.5139946937561035
0.9776704907417297
0.9372674226760864
0.4898757338523865
0.5427805781364441
0.9562309980392456
0.789404034614563
0.43584951758384705
0.5197301506996155
0.6114745736122131
0.8484241962432861
0.6314857602119446
0.4387166202068329
0.24481959640979767
0.19678501784801483
0.08002579212188721
0.0347144715487957
0.17803753912448883
0.07197516411542892
0.1355360895395279
0.5576971173286438
0.7352332472801208
0.9279801249504089
0.7096762657165527
0.33706679940223694
0.42962539196014404
0.9545968174934387
0.5790228843688965
0.39641574025154114
0.9655922651290894
0.9292808175086975
0.2666877210140228
0.9380340576171875
0.9472619295120239
0.7451823353767395
0.5793319940567017
0.95116126537323
0.8837064504623413
0.6202012300491333
0.6152978539466858
0.6552808880805969
0.5437877774238586
0.16580326855182648
0.22855502367019653
0.05346658080816269
0.1216704323887825
0.11362453550100327
0.16070905327796936
0.6047194600105286
0.4060038626194
0.11812224984169006
0.5017545819282532
0.7187098264694214
0.8235533833503723
0.2704545259475708
0.7879204750061035
0.8897082209587097
0.8947407603263855
0.8187968134880066
0.7117927670478821
0.8832481503486633
0.5084912180900574
0.5245842337608337
0.7153275609016418
0.6781681180000305
0.7312790751457214
0.8448161482810974
0.863246500492096
0.8240066170692444
0.9231195449829102
0.9224631190299988
0.8562611937522888
0.7339728474617004
0.6865426898002625
0.4042564332485199
0.5355959534645081
0.4202888011932373
0.5137805342674255
0.6061057448387146
0.13551926612854004
0.13421057164669037
0.07023630291223526
0.13307452201843262
0.10497839003801346
0.1092619076371193
0.16523247957229614
0.19125337898731232
0.14572376012802124
0.39426717162132263
0.20934954285621643
0.20990005135536194
0.04518347978591919
0.05171623080968857
0.1385883241891861
0.07838592678308487
0.12770482897758484
0.026664217934012413
0.06914417445659637
0.021325211971998215
0.034950729459524155
0.048063237220048904
0.07843383401632309
0.2070925533771515
0.13946528732776642
0.2302856147289276
0.7067622542381287
0.5626689195632935
0.34143638610839844
0.04601467773318291
0.047777291387319565
0.01749587245285511
0.0722419023513794
0.0481647327542305
0.04993227869272232
0.05991204082965851
0.063759446144104
0.02671455219388008
0.00896801520138979
0.11479292064905167
0.025303630158305168
0.0615089014172554
0.08652613312005997
0.04808821156620979
0.08482502400875092
0.14656834304332733
0.07626929879188538
0.07318220287561417
0.06968457251787186
0.08375629037618637
0.02439146675169468
0.06603506952524185
0.09462177008390427
0.09566765278577805
0.0257275253534317
0.060811664909124374
0.04837716370820999
0.027998285368084908
0.11497914791107178
0.05277606472373009
0.01374914962798357
0.0634743943810463
0.018787764012813568
0.04157199338078499
0.03024805337190628
0.1075296625494957
0.15237970650196075
0.46566450595855713
0.43707048892974854
0.22530142962932587
0.3676134943962097
0.5669629573822021
0.33441364765167236
0.16763350367546082
0.06186605989933014
0.05016348138451576
0.08374519646167755
0.07094188034534454
0.08667472004890442
0.0038567024748772383
0.026969943195581436
0.08233451843261719
0.03970608860254288
0.022620482370257378
0.0340968556702137
0.04371102899312973
0.02089693769812584
0.050251077860593796
0.01668374612927437
0.16490133106708527
0.13424278795719147
0.01127826888114214
0.0600159652531147
0.021186821162700653
0.060286641120910645
0.15986089408397675
0.12464671581983566
0.2628891170024872
0.25501149892807007
0.3811633884906769
0.15129432082176208
0.17920586466789246
0.11869079619646072
0.1588018834590912
0.1306867152452469
0.13144293427467346
0.13590343296527863
0.20311304926872253
0.26694029569625854
0.07166670262813568
0.13863275945186615
0.22943054139614105
0.14798712730407715
0.0441763736307621
0.27015677094459534
0.1212683767080307
0.12901701033115387
0.3264664113521576
0.3131890892982483
0.3083609640598297
0.2349213808774948
0.44313740730285645
0.32984521985054016
0.23922713100910187
0.12160829454660416
0.1656554639339447
0.12098322808742523
