0.029236989095807076
0.0531495064496994
0.08584403991699219
0.010433260351419449
0.009379778988659382
0.004954453557729721
0.007106943987309933
0.010346302762627602
0.01511429250240326
0.04783891886472702
0.21537144482135773
0.031213687732815742
0.02256823144853115
0.03871544450521469
0.05570635572075844
0.16529765725135803
0.2556368410587311
0.6654912829399109
0.350380003452301
0.21918268501758575
0.10834215581417084
0.10869123786687851
0.13834084570407867
0.09745481610298157
0.02217026613652706
0.27556267380714417
0.06710997968912125
0.05257466807961464
0.028442654758691788
0.22617560625076294
0.104282908141613
0.00578370550647378
0.17362022399902344
0.08439487963914871
0.033266209065914154
0.026977742090821266
0.017020683735609055
0.024603741243481636
0.008437149226665497
0.008088369853794575
0.007643265184015036
0.007452176883816719
0.039860207587480545
0.23912575840950012
0.4470536410808563
0.5273611545562744
0.3733282685279846
0.5019415020942688
0.5590143799781799
0.0755772590637207
0.26070457696914673
0.4549393057823181
0.22071786224842072
0.1097186803817749
0.18848416209220886
0.6223394870758057
0.365289568901062
0.06383910030126572
0.4262615740299225
0.43838194012641907
0.10424721240997314
0.11093183606863022
0.2561108469963074
0.08645878732204437
0.04107021540403366
0.056565482169389725
0.04532439634203911
0.18696388602256775
0.08388148993253708
0.07819577306509018
0.17770454287528992
0.25778451561927795
0.11053583770990372
0.28402382135391235
0.34040766954421997
0.4316881000995636
0.40277424454689026
0.5450404286384583
0.6287940144538879
0.5309281945228577
0.5184968709945679
0.7116075754165649
0.48272058367729187
0.4059087932109833
0.13965697586536407
0.5487266182899475
0.3974047601222992
0.24252398312091827
0.22676539421081543
0.2695062756538391
0.8246064782142639
0.5498316287994385
0.2456045150756836
0.6239438652992249
0.9224921464920044
0.44660526514053345
0.07377653568983078
0.9053921103477478
0.944243311882019
0.5447232723236084
0.22972999513149261
0.9656946659088135
0.9222992062568665
0.33268675208091736
0.6838998794555664
0.9627072215080261
0.8128178119659424
0.6051775217056274
0.6703548431396484
0.6699577569961548
0.41371646523475647
0.49177175760269165
0.7515791654586792
0.6117646098136902
0.5866444706916809
0.8512475490570068
0.7895823121070862
0.8048536777496338
0.831734299659729
0.8729487061500549
0.746182918548584
0.49490034580230713
0.22782213985919952
0.1967601776123047
0.2501199245452881
0.3637775182723999
0.21757210791110992
0.23979435861110687
0.2846757769584656
0.23202045261859894
0.14822018146514893
0.6815108060836792
0.6472383737564087
0.14738325774669647
0.4440937340259552
0.4910750985145569
0.19057700037956238
0.13108590245246887
0.3435916602611542
0.3479405343532562
0.21078667044639587
0.16699190437793732
0.2222178727388382
0.1974608451128006
0.29015007615089417
0.10283676534891129
0.2718486785888672
0.26528388261795044
0.2879069149494171
0.2894567549228668
0.1371849626302719
0.12379349768161774
0.11418143659830093
0.1664452999830246
0.07968476414680481
0.06832901388406754
0.09432316571474075
0.20261339843273163
0.05257626995444298
0.1234189048409462
0.18842577934265137
0.101986363530159
0.1197722926735878
0.14577332139015198
0.20544859766960144
0.15272632241249084
0.05378123000264168
0.06631705909967422
0.15314652025699615
0.11004553735256195
0.1954762190580368
0.21395154297351837
0.30232712626457214
0.3784240782260895
0.19175583124160767
0.08679872006177902
0.1197526603937149
0.13676750659942627
0.16307388246059418
0.03516591712832451
0.09701605886220932
0.10597648471593857
0.1549387276172638
0.07346262037754059
0.15551047027111053
0.07076860964298248
0.01916181482374668
0.057607173919677734
0.21392890810966492
0.021007098257541656
0.028432734310626984
0.3562953472137451
0.27148810029029846
0.048855796456336975
0.08966386318206787
0.18726912140846252
0.10539279133081436
0.03700198978185654
0.09313052147626877
0.05408896878361702
0.014785240404307842
0.01706833764910698
0.010661904700100422
0.012776290066540241
0.01261953730136156
0.07537566125392914
0.10880471020936966
0.05419709160923958
0.20033952593803406
0.15297545492649078
0.15009163320064545
0.08840075880289078
0.2231629192829132
0.02954096347093582
0.12581701576709747
0.10480593144893646
0.02030051127076149
0.10202100872993469
0.09588749706745148
0.046759579330682755
0.09460238367319107
0.14123530685901642
0.05887405946850777
0.10861848294734955
0.06572344899177551
0.06034787371754646
0.17536932229995728
0.043613873422145844
0.12206903845071793
0.10912052541971207
0.06080347299575806
0.06919006258249283
0.0664459839463234
0.013192713260650635
0.053892169147729874
0.029679009690880775
0.10610900074243546
0.010709239169955254
0.042442161589860916
0.05900203436613083
0.019266175106167793
0.025974202901124954
0.028185056522488594
0.07601871341466904
0.01670474372804165
