0.19749097526073456
0.22090470790863037
0.19854353368282318
0.2877630591392517
0.15753400325775146
0.18620994687080383
0.06616655737161636
0.05563969910144806
0.06259627640247345
0.07007452845573425
0.22862283885478973
0.15803702175617218
0.3237813115119934
0.14435350894927979
0.29003721475601196
0.16001462936401367
0.4504261016845703
0.1222085952758789
0.17015352845191956
0.23154838383197784
0.2556030750274658
0.12696552276611328
0.09003981947898865
0.138097882270813
0.2473522573709488
0.17001326382160187
0.17428036034107208
0.1852072775363922
0.26608172059059143
0.1281173974275589
0.2058926671743393
0.269183486700058
0.2367715835571289
0.07115846872329712
0.18150292336940765
0.23298846185207367
0.18471604585647583
0.13781863451004028
0.13814657926559448
0.05850302055478096
0.02784496173262596
0.07923677563667297
0.04978005960583687
0.40335792303085327
0.08287189155817032
0.09904579073190689
0.10238072276115417
0.1821662187576294
0.21804451942443848
0.11975206434726715
0.4281920790672302
0.46072113513946533
0.7671638131141663
0.35642725229263306
0.3204621970653534
0.39000898599624634
0.387317031621933
0.15888041257858276
0.10250028967857361
0.35510870814323425
0.2359820157289505
0.264998197555542
0.37895214557647705
0.6320794224739075
0.23554372787475586
0.510416567325592
0.8449824452400208
0.8394230604171753
0.5999863743782043
0.5169045329093933
0.1879221498966217
0.3552909791469574
0.21010664105415344
0.20550887286663055
0.10493794828653336
0.20030391216278076
0.11024563759565353
0.1075613871216774
0.531211256980896
0.15105125308036804
0.3441121280193329
0.0398268885910511
0.07433823496103287
0.019897129386663437
0.20076274871826172
0.01847926340997219
0.1736057996749878
0.08525598794221878
0.022656213492155075
0.03470629081130028
0.09317310899496078
0.13358458876609802
0.2213992476463318
0.09834796190261841
0.12892313301563263
0.20389342308044434
0.09874653816223145
0.04835071787238121
0.11021312326192856
0.01166378241032362
0.16149075329303741
0.037907857447862625
0.3637860119342804
0.08583684265613556
0.14254353940486908
0.1283934861421585
0.10432332009077072
0.08500627428293228
0.11845680326223373
0.06016942486166954
0.16303041577339172
0.04782012477517128
0.1779773235321045
0.06999523192644119
0.2710915803909302
0.4111569821834564
0.6479299664497375
0.3333142399787903
0.18430103361606598
0.45524200797080994
0.2007824182510376
0.21721430122852325
0.30403244495391846
0.28299087285995483
0.30533602833747864
0.32620081305503845
0.3145810663700104
0.4492667615413666
0.21061451733112335
0.16954687237739563
0.29461637139320374
0.14709578454494476
0.06808926910161972
0.12254074960947037
0.14782701432704926
0.09577750414609909
0.07827674597501755
0.2829858362674713
0.08387356996536255
0.07649070024490356
0.12312262505292892
0.49517711997032166
0.08757655322551727
0.13228119909763336
0.29344239830970764
0.2499774843454361
0.06700006872415543
0.502244234085083
0.7388978600502014
0.632928192615509
0.3018346428871155
0.7286515831947327
0.19284851849079132
0.548346996307373
0.3950762152671814
0.23509089648723602
0.28282856941223145
0.07495786994695663
0.007470231037586927
0.012766015715897083
0.0021909158676862717
0.024228543043136597
0.06985881179571152
0.014152733609080315
0.06032511219382286
0.1893928050994873
0.2691222131252289
0.11142386496067047
0.016001803800463676
0.18589814007282257
0.24119263887405396
0.018804706633090973
0.018596958369016647
0.23679542541503906
0.2539564371109009
0.04810018837451935
0.28038397431373596
0.4616971015930176
0.4486887753009796
0.2897522747516632
0.09807470440864563
0.10530785471200943
0.002243716735392809
0.0020307765807956457
0.0009549869573675096
0.0033506378531455994
0.0037274241913110018
0.015053962357342243
0.02174154855310917
0.021267864853143692
0.0920213907957077
0.018593642860651016
0.003489632625132799
0.024649223312735558
0.06860271096229553
0.003923265263438225
0.013933718204498291
0.05138911306858063
0.20081742107868195
0.13906708359718323
0.030304739251732826
0.013076219707727432
0.02853650227189064
0.012527990154922009
0.0028009829111397266
0.009597128257155418
0.00796572957187891
0.024256417527794838
0.06767288595438004
0.017647448927164078
0.013154742307960987
0.02130880020558834
0.10173851251602173
0.03165419027209282
0.06483200937509537
0.028643684461712837
0.012754064053297043
0.01768101565539837
0.14610539376735687
0.04282677173614502
0.01845722831785679
0.017171448096632957
0.1672428846359253
0.24537552893161774
0.07142572104930878
0.04843396320939064
0.23876124620437622
0.0329720564186573
0.1061321273446083
0.034558236598968506
0.07888738811016083
0.06113775447010994
0.09477584064006805
0.14506182074546814
0.29956305027008057
0.39512741565704346
0.03260262683033943
0.6213110089302063
0.4557141661643982
0.06258467584848404
0.0791550800204277
0.5179364085197449
0.4437280595302582
0.1457262635231018
0.21316677331924438
0.5651911497116089
0.8425590395927429
0.9247475862503052
0.40277209877967834
0.5388258695602417
0.34649673104286194
0.3650713562965393
0.786755383014679
0.6122449040412903
0.36026960611343384
0.4774956703186035
0.3813585638999939
0.3347448408603668
0.6270260214805603
0.6316129565238953
0.2547265589237213
0.5502738952636719
0.38209882378578186
0.6255888342857361
0.7010584473609924
0.7156243324279785
0.7700724005699158
0.8084836602210999
0.8700524568557739
0.5865147709846497
0.920995831489563
0.9377676844596863
0.6594344973564148
0.7727809548377991
0.9624989628791809
0.9640015363693237
0.7177821397781372
0.9602884650230408
0.6841915249824524
0.9430218935012817
0.9137645363807678
0.9582970142364502
0.9275780916213989
0.8775115609169006
0.9451923370361328
0.620933473110199
0.8756099939346313
0.9030123949050903
0.5565579533576965
0.6577699780464172
0.5739208459854126
0.3623659610748291
0.26685938239097595
0.35887542366981506
0.26611456274986267
0.12434718757867813
0.2552962303161621
0.20882119238376617
0.4093361496925354
0.07927984744310379
0.18899571895599365
0.127391055226326
0.24594910442829132
0.1125023365020752
0.28486940264701843
0.29034191370010376
0.25083839893341064
0.2452513873577118
0.21031339466571808
0.22328349947929382
0.27254560589790344
0.27881401777267456
0.39218083024024963
0.35967475175857544
0.46120092272758484
0.20589183270931244
0.5665791034698486
0.16786280274391174
0.1548493504524231
0.23258158564567566
0.2591199278831482
0.05593471601605415
0.12946711480617523
0.18196849524974823
0.09968206286430359
0.23787300288677216
0.16169151663780212
0.077596016228199
0.21235167980194092
0.37619009613990784
0.45634207129478455
0.17190802097320557
0.3858231008052826
0.24665236473083496
0.4772268533706665
0.14319179952144623
0.24218273162841797
0.14479678869247437
0.1041095033288002
0.057179491966962814
0.1925162374973297
0.11623970419168472
0.30770939588546753
0.5769182443618774
0.45224714279174805
