0.09354111552238464
0.24560637772083282
0.14198632538318634
0.22482255101203918
0.3071550726890564
0.1744338572025299
0.5783681273460388
0.18393169343471527
0.5922381281852722
0.49811920523643494
0.47498565912246704
0.4818297028541565
0.21355180442333221
0.15214355289936066
0.02673174813389778
0.0988946408033371
0.02375168725848198
0.019538262858986855
0.055790975689888
0.027891172096133232
0.09013484418392181
0.06417440623044968
0.061091456562280655
0.026492904871702194
0.02595260925590992
0.0108176963403821
0.033352725207805634
0.0049378336407244205
0.006576359737664461
0.07300413399934769
0.01639784500002861
0.05061393976211548
0.13532622158527374
0.2149430513381958
0.33301201462745667
0.4669826924800873
0.6594246625900269
0.7967822551727295
0.7307659983634949
0.6333312392234802
0.7739814519882202
0.5847830176353455
0.4477112591266632
0.2039540708065033
0.10292944312095642
0.05236649140715599
0.012000163085758686
0.1284051239490509
0.22456426918506622
0.024913037195801735
0.07647679001092911
0.09191533178091049
0.21783138811588287
0.010463145561516285
0.07364077121019363
0.161371648311615
0.07781796157360077
0.0666525661945343
0.06389108300209045
0.16277877986431122
0.02580977790057659
0.09055115282535553
0.04086934030056
0.006360093131661415
0.015538868494331837
0.06975771486759186
0.06620245426893234
0.34362635016441345
0.33684030175209045
0.4731552302837372
0.6388265490531921
0.5492812991142273
0.41574111580848694
0.43204110860824585
0.29863056540489197
0.09233985096216202
0.02229529432952404
0.3339351415634155
0.3024117052555084
0.02294619008898735
0.07380195707082748
0.18315282464027405
0.18369878828525543
0.046252090483903885
0.058042336255311966
0.04324587434530258
0.0943012610077858
0.017196588218212128
0.01765890046954155
0.02720458433032036
0.02833368070423603
0.05080109462141991
0.15384605526924133
0.06352681666612625
0.06697221845388412
0.6007493138313293
0.23420847952365875
0.10581262409687042
0.3605196177959442
0.6838054060935974
0.4710398316383362
0.12602442502975464
0.58241206407547
0.6937301158905029
0.6019399762153625
0.7026219367980957
0.2653033137321472
0.4577527642250061
0.5020573735237122
0.39676716923713684
0.4087793231010437
0.15462279319763184
0.3185670077800751
0.20634418725967407
0.05723608285188675
0.18865938484668732
0.10373211652040482
0.14900416135787964
0.1001916155219078
0.12736959755420685
0.0639025941491127
0.0354369692504406
0.16298173367977142
0.13464583456516266
0.06976691633462906
0.059450048953294754
0.06427363306283951
0.07368404418230057
0.10574344545602798
0.02922951802611351
0.04403691738843918
0.05023537948727608
0.0607193186879158
0.014696240425109863
0.03458723798394203
0.0677831768989563
0.01999579928815365
0.042004846036434174
0.3131038248538971
0.059619367122650146
0.22605058550834656
0.16701127588748932
0.4374716877937317
0.3252706527709961
0.4123278260231018
0.1799313724040985
0.1449785977602005
0.05185268446803093
0.013905836269259453
0.05192854627966881
0.036474067717790604
0.06296466290950775
0.05891898646950722
0.09261907637119293
0.07129475474357605
0.1947222650051117
0.07752224802970886
0.09984917938709259
0.1678614318370819
0.1036817729473114
0.033188942819833755
0.11672614514827728
0.08490820229053497
0.02414907142519951
0.06351392716169357
0.02444414608180523
0.03307211026549339
0.03918532654643059
0.0580989308655262
0.31526893377304077
0.04264422133564949
0.06158512830734253
0.190266951918602
0.2784585952758789
0.12230338156223297
0.52093905210495
0.38272327184677124
0.08297637104988098
0.0873299390077591
0.2615243196487427
0.6244111061096191
0.12260178476572037
0.48686864972114563
0.829025387763977
0.8384682536125183
0.4738701283931732
0.3378544747829437
0.18534298241138458
0.024168051779270172
0.1004091203212738
0.13359257578849792
0.04967554286122322
0.036095693707466125
0.13070042431354523
0.04816591367125511
0.01849113404750824
0.09724389016628265
0.14412148296833038
0.012674991972744465
0.08000127971172333
0.15901441872119904
0.07128993421792984
0.05811743810772896
0.09324926882982254
0.11618740111589432
0.043332744389772415
0.3106656074523926
0.0459035225212574
0.26141244173049927
0.16241952776908875
0.198424831032753
0.3806311786174774
0.23596355319023132
0.7378490567207336
0.47518572211265564
0.5470700860023499
0.6163251996040344
0.5640394687652588
0.6775839328765869
0.6824358105659485
0.5970802307128906
0.582517147064209
0.46525976061820984
0.493426114320755
0.22817404568195343
0.17046278715133667
0.024962883442640305
0.06917677819728851
0.1302400380373001
0.07424072176218033
0.060756146907806396
0.12739220261573792
0.20056983828544617
0.06680308282375336
0.29704898595809937
0.14372535049915314
0.04168890789151192
0.09730993956327438
0.16450707614421844
0.07679489254951477
0.0680975392460823
0.06324029713869095
0.067148856818676
0.05111822113394737
0.07836861908435822
0.031087322160601616
0.05523353070020676
0.06655268371105194
0.08973967283964157
0.10082686692476273
0.07935715466737747
0.10335268080234528
0.27862483263015747
0.1520545333623886
0.3149862587451935
0.3945976793766022
0.6044455766677856
0.807049572467804
0.8559878468513489
0.7291849255561829
0.8181435465812683
0.5047728419303894
0.7471862435340881
0.6183188557624817
0.6259159445762634
0.42185190320014954
0.5244720578193665
0.3923838436603546
0.572719156742096
0.4934442937374115
0.256011039018631
0.47819021344184875
0.14486297965049744
0.23751309514045715
0.5080747008323669
0.8014049530029297
0.45907413959503174
0.5064654350280762
0.48985448479652405
0.5659613013267517
0.6031205058097839
0.5715762376785278
0.5149189829826355
0.7683228850364685
0.6640127301216125
0.8463007211685181
0.8205679655075073
0.7783971428871155
0.871289849281311
0.7104623913764954
0.8922819495201111
0.822357714176178
0.6147197484970093
0.8104240894317627
