0.5367057919502258
0.20474496483802795
0.09035775810480118
0.0637868270277977
0.017584066838026047
0.04980050399899483
0.03324960172176361
0.1618949919939041
0.11939603835344315
0.38169991970062256
0.6527661085128784
0.5854412913322449
0.8875519037246704
0.5334336757659912
0.3689969480037689
0.6546434760093689
0.9171676635742188
0.44052666425704956
0.43082955479621887
0.9621320366859436
0.8933930993080139
0.31443777680397034
0.7385754585266113
0.9719616770744324
0.9148629307746887
0.7764935493469238
0.3068157434463501
0.27808594703674316
0.14109502732753754
0.03940153494477272
0.08291278034448624
0.02691327966749668
0.19292931258678436
0.4300863444805145
0.2742134630680084
0.5167186856269836
0.6612386703491211
0.5976543426513672
0.6587255597114563
0.8037472367286682
0.7646142244338989
0.7558473944664001
0.7524600625038147
0.6025649905204773
0.9063652157783508
0.9402254223823547
0.8546965718269348
0.9120355248451233
0.8190203309059143
0.9411638379096985
0.9496826529502869
0.9637625813484192
0.7349674701690674
0.8980543613433838
0.8780228495597839
0.7118361592292786
0.36526772379875183
0.35066449642181396
0.34588906168937683
0.07631047815084457
0.29379984736442566
0.19570694863796234
0.07618314772844315
0.07820920646190643
0.08204833418130875
0.018942901864647865
0.053354185074567795
0.06812509894371033
0.07862455397844315
0.10705767571926117
0.06619030982255936
0.02276420034468174
0.022710280492901802
0.03611334040760994
0.04791329428553581
0.07739381492137909
0.016539299860596657
0.05582420155405998
0.018597999587655067
0.20658117532730103
0.1423882246017456
0.719549298286438
0.6675637364387512
0.3283824920654297
0.37381789088249207
0.1652810126543045
0.7318235039710999
0.8358514904975891
0.940082848072052
0.6639530658721924
0.38376182317733765
0.26070132851600647
0.3015744388103485
0.06460792571306229
0.2501777410507202
0.03194879740476608
0.04655880108475685
0.01126155536621809
0.031199710443615913
0.016508305445313454
0.08346663415431976
0.034971076995134354
0.07583920657634735
0.5754103064537048
0.7239682078361511
0.5771830677986145
0.1744665652513504
0.08141468465328217
0.13700483739376068
0.23894190788269043
0.14680011570453644
0.0690871998667717
0.09293860197067261
0.16763676702976227
0.12789957225322723
0.06333056837320328
0.08984128385782242
0.22757764160633087
0.1515326350927353
0.04468335583806038
0.19663599133491516
0.282611608505249
0.809307873249054
0.9291614890098572
0.9441116452217102
0.9386804699897766
0.9824932217597961
0.864863395690918
0.9381219148635864
0.966595470905304
0.9769948124885559
0.919389545917511
0.9762386679649353
0.9540236592292786
0.4961356222629547
0.8609648942947388
0.9824393391609192
0.6272376179695129
0.3672911524772644
0.9691444039344788
0.9760124683380127
0.4790729880332947
0.6672982573509216
0.9838616251945496
0.9242907762527466
0.40438494086265564
0.869093656539917
0.9756811857223511
0.6983488202095032
0.6590664386749268
0.8423442244529724
0.953700065612793
0.8239421844482422
0.8917944431304932
0.898691713809967
0.9321922659873962
