0.06439513713121414
0.23466245830059052
0.28894129395484924
0.16172577440738678
0.21161766350269318
0.16121679544448853
0.06608964502811432
0.0913785994052887
0.04115918278694153
0.09237564355134964
0.13266226649284363
0.15404663980007172
0.01987229846417904
0.051227014511823654
0.02733207866549492
0.017408931627869606
0.007384007330983877
0.017581822350621223
0.03403039276599884
0.011455216445028782
0.032612286508083344
0.09519020467996597
0.07339313626289368
0.023190494626760483
0.08196736127138138
0.17480731010437012
0.12643466889858246
0.055013883858919144
0.17871662974357605
0.309349924325943
0.0827874094247818
0.08873975276947021
0.1908704936504364
0.40431350469589233
0.2995283305644989
0.13031156361103058
0.2931739389896393
0.6118324995040894
0.4895171523094177
0.3829142153263092
0.46232911944389343
0.4248267412185669
0.3120241165161133
0.320032000541687
0.127017542719841
0.06339896470308304
0.09847936034202576
0.057028189301490784
0.06731338798999786
0.040122926235198975
0.06554343551397324
0.04713056609034538
0.050558097660541534
0.0190115999430418
0.05616005137562752
0.041218291968107224
0.03784659132361412
0.021216006949543953
0.029180066660046577
0.02545836754143238
0.027468424290418625
0.026918143033981323
0.08857069164514542
0.06220930814743042
0.1474890261888504
0.5925420522689819
0.5248960256576538
0.2569972574710846
0.4158004820346832
0.09420476108789444
0.4548884928226471
0.5526303052902222
0.0865170806646347
0.2897123396396637
0.6992048025131226
0.5013474822044373
0.16529737412929535
0.4654734432697296
0.5696600079536438
0.30558621883392334
0.08658996969461441
0.2929503619670868
0.34153464436531067
0.08303115516901016
0.04371355473995209
0.12872809171676636
0.30853351950645447
0.22631484270095825
0.15236257016658783
0.2632390260696411
0.07430364191532135
0.105841726064682
0.13139577209949493
0.3204210102558136
0.1913003921508789
0.2464296519756317
0.18925343453884125
0.29409074783325195
0.25721779465675354
0.2527153193950653
0.23211190104484558
0.15765218436717987
0.12614987790584564
0.055599816143512726
0.060315001755952835
0.12024835497140884
0.029325498268008232
0.12744073569774628
0.22537322342395782
0.10971175879240036
0.19721658527851105
0.47619369626045227
0.26383450627326965
0.381270170211792
0.5941290855407715
0.5800779461860657
0.6041568517684937
0.46390601992607117
0.28678321838378906
0.29594072699546814
0.14252252876758575
0.13540950417518616
0.08024086803197861
0.06481654196977615
0.04296702891588211
0.04297661408782005
0.01663360930979252
0.025509003549814224
0.031752657145261765
0.06828246265649796
0.08743932098150253
0.23431110382080078
0.1595424860715866
0.33027228713035583
0.20670941472053528
0.2711387872695923
0.3419804871082306
0.37350720167160034
0.3327218294143677
0.2933582365512848
0.4808010160923004
0.508560061454773
0.745258629322052
0.37796464562416077
0.26273947954177856
0.6849077343940735
0.7920122146606445
0.2782696783542633
0.5458866953849792
0.6751560568809509
0.6411440968513489
0.2283037006855011
0.45023074746131897
0.5094257593154907
0.48169147968292236
0.20567893981933594
0.4439857602119446
0.40874385833740234
0.33546581864356995
0.3657185137271881
0.6627485156059265
0.5930355191230774
0.706531822681427
0.653105616569519
0.7153018712997437
0.6019943356513977
0.6217933893203735
0.6329044699668884
0.6268954873085022
0.7854518890380859
0.6034168004989624
0.5846311450004578
0.6203708052635193
0.4438808262348175
0.7173933982849121
0.622368335723877
0.492512971162796
0.5307632088661194
0.2821465730667114
0.2652742266654968
0.17699940502643585
0.45498430728912354
0.4339287579059601
0.32337549328804016
0.12567807734012604
0.2573409080505371
0.4974915683269501
0.16493839025497437
0.18528278172016144
0.563535213470459
0.5158669948577881
0.582693874835968
0.3304116725921631
0.3586995005607605
0.3189154267311096
0.7616294026374817
0.8604844212532043
0.8497858643531799
0.9471418857574463
0.9017310738563538
0.8522130846977234
0.5642501711845398
0.7785113453865051
0.6032276153564453
0.837992250919342
0.6810637712478638
0.36617475748062134
0.5343998074531555
0.19915969669818878
0.3199698030948639
0.6725080013275146
0.4605996906757355
0.1924283802509308
0.25920841097831726
0.8390774130821228
0.18723340332508087
0.034809064120054245
0.20358368754386902
0.27656400203704834
0.044559232890605927
0.0477924682199955
0.43229496479034424
0.2869873344898224
0.05581723898649216
0.04081963002681732
0.09213267266750336
0.49636977910995483
0.1784556657075882
0.18586593866348267
0.3983584940433502
0.25277799367904663
0.9168614149093628
0.90728759765625
0.8565540313720703
0.9658890962600708
0.6402599811553955
0.9117152094841003
0.9358960390090942
0.9552116394042969
0.763901948928833
0.9062930345535278
0.917649507522583
0.8726134896278381
0.47218745946884155
0.7307413816452026
0.8804808855056763
0.45355236530303955
0.2703768312931061
0.5078823566436768
0.5886236429214478
0.8114987015724182
0.7397717237472534
0.7904224395751953
0.786797821521759
0.9367931485176086
0.9052014946937561
0.8864334225654602
0.7580305933952332
0.927465558052063
0.9556970596313477
0.8724736571311951
0.8947303891181946
0.8719145059585571
0.6984002590179443
0.625403642654419
0.6259015202522278
0.8266816735267639
0.6126178503036499
0.6662977933883667
0.6399377584457397
0.6723300814628601
0.6469274163246155
0.584566593170166
0.5851033926010132
0.4504179060459137
0.5296830534934998
0.5972132682800293
0.5712296962738037
0.6848366856575012
0.6989597678184509
0.7493715882301331
0.5389994978904724
0.7591516375541687
0.6771620512008667
0.6749600172042847
0.31737014651298523
0.7627582550048828
0.6426162719726562
0.4525148570537567
0.573977530002594
0.7464746832847595
0.5885010957717896
0.5004351735115051
0.7448857426643372
0.7370248436927795
0.8604310154914856
0.8928899765014648
0.9031552076339722
0.7672650218009949
0.6957860589027405
0.7543111443519592
0.6375994086265564
0.8260611295700073
0.7807648777961731
0.40811458230018616
0.22222395241260529
0.5233662724494934
0.607759416103363
0.4373251497745514
0.2974323034286499
0.8382812142372131
0.9350817203521729
0.3789807856082916
0.5087340474128723
0.3816012740135193
0.48476219177246094
0.2850061357021332
0.25907641649246216
0.3424866497516632
0.32458868622779846
0.5887121558189392
0.6228410005569458
0.30743464827537537
0.3733738362789154
0.4080842435359955
0.410037636756897
0.3625262975692749
0.41972798109054565
0.36263760924339294
0.5968500375747681
0.925749659538269
0.658768355846405
0.830290675163269
0.5354467034339905
0.8376914262771606
0.849899172782898
0.8712117075920105
0.6936019062995911
0.878450334072113
0.8043319582939148
0.6772123575210571
0.6931584477424622
0.7074456810951233
0.21695439517498016
0.1476340889930725
0.25666823983192444
0.4577614367008209
0.2769012153148651
0.4952809512615204
0.6781933903694153
0.40647387504577637
0.5390311479568481
0.1668676882982254
0.04152330383658409
0.11123012006282806
0.03577522188425064
0.17866989970207214
0.159695103764534
0.2782476544380188
0.14382269978523254
0.18105891346931458
0.35330724716186523
0.2523449957370758
0.22508151829242706
0.057703647762537
0.3070932924747467
0.1550174355506897
0.07783031463623047
0.02747991681098938
0.15931545197963715
0.0988912507891655
0.01064530573785305
0.15114052593708038
0.08277976512908936
0.06711519509553909
0.014005758799612522
0.05520688369870186
0.08805428445339203
0.01596137322485447
0.012499464675784111
0.09193596988916397
0.11854234337806702
0.043071944266557693
0.02821473591029644
0.09006720781326294
0.06157908961176872
0.20755787193775177
0.13018961250782013
0.3987070322036743
0.25226953625679016
0.20622417330741882
0.48701074719429016
0.3232868015766144
0.42153841257095337
0.3797347843647003
0.8636186122894287
0.6093792915344238
0.46216249465942383
0.6525810956954956
0.7634351253509521
0.5604498386383057
0.5923650860786438
0.6338002681732178
0.6830659508705139
0.6359684467315674
0.6904828548431396
0.595836341381073
0.8323708772659302
0.7316873669624329
0.7561469674110413
0.5962942838668823
0.34699612855911255
0.08283821493387222
0.14330554008483887
0.1510619819164276
0.11956916004419327
0.04090728238224983
0.21328464150428772
0.05306865647435188
0.37800440192222595
0.2978445887565613
0.2730746567249298
0.4974353611469269
0.6873515248298645
0.5879386067390442
0.6533377170562744
0.7756765484809875
0.5291462540626526
0.6855436563491821
0.5540015697479248
0.20416678488254547
0.19505389034748077
0.017417671158909798
0.03179745748639107
0.0659710019826889
0.026624120771884918
0.08008075505495071
0.11928806453943253
0.11620606482028961
0.05944931507110596
0.19419148564338684
0.3618837893009186
0.13153614103794098
0.037515394389629364
0.15515989065170288
0.32434237003326416
0.27910834550857544
0.3143719434738159
0.07596208155155182
0.11039325594902039
0.10976951569318771
0.2665601372718811
0.1415909081697464
0.10610172897577286
0.15277454257011414
0.26180797815322876
0.0600147508084774
0.13242609798908234
0.05808807164430618
0.04351025074720383
0.03307224065065384
0.026152193546295166
0.022232791408896446
0.03113250620663166
0.01022628415375948
0.03238578513264656
0.07880983501672745
0.05246972292661667
0.0067431251518428326
0.015399773605167866
0.03898155316710472
0.030251383781433105
0.02224765531718731
0.07197628170251846
0.12056032568216324
0.10032849758863449
0.07102734595537186
0.043436575680971146
0.22900396585464478
0.20420248806476593
0.1214974969625473
0.16849495470523834
0.10454723984003067
0.08128097653388977
0.04491060599684715
0.05711154267191887
0.09148947149515152
0.019165724515914917
0.03888288512825966
0.06282184273004532
0.18457980453968048
0.09645435214042664
0.08184216171503067
0.2099354863166809
0.40814876556396484
0.46839800477027893
0.5110625624656677
0.6122053265571594
0.8293294310569763
0.8428540825843811
0.8518191576004028
0.8832443356513977
