0.15668150782585144
0.1583801805973053
0.0715952068567276
0.13504129648208618
0.20032957196235657
0.1963387280702591
0.11759347468614578
0.2302107810974121
0.44815191626548767
0.3970622420310974
0.4195551872253418
0.6660091280937195
0.7763436436653137
0.2287718951702118
0.5777456164360046
0.4768616855144501
0.22687162458896637
0.2861032783985138
0.3123262822628021
0.12313485145568848
0.07255486398935318
0.13313695788383484
0.0947999581694603
0.06484919041395187
0.06374374777078629
0.11881343275308609
0.08825287222862244
0.11310324817895889
0.03297513723373413
0.061864402145147324
0.03149494156241417
0.09881315380334854
0.1177772581577301
0.16486389935016632
0.18042106926441193
0.37919387221336365
0.0583612397313118
0.17164236307144165
0.19472621381282806
0.1631309539079666
0.07649287581443787
0.08319908380508423
0.040994662791490555
0.1491667777299881
0.12564675509929657
0.06986501812934875
0.2148541510105133
0.21782894432544708
0.07267902046442032
0.20559993386268616
0.24746203422546387
0.018341651186347008
0.08151666074991226
0.16373629868030548
0.06364001333713531
0.030444519594311714
0.0819065198302269
0.07759368419647217
0.03520204499363899
0.04016941413283348
0.03128601983189583
0.010108008049428463
0.021819952875375748
0.010711226612329483
0.06231153756380081
0.01608840934932232
0.06048097088932991
0.09479078650474548
0.5674521923065186
0.39212745428085327
0.22635380923748016
0.6623871922492981
0.7849088311195374
0.5940781831741333
0.7422646284103394
0.32069531083106995
0.3877873718738556
0.37144985795021057
0.3733285367488861
0.2251197248697281
0.1645248681306839
0.06324417144060135
0.19040828943252563
0.12038324028253555
0.16281072795391083
0.012949243187904358
0.07184544950723648
0.14033344388008118
0.0506742037832737
0.0243378933519125
0.058482568711042404
0.03576070815324783
0.019581932574510574
0.027697548270225525
0.01526770368218422
0.03803953900933266
0.034088071435689926
0.027350816875696182
0.05027042701840401
0.016286009922623634
0.09376130253076553
0.06965193152427673
0.10553958266973495
0.11279747635126114
0.14297740161418915
0.3535868525505066
0.32574689388275146
0.5057629942893982
0.3570514917373657
0.8465431332588196
0.6484224796295166
0.8306824564933777
0.7566941380500793
0.615347683429718
0.9189022779464722
0.9341865181922913
0.797770082950592
0.7782098054885864
0.9799472093582153
0.9258673191070557
0.5135287046432495
0.9305130839347839
0.9886336922645569
0.9367762804031372
0.8443158864974976
0.9616060256958008
0.971165657043457
0.9535546898841858
0.905151903629303
0.7081868648529053
0.9001377820968628
0.8978768587112427
0.6521666646003723
0.6526080369949341
0.8342254757881165
0.855523943901062
0.7050788402557373
0.576340913772583
0.7576369047164917
0.6447456479072571
0.7265146374702454
0.89018714427948
0.9296630024909973
0.9248241782188416
0.9232556223869324
0.9749481678009033
0.9044366478919983
0.8125551342964172
0.9185782670974731
0.8992927670478821
0.6612487435340881
0.5942339897155762
0.6582920551300049
0.5874872803688049
0.3200696110725403
0.12846055626869202
0.33868303894996643
0.22684969007968903
0.06543470174074173
0.17048698663711548
0.4991283416748047
0.1449638307094574
0.08973513543605804
0.10441585630178452
0.10521706938743591
0.08729075640439987
0.11952640116214752
0.09576213359832764
0.0995144322514534
0.2828710973262787
0.7471701502799988
0.6293104290962219
0.5299122929573059
0.7715389728546143
0.798774778842926
0.2958042025566101
0.30122846364974976
0.798413097858429
0.5826894640922546
0.07524118572473526
0.5607109665870667
0.8537992835044861
0.7186527252197266
0.32498371601104736
0.5112872123718262
0.30906176567077637
0.6442562341690063
0.3488793671131134
0.3916918933391571
0.28790393471717834
0.23328644037246704
0.3250068128108978
0.27558985352516174
0.48526498675346375
0.5414029359817505
0.18673372268676758
0.13305428624153137
0.036124665290117264
0.05009492114186287
0.13320103287696838
0.08064322173595428
0.25106722116470337
0.09223165363073349
0.29214340448379517
0.0510236956179142
0.12615129351615906
0.14788015186786652
0.22264568507671356
0.18792325258255005
0.09821407496929169
0.07077989727258682
0.0944451242685318
0.024265624582767487
0.058036938309669495
0.020939165726304054
0.0641888678073883
0.028247231617569923
0.05914788693189621
0.03354019299149513
0.08641194552183151
0.0669606626033783
0.016673624515533447
0.09564884752035141
0.05167418718338013
0.07103933393955231
0.023680496960878372
0.21813489496707916
0.23714549839496613
0.07903268933296204
0.3485833704471588
0.10101727396249771
0.34831053018569946
0.2637382745742798
0.04852285981178284
0.12704849243164062
0.12594373524188995
0.22634845972061157
0.056110579520463943
0.06263164430856705
0.028202123939990997
0.025183379650115967
0.018525362014770508
0.047693364322185516
0.02153189666569233
0.01458731945604086
0.07337068021297455
0.2791445553302765
0.035490695387125015
0.049252189695835114
0.1265929490327835
0.08201054483652115
0.04397248849272728
0.0261976420879364
0.041861820966005325
0.026655158028006554
0.07480248808860779
0.07515934854745865
0.24607478082180023
0.1754152923822403
0.35724937915802
0.3399321138858795
0.16121456027030945
0.049698226153850555
0.07531490921974182
0.05875002592802048
0.03254984691739082
0.02826341614127159
0.05356423184275627
0.027883436530828476
0.13083815574645996
0.06380011141300201
0.04057514667510986
0.02012167125940323
0.04352045804262161
0.025740263983607292
0.04479376971721649
0.05429530888795853
0.0811394602060318
0.0756639689207077
0.27372363209724426
0.13806185126304626
0.1117938756942749
0.34997427463531494
0.201173797249794
0.2870848774909973
0.05886755511164665
0.039921410381793976
0.0729372650384903
0.08649209886789322
0.03483770787715912
0.01838286593556404
0.01386815495789051
0.04123985767364502
0.0357510969042778
0.012282146140933037
0.04533378407359123
0.03839423134922981
0.06797634810209274
0.01949542947113514
0.04187508672475815
0.09605997800827026
0.030620267614722252
0.07937023788690567
0.04954458028078079
0.09041575342416763
0.06765177100896835
