0.2783720791339874
0.5236745476722717
0.2011057734489441
0.12393293529748917
0.0206413846462965
0.018351877108216286
0.08266876637935638
0.04848616197705269
0.0099561158567667
0.048614393919706345
0.08337123692035675
0.051539260894060135
0.08167441189289093
0.0876951515674591
0.1739889532327652
0.14810676872730255
0.055321045219898224
0.2654280364513397
0.15707966685295105
0.3779464662075043
0.17460544407367706
0.2887088358402252
0.3205639719963074
0.7442278861999512
0.33188170194625854
0.046722520142793655
0.6287305951118469
0.6954478621482849
0.20297524333000183
0.18540282547473907
0.6579279899597168
0.6142023801803589
0.4063023626804352
0.6645743250846863
0.25340595841407776
0.6378068923950195
0.4128751754760742
0.04076801612973213
0.03499206528067589
0.023585252463817596
0.09031430631875992
0.2441384494304657
0.29018765687942505
0.3363304138183594
0.26547113060951233
0.20518560707569122
0.176821768283844
0.04122258350253105
0.16993778944015503
0.02480415813624859
0.043405164033174515
0.04908853396773338
0.25428682565689087
0.45101261138916016
0.7414996027946472
0.44245168566703796
0.4379037916660309
0.5011637806892395
0.4426291584968567
0.4351905286312103
0.5429766178131104
0.39051350951194763
0.33874350786209106
0.5772018432617188
0.7386112213134766
0.4534972608089447
0.5610231757164001
0.5060346722602844
0.3219553530216217
0.22568893432617188
0.49133047461509705
0.43197324872016907
0.44405800104141235
0.3670755624771118
0.4465591609477997
0.3555847704410553
0.3908102214336395
0.4020725190639496
0.5165157914161682
0.37311261892318726
0.15912547707557678
0.5176327228546143
0.40361666679382324
0.31097671389579773
0.2957562506198883
0.024356193840503693
0.2356022447347641
0.3226810097694397
0.2343667894601822
0.09482203423976898
0.3115662634372711
0.3040120303630829
0.38611164689064026
0.1261792629957199
0.2193397730588913
0.17380553483963013
0.08250793069601059
0.09197230637073517
0.04435698315501213
0.18576569855213165
0.08753088861703873
0.22436897456645966
0.28131935000419617
0.7538046836853027
0.3369288146495819
0.19876964390277863
0.6323826313018799
0.8033515810966492
0.3149643838405609
0.4364933371543884
0.8710835576057434
0.7538423538208008
0.6114782691001892
0.7401469349861145
0.5566253662109375
0.545743465423584
0.1593690663576126
0.04545878246426582
0.0325641855597496
0.010845890268683434
0.04974639043211937
0.07898863404989243
0.15810203552246094
0.1457681655883789
0.13033290207386017
0.1807984858751297
0.0822988972067833
0.05285791680216789
0.023137342184782028
0.10216759145259857
0.034740522503852844
0.3085877001285553
0.5939472913742065
0.7188320159912109
0.27027255296707153
0.3466891348361969
0.5995097160339355
0.6680627465248108
0.19714947044849396
0.4381157457828522
0.457895427942276
0.43878331780433655
0.4169791638851166
0.1761827915906906
0.11551368236541748
0.16349518299102783
0.07832816988229752
0.09396293759346008
0.02585587650537491
0.007012552116066217
0.04384007677435875
0.13444119691848755
0.12766805291175842
0.02543993853032589
0.14078731834888458
0.13933910429477692
0.2374144196510315
0.1282353550195694
0.32619035243988037
0.18624074757099152
0.04500808194279671
0.12823283672332764
0.05954056233167648
0.13167867064476013
0.2577918469905853
0.37911108136177063
0.3634646534919739
0.5600317120552063
0.3190799355506897
0.1307482272386551
0.5179358124732971
0.7958361506462097
0.34125205874443054
0.3535670340061188
0.7013437747955322
0.8060216903686523
0.6318328380584717
0.713679313659668
0.502779483795166
0.7942581176757812
0.3366137146949768
0.0671171098947525
0.033858682960271835
0.013632945716381073
0.07703462988138199
0.09152384847402573
0.17472486197948456
0.10071112960577011
0.16222725808620453
0.03779642656445503
0.06690004467964172
0.036774005740880966
0.05265623331069946
0.060645315796136856
0.3231934607028961
0.4589666724205017
0.6433135271072388
0.4317139685153961
0.4882878363132477
0.5398920178413391
0.7102031707763672
0.5457006692886353
0.7560644149780273
0.7109097242355347
0.6633366942405701
0.8062862157821655
0.7952218055725098
0.5188925862312317
0.7782979607582092
0.6403165459632874
0.588140606880188
0.4845588505268097
0.5458849668502808
0.4196454584598541
0.28177982568740845
0.31227514147758484
0.2691096365451813
0.45154428482055664
0.27645716071128845
0.43951335549354553
0.3670043349266052
0.24643829464912415
0.31541708111763
0.2015819400548935
0.015859495848417282
0.08166711032390594
0.2469666302204132
0.2205255776643753
0.026573164388537407
0.30980321764945984
0.21467351913452148
0.27651679515838623
0.062051109969615936
0.2735610008239746
0.0790310725569725
0.01422073133289814
0.03418507054448128
0.04664098471403122
0.042382676154375076
0.03465769812464714
0.05104399845004082
0.06120176613330841
0.17355263233184814
0.0951915979385376
0.07321451604366302
0.37212657928466797
0.5008715987205505
0.20594878494739532
0.1789388507604599
0.7036194205284119
0.6087315082550049
0.46142449975013733
0.7296085357666016
0.4239926338195801
0.3089376986026764
0.10601792484521866
0.04360359162092209
0.01911548525094986
0.006243612617254257
0.015981096774339676
0.031818971037864685
0.055071115493774414
0.10764285922050476
0.06129774823784828
0.11903508752584457
0.027220599353313446
0.024967582896351814
0.01591791957616806
0.04717005416750908
0.015345636755228043
0.1516014188528061
0.6498897671699524
0.7304996848106384
0.16561049222946167
0.29863882064819336
0.6007023453712463
0.7882398962974548
0.32731395959854126
0.7021668553352356
0.8195211887359619
