0.46595504879951477
0.21981701254844666
0.431144654750824
0.2840650975704193
0.37941238284111023
0.16459189355373383
0.5598199963569641
0.22417722642421722
0.5172184109687805
0.26229819655418396
0.6081027388572693
0.45629921555519104
0.5947476029396057
0.8446984887123108
0.7848522067070007
0.41898033022880554
0.8541144728660583
0.9284234642982483
0.5114919543266296
0.14631357789039612
0.8749915957450867
0.7751046419143677
0.3705146312713623
0.3658376634120941
0.9396249055862427
0.6936920881271362
0.44020119309425354
0.42796874046325684
0.47886213660240173
0.8652971386909485
0.8252091407775879
0.8779532313346863
0.9245193600654602
0.9368794560432434
0.9235580563545227
0.9118180871009827
0.93659508228302
0.7989769577980042
0.8286418318748474
0.7740827202796936
0.7867142558097839
0.7336698770523071
0.5990335941314697
0.5793728828430176
0.6827988624572754
0.5062914490699768
0.7289911508560181
0.4633919298648834
0.8221772909164429
0.3554005026817322
0.6751469969749451
0.3447703719139099
0.6446770429611206
0.288980633020401
0.3588186800479889
0.6126090288162231
0.42452043294906616
0.5471919775009155
0.35596245527267456
0.34201911091804504
0.3388296663761139
0.29178690910339355
0.2368975430727005
0.24040521681308746
0.20112086832523346
0.32982781529426575
0.23538942635059357
0.16724729537963867
0.3325292468070984
0.36983028054237366
0.5336328148841858
0.35759416222572327
0.12122736126184464
0.3515951931476593
0.727789580821991
0.5127599835395813
0.48442015051841736
0.1787949800491333
0.7372533082962036
0.25376585125923157
0.7106006741523743
0.38361048698425293
0.38235849142074585
0.28448739647865295
0.25097522139549255
0.12163713574409485
0.14165793359279633
0.1331956833600998
0.1724180281162262
0.06937399506568909
0.015467569231987
0.00799852516502142
0.007401631213724613
0.005777209065854549
0.010393747128546238
0.054466620087623596
0.4062664806842804
0.33038684725761414
0.40671971440315247
0.5566444396972656
0.06436913460493088
0.09453275054693222
0.6742166876792908
0.4634920656681061
0.11014342308044434
0.21494722366333008
0.900823712348938
0.6933969259262085
0.304328054189682
0.8474898934364319
0.8441705107688904
0.37751665711402893
0.6957142949104309
0.31418275833129883
0.24263589084148407
0.07625547796487808
0.0955902710556984
0.08067406713962555
0.034319862723350525
0.01509918738156557
0.006320303771644831
0.008720878511667252
0.007175200618803501
0.04951980710029602
0.11290061473846436
0.05030209198594093
0.13700973987579346
0.1527341604232788
0.06387577205896378
0.2732986509799957
0.4100298583507538
0.060452256351709366
0.17011433839797974
0.659073531627655
0.6147125363349915
0.16744914650917053
0.1080174371600151
0.11395397782325745
0.03896350786089897
0.05326088145375252
0.08366240561008453
0.04257555305957794
0.06049586832523346
0.036662086844444275
0.06529419869184494
0.13994403183460236
0.04140109941363335
0.0780329704284668
0.07183719426393509
0.057869818061590195
0.04649186506867409
0.027717892080545425
0.08672482520341873
0.09127926826477051
0.09735788404941559
0.036621756851673126
0.11076805740594864
0.10706543922424316
0.06366331875324249
0.053346626460552216
0.20283181965351105
0.10604382306337357
0.08769935369491577
0.05530368164181709
0.03402432054281235
0.23782692849636078
0.10293535143136978
0.019739994779229164
0.025106186047196388
0.02340453676879406
0.046495646238327026
0.14882826805114746
0.10883791744709015
0.3736031651496887
0.15998438000679016
0.29349285364151
0.12758179008960724
0.12142419815063477
0.17513231933116913
0.09412430971860886
0.07715634256601334
0.09518329054117203
0.2978609502315521
0.3341050446033478
0.22070427238941193
0.5474660992622375
0.6984087824821472
0.4718097746372223
0.10214879363775253
0.10755717009305954
0.15300776064395905
0.16212792694568634
0.395048052072525
0.4196937084197998
0.29827001690864563
0.8884000778198242
0.6012139916419983
0.867233395576477
0.8607160449028015
0.5549311637878418
0.48749420046806335
0.42975884675979614
0.5871702432632446
0.36614012718200684
0.1386972963809967
0.22721335291862488
0.3614962100982666
0.3945977985858917
0.11158812046051025
0.4877839684486389
0.6079551577568054
0.8969321846961975
0.7678993344306946
0.7862099409103394
0.9285392761230469
0.9413885474205017
0.35471951961517334
0.25054529309272766
0.14584572613239288
0.20857349038124084
0.07495588809251785
0.17891356348991394
0.465008944272995
0.07686980813741684
0.19329120218753815
0.1818419247865677
0.25361379981040955
0.36814820766448975
0.3472619354724884
0.38447901606559753
0.18813566863536835
0.28701910376548767
0.7303359508514404
0.3247791826725006
0.4902702867984772
0.7988442778587341
0.7705230712890625
0.8802459239959717
0.7951193451881409
0.9384389519691467
0.5515257716178894
0.8612734079360962
0.9053748250007629
0.8945229053497314
0.6688932180404663
0.6263378262519836
0.2518226206302643
0.5074828267097473
0.5101718902587891
0.14679713547229767
0.22482319176197052
0.6325579881668091
0.5572930574417114
0.20020240545272827
0.41748228669166565
0.6219027042388916
0.41559457778930664
0.1261453777551651
0.3980216681957245
0.6760673522949219
0.186373770236969
0.09631088376045227
0.2447652369737625
0.8098721504211426
0.13238389790058136
0.11452092230319977
0.5840056538581848
0.7012907266616821
0.45063671469688416
0.17075885832309723
0.6101470589637756
0.5214731693267822
0.8290522694587708
0.6359433531761169
0.8243823051452637
0.8046846389770508
0.8689171075820923
0.8818601369857788
0.6735144853591919
0.9186976552009583
0.7033424973487854
0.8802649974822998
0.8488667607307434
0.8840892910957336
0.9510992765426636
