0.13010454177856445
0.29280886054039
0.5212662220001221
0.451075941324234
0.42227697372436523
0.754946768283844
0.7706844210624695
0.9097232818603516
0.614539384841919
0.9780339002609253
0.9702735543251038
0.9866571426391602
0.9496318101882935
0.8762992024421692
0.9529994130134583
0.9774131774902344
0.9431551694869995
0.876894474029541
0.8969395756721497
0.7826467156410217
0.9627602696418762
0.9794060587882996
0.9823096394538879
0.9441562294960022
0.7325423955917358
0.9424328207969666
0.9865932464599609
0.8159958124160767
0.3454454839229584
0.9754490256309509
0.9565945863723755
0.25461265444755554
0.8034893274307251
0.945705235004425
0.7904232740402222
0.2806697487831116
0.5352371335029602
0.7963470816612244
0.8351028561592102
0.34680211544036865
0.5116312503814697
0.3392948806285858
0.627433717250824
0.9191775918006897
0.8334393501281738
0.6111658215522766
0.4862375855445862
0.8193961381912231
0.40886640548706055
0.4695400297641754
0.25416821241378784
0.3222763240337372
0.6055985689163208
0.6348889470100403
0.8357966542243958
0.9237232208251953
0.9116538166999817
0.8838518857955933
0.9270429611206055
0.8889045715332031
0.894098162651062
0.9001055955886841
0.9418159127235413
0.8047934174537659
0.5142536759376526
0.7710674405097961
0.29086506366729736
0.8141847252845764
0.9173545837402344
0.7669234275817871
0.533293604850769
0.49518856406211853
0.05558055639266968
0.13303422927856445
0.06154337152838707
0.222906693816185
0.10840901732444763
0.266580194234848
0.13428187370300293
0.22001913189888
0.21574388444423676
0.08024459332227707
0.12428796291351318
0.13312296569347382
0.299602746963501
0.1990300714969635
0.16198965907096863
0.24315245449543
0.06444285809993744
0.404081255197525
0.2238638997077942
0.14173468947410583
0.019809391349554062
0.10236702114343643
0.13348762691020966
0.1586565226316452
0.07615336775779724
0.09173839539289474
0.25873246788978577
0.1079477071762085
0.13515858352184296
0.35609403252601624
0.28760984539985657
0.5938145518302917
0.4360816180706024
0.6103169322013855
0.43326544761657715
0.5304650664329529
0.11091899126768112
0.41470447182655334
0.29818496108055115
0.3248995542526245
0.7336127758026123
0.5732071399688721
0.5384346842765808
0.18371360003948212
0.15303435921669006
0.07480625063180923
0.12015274912118912
0.04678325355052948
0.12059763818979263
0.1032010167837143
0.07649456709623337
0.07673697918653488
0.11678615212440491
0.07507935911417007
0.05560106784105301
0.11530033499002457
0.17142336070537567
0.10053671151399612
0.1974307745695114
0.15925365686416626
