0.20106878876686096
0.1748817265033722
0.04958568513393402
0.05922984331846237
0.019451746717095375
0.037207022309303284
0.0796377956867218
0.14030522108078003
0.2558686435222626
0.5264511108398438
0.3525357246398926
0.3292299807071686
0.04704872891306877
0.060221679508686066
0.05994086340069771
0.07676609605550766
0.056874413043260574
0.11729880422353745
0.2793540060520172
0.2706652879714966
0.3794995844364166
0.41929832100868225
0.5269595384597778
0.6230477094650269
0.7607032656669617
0.7006932497024536
0.5930714011192322
0.2579324543476105
0.6460993885993958
0.7772836685180664
0.6401733160018921
0.5589258074760437
0.6559807062149048
0.5333712697029114
0.3381924033164978
0.11924486607313156
0.4177842438220978
0.14465351402759552
0.19654186069965363
0.46849071979522705
0.5993863940238953
0.44203945994377136
0.517812192440033
0.7220730185508728
0.8727827072143555
0.5485787987709045
0.19772854447364807
0.7061157822608948
0.696828305721283
0.2799692153930664
0.2022707164287567
0.7578699588775635
0.5310149788856506
0.43185728788375854
0.11171247065067291
0.4631766676902771
0.33752304315567017
0.20723310112953186
0.05784885212779045
0.5640532374382019
0.563625156879425
0.5038456916809082
0.490556925535202
0.16363562643527985
0.3824175000190735
0.18915458023548126
0.11189249902963638
0.052190978080034256
0.07911315560340881
0.38317155838012695
0.5723283290863037
0.7368690967559814
0.78963702917099
0.9561837315559387
0.9330261945724487
0.8713264465332031
0.958139955997467
0.9527522325515747
0.8683063983917236
0.8862748742103577
0.7791581153869629
0.9590226411819458
0.7236500382423401
0.642263650894165
0.897442638874054
0.9379284977912903
0.13414287567138672
0.7513109445571899
0.90902179479599
0.5209091305732727
0.08235137164592743
0.9264756441116333
0.9293902516365051
0.20123659074306488
0.24248825013637543
0.9417408108711243
0.9018087387084961
0.28092554211616516
0.6047338843345642
0.5098431706428528
0.6550331711769104
0.4968583285808563
0.42978689074516296
0.5813350677490234
0.4648508131504059
0.47123458981513977
0.5531961917877197
0.7666128873825073
0.6861069798469543
0.3095517158508301
0.3000519275665283
0.7038666605949402
0.5684264898300171
0.4798692762851715
0.5308752059936523
0.7592232823371887
0.8289808630943298
0.415364146232605
0.7037118077278137
0.32168513536453247
0.5738843083381653
0.3915821611881256
0.42637118697166443
0.7038817405700684
0.30556705594062805
0.11952171474695206
0.6487346291542053
0.7430279850959778
0.21286676824092865
0.43987947702407837
0.6472845077514648
0.6427901983261108
0.41869547963142395
0.4616883099079132
0.5756873488426208
0.530935525894165
0.4229394495487213
0.2098293900489807
0.260179340839386
0.4399348795413971
0.4217187464237213
0.2448144555091858
0.17239262163639069
0.18521921336650848
0.04864368587732315
0.16419579088687897
0.02619231678545475
0.2874941825866699
0.2121690809726715
0.06763499975204468
0.03400970995426178
0.38890665769577026
0.3464904725551605
0.19468189775943756
0.2620914578437805
0.803990364074707
0.7184734344482422
0.26405277848243713
0.6382741332054138
0.8654369711875916
0.6586079597473145
0.6361325979232788
0.5442579984664917
0.6431863307952881
0.5244213342666626
0.6560177206993103
