0.6490267515182495
0.4478498101234436
0.7973657250404358
0.2322230339050293
0.5164435505867004
0.1780451536178589
0.7483569979667664
0.6129285097122192
0.3571629226207733
0.32320719957351685
0.0510360486805439
0.06400256603956223
0.05679028481245041
0.04536868631839752
0.038428254425525665
0.045504797250032425
0.06575750559568405
0.10221865028142929
0.07378475368022919
0.0293850377202034
0.10385111719369888
0.14353618025779724
0.014291541650891304
0.036473505198955536
0.06207443028688431
0.02256634272634983
0.04359359294176102
0.09677080810070038
0.20575131475925446
0.10426264256238937
0.08360172808170319
0.05632495880126953
0.14209052920341492
0.12976184487342834
0.08660958707332611
0.11709357798099518
0.2840535640716553
0.1051962822675705
0.07226013392210007
0.10193882137537003
0.061590392142534256
0.04285239428281784
0.08740843087434769
0.047928061336278915
0.12002182006835938
0.03301525488495827
0.02448953501880169
0.1620122492313385
0.049413397908210754
0.11895298957824707
0.05266790837049484
0.025956392288208008
0.056039683520793915
0.05536569282412529
0.019840631633996964
0.0070477938279509544
0.03843843564391136
0.04339098557829857
0.013181187212467194
0.014436883851885796
0.03878660500049591
0.02487468533217907
0.014158227480947971
0.04354175552725792
0.07576172053813934
0.03371313959360123
0.054609619081020355
0.03459692373871803
0.018563132733106613
0.03385915234684944
0.0326172299683094
0.09536641836166382
0.1595720797777176
0.6131065487861633
0.4078536331653595
0.15684951841831207
0.11278380453586578
0.15326045453548431
0.5081501007080078
0.08872323483228683
0.055514466017484665
0.5945661664009094
0.21122369170188904
0.1264766901731491
0.21570391952991486
0.6667508482933044
0.4676477015018463
0.297482430934906
0.18441206216812134
0.36828866600990295
0.042537663131952286
0.10860546678304672
0.04373876005411148
0.27728480100631714
0.11345861107110977
0.34051513671875
0.46863678097724915
0.4776129126548767
0.622726321220398
0.9465623497962952
0.959361732006073
0.9652014970779419
0.9612762928009033
0.9452274441719055
0.831943690776825
0.6481574177742004
0.9124282002449036
0.7981235980987549
0.3378383219242096
0.32589101791381836
0.6825072169303894
0.2346085160970688
0.06277745962142944
0.030517578125
0.019342267885804176
0.032020848244428635
0.03966649994254112
0.02310439944267273
0.03139829635620117
0.00913917925208807
0.026278924196958542
0.0117007652297616
0.026531118899583817
0.041042257100343704
0.09688954055309296
0.4408179223537445
0.09099733829498291
0.7539157867431641
0.6356613636016846
0.8880730867385864
0.8686598539352417
0.1346733719110489
0.8103805780410767
0.9235315322875977
0.4132191240787506
0.19786818325519562
0.8243374228477478
0.7695143818855286
0.07401109486818314
0.2537144124507904
0.5859363675117493
0.12994228303432465
0.008915847167372704
0.14234264194965363
0.08842718601226807
0.04114602506160736
0.01090674102306366
0.016869837418198586
0.026160839945077896
0.016877464950084686
0.02071554958820343
0.035019442439079285
0.045084793120622635
0.02953050471842289
0.01643618941307068
0.016752570867538452
0.005564970895648003
0.002721852855756879
0.004352418705821037
0.011968721635639668
0.023878710344433784
0.04648220166563988
0.04167100042104721
0.06636412441730499
0.34769171476364136
0.013336983509361744
0.02167891338467598
0.03814385458827019
0.13790839910507202
0.00295501877553761
0.023822614923119545
0.08026846498250961
0.035386912524700165
0.024135377258062363
0.030166421085596085
0.04724866896867752
0.012752306647598743
0.009875594638288021
0.01654748059809208
0.025193314999341965
0.05198362469673157
0.0821719616651535
0.07916766405105591
0.04779724031686783
0.09649143368005753
0.21338017284870148
0.6654937863349915
0.3277217447757721
0.037717532366514206
0.10612333565950394
0.07958999276161194
0.018795156851410866
0.016433967277407646
0.034070391207933426
0.024824390187859535
0.044748350977897644
0.003953476902097464
0.019442280754446983
0.01969808340072632
0.005036885850131512
0.011166498064994812
0.024194899946451187
0.04838838800787926
0.026549939066171646
0.1637077033519745
0.06792429834604263
0.27296730875968933
0.2566293776035309
0.05587232857942581
0.0717826783657074
0.20104165375232697
0.05833972245454788
0.050474703311920166
0.24562712013721466
0.16830207407474518
0.033509667962789536
0.06852813065052032
0.10204712301492691
0.030841244384646416
0.016095805913209915
0.0731191411614418
0.039679042994976044
0.06508428603410721
0.05124747008085251
0.17215938866138458
0.10453341156244278
0.0131472023203969
0.039706647396087646
0.005830328445881605
0.010253828950226307
0.01714242994785309
0.057868558913469315
0.011978131718933582
0.013981631956994534
0.04369591549038887
0.3313239514827728
0.09431061893701553
0.14234314858913422
0.3131289482116699
0.26325085759162903
0.6167576313018799
0.47160664200782776
0.726717472076416
0.7119704484939575
0.5852125287055969
0.5202176570892334
0.3318127989768982
0.36893534660339355
0.3028755784034729
0.5483716726303101
0.632375955581665
0.9291161298751831
0.8931761980056763
0.4333045482635498
0.8774381875991821
0.8176451325416565
0.1564459353685379
0.2638641595840454
0.8567107319831848
0.33870479464530945
0.41977015137672424
0.727369487285614
0.8244085907936096
0.4249786138534546
0.5179435014724731
0.8786714673042297
0.7971811890602112
0.36959701776504517
0.4971669018268585
0.6486973762512207
0.6483690738677979
0.6629745960235596
0.19620347023010254
0.6227719783782959
0.5402525663375854
0.5606042146682739
0.5679730176925659
0.8771768808364868
0.5362173318862915
0.6492601037025452
0.6815028190612793
0.9445916414260864
0.7182496190071106
0.8871562480926514
0.8973605036735535
0.6369736790657043
0.7392781376838684
0.44378969073295593
0.840776264667511
0.9467335939407349
0.6953596472740173
0.880153477191925
0.9653601050376892
0.9242544174194336
0.9013085961341858
0.6797797083854675
0.8532152771949768
0.8970703482627869
0.7519353032112122
0.7876480221748352
0.8593400120735168
0.7395056486129761
0.9032168984413147
0.8120118975639343
0.8367319107055664
0.6474483609199524
0.34450703859329224
0.5478686690330505
0.5421631336212158
0.4170045554637909
0.3841250538825989
0.4812394678592682
0.5362043380737305
0.815000593662262
0.7369876503944397
0.7692388892173767
0.8870484232902527
0.873169481754303
0.7420636415481567
0.8900420069694519
0.7358692288398743
0.7054198384284973
0.763873279094696
0.7490416765213013
0.8403100967407227
0.8328396081924438
0.8566728234291077
0.8401140570640564
0.8324055075645447
0.9277408719062805
0.7968793511390686
0.7101553082466125
0.9262285232543945
0.7813056111335754
0.7416574954986572
0.6485576629638672
0.773337721824646
0.5556544661521912
0.8251941800117493
0.6439750790596008
0.6203377842903137
0.7929485440254211
0.6898655295372009
0.7119701504707336
0.7397809624671936
0.8307397961616516
0.3546759784221649
0.7665281891822815
0.7438915371894836
0.5588169693946838
0.5482127666473389
0.5687151551246643
0.6374041438102722
0.4127584993839264
0.41384536027908325
0.587523341178894
0.5301175117492676
0.6202977895736694
0.5928981900215149
0.6014302372932434
0.4241015613079071
0.68804931640625
0.48328065872192383
0.37347543239593506
0.6872408390045166
0.4609425365924835
0.7149756550788879
0.6755754947662354
0.7385632395744324
0.5596218109130859
0.14910005033016205
0.5909692049026489
0.3520476520061493
0.2629241943359375
0.10505111515522003
0.17677345871925354
0.2018706351518631
0.097228042781353
0.06978310644626617
0.06747312098741531
0.12685909867286682
0.10906118899583817
0.040341734886169434
0.12108557671308517
0.13220490515232086
0.2556529641151428
0.023802587762475014
0.10632430016994476
0.07865393161773682
0.21704956889152527
0.06629021465778351
0.34358611702919006
0.3715430796146393
0.4386375844478607
0.682040810585022
0.46878042817115784
0.41933614015579224
0.8121412396430969
0.8330705761909485
0.8354052305221558
0.8465566039085388
0.9041787385940552
0.8870291709899902
0.8915238976478577
0.7557007670402527
0.8022359013557434
0.6093091368675232
0.7128995060920715
0.7856047749519348
0.7332920432090759
0.6031379103660583
0.8860771059989929
0.8474764823913574
0.6819046139717102
0.5889509320259094
