0.9264426827430725
0.973161518573761
0.9797081351280212
0.972794771194458
0.967681884765625
0.9786311388015747
0.9845553636550903
0.9652519226074219
0.9685949683189392
0.9862910509109497
0.9702445268630981
0.9569940567016602
0.9770625233650208
0.9530511498451233
0.9436018466949463
0.8995130658149719
0.8824805021286011
0.8236277103424072
0.8131597638130188
0.5696679353713989
0.664246678352356
0.45567697286605835
0.4371451735496521
0.33381274342536926
0.5570663213729858
0.5381794571876526
0.5064804553985596
0.5771292448043823
0.39433857798576355
0.714687168598175
0.7972361445426941
0.7502763867378235
0.4999261498451233
0.6106957793235779
0.9067261815071106
0.24928978085517883
0.15191930532455444
0.722852349281311
0.6794334053993225
0.07843152433633804
0.45832115411758423
0.6727666854858398
0.4153217375278473
0.3143812417984009
0.2066502422094345
0.3190549612045288
0.07883792370557785
0.09344959259033203
0.11758233606815338
0.23114164173603058
0.16012245416641235
0.08616214990615845
0.07895654439926147
0.1296539157629013
0.3397938311100006
0.6362913846969604
0.8184587359428406
0.8791006803512573
0.6904703378677368
0.3642438054084778
0.14300884306430817
0.344720721244812
0.42671236395835876
0.07268290221691132
0.22669604420661926
0.36883434653282166
0.30939212441444397
0.09661811590194702
0.42032280564308167
0.2983797788619995
0.13583408296108246
0.3161027431488037
0.3936440646648407
0.3644784688949585
0.32934141159057617
0.19952180981636047
0.15622538328170776
0.3621099591255188
0.5036454796791077
0.2458278089761734
0.2456677258014679
0.1619548201560974
0.1142297089099884
0.17518311738967896
0.23621459305286407
0.26034507155418396
0.41151371598243713
0.17810353636741638
0.20162759721279144
0.11899880319833755
0.07187463343143463
0.09564067423343658
0.2520054578781128
0.19429388642311096
0.17810586094856262
0.19029764831066132
0.07877684384584427
0.23686835169792175
0.25033625960350037
0.29651471972465515
0.2860088050365448
0.3786080777645111
0.25986024737358093
0.5258100628852844
0.7165189385414124
0.3707663118839264
0.41196146607398987
0.9125035405158997
0.8524171113967896
0.5648621320724487
0.8024863600730896
0.9499845504760742
0.7803183794021606
0.8204448819160461
0.9662821292877197
0.9457186460494995
0.8431188464164734
0.9216306805610657
0.9594929814338684
0.8994913101196289
0.8120077848434448
0.8089522123336792
0.9428883790969849
0.9089977741241455
0.6741045713424683
0.9461790919303894
0.956009566783905
0.9507738947868347
0.5208991169929504
0.9637294411659241
0.9734152555465698
0.9057074785232544
0.9333513379096985
0.9688816070556641
0.9715874791145325
0.7693074941635132
0.9616487622261047
0.9733439683914185
0.9201741814613342
