0.027905527502298355
0.03256409242749214
0.012994082644581795
0.004562992136925459
0.012347039766609669
0.06073277071118355
0.03298015519976616
0.13834545016288757
0.5726030468940735
0.6639900803565979
0.413921058177948
0.08987705409526825
0.14046871662139893
0.08732982724905014
0.055837154388427734
0.1502038687467575
0.11663959175348282
0.14850859344005585
0.15795771777629852
0.19395039975643158
0.3124949038028717
0.3745554983615875
0.41316309571266174
0.5759439468383789
0.6239024996757507
0.6070058941841125
0.4210667610168457
0.623486340045929
0.2842368483543396
0.6156558990478516
0.3245367705821991
0.13928961753845215
0.11484081298112869
0.1745465248823166
0.04153871536254883
0.03292262926697731
0.10428056120872498
0.1405785232782364
0.01922670379281044
0.04729810357093811
0.05349648743867874
0.03304214030504227
0.04647650197148323
0.04029366374015808
0.05566966533660889
0.05495128035545349
0.008739035576581955
0.008143355138599873
0.007704577408730984
0.014133919030427933
0.0996047705411911
0.3234501779079437
0.22502510249614716
0.06608245521783829
0.24119488894939423
0.29161858558654785
0.05316754803061485
0.05496126785874367
0.31534290313720703
0.13599282503128052
0.10027077794075012
0.14380407333374023
0.06826836615800858
0.08204570412635803
0.10231971740722656
0.08310338109731674
0.18889220058918
0.021076492965221405
0.1466483771800995
0.18098749220371246
0.4619559347629547
0.07111595571041107
0.004998004529625177
0.00815099198371172
0.01372807752341032
0.02626737952232361
0.004660263657569885
0.02497931756079197
0.02976944111287594
0.08540499955415726
0.05582569167017937
0.044114843010902405
0.14460940659046173
0.1142757460474968
0.07442638278007507
0.0791405513882637
0.0978654995560646
0.13266080617904663
0.08725591003894806
0.24551844596862793
0.14367344975471497
0.06009142845869064
0.09635250270366669
0.04829596355557442
0.02205057255923748
0.05380849167704582
0.07296483963727951
0.24213027954101562
0.6173553466796875
0.415120005607605
0.4598211646080017
0.6803268194198608
0.44154584407806396
0.3276563286781311
0.5338271260261536
0.11898223310709
0.40458276867866516
0.22176380455493927
0.441190630197525
0.5288986563682556
0.44879695773124695
0.9290692210197449
0.9706148505210876
0.901678740978241
0.9181911945343018
0.9327678680419922
0.8894792199134827
0.954031229019165
0.6551101207733154
0.34338846802711487
0.43949052691459656
0.7122918963432312
0.8259382247924805
0.258550226688385
0.6725331544876099
0.7428907752037048
0.8962374925613403
0.1944054812192917
0.8269129395484924
0.9467712044715881
0.7157209515571594
0.3518598973751068
0.7262685298919678
0.2871800363063812
0.6538943648338318
0.3821601867675781
0.6263595819473267
0.3720904588699341
0.21871638298034668
0.10468769073486328
0.13782210648059845
0.18500764667987823
0.1123247966170311
0.17007292807102203
0.38098323345184326
0.3784593641757965
0.40039169788360596
0.576845645904541
0.8858535885810852
0.82865971326828
0.4017283618450165
0.3990667760372162
0.5922295451164246
0.690259575843811
0.7607297897338867
0.5069752335548401
0.8190121650695801
0.8535574674606323
0.8789809346199036
0.8364787101745605
0.8483012318611145
0.8601951003074646
0.8357390761375427
0.8438161611557007
0.6301184892654419
0.8516559600830078
0.9186683297157288
0.8406467437744141
0.6196497678756714
0.9209558963775635
0.911180317401886
0.8691404461860657
0.8157377243041992
0.9285820722579956
0.8840591311454773
0.8719372749328613
0.7270329594612122
0.6454697847366333
0.7134424448013306
0.879669725894928
0.8152779340744019
0.6606152653694153
0.7784312963485718
0.6512254476547241
0.3969768285751343
0.49598783254623413
0.7073601484298706
0.3681977391242981
0.21904195845127106
0.19761843979358673
0.24988678097724915
0.616026759147644
0.11232510209083557
0.4704245626926422
0.6452292799949646
0.6020601391792297
0.3816715478897095
0.6136773824691772
0.8628113269805908
0.2955252230167389
0.2067214399576187
0.9321640729904175
0.9241822361946106
0.17235416173934937
0.3105154037475586
0.9801313877105713
0.9246763586997986
0.10411623865365982
0.8052927851676941
0.98172527551651
0.873721182346344
0.2881353795528412
0.9361291527748108
0.9711321592330933
0.8210801482200623
0.6425009965896606
0.3185987174510956
0.23734551668167114
0.08865808695554733
0.01311561930924654
0.013385303318500519
0.021271442994475365
0.010514868423342705
0.05251893773674965
0.3231707811355591
0.18720419704914093
0.0984443947672844
0.5937052369117737
0.29441145062446594
0.20987649261951447
0.5673651695251465
0.6362205743789673
0.16304919123649597
0.618961751461029
0.8615684509277344
0.7947986721992493
0.21888096630573273
0.48084917664527893
0.9241703152656555
0.9246612191200256
0.21705371141433716
0.7527762651443481
0.9707603454589844
0.958721935749054
0.6225380301475525
0.3186567723751068
0.2813067138195038
0.22230270504951477
0.09998921304941177
0.2780711054801941
0.0883459523320198
0.3895094692707062
0.3069644868373871
0.02738254703581333
0.12598635256290436
0.2194933444261551
0.01494551170617342
0.006538307294249535
0.0035277989227324724
0.018594320863485336
0.004051539581269026
0.0040504466742277145
0.0178825706243515
0.11800549924373627
0.0439034029841423
0.15387198328971863
0.10381577163934708
