0.5752421021461487
0.7430748343467712
0.7641549706459045
0.9180559515953064
0.8094059824943542
0.7493025064468384
0.7162178158760071
0.6228050589561462
0.7529512047767639
0.764718770980835
0.7761959433555603
0.8561018109321594
0.9288042783737183
0.9522190093994141
0.9581372141838074
0.9817249774932861
0.93781977891922
0.9450377225875854
0.8620308041572571
0.9308760762214661
0.761823296546936
0.6604160666465759
0.36215534806251526
0.15320493280887604
0.1293392926454544
0.037098478525877
0.16452771425247192
0.09043455868959427
0.15822027623653412
0.15136955678462982
0.10444975644350052
0.028754860162734985
0.04013228788971901
0.10790466517210007
0.46778175234794617
0.6400290131568909
0.6432579755783081
0.9129806160926819
0.9647485017776489
0.8414657711982727
0.9634974598884583
0.9628797173500061
0.9211603999137878
0.9221394062042236
0.9690264463424683
0.9535375237464905
0.8990633487701416
0.8647152781486511
0.7792100310325623
0.6881396770477295
0.6796239018440247
0.23037603497505188
0.6737551093101501
0.19912727177143097
0.45966991782188416
0.18546445667743683
0.3765297532081604
0.552564263343811
0.047873128205537796
0.07549312710762024
0.0816740170121193
0.03296395018696785
0.02017967216670513
0.0175874475389719
0.08999817073345184
0.11287103593349457
0.04144756868481636
0.3205089569091797
0.2802799344062805
0.21394021809101105
0.21295033395290375
0.2880280315876007
0.46684351563453674
0.8830696940422058
0.6959028244018555
0.7866690158843994
0.8073775172233582
0.7114202380180359
0.5753633379936218
0.7682320475578308
0.8001131415367126
0.37848249077796936
0.5298731923103333
0.8478706479072571
0.2334805130958557
0.18398626148700714
0.5762326121330261
0.7523540258407593
0.26828935742378235
0.25478655099868774
0.03276352211833
0.12139170616865158
0.14121319353580475
0.06752852350473404
0.048661816865205765
0.020121969282627106
0.011363559402525425
0.04300558567047119
0.014194265007972717
0.11278767138719559
0.07546722888946533
0.5738623738288879
0.5564267635345459
0.4477192163467407
0.8383563756942749
0.5078606605529785
0.2552429735660553
0.15950483083724976
0.15394236147403717
0.29282695055007935
0.11558850854635239
0.34433513879776
0.395722359418869
0.3700990676879883
0.6955428123474121
0.6372098922729492
0.5371537208557129
0.8745894432067871
0.33400243520736694
0.18693020939826965
0.48952776193618774
0.37631168961524963
0.8121492862701416
0.7527201771736145
0.36890602111816406
0.8529795408248901
0.6473130583763123
0.9000048041343689
0.8025200366973877
0.8810098767280579
0.7395656704902649
0.23818643391132355
0.797977864742279
0.17925865948200226
0.7262428402900696
0.22807975113391876
0.8323128819465637
0.7621980309486389
0.7447153329849243
0.7573745846748352
0.9257824420928955
0.8649623394012451
0.8731511235237122
0.7705432772636414
0.755978524684906
0.35740432143211365
0.5821995139122009
0.610302746295929
0.31567177176475525
0.4565257132053375
0.6320533752441406
0.74617600440979
0.6878960728645325
0.5829049348831177
0.3270346224308014
0.48067325353622437
0.40231582522392273
0.6506416201591492
0.6660174131393433
0.5971575975418091
0.8063179850578308
0.8049628138542175
0.9558989405632019
0.9306779503822327
0.9785517454147339
0.8930323123931885
0.9443641304969788
0.8623947501182556
0.8479315042495728
0.8854132294654846
0.8101206421852112
0.8878554105758667
0.6300377249717712
0.7278755307197571
0.45574113726615906
0.7248891592025757
0.32707127928733826
0.4934128224849701
