0.2508056163787842
0.3831702470779419
0.12740686535835266
0.1868065446615219
0.3175191283226013
0.4493609666824341
0.1516936868429184
0.4818776547908783
0.21590782701969147
0.3501882553100586
0.29925304651260376
0.24458125233650208
0.3622997999191284
0.15089167654514313
0.17203105986118317
0.23470279574394226
0.09648028761148453
0.1135254055261612
0.08576645702123642
0.12230835855007172
0.1483394056558609
0.2871605157852173
0.1787385791540146
0.16364836692810059
0.11039112508296967
0.2795359194278717
0.05028214305639267
0.35218754410743713
0.43426984548568726
0.4339517652988434
0.11650142818689346
0.25294461846351624
0.21896223723888397
0.10889457166194916
0.09078741073608398
0.17981234192848206
0.12661397457122803
0.39206624031066895
0.738562822341919
0.29545167088508606
0.2619839012622833
0.12455420941114426
0.12352858483791351
0.25313377380371094
0.22240355610847473
0.09416966140270233
0.0625215396285057
0.26520195603370667
0.19488592445850372
0.04678605869412422
0.27063292264938354
0.2142757922410965
0.27652639150619507
0.061218466609716415
0.2311907559633255
0.17350362241268158
0.16832712292671204
0.1950192153453827
0.4514532685279846
0.15564796328544617
0.2567051947116852
0.3893403708934784
0.46825075149536133
0.22874832153320312
0.220473513007164
0.544668972492218
0.15533562004566193
0.5325018763542175
0.36643436551094055
0.5883737206459045
0.6022871136665344
0.14091402292251587
0.22487619519233704
0.3397742807865143
0.08300333470106125
0.21408328413963318
0.4685923755168915
0.29243502020835876
0.5431537628173828
0.5402033925056458
0.5660657286643982
0.6827581524848938
0.6063746809959412
0.584874153137207
0.45916932821273804
0.37952640652656555
0.5283433198928833
0.12916088104248047
0.10864433646202087
0.03599083423614502
0.05419785529375076
0.08719257265329361
0.11795805394649506
0.24847960472106934
0.33848661184310913
0.35683295130729675
0.14916254580020905
0.18833014369010925
0.04772761091589928
0.027779169380664825
0.033686328679323196
0.02226666547358036
0.1104535236954689
0.06418763101100922
0.11419457942247391
0.11428490281105042
0.14803749322891235
0.05467682704329491
0.046834152191877365
0.012196813710033894
0.02441379800438881
0.03489421308040619
0.049283985048532486
0.02613695152103901
0.2685273587703705
0.08258017152547836
0.12033596634864807
0.13229651749134064
0.0473017618060112
0.05782703682780266
0.02110661193728447
0.014364340342581272
0.02054278925061226
0.044121477752923965
0.021695861592888832
0.15909545123577118
0.3563332259654999
0.5630670189857483
0.15208284556865692
0.13695836067199707
0.3065473139286041
0.35048240423202515
0.17910730838775635
0.042029257863759995
0.08053344488143921
0.2959209978580475
0.21339112520217896
0.021242506802082062
0.05955224111676216
0.3175925612449646
0.1501309722661972
0.06898161768913269
0.23134388029575348
0.12100977450609207
0.1489482969045639
0.08422354608774185
0.14655055105686188
0.07084197551012039
0.02650430239737034
0.08984056115150452
0.014837018214166164
0.07877371460199356
0.056562092155218124
0.05955960974097252
0.11244545876979828
0.0525648407638073
0.0965767353773117
0.08526942878961563
0.3187989592552185
0.5478596687316895
0.1701105684041977
0.2039538025856018
0.39231154322624207
0.21590082347393036
0.1467212438583374
0.1577366590499878
0.4952086806297302
0.1641872674226761
0.2141347974538803
0.3301035463809967
0.28981298208236694
0.274940550327301
0.33556458353996277
0.3826625347137451
0.5130771398544312
0.470001757144928
0.5025069713592529
0.45971372723579407
0.13411641120910645
0.349086195230484
0.3743393123149872
0.1695249378681183
0.21680106222629547
0.3319205641746521
0.3017086386680603
0.29984137415885925
0.1800071895122528
0.29224178194999695
0.27655696868896484
0.12612558901309967
0.1371174156665802
0.08775527775287628
0.19882450997829437
0.04664168506860733
0.25123512744903564
0.3339928686618805
0.15981103479862213
0.02076616883277893
0.2812897264957428
0.3090627193450928
0.3153459131717682
0.03593603894114494
0.21328645944595337
0.3481347858905792
0.1550462245941162
0.09847663342952728
0.07128822058439255
0.25825825333595276
0.268109530210495
0.11081557720899582
0.2212752252817154
0.23286110162734985
0.3001488149166107
0.5840786695480347
0.4643632173538208
0.3198290467262268
0.06651768833398819
0.22407956421375275
0.35940757393836975
0.35284075140953064
0.3835473656654358
0.4352748692035675
0.2677406370639801
0.23409073054790497
0.19389541447162628
0.11199458688497543
0.46102869510650635
0.44912174344062805
0.42428886890411377
0.32641878724098206
0.5339459180831909
0.4037376046180725
0.10375232994556427
0.07816310226917267
0.21125119924545288
0.09407563507556915
0.19593752920627594
0.023660121485590935
0.07128030806779861
0.03395142778754234
0.12485585361719131
0.17084327340126038
0.39496907591819763
