0.702178418636322
0.909089207649231
0.5629405975341797
0.9402984976768494
0.535766065120697
0.9430223107337952
0.6213712096214294
0.8490150570869446
0.8283528089523315
0.8022703528404236
0.694718062877655
0.8055406808853149
0.8191876411437988
0.653993546962738
0.7138428092002869
0.5180385708808899
0.6285384893417358
0.5735428929328918
0.4937220811843872
0.5626347661018372
0.5249530673027039
0.4700487554073334
0.5194620490074158
0.6654319167137146
0.3771306574344635
0.2999395728111267
0.40837204456329346
0.6983033418655396
0.2950096130371094
0.5038233995437622
0.6639322638511658
0.727249801158905
0.3091442286968231
0.3925001621246338
0.8321462273597717
0.6188251972198486
0.41770750284194946
0.638323187828064
0.3454810380935669
0.8189064860343933
0.9334772229194641
0.9637554883956909
0.9560721516609192
0.9896109104156494
0.9880625605583191
0.9662187695503235
0.9850916266441345
0.964451253414154
0.9456112384796143
0.9463627338409424
0.8928470611572266
0.8690615296363831
0.9447285532951355
0.6242138147354126
0.8744897246360779
0.3094983696937561
0.6793044805526733
0.4179569184780121
0.5678398013114929
0.4765200614929199
0.9030930399894714
0.8068014979362488
0.38804706931114197
0.34413862228393555
0.9112803339958191
0.6691160202026367
0.33070510625839233
0.6929930448532104
0.916962206363678
0.641951858997345
0.5833427906036377
0.6441344022750854
0.7288446426391602
0.8792979717254639
0.8205252289772034
0.8138222098350525
0.780529260635376
0.8862408399581909
0.9109703898429871
0.9365593791007996
0.9285934567451477
0.9697137475013733
0.9474371075630188
0.9626944065093994
0.9539786577224731
0.9356566667556763
0.9656412601470947
0.9591148495674133
0.9316689372062683
0.9175668358802795
0.9356358051300049
0.8162977695465088
0.7258507013320923
0.6196117997169495
