0.021755794063210487
0.022225651890039444
0.027062565088272095
0.039329927414655685
0.053884267807006836
0.03295145928859711
0.070468969643116
0.20314040780067444
0.2832552492618561
0.2896883189678192
0.14591538906097412
0.18579375743865967
0.07947292923927307
0.1568550318479538
0.06089841201901436
0.0786873996257782
0.03153995797038078
0.045385248959064484
0.0643811821937561
0.10710963606834412
0.089303158223629
0.0365050733089447
0.16519871354103088
0.1988174468278885
0.0625307634472847
0.06728663295507431
0.18983681499958038
0.17576542496681213
0.3195895850658417
0.2972910702228546
0.2771300673484802
0.2746925950050354
0.20123746991157532
0.1909600794315338
0.28233402967453003
0.2852117717266083
0.06288526952266693
0.22507333755493164
0.11934363842010498
0.022442949935793877
0.10706885904073715
0.06835634261369705
0.09324062615633011
0.14532381296157837
0.2842947542667389
0.2525576949119568
0.17302750051021576
0.18617521226406097
0.20176434516906738
0.22525139153003693
0.24347348511219025
0.26396387815475464
0.09770680963993073
0.10906659811735153
0.06652024388313293
0.05620436742901802
0.02804964780807495
0.053515929728746414
0.040192704647779465
0.13900071382522583
0.1791822463274002
0.1281799077987671
0.16778762638568878
0.37332671880722046
0.34686413407325745
0.30811014771461487
0.40457653999328613
0.23887915909290314
0.1824903041124344
0.3171703815460205
0.36345916986465454
0.164388969540596
0.2216385155916214
0.169082373380661
0.215473011136055
0.16619379818439484
0.0700320303440094
0.09238696843385696
0.21173705160617828
0.07189179211854935
0.07246202230453491
0.11489198356866837
0.13554887473583221
0.015728356316685677
0.028014004230499268
0.27504345774650574
0.24815766513347626
0.10426638275384903
0.1034223884344101
0.14776049554347992
0.27441516518592834
0.1294785737991333
0.2011411488056183
0.43269380927085876
0.31751349568367004
0.6716466546058655
0.24153266847133636
0.42805564403533936
0.2434299737215042
0.4527696967124939
0.49200764298439026
0.23113836348056793
0.1225530281662941
0.08030808717012405
0.2916804254055023
0.18402953445911407
0.33068451285362244
0.24254073202610016
0.2083653062582016
0.15156273543834686
0.21745581924915314
0.13848136365413666
0.48539984226226807
0.23816604912281036
0.3061183989048004
0.4732888638973236
0.37928497791290283
0.12011347711086273
0.39763298630714417
0.37755629420280457
0.16453705728054047
0.07447109371423721
0.43020012974739075
0.22393798828125
0.06426814943552017
0.06443929672241211
0.35795822739601135
0.15763568878173828
0.06697553396224976
0.12819020450115204
0.29017871618270874
0.11371932178735733
0.17930728197097778
0.08494048565626144
0.17922431230545044
0.11596895754337311
0.2688402235507965
0.31222033500671387
0.388995885848999
0.49527570605278015
0.2901240885257721
0.12178235501050949
0.33728694915771484
0.11911140382289886
0.23262903094291687
0.0850474014878273
0.166632279753685
0.2174355834722519
0.3489333689212799
0.2878381013870239
0.22780486941337585
0.19963711500167847
0.23679395020008087
0.30774691700935364
0.40920162200927734
0.26172682642936707
0.2499733716249466
0.652530312538147
0.6444305777549744
0.22172024846076965
0.3727491497993469
0.5101273655891418
0.4909321963787079
0.4737307131290436
0.21467095613479614
0.34654465317726135
0.46197521686553955
0.27537301182746887
0.1854851394891739
0.40350496768951416
0.2409324198961258
0.14563573896884918
0.18054743111133575
0.10399802774190903
0.17343664169311523
0.48470211029052734
0.3530161678791046
0.45182371139526367
0.4223608076572418
0.6128085255622864
0.6783195734024048
0.8442038893699646
0.4625866711139679
0.4113888740539551
0.2185232937335968
0.19977852702140808
0.22340832650661469
0.1622985452413559
0.06746740639209747
0.2192021608352661
0.28800031542778015
0.15567079186439514
0.4172042906284332
0.32358723878860474
0.25286760926246643
0.5184674859046936
0.3734434247016907
0.734559178352356
0.7017717957496643
0.48306629061698914
0.7763164639472961
0.6318623423576355
0.5497317314147949
0.671073853969574
0.5929946899414062
0.7866819500923157
0.6994271874427795
0.6820132732391357
0.6318330764770508
0.5772123336791992
0.4619784951210022
0.43880918622016907
0.6181021928787231
0.38822686672210693
0.3370932340621948
0.4230378270149231
0.18717780709266663
0.48849451541900635
0.14650040864944458
0.1880287230014801
0.08377733081579208
0.163173109292984
0.3972007930278778
0.25746607780456543
0.4787713289260864
0.28761640191078186
0.17861507833003998
0.16569964587688446
0.3559171259403229
0.1475726217031479
0.2995359003543854
0.45634713768959045
0.36315903067588806
0.34984803199768066
0.48254337906837463
0.2932125926017761
0.27743902802467346
0.3791268765926361
0.4293825030326843
0.23861919343471527
0.2425670176744461
0.23313723504543304
0.12438978254795074
0.4613490104675293
0.33942610025405884
0.1238088384270668
0.08300068229436874
0.4398891031742096
0.33612456917762756
0.2988838255405426
0.509268581867218
0.1541229486465454
0.18646696209907532
0.5681358575820923
0.49919360876083374
0.640509307384491
0.7671078443527222
0.7753658294677734
0.7290471196174622
0.5524163246154785
0.5797642469406128
0.2400689721107483
0.5836461186408997
0.22848960757255554
0.529845118522644
0.4020717740058899
0.4478369951248169
0.697883129119873
0.34817633032798767
0.20924071967601776
0.5909371376037598
0.635818600654602
0.21976123750209808
0.4105038046836853
0.8734496235847473
0.6626924276351929
0.17309583723545074
0.5975345969200134
0.8698285818099976
0.33409810066223145
0.13009987771511078
0.6640758514404297
0.7193509340286255
0.16560214757919312
0.22093737125396729
0.7877082228660583
0.40611767768859863
0.439861923456192
0.5857179760932922
0.39619892835617065
0.8667871952056885
0.7743462920188904
0.665497362613678
0.9259955286979675
0.6451035737991333
0.8736869096755981
0.7610418200492859
0.8598743081092834
0.6281875967979431
0.6839423775672913
0.42654943466186523
0.47430509328842163
0.38596221804618835
0.335278183221817
0.4150737226009369
0.3599206209182739
0.06309083849191666
0.08710356801748276
0.18730293214321136
0.41729217767715454
0.22114886343479156
0.2564055621623993
0.31247255206108093
0.3968742787837982
0.5687088966369629
0.6503598093986511
0.36426907777786255
0.6808830499649048
0.8883885741233826
0.6832343339920044
0.8479659557342529
0.7693414092063904
0.8550825119018555
0.7398985028266907
0.7179373502731323
0.6754486560821533
0.7476335763931274
0.44260793924331665
0.7047739624977112
0.3477768003940582
0.5988679528236389
0.36537617444992065
0.3552320897579193
0.47920334339141846
0.19476816058158875
0.18978293240070343
0.17303678393363953
0.3971702456474304
0.1623068004846573
0.15629929304122925
0.6337923407554626
0.6931706070899963
0.521658718585968
0.5948827862739563
0.8565738797187805
0.8511919975280762
0.7725430727005005
0.5948428511619568
0.6601349711418152
0.6173259615898132
0.855376124382019
0.7002425789833069
0.4157537519931793
0.4230998456478119
0.5592754483222961
0.435234010219574
0.29739299416542053
0.2673688530921936
0.2948789596557617
0.4792255759239197
0.09623751044273376
0.5279691815376282
0.15683525800704956
0.48303455114364624
0.4422564208507538
0.7900813221931458
0.5308821201324463
0.6833488345146179
0.7195438742637634
0.6257464289665222
0.6283168792724609
0.4227295517921448
0.43713343143463135
0.16120241582393646
0.11600322276353836
0.2856592833995819
0.44288116693496704
0.10864070057868958
0.5352040529251099
0.2520967423915863
0.0869535356760025
0.14770862460136414
0.0813995897769928
0.05627511069178581
0.055506110191345215
0.10050679743289948
0.24934659898281097
0.13744649291038513
0.3405928909778595
0.29238954186439514
0.6446957588195801
0.3602689802646637
0.3310319185256958
0.3557782471179962
0.051282238215208054
0.030751122161746025
0.04218219220638275
0.09754370152950287
0.0077463602647185326
0.01702433079481125
0.07459380477666855
0.008144289255142212
0.009051033295691013
0.02081001177430153
0.02545734867453575
0.011813988909125328
0.027977099642157555
0.020979274064302444
0.028270626440644264
0.05037342756986618
0.10761378705501556
0.1240575835108757
0.19164332747459412
0.09301168471574783
0.12989701330661774
0.1056162491440773
0.3311673402786255
0.08392821997404099
0.04630892351269722
0.015068931505084038
0.014906314201653004
0.00804883986711502
0.007190696895122528
0.01794230379164219
0.033764950931072235
0.034100763499736786
0.03294643387198448
0.03227026388049126
0.023093724623322487
0.06478526443243027
0.12448974698781967
0.09445596486330032
0.0457858107984066
0.11574099957942963
0.1290159374475479
0.04458465799689293
0.047419171780347824
0.03506626561284065
0.04634390398859978
0.025119388476014137
0.03775239363312721
0.08450615406036377
0.01468950230628252
0.02868144027888775
0.02718067169189453
0.04127639904618263
0.010443814098834991
0.038283731788396835
0.042470239102840424
0.013304912485182285
0.005963534116744995
0.03877478092908859
0.033400747925043106
0.026832157745957375
0.017234059050679207
0.039633072912693024
0.02774546854197979
0.024654995650053024
0.04585014283657074
0.038914937525987625
0.01891225390136242
0.029209693893790245
0.013674873858690262
0.03822065144777298
0.009969341568648815
0.05169401690363884
0.16803181171417236
0.049824029207229614
0.01079852320253849
0.012326420284807682
0.016156047582626343
0.007052349392324686
0.018436945974826813
0.01721622794866562
0.16511814296245575
0.14010576903820038
0.4599725306034088
0.3108242452144623
0.2345890998840332
0.6522293090820312
0.4346529543399811
0.6601468324661255
0.45899370312690735
0.4383440315723419
0.18562926352024078
0.07729214429855347
0.04403417184948921
0.049661315977573395
0.014185730367898941
0.036889687180519104
0.042338937520980835
0.02411266416311264
0.056264664977788925
0.09546282142400742
0.07559142261743546
0.08923459053039551
0.1844172477722168
0.26650765538215637
0.27724161744117737
0.346569687128067
0.16861924529075623
0.3024423122406006
0.2609851360321045
0.5574435591697693
0.28662505745887756
0.4989374577999115
0.47456610202789307
0.4305432140827179
0.4218999147415161
0.4344233572483063
0.35757821798324585
0.40068039298057556
0.14336319267749786
0.2942982017993927
0.08308735489845276
0.055900827050209045
0.14108635485172272
0.11830770969390869
0.022524461150169373
0.01939871720969677
0.026361670345067978
0.10820072144269943
0.04674416035413742
0.03779597952961922
0.04387498274445534
0.1295628845691681
0.03295865282416344
0.03641291335225105
0.033959370106458664
0.12911644577980042
0.07186078280210495
0.08044256269931793
0.1593342274427414
0.2131877839565277
0.13794870674610138
0.27930888533592224
0.18225736916065216
0.3971911072731018
0.26353612542152405
0.3316441476345062
0.2915518283843994
0.49641457200050354
0.3095515966415405
0.33383849263191223
0.5528510808944702
0.579055666923523
0.30680230259895325
0.0763421505689621
0.20395956933498383
0.017860526219010353
0.04580558091402054
0.07164061814546585
0.11882979422807693
0.20139777660369873
0.2505921721458435
0.20794984698295593
0.053847476840019226
0.032980721443891525
0.22041474282741547
0.06777385622262955
0.011614227667450905
0.011193615384399891
0.329254686832428
0.06151885539293289
0.016084296628832817
0.19172880053520203
0.388200044631958
0.16464711725711823
0.09763293713331223
0.6814263463020325
0.5591204166412354
0.5918521881103516
0.703617513179779
0.39703279733657837
0.8435569405555725
0.2812137305736542
0.5610301494598389
0.20742571353912354
0.31662434339523315
0.41818317770957947
0.6071391701698303
0.49643760919570923
0.5255576372146606
0.5900797247886658
0.4165145456790924
0.5403726696968079
0.6850789189338684
0.20374710857868195
0.3461337089538574
0.7359198927879333
0.518072247505188
0.1768195480108261
0.5275579690933228
0.688216507434845
0.5433022379875183
0.4442710280418396
0.4856029152870178
0.4086318612098694
0.21646496653556824
0.12373142689466476
0.04265318810939789
0.04645569249987602
0.004390655551105738
0.009867051616311073
0.04058636724948883
0.03620272874832153
0.0060228584334254265
0.014041636139154434
0.0139534967020154
0.011863423511385918
0.015942838042974472
0.009540748782455921
0.0027551280800253153
0.041605573147535324
0.0347929485142231
0.24781055748462677
0.2941984534263611
0.5197655558586121
0.371183305978775
0.17802748084068298
0.40964874625205994
0.2550375461578369
0.18676398694515228
0.10081437230110168
0.03511015325784683
0.06523359566926956
0.06355778127908707
0.019533835351467133
0.10645899921655655
0.1901535987854004
0.04386337101459503
0.10987607389688492
0.5703672170639038
0.30873817205429077
0.18808792531490326
0.466124951839447
0.5648739337921143
0.2952215373516083
0.36467185616493225
0.7533301711082458
0.6789355278015137
0.43714940547943115
0.41829535365104675
0.4163462221622467
0.5416750311851501
