0.19035352766513824
0.2108713835477829
0.4595035910606384
0.5706235766410828
0.3989546000957489
0.5581684708595276
0.3949959874153137
0.464966356754303
0.4745088219642639
0.1401292383670807
0.27371078729629517
0.16664709150791168
0.19494685530662537
0.2016093134880066
0.3791429400444031
0.13205136358737946
0.09923166781663895
0.20926982164382935
0.08121639490127563
0.020579205825924873
0.06026911735534668
0.027381934225559235
0.01930687390267849
0.2782793939113617
0.14365717768669128
0.2714322507381439
0.5660942196846008
0.4561495780944824
0.24694381654262543
0.1404285728931427
0.0926489606499672
0.10426794737577438
0.17001213133335114
0.0301763117313385
0.059267204254865646
0.12355099618434906
0.09897620975971222
0.020081186667084694
0.09122331440448761
0.17416387796401978
0.03579302132129669
0.061748940497636795
0.19560760259628296
0.18153494596481323
0.2078041136264801
0.1351926624774933
0.2266288846731186
0.057092249393463135
0.01981412060558796
0.033880434930324554
0.02285265363752842
0.05700773000717163
0.1119871437549591
0.4357718527317047
0.34715554118156433
0.30185016989707947
0.03558916598558426
0.07755134254693985
0.07238903641700745
0.034781564027071
0.011160668917000294
0.014908903278410435
0.11226627975702286
0.00837956927716732
0.04050718620419502
0.160651296377182
0.054827023297548294
0.07584942877292633
0.11129307746887207
0.0902920514345169
0.1046314612030983
0.10966560244560242
0.09231317043304443
0.08139058202505112
0.2395973950624466
0.3066600263118744
0.2944834530353546
0.16694240272045135
0.12050231546163559
0.05906400457024574
0.01884336955845356
0.02522101067006588
0.01697707548737526
0.05090874433517456
0.08757542073726654
0.32697704434394836
0.32592520117759705
0.21477031707763672
0.2315947264432907
0.18669429421424866
0.3308331072330475
0.2120286375284195
0.42254456877708435
0.3202991783618927
0.02596132457256317
0.14608992636203766
0.24673373997211456
0.12850654125213623
0.033265162259340286
0.19739337265491486
0.4366966784000397
0.04904485493898392
0.13432985544204712
0.17519564926624298
0.21095536649227142
0.06322785466909409
0.21258503198623657
0.17905087769031525
0.2335326373577118
0.25473541021347046
0.04422380402684212
0.06385482847690582
0.02038804441690445
0.026822835206985474
0.016127048060297966
0.08469750732183456
0.20467999577522278
0.3435329496860504
0.17322155833244324
0.169826939702034
0.18033264577388763
0.25925949215888977
0.3737172782421112
0.3915957510471344
0.42637401819229126
0.7045649886131287
0.5366120934486389
0.5646395087242126
0.7311456799507141
0.28577518463134766
0.4670768976211548
0.4572452902793884
0.6377770304679871
0.6175126433372498
0.4999663531780243
0.601596474647522
0.3924511671066284
0.42699968814849854
0.4871557056903839
0.38338205218315125
0.5572765469551086
0.30315783619880676
0.4778718054294586
0.3223971426486969
0.27759721875190735
0.22541843354701996
0.07396302372217178
0.10773180425167084
0.22746382653713226
0.06615723669528961
0.03003859519958496
0.13321420550346375
0.12248802185058594
0.030625710263848305
0.10272477567195892
0.09132993966341019
0.10055519640445709
0.06718876212835312
0.06883850693702698
0.014306108467280865
0.14993055164813995
0.038479309529066086
0.024596286937594414
0.019311735406517982
0.028571562841534615
0.07989758253097534
0.3116099536418915
0.29539987444877625
0.33387288451194763
0.5349875092506409
0.6678005456924438
0.3334727883338928
0.13967637717723846
0.5362823605537415
0.5214499235153198
0.13428083062171936
0.34176284074783325
0.5077996253967285
0.26254987716674805
0.5195872783660889
0.33802786469459534
0.3204539716243744
0.2700837552547455
0.23066025972366333
0.2004338800907135
0.1118561327457428
0.06527151167392731
0.03707079961895943
0.04427351430058479
0.109801284968853
0.25626030564308167
0.4860388934612274
0.17236003279685974
0.36022260785102844
0.2238474190235138
0.3460600972175598
0.5705607533454895
0.38536539673805237
0.35459694266319275
0.39953169226646423
0.6212843060493469
0.1838054358959198
0.16873155534267426
0.47708073258399963
0.3924245536327362
0.056750908493995667
0.41024571657180786
0.45008864998817444
0.3130525052547455
0.2806761562824249
0.09209906309843063
0.12195135653018951
0.03577614203095436
0.045836713165044785
0.04104685038328171
0.6289359331130981
0.15666739642620087
0.11742353439331055
0.26366057991981506
0.3540472388267517
0.3085874915122986
0.4241597354412079
0.5668062567710876
0.503231406211853
0.5638251304626465
0.5956083536148071
0.6040626764297485
0.3156788945198059
0.5109341144561768
0.5697930455207825
0.550321638584137
0.4752967655658722
0.5063186883926392
0.4086345136165619
0.19277146458625793
0.2620462477207184
0.28874173760414124
0.09658391773700714
0.17204678058624268
0.14077483117580414
0.028249943628907204
0.02381560020148754
0.06776122748851776
0.04547210410237312
0.046847790479660034
0.08465362340211868
0.0935603603720665
0.1326117068529129
0.12115447968244553
0.1194508895277977
0.07464679330587387
0.03134775161743164
0.08044657856225967
0.09294597059488297
0.0284920334815979
0.04024248570203781
0.08580117672681808
0.21928898990154266
0.4195930063724518
0.15049906075000763
0.30735042691230774
0.48861706256866455
0.6338199973106384
0.27000340819358826
0.13014103472232819
0.048019733279943466
0.029492970556020737
0.06448742002248764
0.04528403282165527
0.1130341961979866
0.09717243164777756
0.36522772908210754
0.2287171632051468
0.12968653440475464
0.16643764078617096
0.23313485085964203
0.04578544944524765
0.20051465928554535
0.1394558697938919
0.07762431353330612
0.22938697040081024
0.14546151459217072
0.1383722573518753
0.6075959801673889
0.3014569580554962
0.341235876083374
0.42219772934913635
0.21475400030612946
0.2830035984516144
0.30064302682876587
0.3234119415283203
0.11346232891082764
0.33220362663269043
0.3975769579410553
0.17603932321071625
0.06821087747812271
0.46858111023902893
0.18149319291114807
0.25920405983924866
0.37552720308303833
0.6274738311767578
0.7449355125427246
0.5176971554756165
0.8118985295295715
0.45053181052207947
0.550809919834137
0.6193140745162964
0.35581254959106445
0.5288528800010681
0.6472175717353821
0.3186245858669281
0.6555416584014893
0.47924259305000305
0.3000752627849579
0.65297931432724
0.3724791407585144
0.47509750723838806
0.23303194344043732
0.7410581707954407
0.7205905914306641
0.6225711107254028
0.779451310634613
0.4876561760902405
