0.17525793612003326
0.08625458180904388
0.19358479976654053
0.19425569474697113
0.34768858551979065
0.2166854292154312
0.1165044978260994
0.26207682490348816
0.20795771479606628
0.3061155080795288
0.3529089391231537
0.36327245831489563
0.17071448266506195
0.18506062030792236
0.13327822089195251
0.1446867734193802
0.20508235692977905
0.1813812106847763
0.08664321154356003
0.08582129329442978
0.4426174461841583
0.6604021191596985
0.29957473278045654
0.33182305097579956
0.32809779047966003
0.19037340581417084
0.5380789637565613
0.33575740456581116
0.07878100126981735
0.16928516328334808
0.4810287654399872
0.16322723031044006
0.1257435381412506
0.336661696434021
0.4212595522403717
0.29456937313079834
0.09175944328308105
0.1717534065246582
0.25382986664772034
0.14169231057167053
0.04972174018621445
0.14547069370746613
0.08809805661439896
0.06705210357904434
0.09229891747236252
0.11459789425134659
0.10344747453927994
0.11473999172449112
0.08723962306976318
0.10222192853689194
0.45105162262916565
0.2560428977012634
0.12675397098064423
0.12566037476062775
0.7861419320106506
0.49292078614234924
0.4279865622520447
0.7845165729522705
0.5014849901199341
0.8988893628120422
0.7813447713851929
0.288839191198349
0.6326205134391785
0.9076731204986572
0.6384853720664978
0.21765892207622528
0.903879702091217
0.8836916089057922
0.41283491253852844
0.5089510083198547
0.9346754550933838
0.8637557029724121
0.16648080945014954
0.4001257121562958
0.48549091815948486
0.3106534779071808
0.1475173979997635
0.5907261967658997
0.4840851426124573
0.15974585711956024
0.3684948682785034
0.4158541262149811
0.3334982693195343
0.2080138623714447
0.19816827774047852
0.12275971472263336
0.08142019808292389
0.03315551206469536
0.036294881254434586
0.11984707415103912
0.05632404610514641
0.05488913133740425
0.029570410028100014
0.010621152818202972
0.027694912627339363
0.07310944050550461
0.0749276876449585
0.014380782842636108
0.013884995132684708
0.04271785542368889
0.03889791667461395
0.008779454044997692
0.02085413970053196
0.027493825182318687
0.013656011782586575
0.04565473273396492
0.03692340850830078
0.022218968719244003
0.029172927141189575
0.0432196669280529
0.101291723549366
0.049381934106349945
0.05715080723166466
0.04530446603894234
0.04070926457643509
0.06475739181041718
0.07986288517713547
0.03134196996688843
0.10565968602895737
0.14853747189044952
0.12400361150503159
0.05024026706814766
0.2019164115190506
0.3894723355770111
0.22460132837295532
0.12140435725450516
0.5761354565620422
0.662455141544342
0.6232865452766418
0.9516127705574036
0.8657461404800415
0.887567400932312
0.28452154994010925
0.5800097584724426
0.08611198514699936
0.27230697870254517
0.0468919612467289
0.1589231938123703
0.20338337123394012
0.35053688287734985
0.5476868152618408
0.609333336353302
0.2749001383781433
0.15628942847251892
0.09625888615846634
0.14100268483161926
0.05324176698923111
0.26177603006362915
0.10644745826721191
0.6789245009422302
0.5989042520523071
0.76569002866745
0.8721892237663269
0.8553851246833801
0.5587228536605835
0.8603688478469849
0.8468883633613586
0.7650705575942993
0.9327049255371094
0.8990924954414368
0.8301360011100769
0.664353609085083
0.5534726977348328
0.44547149538993835
0.35042521357536316
0.08591756969690323
0.07157597690820694
0.14628541469573975
0.13963492214679718
0.4444561004638672
0.320162296295166
0.7667787671089172
0.7802383303642273
0.7285131812095642
0.40905213356018066
0.45601141452789307
0.772365391254425
0.7341839075088501
0.6365971565246582
0.4663558602333069
0.8116172552108765
0.8334321975708008
0.7307571172714233
0.598933219909668
0.5154519081115723
0.5331239104270935
0.35458609461784363
0.1532544195652008
0.35224398970603943
0.3626670241355896
0.245505228638649
0.1845802366733551
0.1846839338541031
0.0848386213183403
0.07120023667812347
0.05782642588019371
0.08487512916326523
0.09665442258119583
0.22909481823444366
0.02553604543209076
0.029105672612786293
0.12590716779232025
0.284248024225235
0.06156618893146515
0.0890025645494461
0.17195717990398407
