0.029633356258273125
0.14123263955116272
0.11784211546182632
0.07111596316099167
0.07983560860157013
0.08599856495857239
0.07021897286176682
0.027768446132540703
0.01601235195994377
0.006095694378018379
0.010296925902366638
0.025931695476174355
0.0071473633870482445
0.005978796165436506
0.06521440297365189
0.02213670127093792
0.17820991575717926
0.03542463853955269
0.03689594939351082
0.01254259329289198
0.010304374620318413
0.030432531610131264
0.06826077401638031
0.01756553165614605
0.04637450724840164
0.014209521934390068
0.05783827602863312
0.013866876251995564
0.015222577378153801
0.006511137820780277
0.032660819590091705
0.004322868771851063
0.0022491132840514183
0.013982449658215046
0.06302814185619354
0.05267602950334549
0.016638949513435364
0.14338421821594238
0.17327462136745453
0.04614228010177612
0.07310868799686432
0.20988021790981293
0.0963595062494278
0.046038705855607986
0.0383913591504097
0.023695776239037514
0.0050800871104002
0.0015563057968392968
0.002667606808245182
0.0021754156332463026
0.01195161510258913
0.024150466546416283
0.02328973449766636
0.03237051144242287
0.026487154886126518
0.04269212856888771
0.10143450647592545
0.29304832220077515
0.1042829230427742
0.17568393051624298
0.17130152881145477
0.05505548417568207
0.10238857567310333
0.03340116888284683
0.04171466454863548
0.02272849902510643
0.028273841366171837
0.035734497010707855
0.07808960974216461
0.0278933048248291
0.02197403274476528
0.05058349668979645
0.13081206381320953
0.11654194444417953
0.035311102867126465
0.035196203738451004
0.08511016517877579
0.11305158585309982
0.11725912988185883
0.017960989847779274
0.005725422408431768
0.09768128395080566
0.04343756288290024
0.0029207225888967514
0.027771854773163795
0.0838007852435112
0.03211861848831177
0.004252361133694649
0.12920086085796356
0.10116062313318253
0.17010517418384552
0.0818806067109108
0.01954522170126438
0.0210800152271986
0.002295161597430706
0.0009195631719194353
0.0009381272247992456
0.0007979137590155005
0.00245026801712811
0.008283051662147045
0.008618433959782124
0.04468955099582672
0.055847518146038055
0.010875833220779896
0.010314084589481354
0.03349771723151207
0.03780238702893257
0.024747533723711967
0.014418542385101318
0.015007291920483112
0.017656764015555382
0.04393628239631653
0.007400211412459612
0.009214622899889946
0.041792698204517365
0.02111920155584812
0.01484033465385437
0.018454302102327347
0.022148264572024345
0.010488980449736118
0.007345974445343018
0.004761457908898592
0.02641337178647518
0.020684897899627686
0.0074356431141495705
0.01176818460226059
0.0701509565114975
0.04392384737730026
0.06906686723232269
0.09768254309892654
0.1841357797384262
0.09456925839185715
0.28064820170402527
0.5402554273605347
0.31192746758461
0.5936108231544495
0.24847769737243652
0.6476900577545166
0.427338570356369
0.40421369671821594
0.3731939494609833
0.3441770374774933
0.14110377430915833
0.16946139931678772
0.11090326309204102
0.19153189659118652
0.03516163304448128
0.06637869775295258
0.0368749164044857
0.02680821530520916
0.03438801318407059
0.038329314440488815
0.06060214713215828
0.0469551645219326
0.1014392152428627
0.12097234278917313
0.2949962019920349
0.11436501145362854
0.13567785918712616
0.2274358570575714
0.05845854803919792
0.04886486008763313
0.030748486518859863
0.04836032912135124
0.025942619889974594
0.05057666078209877
0.06392668932676315
0.15325777232646942
0.018917543813586235
0.028766751289367676
0.020645707845687866
0.0063977898098528385
0.03621665760874748
0.020883813500404358
0.024653451517224312
0.004949833732098341
0.029362598434090614
0.013328906148672104
0.008868098258972168
0.0011719897156581283
0.013428553938865662
0.04491868615150452
0.01607813872396946
0.007628321647644043
0.1198943480849266
0.06947746127843857
0.03940732032060623
0.006229202728718519
0.004240380134433508
0.0016225901199504733
0.0012386583257466555
0.0018858487019315362
0.0007351847598329186
0.013835091143846512
0.012689226306974888
0.008577718399465084
0.030852774158120155
0.08681949973106384
0.04109252616763115
0.017149953171610832
0.13828237354755402
0.1853296011686325
0.0836372897028923
0.224994957447052
0.42713621258735657
0.4772287607192993
0.3305108845233917
0.31985318660736084
0.10016568750143051
0.1872922033071518
0.04750807210803032
0.2515394687652588
0.11473626643419266
0.0243367999792099
0.08013306558132172
0.03656808286905289
0.02669285424053669
0.007251825649291277
0.038639605045318604
0.03459320217370987
0.0025929929688572884
0.014098742045462132
0.026026317849755287
0.00893432553857565
0.005555639509111643
0.011182052083313465
0.013510366901755333
0.075323686003685
0.04274753853678703
0.09024810045957565
0.006583437789231539
0.00825213361531496
0.0015414441004395485
0.0026690273080021143
0.0008019309607334435
0.006722746882587671
0.0038029637653380632
0.2219037562608719
0.11862853169441223
0.020154843106865883
0.12621136009693146
0.10505161434412003
0.2094751000404358
0.07773128896951675
0.007966957986354828
0.1279129981994629
0.085809625685215
0.018349017947912216
0.029713446274399757
0.07336705923080444
0.129032701253891
0.0997864156961441
0.04330319166183472
0.08543888479471207
0.016580874100327492
0.010614544153213501
0.027906209230422974
0.012653547339141369
0.005846012383699417
0.00778813986107707
0.04968205466866493
0.11064248532056808
0.2062416821718216
0.1865280419588089
0.16279084980487823
0.16913795471191406
0.16559143364429474
0.14355643093585968
0.21839319169521332
0.32494309544563293
0.4734025001525879
0.5732967853546143
0.4649171829223633
0.5367250442504883
0.5247453451156616
0.4398605525493622
0.49816063046455383
0.3817353844642639
0.2964865565299988
0.4182029366493225
0.23810461163520813
0.18561026453971863
0.15497012436389923
0.08670514822006226
0.20214737951755524
0.20297499001026154
0.12687472999095917
0.12724345922470093
0.3598882555961609
0.2506292760372162
0.1875939816236496
0.1799490749835968
0.3302651345729828
0.12399431318044662
0.1636623591184616
0.2807064354419708
0.4406275153160095
0.12245368957519531
0.3142355978488922
0.22354687750339508
0.11229386925697327
0.21711492538452148
0.044308822602033615
0.16291461884975433
0.059649281203746796
0.021399423480033875
0.05674159526824951
0.05681345984339714
0.12540656328201294
0.01664632372558117
0.05668066814541817
0.06966161727905273
0.2858847677707672
0.09159380942583084
0.08462709188461304
0.06656768918037415
0.04232087358832359
0.03732099011540413
0.13770394027233124
0.14021606743335724
0.19940195977687836
0.10882814973592758
0.12921954691410065
0.13312292098999023
0.1673468053340912
0.3257983922958374
0.14582903683185577
0.1490507274866104
0.10693270713090897
0.08905714750289917
0.0542239286005497
0.02737855166196823
0.08118367940187454
0.0352572537958622
0.0498950332403183
0.019898943603038788
0.02124957926571369
0.06295233219861984
0.07764322310686111
0.03414667025208473
0.05938088893890381
0.09163462370634079
0.21264080703258514
0.04072408378124237
0.04644816368818283
0.023393025621771812
0.03397245332598686
0.012156820856034756
0.042835284024477005
0.10373272746801376
0.014359278604388237
0.017139701172709465
0.031681470572948456
0.03635850176215172
0.03955306485295296
0.06357873231172562
0.07241953909397125
0.09484267979860306
0.26559320092201233
0.35172152519226074
0.21908852458000183
0.39895522594451904
0.3638797998428345
0.5263966917991638
0.405412495136261
0.24538230895996094
0.31241098046302795
0.3912442922592163
0.30465805530548096
0.3746711313724518
0.6363834738731384
0.2791179418563843
0.5852562189102173
0.4752081334590912
0.6343586444854736
0.3571406900882721
0.634520947933197
0.5430781245231628
0.2561023533344269
0.662459135055542
0.5136052966117859
0.3692142069339752
0.4109009802341461
0.4029151201248169
0.3629869520664215
0.4620746076107025
0.31675955653190613
0.38349777460098267
0.3473503291606903
0.24785791337490082
0.41599422693252563
0.24835211038589478
0.22933602333068848
0.4028990864753723
0.2301519215106964
0.17929238080978394
0.15348024666309357
0.3257111608982086
0.1663140207529068
0.10540071874856949
0.05453751981258392
0.25517845153808594
0.15844352543354034
0.04411327466368675
0.03915800899267197
0.016067085787653923
0.05247099697589874
0.03420307859778404
0.037069935351610184
0.05611250922083855
0.08330341428518295
0.03920416906476021
0.02357911877334118
0.031289681792259216
0.021119721233844757
0.014406672678887844
0.027853284031152725
0.01614014059305191
0.06985435634851456
0.0935552790760994
0.021182242780923843
0.3418593108654022
0.11321517080068588
0.22630596160888672
0.08709309995174408
0.08374293148517609
0.1917586326599121
0.09450656920671463
0.05392039567232132
0.09366658329963684
0.09728174656629562
0.041343189775943756
0.011808699928224087
0.03234735503792763
0.029567444697022438
0.009894484654068947
0.019555749371647835
0.10811469703912735
0.08013312518596649
0.12853924930095673
0.16437546908855438
0.2457021027803421
0.06840921193361282
0.037251975387334824
0.07041028887033463
0.06220000237226486
0.03197271749377251
0.034472499042749405
0.08864818513393402
0.08769211918115616
0.007062372285872698
0.009417958557605743
0.01305044163018465
0.01469480525702238
0.016356268897652626
0.013323788531124592
0.016824761405587196
0.025633132085204124
0.0205435398966074
0.011831826530396938
0.015643414109945297
0.05995368957519531
0.06073885038495064
0.015171019360423088
0.05888417735695839
0.08207383006811142
0.04314472898840904
0.11421966552734375
0.04845883697271347
0.06956402212381363
0.019712621346116066
0.024729903787374496
0.08420369029045105
0.02965518832206726
0.004613215569406748
0.02047307975590229
0.005816353019326925
0.028751662001013756
0.01907244324684143
0.02214905060827732
0.01878921315073967
0.01790175773203373
0.04948952794075012
0.01428661122918129
0.011441861279308796
0.007222406566143036
0.007143277209252119
0.0015020571881905198
0.009902319870889187
0.001722360379062593
0.01057151798158884
0.0033570434898138046
0.027357755228877068
0.04475896432995796
0.08729015290737152
0.04094533994793892
0.013834700919687748
0.006932065822184086
0.008262831717729568
0.006338827777653933
0.01678549498319626
0.012263357639312744
0.025787318125367165
0.023183012381196022
0.01319850329309702
0.01442109514027834
0.038928624242544174
0.03458485007286072
0.04011921212077141
0.05457035079598427
0.0473877415060997
0.07386089116334915
0.1080639660358429
0.06559468805789948
0.07095638662576675
0.015539662912487984
0.04623103514313698
0.037870991975069046
0.012117530219256878
0.0168285109102726
0.014835751615464687
0.02421778254210949
0.04010913893580437
0.011128262616693974
0.004183859098702669
0.04984646663069725
0.02971971035003662
0.04011191427707672
0.014857507310807705
0.021564273163676262
0.010415235534310341
0.010460835881531239
0.003359173657372594
0.01335513312369585
0.0034412548411637545
0.02364613115787506
