0.5414937734603882
0.5003440380096436
0.7378228306770325
0.8019875288009644
0.5223742723464966
0.8456940650939941
0.8269563317298889
0.7379937767982483
0.7670532464981079
0.7891501188278198
0.2397330403327942
0.3019959330558777
0.6408560872077942
0.3781375586986542
0.25823020935058594
0.08442150056362152
0.17337483167648315
0.17714551091194153
0.3700355887413025
0.5051817297935486
0.6885724067687988
0.4292086362838745
0.8728464841842651
0.7026368975639343
0.438608855009079
0.4150666296482086
0.5150730609893799
0.20110855996608734
0.3294490873813629
0.5472681522369385
0.2542244791984558
0.273169606924057
0.41138285398483276
0.6540663242340088
0.1846761703491211
0.19167102873325348
0.1421569287776947
0.03411225602030754
0.02158842422068119
0.014498746953904629
0.06413400173187256
0.03458439186215401
0.3637550473213196
0.693374514579773
0.7627960443496704
0.4496924579143524
0.392004132270813
0.7179632186889648
0.573641836643219
0.2917443811893463
0.6140092015266418
0.4586035907268524
0.21474316716194153
0.44181638956069946
0.17235875129699707
0.14506778120994568
0.2352515310049057
0.2988881468772888
0.17529092729091644
0.44576868414878845
0.10510848462581635
0.5621872544288635
0.13580122590065002
0.5964036583900452
0.8001684546470642
0.8702230453491211
0.5062758922576904
0.23963314294815063
0.09340272098779678
0.2342780977487564
0.2928066849708557
0.28573405742645264
0.15756286680698395
0.061445191502571106
0.2490275502204895
0.2558247148990631
0.017786884680390358
0.11801978200674057
0.21507859230041504
0.10413707047700882
0.04393387213349342
0.23829756677150726
0.1658269315958023
0.079433374106884
0.14660800993442535
0.17604395747184753
0.23080965876579285
0.17220918834209442
0.15097957849502563
0.150652676820755
0.07629881054162979
0.12143979966640472
0.07155340164899826
0.3023572564125061
0.37729382514953613
0.8115893602371216
0.8970615863800049
0.4402531683444977
0.7979177832603455
0.2622743546962738
0.21541167795658112
0.12984110414981842
0.09776314347982407
0.10579235106706619
0.012335462495684624
0.022067444398999214
0.03219221904873848
0.03614252805709839
0.02308777906000614
0.0847824215888977
0.14906738698482513
0.27964892983436584
0.10158602893352509
0.29246294498443604
0.3129751682281494
0.35885533690452576
0.4816305935382843
0.48266464471817017
0.6784782409667969
0.6007953882217407
0.07592908293008804
0.4890223741531372
0.6227931380271912
0.5761186480522156
0.1538926362991333
0.7791193127632141
0.6833520531654358
0.6243755221366882
0.5176547765731812
0.8286789655685425
0.690788745880127
0.2698797583580017
0.24188446998596191
0.7734378576278687
0.7413509488105774
0.9051787257194519
0.6095111966133118
0.21107198297977448
0.8748981356620789
0.704522430896759
0.17083565890789032
0.2054232507944107
0.8304107785224915
0.554515540599823
0.15667006373405457
0.5156859755516052
0.6664320230484009
0.5095333456993103
0.3804715573787689
0.6229474544525146
