0.06503138691186905
0.1304459422826767
0.07326333224773407
0.047111302614212036
0.014692182652652264
0.04283006861805916
0.012316249310970306
0.22305049002170563
0.020133092999458313
0.17588861286640167
0.03249511122703552
0.09112340211868286
0.20705434679985046
0.3294483721256256
0.2744974195957184
0.23581306636333466
0.49393340945243835
0.6223114132881165
0.750933825969696
0.39671069383621216
0.6036290526390076
0.7086936831474304
0.5632216930389404
0.6635092496871948
0.4118667244911194
0.49514320492744446
0.4353339970111847
0.32439348101615906
0.29203152656555176
0.6932023167610168
0.4289931356906891
0.19796982407569885
0.16704468429088593
0.10111327469348907
0.08211404085159302
0.04806508496403694
0.06873271614313126
0.056619949638843536
0.17350207269191742
0.19071759283542633
0.14914774894714355
0.17665500938892365
0.025256047025322914
0.1312580704689026
0.019633587449789047
0.04687241464853287
0.009290052577853203
0.045395154505968094
0.03313513100147247
0.04924267530441284
0.06649403274059296
0.0726093053817749
0.12815023958683014
0.12533359229564667
0.1440379023551941
0.07598695904016495
0.1167757660150528
0.06412855535745621
0.18045638501644135
0.1996685415506363
0.37889909744262695
0.19304098188877106
0.19648219645023346
0.1710875928401947
0.07578407973051071
0.06605875492095947
0.0602245070040226
0.1661645919084549
0.12820859253406525
0.08232919126749039
0.1170075312256813
0.21208937466144562
0.0405380018055439
0.04925285279750824
0.23273515701293945
0.1042369157075882
0.025420475751161575
0.13895806670188904
0.3401673436164856
0.0733417496085167
0.13493967056274414
0.3087749183177948
0.47940075397491455
0.07104503363370895
0.14149905741214752
0.11813405156135559
0.12775759398937225
0.08943306654691696
0.08557811379432678
0.04488889127969742
0.08547233045101166
0.027137892320752144
0.10526227205991745
0.05944395810365677
0.2661452293395996
0.14656120538711548
0.4933815598487854
0.20701847970485687
0.42847150564193726
0.416025310754776
0.712921679019928
0.40578368306159973
0.2565900683403015
0.30142542719841003
0.2932213842868805
0.11776457726955414
0.11837027221918106
0.020658785477280617
0.02570061944425106
0.008094889111816883
0.025386175140738487
0.02525133639574051
0.01673288084566593
0.02292834408581257
0.08999676257371902
0.09514760971069336
0.011577703058719635
0.0224580317735672
0.10319379717111588
0.1061544194817543
0.01880234107375145
0.08198542147874832
0.31380361318588257
0.20966775715351105
0.40680745244026184
0.30642372369766235
0.32417112588882446
0.3438456654548645
0.305764764547348
0.29164206981658936
0.18881554901599884
0.0670267641544342
0.3398973047733307
0.23548565804958344
0.018108107149600983
0.19669440388679504
0.3130156397819519
0.0666295662522316
0.03119608387351036
0.04953615739941597
0.04316113516688347
0.011049848981201649
0.030541572719812393
0.07816388458013535
0.03543303906917572
0.05838741362094879
0.1268598735332489
0.09668243676424026
0.046073008328676224
0.0864061638712883
0.03267539665102959
0.12890750169754028
0.17345459759235382
0.3428400158882141
0.4481915533542633
0.2534807622432709
0.591407835483551
0.39611363410949707
0.34079042077064514
0.44533947110176086
0.44794151186943054
0.19500799477100372
0.2561369836330414
0.035471271723508835
0.2587842047214508
0.3584822714328766
0.1972215473651886
0.27530333399772644
0.052480559796094894
0.13309665024280548
0.13449953496456146
0.04522305354475975
0.03842075541615486
0.04099440202116966
0.034913502633571625
0.026012180373072624
0.008406723849475384
0.01478786300867796
0.005439184606075287
0.02696187235414982
0.01568807102739811
0.15304815769195557
0.17676787078380585
0.5913603901863098
0.5259373784065247
0.7911489605903625
0.770385205745697
0.688257098197937
0.7337638735771179
0.7095067501068115
0.7580673098564148
0.5503352880477905
0.7647976875305176
0.8588301539421082
0.35979288816452026
0.6050084829330444
0.5936015248298645
0.7313595414161682
0.5343561768531799
0.7842217087745667
0.8574522137641907
0.8549198508262634
0.7257437109947205
0.9628434777259827
0.9347143173217773
0.8118996024131775
0.8983384370803833
0.9397194981575012
0.7222743630409241
0.8567811250686646
0.7750347256660461
0.6050049066543579
0.3520786166191101
0.38381683826446533
0.29761210083961487
0.23081395030021667
0.18497337400913239
0.16939575970172882
0.21367934346199036
0.0885462611913681
0.33448854088783264
0.08540793508291245
0.061053600162267685
0.10876643657684326
0.2010832130908966
0.10837453603744507
0.08169234544038773
0.23866142332553864
0.23890535533428192
0.6148551106452942
0.3432411849498749
0.26930147409439087
0.22714906930923462
0.6591496467590332
0.20738942921161652
0.3272826075553894
0.8038356900215149
0.8837465047836304
0.3271617293357849
0.49888479709625244
0.9741514325141907
0.8821303248405457
0.6064131259918213
0.8788008093833923
0.9526727795600891
0.7161722183227539
0.7257583737373352
0.9712473750114441
0.7578229308128357
0.5575571060180664
0.916936993598938
0.9352002739906311
0.9178078770637512
0.880517840385437
0.8943818211555481
0.5881309509277344
0.8132993578910828
0.7684295177459717
0.8783940672874451
0.43939700722694397
0.40935125946998596
0.9446818232536316
0.5363577008247375
0.1063462570309639
0.8604305386543274
0.7249268293380737
0.3695032298564911
0.3083755671977997
0.8756094574928284
0.4874875843524933
0.08759757876396179
0.8878960609436035
0.6806033849716187
0.1881396323442459
0.26163527369499207
0.13506780564785004
0.22651787102222443
0.15093554556369781
0.49638426303863525
0.5779631733894348
0.32100483775138855
0.5721948742866516
0.5032647252082825
0.5323365926742554
0.2633274495601654
0.18979355692863464
0.2344740480184555
0.08027541637420654
0.10739818960428238
0.01470397412776947
0.09101346880197525
0.01308415737003088
0.039980899542570114
0.029234804213047028
0.03160463646054268
0.01825149916112423
0.019939875230193138
0.059419646859169006
0.058721933513879776
0.015697086229920387
0.08378423750400543
0.18370278179645538
0.3183104991912842
0.03799973800778389
0.3154219686985016
0.3545030653476715
0.5186597108840942
0.3230767846107483
0.3445121645927429
0.29421481490135193
0.5578570365905762
0.15312160551548004
0.1185782328248024
0.18166455626487732
0.043008703738451004
0.04508073627948761
0.05117325484752655
0.04483998566865921
0.2690674960613251
0.2966873049736023
0.5359929203987122
0.33747398853302
0.2266429215669632
0.3479293882846832
0.3311557173728943
0.21361024677753448
0.31313183903694153
