0.7357452511787415
0.8865624666213989
0.5613182783126831
0.796338677406311
0.4043406546115875
0.32153716683387756
0.24363644421100616
0.25889864563941956
0.18974606692790985
0.3734756410121918
0.21531470119953156
0.3327651619911194
0.28269875049591064
0.2152206152677536
0.20060035586357117
0.22733566164970398
0.16013814508914948
0.15953975915908813
0.23286721110343933
0.2790611684322357
0.17072346806526184
0.1500798910856247
0.4349890649318695
0.27980688214302063
0.14362733066082
0.1922644078731537
0.33950281143188477
0.43004220724105835
0.49322986602783203
0.6286388039588928
0.4996352195739746
0.8151123523712158
0.7367542386054993
0.43351539969444275
0.6051457524299622
0.6252616047859192
0.6912734508514404
0.6801831722259521
0.648453950881958
0.693652331829071
0.5744078755378723
0.6844267845153809
0.3216618001461029
0.37660345435142517
0.6330835223197937
0.6654692888259888
0.515575647354126
0.7266126871109009
0.6872847080230713
0.7802363038063049
0.6302161812782288
0.703191876411438
0.7662981152534485
0.6059499382972717
0.6792494058609009
0.49034684896469116
0.3102355897426605
0.6195772886276245
0.6064663529396057
0.5419097542762756
0.8082288503646851
0.5114163756370544
0.3525714874267578
0.13191714882850647
0.30199185013771057
0.06979655474424362
0.3738595247268677
0.1699344515800476
0.4414576590061188
0.39854860305786133
0.3548870384693146
0.4681045114994049
0.3883066177368164
0.6076717972755432
0.3691105246543884
0.5911868214607239
0.4841136932373047
0.5681479573249817
0.4192061126232147
0.16938354074954987
0.3865761160850525
0.2920074760913849
0.16075561940670013
0.1276245266199112
0.216466024518013
0.22364050149917603
0.16248737275600433
0.14058704674243927
0.1548747569322586
0.18411479890346527
0.20916420221328735
0.18248379230499268
0.1509803831577301
0.27102500200271606
0.25041237473487854
0.3365202844142914
0.34606221318244934
0.20251308381557465
0.1345362663269043
0.2677563726902008
0.2499500960111618
0.2397923469543457
0.17420867085456848
0.1665996015071869
0.18313564360141754
0.24323228001594543
0.13731920719146729
0.28073975443840027
0.37700170278549194
0.37023138999938965
0.1519773155450821
0.4142724573612213
0.6318451762199402
0.49397754669189453
0.4453636705875397
0.4650130271911621
0.6910473704338074
0.7592275738716125
0.43903791904449463
0.8095863461494446
0.7047939300537109
0.7069432139396667
0.7394582629203796
0.6661706566810608
0.6080241799354553
0.08467956632375717
0.45860186219215393
0.04889453575015068
0.15977060794830322
0.11484386026859283
0.09693970531225204
0.16495878994464874
0.3182331323623657
0.28720995783805847
0.07172129303216934
0.24103385210037231
0.015013039112091064
0.14106228947639465
0.0416366308927536
0.2608381509780884
0.1334490329027176
0.46282488107681274
0.3800472021102905
0.4021183252334595
0.5000398755073547
0.20847539603710175
0.020779334008693695
0.44441893696784973
0.29156559705734253
0.04874084144830704
0.13161523640155792
0.5416938662528992
0.34187108278274536
0.05543054640293121
0.4238612651824951
0.6768602728843689
0.18718457221984863
0.3519303500652313
0.5234733819961548
0.5341718792915344
0.24504362046718597
0.4912686347961426
0.3798530101776123
0.6109687685966492
0.6064361333847046
0.3674187958240509
0.4565040171146393
0.2172672599554062
0.5219019055366516
0.436716228723526
0.5037797689437866
0.26266834139823914
0.40396764874458313
0.5744617581367493
0.3508239686489105
0.18300993740558624
0.3426485061645508
0.4891091585159302
0.2849911153316498
0.21374580264091492
0.5055739879608154
0.4323669970035553
0.39920032024383545
0.410822331905365
0.1711307168006897
0.36084845662117004
0.2725426256656647
0.4970729649066925
0.32670751214027405
0.5362651348114014
0.23936696350574493
0.5046210885047913
0.5401910543441772
0.4763869643211365
0.1754463016986847
0.2658102512359619
0.23183706402778625
0.35769549012184143
0.4786609709262848
0.6532681584358215
0.6719058156013489
0.5961106419563293
0.5696812272071838
0.5228621363639832
0.4886322021484375
0.5974894762039185
0.5540259480476379
0.7232618927955627
0.4489792287349701
0.7539961934089661
0.8245582580566406
0.5581589341163635
0.5861397981643677
0.38675829768180847
0.4122030735015869
0.47998708486557007
0.6244785785675049
0.7220768928527832
0.32968994975090027
0.5828478336334229
0.6532953381538391
0.6160374879837036
0.5498669147491455
0.6531254649162292
0.609872043132782
0.5288025140762329
0.4150518774986267
0.4504512846469879
0.15739493072032928
0.17944711446762085
0.2727223336696625
0.17660923302173615
0.2682010531425476
0.1948474496603012
0.4526076912879944
0.3484475016593933
0.4609263837337494
0.6869467496871948
0.6667898297309875
0.407755047082901
0.49480029940605164
0.27800533175468445
0.43397217988967896
0.28988221287727356
0.39427313208580017
0.3536619246006012
0.708935022354126
0.40791553258895874
0.4573962986469269
0.47970953583717346
0.5773439407348633
0.8664969801902771
0.47429004311561584
0.8283393979072571
0.8148401975631714
0.8083436489105225
0.8744288086891174
0.8806067109107971
0.743593692779541
0.8166356682777405
0.82448810338974
0.7822210788726807
0.36255282163619995
0.7640202641487122
0.7325733304023743
0.7630414366722107
0.45379841327667236
0.6309478282928467
0.8108116984367371
0.8097610473632812
0.7395343780517578
0.8242970705032349
0.5427959561347961
0.6588661670684814
0.632304847240448
0.7713415622711182
0.6463077664375305
0.6364588141441345
0.5494905710220337
0.837364912033081
0.8072108030319214
0.5625147223472595
0.42603886127471924
0.902837872505188
0.7743503451347351
0.616297721862793
0.6786120533943176
0.8032558560371399
0.4876335561275482
0.5252364277839661
0.6043587327003479
0.3253122568130493
0.33902353048324585
0.3422220051288605
0.4216432273387909
0.2270122617483139
0.20511777698993683
0.37748414278030396
0.21962417662143707
0.30463308095932007
0.286625474691391
0.4241294264793396
0.3215336799621582
0.32779181003570557
0.23303349316120148
0.28433266282081604
