0.798414409160614
0.41118136048316956
0.5425223112106323
0.15109883248806
0.06902309507131577
0.06967668980360031
0.08353784680366516
0.13053376972675323
0.24670667946338654
0.1423639953136444
0.08049897849559784
0.07626233249902725
0.05182148888707161
0.18479758501052856
0.33967652916908264
0.07996340841054916
0.26627349853515625
0.18143771588802338
0.09148446470499039
0.04500116407871246
0.035538651049137115
0.2068922519683838
0.11855244636535645
0.09062209725379944
0.17639143764972687
0.1205071210861206
0.15214885771274567
0.16535353660583496
0.10955288261175156
0.1872260421514511
0.12090171873569489
0.32065415382385254
0.3682936429977417
0.5384893417358398
0.27429935336112976
0.20623166859149933
0.42472410202026367
0.3886697590351105
0.5992134213447571
0.383684903383255
0.19321350753307343
0.16160470247268677
0.3198397159576416
0.3166302442550659
0.24515260756015778
0.3401874601840973
0.26873326301574707
0.33744022250175476
0.15905606746673584
0.09399577975273132
0.19687236845493317
0.27282577753067017
0.2349802702665329
0.12573663890361786
0.12706919014453888
0.05183551833033562
0.1368725597858429
0.08357439190149307
0.07694743573665619
0.05459420382976532
0.13396719098091125
0.14093975722789764
0.07753220945596695
0.0556001216173172
0.048852041363716125
0.11396925896406174
0.10296744108200073
0.16602560877799988
0.16522155702114105
0.279261976480484
0.19648413360118866
0.08582819998264313
0.07014895230531693
0.10880571603775024
0.10360246896743774
0.07135728001594543
0.10505716502666473
0.4420373737812042
0.12438561022281647
0.13967251777648926
0.8447597026824951
0.4124782383441925
0.3286324143409729
0.2835516035556793
0.9156655073165894
0.36736398935317993
0.5678213238716125
0.07554817199707031
0.17920272052288055
0.1304539442062378
0.6228705644607544
0.4641474187374115
0.3684000074863434
0.8848826289176941
0.45411553978919983
0.26927506923675537
0.12051163613796234
0.6101023554801941
0.15230071544647217
0.10821322351694107
0.5236074328422546
0.583299458026886
0.30547061562538147
0.29230159521102905
0.7617293000221252
0.9000716805458069
0.7896702289581299
0.9532355070114136
0.7055646181106567
0.8488278985023499
0.3559141755104065
0.5955727696418762
0.7644889950752258
0.41552630066871643
0.5722134113311768
0.328205406665802
0.2943245768547058
0.4596259891986847
0.2375733107328415
0.29866907000541687
0.14013053476810455
0.09127213805913925
0.2266722321510315
0.28296127915382385
0.5011059641838074
0.6639083027839661
0.5825763940811157
0.7722298502922058
0.7788429260253906
0.6376681923866272
0.43340566754341125
0.271954745054245
0.16373588144779205
0.4504331052303314
0.6951673626899719
0.6616080403327942
0.12396231293678284
0.8146019577980042
0.9474223256111145
0.9228087663650513
0.8165765404701233
0.9483429789543152
0.9771954417228699
0.9705578684806824
0.9362087249755859
0.692710280418396
0.1789495348930359
0.11376717686653137
0.035721320658922195
0.05777597427368164
0.04877906292676926
0.2779538035392761
0.531998872756958
0.6694985032081604
0.5858720541000366
0.23536044359207153
0.39635640382766724
0.5202035307884216
0.05451864004135132
0.11951708793640137
0.616683304309845
0.6784127354621887
0.2825433313846588
0.6833571791648865
0.37752190232276917
0.0551060251891613
0.0658930242061615
0.0661965012550354
0.11399582028388977
0.2857469916343689
0.12289600819349289
0.3351602554321289
0.2575259208679199
0.4116326570510864
0.25665321946144104
0.18265485763549805
0.36386656761169434
0.5617719292640686
0.44797515869140625
0.46616533398628235
0.6004127264022827
0.40954697132110596
0.27763596177101135
0.23756006360054016
0.12062479555606842
0.4207541346549988
0.22533971071243286
0.11828756332397461
0.08116636425256729
0.15677717328071594
0.053775493055582047
0.068975068628788
0.09105042368173599
0.15917953848838806
0.15015679597854614
0.18869717419147491
0.30951833724975586
0.34616076946258545
0.29754167795181274
0.4269576072692871
0.5355634689331055
0.4186612069606781
0.2108154296875
0.14858682453632355
0.15538030862808228
