0.11532608419656754
0.18414446711540222
0.17113783955574036
0.16650806367397308
0.16572269797325134
0.11916200071573257
0.1921529620885849
0.1951933056116104
0.20802606642246246
0.1556602269411087
0.21282032132148743
0.27226176857948303
0.22674377262592316
0.33043840527534485
0.37352505326271057
0.2517807185649872
0.3332127332687378
0.3924371004104614
0.3142653703689575
0.34462350606918335
0.4029098153114319
0.45467546582221985
0.5798795223236084
0.517425537109375
0.5191189646720886
0.7069207429885864
0.4445697069168091
0.6034486889839172
0.6335768699645996
0.6961982250213623
0.39007243514060974
0.5238142013549805
0.3896597921848297
0.31957876682281494
0.27724769711494446
0.5159419178962708
0.4508569538593292
0.2875324785709381
0.355130136013031
0.317556232213974
0.36017701029777527
0.5106343626976013
0.672286868095398
0.7303536534309387
0.6564842462539673
0.6249979734420776
0.5152232050895691
0.5730427503585815
0.599890410900116
0.38067641854286194
0.42857876420021057
0.14752143621444702
0.46292516589164734
0.38146862387657166
0.2315586358308792
0.3068888783454895
0.493761271238327
0.38853567838668823
0.4161042869091034
0.540573000907898
0.3520427942276001
0.38980284333229065
0.5137764811515808
0.6522583365440369
0.28641238808631897
0.3677676320075989
0.49396049976348877
0.6940802335739136
0.6426003575325012
0.3759516477584839
0.5067917704582214
0.6814543604850769
0.6139845252037048
0.4652867913246155
0.5107139945030212
0.8262601494789124
0.7887855172157288
0.7788191437721252
0.7901039719581604
0.7239123582839966
0.8583386540412903
0.844784140586853
0.7845993041992188
0.7389765381813049
0.5362234711647034
0.70460045337677
0.8228036165237427
0.7927220463752747
0.6606042385101318
0.8439885377883911
0.6751273274421692
0.710544764995575
0.7121849656105042
0.7373965382575989
0.40144407749176025
0.7889692783355713
0.7444608807563782
0.6641820073127747
0.5170886516571045
0.7575949430465698
0.8155969381332397
0.7021695375442505
0.7852569222450256
0.6511266231536865
0.550237238407135
0.4112159311771393
0.5763238668441772
0.7656500935554504
0.899021565914154
0.7607388496398926
0.8180721998214722
0.5022150874137878
0.3784937560558319
0.5314968824386597
0.29121291637420654
0.3457876741886139
0.7910081148147583
0.6844974756240845
0.5071746110916138
0.5960793495178223
0.26660290360450745
0.5370009541511536
0.5907092690467834
0.4854532778263092
0.4494587182998657
0.6985239386558533
0.47020313143730164
0.33717793226242065
0.5219228863716125
0.2925545871257782
0.3808208107948303
0.30470961332321167
0.27061715722084045
0.29532167315483093
0.5631631016731262
0.5277045369148254
0.172062948346138
0.2422955334186554
0.38468319177627563
0.5521572828292847
0.7229416966438293
0.7249526381492615
0.7401555776596069
0.6945831775665283
0.5089731216430664
0.43340542912483215
0.632354736328125
0.44151973724365234
0.5998510718345642
0.36618292331695557
0.17645448446273804
0.45463526248931885
0.13441163301467896
0.21987421810626984
0.42700323462486267
0.3807525932788849
0.3784548342227936
0.5925005674362183
0.7158867120742798
0.44635477662086487
0.5963574647903442
0.7200073599815369
0.6010339856147766
0.5093045830726624
0.6881499290466309
0.5172571539878845
0.835875928401947
0.6550723314285278
0.7451229095458984
0.598932147026062
0.5549941062927246
0.7477997541427612
0.6647114157676697
0.6560036540031433
0.5844932794570923
0.6134427189826965
0.3174673914909363
0.7245209217071533
0.550447404384613
0.7132452130317688
0.7888923287391663
0.7093677520751953
0.5632879137992859
0.6877893209457397
0.749417781829834
0.7705867886543274
0.5834214091300964
0.6338897943496704
0.5270962119102478
0.6612775921821594
0.571870744228363
0.40458032488822937
0.6330063939094543
0.4058074951171875
0.5719183087348938
0.5114521384239197
0.4559754729270935
0.682083785533905
0.7745583653450012
0.804718554019928
0.8932360410690308
0.676702082157135
0.8128407001495361
0.8265813589096069
0.9315625429153442
0.8480074405670166
0.6356090903282166
0.8222733736038208
0.7528710961341858
0.5163586139678955
0.5652013421058655
0.7637161612510681
0.5433838963508606
0.7951611876487732
0.7346205115318298
0.5920390486717224
0.5504006147384644
0.6083776950836182
0.6437097191810608
0.6033229827880859
0.26625511050224304
0.5342670679092407
0.39039552211761475
0.28350093960762024
0.587975800037384
0.36438247561454773
0.5693472027778625
0.5939169526100159
0.6136816740036011
0.5793493986129761
0.5032668113708496
0.5071447491645813
0.5647444128990173
0.6506786346435547
0.3758809566497803
0.43243327736854553
0.2413686364889145
0.5585509538650513
0.33169323205947876
0.1573413461446762
0.04513738676905632
0.09794016182422638
0.3072555959224701
0.45536142587661743
0.3679628372192383
0.34443867206573486
0.6436597108840942
0.45240893959999084
0.3299626111984253
0.17494137585163116
0.25987496972084045
0.2831161916255951
0.5499715209007263
0.5100160241127014
0.48690447211265564
0.629528820514679
0.47069263458251953
0.2879546582698822
0.4130174219608307
0.33598724007606506
0.4246392548084259
0.3494822084903717
0.3432231843471527
0.550841748714447
0.5085422396659851
0.746121346950531
0.6489586234092712
0.45649972558021545
0.4433802664279938
0.14854958653450012
0.18624894320964813
0.4386795163154602
0.3599671721458435
0.24811993539333344
0.3242124617099762
0.34409695863723755
0.33987700939178467
0.24806101620197296
0.20380651950836182
0.14960877597332
0.43040838837623596
0.22694039344787598
0.10055729001760483
0.13070908188819885
0.2748272716999054
0.06564224511384964
0.030304815620183945
0.19397354125976562
0.22694583237171173
0.10092679411172867
0.14450789988040924
0.2747848927974701
0.28541651368141174
0.2402341663837433
0.21030838787555695
0.35074296593666077
0.3561292290687561
0.3338472843170166
0.320258766412735
0.7317422032356262
0.5163463950157166
0.08741799741983414
0.5097689032554626
0.7452178597450256
0.4177072048187256
0.048637550324201584
0.5570881366729736
0.29968729615211487
0.052644360810518265
0.09850422292947769
0.17762401700019836
0.15278485417366028
0.1387086659669876
0.26438942551612854
0.28314733505249023
0.44639280438423157
0.23807303607463837
0.609112560749054
0.3379492163658142
0.3760671615600586
0.18801696598529816
0.5361394882202148
0.48957332968711853
0.4988916218280792
0.31479373574256897
0.514777421951294
0.44418659806251526
0.6182183027267456
0.5186399817466736
0.36437442898750305
0.30963367223739624
0.5755484700202942
0.6191371083259583
0.24812467396259308
0.4280141592025757
0.39064905047416687
0.4886060357093811
0.1543290615081787
0.33029836416244507
0.3147314190864563
0.1380448192358017
0.04417644441127777
0.23203007876873016
0.06176606938242912
0.03551066666841507
0.0907319113612175
0.1428288221359253
0.04047367349267006
0.03345827758312225
0.06106734275817871
0.12122166156768799
0.20820623636245728
0.0554664321243763
0.0841045007109642
0.08815459161996841
0.07004982978105545
0.19023698568344116
0.13265590369701385
0.2548098564147949
0.15861929953098297
0.009269415400922298
0.02620195969939232
0.17664948105812073
0.1688685119152069
0.09265890717506409
0.14797210693359375
0.4059291183948517
0.4828251898288727
0.23750196397304535
0.6838197708129883
0.47142109274864197
0.7493358254432678
0.7797191739082336
0.670457661151886
0.6843621134757996
0.7024778723716736
0.5623085498809814
0.49792492389678955
0.3880862593650818
0.288419634103775
0.2190135270357132
0.31342607736587524
0.3964461386203766
0.16975317895412445
0.2527809739112854
0.7408967614173889
0.3492707312107086
0.5372385382652283
0.45265886187553406
0.4040587544441223
0.46493372321128845
0.4717995822429657
0.46778807044029236
0.4285968840122223
0.3102448582649231
0.1499497890472412
0.30637937784194946
0.19253352284431458
0.27081841230392456
0.31578052043914795
0.2274426370859146
0.39722374081611633
0.4177772104740143
0.40455594658851624
0.15031540393829346
0.226852148771286
0.3465940058231354
0.18953846395015717
0.0770622193813324
0.16128569841384888
0.24899734556674957
0.317533016204834
0.4003208577632904
0.3461526036262512
0.2753198444843292
0.3223712742328644
0.12568897008895874
0.23186802864074707
0.10667477548122406
0.41352203488349915
0.1880766749382019
0.09146924316883087
0.2183874547481537
0.22599537670612335
0.4603392779827118
0.2349512130022049
0.07515896111726761
0.1637575626373291
0.2179694026708603
0.06175706908106804
0.12600909173488617
0.24305780231952667
0.3301359713077545
0.1557859182357788
0.1355937272310257
0.15040485560894012
0.1556650549173355
0.18204829096794128
0.061207134276628494
0.0286917332559824
0.12389743328094482
0.1137293204665184
0.2423538863658905
0.037844281643629074
0.2046072632074356
0.25861483812332153
0.4296027719974518
0.3822009861469269
0.28182750940322876
0.5168976783752441
0.5704774856567383
0.5630280375480652
0.30220261216163635
0.43705153465270996
0.4616618752479553
0.3624502420425415
0.24242384731769562
0.6360993385314941
0.3461480736732483
0.23135770857334137
0.31974276900291443
0.5055113434791565
0.4542604982852936
0.5133199691772461
0.49048587679862976
0.4667493999004364
0.6213799715042114
0.7974265217781067
0.6574172377586365
0.2760373651981354
0.5314007997512817
0.5296245813369751
0.5855076313018799
0.7074778079986572
0.6413535475730896
0.6049070954322815
0.3348052501678467
0.1948721706867218
0.205247700214386
0.1637251079082489
0.22965018451213837
0.2957381308078766
0.19407638907432556
0.1367524266242981
0.39316800236701965
0.38725897669792175
0.08392593264579773
0.3720693290233612
0.3948618471622467
0.39498820900917053
0.3771180212497711
0.18093523383140564
0.17844852805137634
0.0993235632777214
0.049578409641981125
0.049619533121585846
0.25636303424835205
0.2623600363731384
0.23797041177749634
0.3568565249443054
0.4033200442790985
0.42160725593566895
0.48992183804512024
0.4025503396987915
0.43793874979019165
0.14360447227954865
0.07823611795902252
0.18386875092983246
0.13821665942668915
0.03280627354979515
0.08927742391824722
0.13640427589416504
0.03109925054013729
0.07920466363430023
0.29840803146362305
0.13036294281482697
0.1586194783449173
0.4783939719200134
0.09632894396781921
0.05879143252968788
0.20548412203788757
0.22264038026332855
0.07223599404096603
0.08527938276529312
0.3776372969150543
0.1712302714586258
0.06986957788467407
0.3902997076511383
0.057338815182447433
0.07483275234699249
0.0178921390324831
0.14944151043891907
0.1892264187335968
0.010211631655693054
0.1172710657119751
0.08663935959339142
0.11456378549337387
0.06435102224349976
0.051853738725185394
0.1464758664369583
0.284400999546051
0.13313239812850952
0.3241540193557739
0.33701086044311523
0.5847359895706177
0.6301177144050598
0.754814863204956
0.6702187657356262
0.6711034178733826
0.6305156350135803
0.521245539188385
0.3818272054195404
0.6506842970848083
0.3385249078273773
0.36391812562942505
0.6576289534568787
0.6627670526504517
0.31284672021865845
0.5426135063171387
0.45626842975616455
0.31655463576316833
0.4549604654312134
0.43153810501098633
0.590049147605896
0.6022527813911438
0.5661499500274658
0.29307329654693604
0.38931146264076233
0.3938746452331543
0.4079316556453705
0.5363839864730835
0.4412345886230469
0.37983933091163635
0.1455361247062683
0.35751426219940186
0.3616219162940979
0.4562711715698242
0.6304069757461548
0.46924129128456116
0.6685541272163391
0.5227695107460022
0.39373037219047546
0.1872468739748001
0.28878045082092285
0.19969980418682098
0.09231294691562653
0.18027588725090027
0.27538564801216125
0.2092965692281723
0.18543308973312378
0.36854252219200134
0.4113982021808624
0.28449326753616333
0.4916532337665558
0.29157739877700806
0.1732597053050995
0.130405992269516
0.23258733749389648
0.2045106291770935
0.05317767709493637
0.15973617136478424
0.6028159260749817
0.44251981377601624
0.272804856300354
0.3205393850803375
0.2659856081008911
0.05863756686449051
0.044505465775728226
0.1082833930850029
0.16021938621997833
0.13868625462055206
0.05450154095888138
0.07581237703561783
0.039782941341400146
0.1361445188522339
0.050753939896821976
0.04324862360954285
0.2400761991739273
0.06417032331228256
0.16903384029865265
0.05127505585551262
0.09603911638259888
0.06237279251217842
0.26173821091651917
0.1624884158372879
0.32027876377105713
0.2720605432987213
0.32885611057281494
0.4107462465763092
0.49434036016464233
0.5056101083755493
0.4851093292236328
0.3506137728691101
0.4390891194343567
0.4556606113910675
0.24586309492588043
0.37773367762565613
0.20076729357242584
0.4212944209575653
