0.15272828936576843
0.27145594358444214
0.3259550631046295
0.5235536098480225
0.31358522176742554
0.3218984007835388
0.33771154284477234
0.3125886023044586
0.356902539730072
0.24474923312664032
0.27961042523384094
0.3691839575767517
0.22036254405975342
0.28683003783226013
0.35838714241981506
0.32191410660743713
0.6664694547653198
0.7333483099937439
0.6058410406112671
0.6994112133979797
0.45322301983833313
0.3306984305381775
0.6669123768806458
0.7903047204017639
0.2230215072631836
0.6974563002586365
0.8094785213470459
0.7751820683479309
0.6142635941505432
0.8602316379547119
0.9195600152015686
0.5586255788803101
0.8279784917831421
0.9047778248786926
0.8801755905151367
0.41161710023880005
0.5903307795524597
0.23002931475639343
0.33246487379074097
0.7597150802612305
0.44257834553718567
0.21506984531879425
0.7828376889228821
0.561648428440094
0.7325184941291809
0.5984116196632385
0.1799992322921753
0.44284889101982117
0.24096815288066864
0.4337772727012634
0.17873284220695496
0.15957370400428772
0.2993592619895935
0.16829565167427063
0.06569860875606537
0.09584859013557434
0.03435778245329857
0.0531122125685215
0.04625151678919792
0.04397931322455406
0.21734990179538727
0.5492231845855713
0.21018846333026886
0.7173017859458923
0.5895276069641113
0.6617204546928406
0.37572720646858215
0.3923417925834656
0.4559290111064911
0.2682124674320221
0.11487725377082825
0.5771433711051941
0.38781818747520447
0.12266259640455246
0.20375332236289978
0.38586175441741943
0.12154391407966614
0.10266242921352386
0.0749468132853508
0.2814266085624695
0.09249482303857803
0.09443420171737671
0.1430688500404358
0.07130153477191925
0.13230136036872864
0.2688509523868561
0.3723236620426178
0.49103912711143494
0.5086714625358582
0.4443421959877014
0.2915898263454437
0.726719081401825
0.5540850162506104
0.5362234115600586
0.2704925239086151
0.2800854742527008
0.24743440747261047
0.20701031386852264
0.3113877773284912
0.17816290259361267
0.5149210095405579
0.6445507407188416
0.37363460659980774
0.2336703985929489
0.18848201632499695
0.10797043889760971
0.16378894448280334
0.20244330167770386
0.49125662446022034
0.8099477887153625
0.6216492056846619
0.26091015338897705
0.4012686312198639
0.35574379563331604
0.2415124624967575
0.34686967730522156
0.25978392362594604
0.18638737499713898
0.3744816780090332
0.11648497730493546
0.07173167169094086
0.180585578083992
0.2745462656021118
0.05319550260901451
0.07239130884408951
0.1621726155281067
0.3056754469871521
0.08258775621652603
0.16395147144794464
0.041010670363903046
0.013360257260501385
0.016551418229937553
0.060179341584444046
0.04772856831550598
0.02363530918955803
0.07988695055246353
0.040286287665367126
0.0810575783252716
0.1879401057958603
0.2120700180530548
0.2689644396305084
0.404665470123291
0.14556246995925903
0.2994256019592285
0.5767024755477905
0.1849581003189087
0.17036022245883942
0.3715769946575165
0.2722010314464569
0.036845359951257706
0.0482817068696022
0.2306918054819107
0.023241858929395676
0.026941971853375435
0.06714875251054764
0.06208927929401398
0.03648695349693298
0.05112948641180992
0.10102993994951248
0.05340089276432991
0.034570418298244476
0.06556436419487
0.08050341159105301
0.030879195779561996
0.07623963803052902
0.08368176221847534
0.19348859786987305
0.09861177206039429
0.22183853387832642
0.39784324169158936
0.3661111891269684
0.25165238976478577
0.5680290460586548
0.2657475769519806
0.0849819928407669
0.1377590298652649
0.14610639214515686
0.049640510231256485
0.07467599213123322
0.11419147998094559
0.030968857929110527
0.041447434574365616
0.1146274134516716
0.0348881259560585
0.027127454057335854
0.07331322878599167
0.0559413842856884
0.04319549724459648
0.03163828328251839
0.036113377660512924
0.057948511093854904
0.03327692672610283
0.06144503876566887
0.037296049296855927
0.02603466995060444
0.08106882870197296
0.10884367674589157
0.10168363898992538
0.06538650393486023
0.060070693492889404
0.052789125591516495
0.05265907198190689
0.05351770669221878
0.09611594676971436
0.23849940299987793
0.44655880331993103
0.5775561928749084
0.38948971033096313
0.19359120726585388
0.31260406970977783
0.6446820497512817
0.6696985363960266
0.2869029641151428
0.6838701367378235
0.5877558588981628
0.23609521985054016
0.25276634097099304
0.24168848991394043
0.2807196080684662
0.1356574296951294
0.21544556319713593
0.15007886290550232
0.2233666628599167
0.24431650340557098
0.14489257335662842
0.11066786199808121
0.19002056121826172
0.2819845974445343
0.15391002595424652
0.39691510796546936
0.6655207276344299
0.2322992980480194
0.5931748747825623
0.2858617901802063
0.3429618775844574
0.40410110354423523
0.6554073095321655
0.524815559387207
0.4550154507160187
0.5080439448356628
0.5234109163284302
0.8648314476013184
0.3824808597564697
0.3388749957084656
0.6921162009239197
0.8323824405670166
0.3801034390926361
0.21198692917823792
0.5783911943435669
0.799427330493927
0.25481903553009033
0.2670542299747467
0.823464572429657
0.9081259965896606
0.3471466302871704
0.6842752695083618
0.9182868599891663
0.8793445229530334
0.915142834186554
0.6736563444137573
0.8999399542808533
0.8068320155143738
0.6160805821418762
0.42774882912635803
0.04769623652100563
0.016375506296753883
0.011448098346590996
0.023409346118569374
0.03551203012466431
0.23845672607421875
0.20271413028240204
0.4727611541748047
0.2598603367805481
0.0714678019285202
0.6065697073936462
0.23206588625907898
0.11005495488643646
0.13574588298797607
0.7252381443977356
0.6196227073669434
0.1735946387052536
0.8688657879829407
0.9337235689163208
0.7886022925376892
0.7313774228096008
0.43231597542762756
0.8783998489379883
0.2819504141807556
0.21105752885341644
0.053404342383146286
0.08344489336013794
0.21166954934597015
0.7116954326629639
0.8278992772102356
0.9313087463378906
0.932904064655304
0.5771320462226868
0.5229767560958862
0.944320023059845
0.8849146962165833
0.25879615545272827
0.9062318801879883
0.9501676559448242
0.9005364179611206
0.8677761554718018
0.7230430841445923
0.7610960602760315
0.49994319677352905
0.4587978720664978
0.34358277916908264
0.14329436421394348
0.2572208344936371
0.32363396883010864
0.14803309738636017
0.03198712319135666
0.11368676275014877
0.48255082964897156
0.16536425054073334
0.4340531527996063
0.08411697298288345
0.01796773634850979
0.022700825706124306
0.027102963998913765
0.04707355052232742
0.19681677222251892
0.30757617950439453
0.6239326596260071
0.6693278551101685
0.5226687788963318
0.15576119720935822
0.09146503359079361
0.2815440595149994
0.11305984109640121
0.09146620333194733
0.10951510816812515
0.0371912457048893
0.09657087922096252
0.11213024705648422
0.0923258513212204
0.3852061927318573
0.31722933053970337
0.5787753462791443
0.05435431748628616
0.15263818204402924
0.0282722357660532
0.08754967898130417
0.13294216990470886
0.20664691925048828
0.22857427597045898
0.6598600745201111
0.7239847779273987
0.535233199596405
0.5387569069862366
0.14923739433288574
0.185608372092247
0.21977174282073975
0.3270011842250824
0.4620668590068817
0.08950944244861603
0.10324881225824356
0.360228031873703
0.19729860126972198
0.17045588791370392
0.2035112977027893
0.08750772476196289
0.09598720818758011
0.24328547716140747
0.5101527571678162
0.48746177554130554
0.6150814294815063
0.7459213733673096
0.8220093846321106
0.7554583549499512
0.6231781840324402
0.3642151653766632
0.3340822756290436
0.33142879605293274
0.156692236661911
0.141087144613266
0.10558746755123138
0.16326305270195007
0.16782376170158386
0.1766861379146576
0.23610027134418488
0.23792460560798645
0.13031964004039764
0.10408835113048553
0.2685953974723816
0.15463599562644958
0.18447059392929077
0.19562044739723206
0.6181960105895996
0.20356974005699158
0.6455040574073792
0.5059223771095276
0.1843470335006714
0.4049726724624634
0.6759472489356995
0.46667030453681946
0.38426828384399414
0.7261513471603394
0.9205146431922913
0.6997917294502258
0.7850053310394287
0.8929890394210815
0.7385070323944092
0.8594393134117126
0.6019802689552307
0.6592784523963928
0.4701528549194336
0.36048761010169983
0.3558909296989441
0.45363909006118774
0.2953808903694153
0.2535230219364166
0.16941531002521515
0.1407788246870041
0.45896461606025696
0.12409499287605286
0.05933653190732002
0.17041783034801483
0.26063281297683716
0.05866221711039543
0.06717322766780853
0.16682372987270355
0.14815373718738556
0.06961693614721298
0.1147736981511116
0.13108083605766296
0.08654724061489105
0.26642152667045593
0.27569565176963806
0.34307482838630676
0.26406994462013245
0.37475359439849854
0.33650925755500793
0.5959362387657166
0.7231590151786804
0.5367942452430725
0.8915384411811829
0.5115177631378174
0.735945463180542
0.6882736086845398
0.49036216735839844
0.5141667127609253
0.8181679248809814
0.41752398014068604
0.6650391817092896
0.5717738270759583
0.5343128442764282
0.6496973633766174
0.6698877811431885
0.6763625741004944
0.7977340817451477
0.8926583528518677
0.7678074240684509
0.7526419758796692
0.7384347319602966
0.7558075189590454
0.7297988533973694
0.5744622945785522
0.6709234714508057
0.6493256688117981
0.4287129044532776
0.6804124116897583
0.7715725898742676
0.2067553550004959
0.45507463812828064
0.8930835723876953
0.8149707913398743
0.6255348920822144
0.5855611562728882
0.577160656452179
0.5047681927680969
0.6599301099777222
0.547490119934082
0.5595895051956177
0.6774177551269531
0.6561434864997864
0.7659425735473633
0.8082089424133301
0.8486477732658386
0.788322389125824
0.8498725891113281
0.6957647204399109
