0.24475260078907013
0.3010558784008026
0.6972448825836182
0.5251081585884094
0.16503365337848663
0.28230127692222595
0.15418680012226105
0.3868611454963684
0.44969114661216736
0.1608041673898697
0.2806693911552429
0.2987305521965027
0.4308655560016632
0.3039373457431793
0.4377876818180084
0.44056928157806396
0.3559597134590149
0.42733266949653625
0.2440635859966278
0.3599003255367279
0.3221505582332611
0.12821725010871887
0.24535107612609863
0.2706253230571747
0.2545574903488159
0.2022809237241745
0.19920995831489563
0.36027172207832336
0.11531426012516022
0.1684892475605011
0.23563189804553986
0.3730407655239105
0.45075199007987976
0.21733520925045013
0.18254835903644562
0.17953991889953613
0.1737726628780365
0.19820497930049896
0.3854680359363556
0.1721007376909256
0.17556484043598175
0.37158456444740295
0.32473990321159363
0.16780756413936615
0.24808603525161743
0.27009931206703186
0.30337148904800415
0.16609711945056915
0.21541617810726166
0.1592227965593338
0.16346953809261322
0.3651054799556732
0.1785857230424881
0.5389337539672852
0.22267834842205048
0.4097459614276886
0.400032639503479
0.5918982625007629
0.25047799944877625
0.39334195852279663
0.1776222139596939
0.18916034698486328
0.13222189247608185
0.17801493406295776
0.27007949352264404
0.1517358422279358
0.36705440282821655
0.2228425145149231
0.32744014263153076
0.2911175489425659
0.42509403824806213
0.571655809879303
0.5561020970344543
0.7851058840751648
0.7104913592338562
0.4997275173664093
0.567876398563385
0.4921727776527405
0.5188178420066833
0.5144696831703186
0.3637814223766327
0.46888643503189087
0.8169848322868347
0.37120336294174194
0.3029094338417053
0.8726965188980103
0.7305909991264343
0.5154772996902466
0.5477463006973267
0.7148502469062805
0.26501813530921936
0.44393208622932434
0.4774945080280304
0.5160325765609741
0.13166075944900513
0.40119409561157227
0.21617068350315094
0.5547932982444763
0.8314023017883301
0.8553977012634277
0.575238049030304
0.8032780885696411
0.9072347283363342
0.913689911365509
0.3275752067565918
0.8445678949356079
0.8639358878135681
0.5463435649871826
0.7809927463531494
0.7339606881141663
0.4481835961341858
0.7667604088783264
0.22644884884357452
0.7669737935066223
0.30362406373023987
0.30159392952919006
0.5542382597923279
0.6136789917945862
0.8683913350105286
0.532823383808136
0.2373366355895996
0.6087685227394104
0.38295459747314453
0.44763100147247314
0.19569005072116852
0.06593802571296692
0.13113707304000854
0.1668366640806198
0.49307453632354736
0.18315844237804413
0.38727226853370667
0.14432460069656372
0.23484165966510773
0.22951650619506836
0.4320131242275238
0.3312256932258606
0.7119482159614563
0.7466340065002441
0.8285282850265503
0.8560019731521606
0.8555225729942322
0.46356138586997986
0.5554913282394409
0.19697734713554382
0.3007301986217499
0.08759501576423645
0.5451369881629944
0.0527929849922657
0.35406869649887085
0.25957268476486206
0.0842072144150734
0.08142209053039551
0.15167036652565002
0.14267776906490326
0.15413014590740204
0.2392479032278061
0.2677861750125885
0.5678134560585022
0.4775765836238861
0.8001067042350769
0.658014178276062
0.760838508605957
0.11729986220598221
0.23022505640983582
0.6852402091026306
0.40864670276641846
0.5715096592903137
0.3561655580997467
0.34594908356666565
0.8472514152526855
0.8257630467414856
0.35858187079429626
0.23212599754333496
0.2951834201812744
0.6097514033317566
0.6265132427215576
0.3569210171699524
0.6247778534889221
0.46581846475601196
0.26409029960632324
0.30931657552719116
