0.11634569615125656
0.18362611532211304
0.04299601539969444
0.12826292216777802
0.24693672358989716
0.1154562383890152
0.08303660154342651
0.18184363842010498
0.2729794979095459
0.125970259308815
0.12591210007667542
0.22140224277973175
0.11841673403978348
0.5744017362594604
0.383078932762146
0.0438862144947052
0.07976726442575455
0.023847900331020355
0.13743196427822113
0.008227375335991383
0.040244027972221375
0.09978006035089493
0.09808998554944992
0.024639984592795372
0.03784514218568802
0.23207135498523712
0.1404590904712677
0.037536025047302246
0.2283797562122345
0.11358441412448883
0.3551369607448578
0.23340927064418793
0.4647132158279419
0.5868668556213379
0.3450484871864319
0.42556965351104736
0.24740685522556305
0.12699884176254272
0.23207755386829376
0.40497905015945435
0.2705720067024231
0.23387061059474945
0.3252952992916107
0.4008127748966217
0.5743431448936462
0.348781019449234
0.36010804772377014
0.558667004108429
0.4220306873321533
0.5014705657958984
0.6948170065879822
0.36410486698150635
0.36404746770858765
0.7276291251182556
0.42256250977516174
0.4083845317363739
0.25277552008628845
0.28521493077278137
0.35869207978248596
0.3555665612220764
0.16889387369155884
0.32234299182891846
0.3479248583316803
0.21926084160804749
0.42230501770973206
0.3251151442527771
0.3010656535625458
0.39334461092948914
0.3333306312561035
0.3104874789714813
0.10715928673744202
0.2726072072982788
0.39174923300743103
0.16159562766551971
0.3065566122531891
0.12089906632900238
0.09225156903266907
0.08077578991651535
0.011569180525839329
0.05544234812259674
0.09483139961957932
0.01870533637702465
0.04890071973204613
0.0384775772690773
0.07275385409593582
0.030935997143387794
0.06406325101852417
0.04518205672502518
0.050442758947610855
0.11511390656232834
0.06029827892780304
0.04492294043302536
0.18065793812274933
0.06335140019655228
0.011042201891541481
0.049242086708545685
0.029724061489105225
0.43510815501213074
0.12487176060676575
0.20900577306747437
0.14600859582424164
0.41496413946151733
0.04968638718128204
0.06229407340288162
0.32073211669921875
0.42409172654151917
0.05559268966317177
0.19038107991218567
0.056040480732917786
0.20488359034061432
0.3132530152797699
0.2154732495546341
0.24462683498859406
0.41359132528305054
0.27057719230651855
0.7065846920013428
0.3068099021911621
0.46326473355293274
0.3336421549320221
0.5804144740104675
0.36884453892707825
0.22955328226089478
0.42570772767066956
0.1483708769083023
0.5664078593254089
0.5788819789886475
0.46349969506263733
0.5192639231681824
0.25537043809890747
0.4654184579849243
0.22517617046833038
0.21562330424785614
0.24804475903511047
0.28575077652931213
0.06823000311851501
0.0833325982093811
0.26394757628440857
0.11617214232683182
0.09209448844194412
0.19305796921253204
0.3750622868537903
0.21803219616413116
0.18096882104873657
0.36517468094825745
0.21157625317573547
0.09794586151838303
0.3688599169254303
0.12174957245588303
0.2614404559135437
0.3784247636795044
0.4519188106060028
0.4726722538471222
0.31219831109046936
0.46153122186660767
0.0854804515838623
0.6028373837471008
0.56141597032547
0.6231082081794739
0.6748225688934326
0.648333728313446
0.5061535835266113
0.8015128374099731
0.7496941685676575
0.7745802998542786
0.8634461760520935
0.7544248104095459
0.6695395112037659
0.8485367894172668
0.6852928400039673
0.3866249620914459
0.784881591796875
0.887937605381012
0.5902933478355408
0.25620827078819275
0.8635109066963196
0.6039872169494629
0.23770591616630554
0.32331234216690063
0.7160078883171082
0.6654561161994934
0.1751173883676529
0.4052683413028717
0.099095918238163
0.06449060887098312
0.04299408569931984
0.036016277968883514
0.028880715370178223
0.055664557963609695
0.27452003955841064
0.6452581286430359
0.5730293989181519
0.8642111420631409
0.8972330093383789
0.965302050113678
0.8582099080085754
0.37829476594924927
0.7792714238166809
0.9304459691047668
0.4371836483478546
0.37934866547584534
0.9155277609825134
0.8230175375938416
0.10745494812726974
0.5434677004814148
0.9192836880683899
0.7225896120071411
0.5164219737052917
0.44293802976608276
0.4138347804546356
0.2094147503376007
0.08697696030139923
0.10870290547609329
0.08406690508127213
0.19290249049663544
0.5821914076805115
0.394504189491272
0.7209837436676025
0.5006983876228333
0.858056366443634
0.8021726012229919
0.6624933481216431
0.8341196179389954
0.7795456051826477
0.4905000925064087
0.6117612719535828
0.4379200339317322
0.441371351480484
0.20064468681812286
0.5894559025764465
0.25825273990631104
0.1648719310760498
0.04331180453300476
0.0614953450858593
0.09564688056707382
0.06299217790365219
0.018412040546536446
0.09593138843774796
0.09759388118982315
0.021993646398186684
0.060244448482990265
0.05835260823369026
0.05400688201189041
0.07100415229797363
0.010963263921439648
0.025978432968258858
0.05001956224441528
