0.16257640719413757
0.22480443120002747
0.466342031955719
0.17731204628944397
0.08885715156793594
0.3999180793762207
0.41163307428359985
0.09576305001974106
0.1993112415075302
0.3066905736923218
0.1740586757659912
0.12657438218593597
0.12701742351055145
0.1778659224510193
0.23033751547336578
0.3382338285446167
0.07971706241369247
0.15521179139614105
0.37381216883659363
0.5941413640975952
0.10928293317556381
0.09361886978149414
0.11914176493883133
0.1656799018383026
0.05323002487421036
0.20085014402866364
0.16634216904640198
0.22313663363456726
0.5784254670143127
0.4155205190181732
0.5795703530311584
0.7844385504722595
0.5426241159439087
0.731012761592865
0.5927848815917969
0.25285953283309937
0.3814626932144165
0.25140777230262756
0.2975510060787201
0.17341089248657227
0.39910396933555603
0.3099018633365631
0.5666292309761047
0.5013793110847473
0.9249466061592102
0.6420079469680786
0.8249818682670593
0.481307715177536
0.7003234028816223
0.3927896320819855
0.1052321344614029
0.28318193554878235
0.6234033703804016
0.6383392214775085
0.7478806376457214
0.35334330797195435
0.38623538613319397
0.38550806045532227
0.21595895290374756
0.21168406307697296
0.08354855328798294
0.2316790372133255
0.08195441961288452
0.06392893940210342
0.10296055674552917
0.12017822265625
0.08863238990306854
0.3227139413356781
0.2924882471561432
0.11775795370340347
0.14695940911769867
0.6938214898109436
0.7535228729248047
0.5210107564926147
0.2986840307712555
0.5288295745849609
0.2821994721889496
0.36727213859558105
0.24402420222759247
0.4609791934490204
0.6132214069366455
0.6372849345207214
0.8973549604415894
0.8859100341796875
0.2676272690296173
0.7389375567436218
0.9480047225952148
0.7908022403717041
0.2735307216644287
0.7841676473617554
0.9699961543083191
0.5900517106056213
0.3203229010105133
0.9356083273887634
0.8807762265205383
0.12507687509059906
0.45780718326568604
0.764398992061615
0.5782677531242371
0.06535600125789642
0.41948530077934265
0.6614473462104797
0.2617792785167694
0.10472489893436432
0.4407275319099426
0.23233887553215027
0.11529739946126938
0.10418690741062164
0.135090172290802
0.3994968831539154
0.3701379597187042
0.8191697597503662
0.835381805896759
0.9502550959587097
0.9845898151397705
0.8827968239784241
0.9773849844932556
0.9125627875328064
0.9349095225334167
0.8280035853385925
0.7424303293228149
0.8424487113952637
0.7464222311973572
0.7588143348693848
0.7152164578437805
0.7760595083236694
0.829717218875885
0.6159378290176392
0.8736342191696167
0.6520674824714661
0.719450831413269
0.5320469737052917
0.36501777172088623
0.3294558525085449
0.20257151126861572
0.17470502853393555
0.0676427036523819
0.06077909469604492
0.05375891178846359
0.09480594843626022
0.07128080725669861
0.14709056913852692
0.19474871456623077
0.06551869958639145
0.07943592220544815
0.11336255073547363
0.26274073123931885
0.425894170999527
0.32939982414245605
0.5559784770011902
0.34717753529548645
0.7035351991653442
0.4898369014263153
0.13664622604846954
0.1333109736442566
