0.5722212791442871
0.5753750801086426
0.48170343041419983
0.2941315174102783
0.3667876422405243
0.18441292643547058
0.14785990118980408
0.14524725079536438
0.3271920084953308
0.2354312688112259
0.6120350956916809
0.7461605072021484
0.4530879259109497
0.8011723756790161
0.7550410032272339
0.22054849565029144
0.21160735189914703
0.23145611584186554
0.4443506896495819
0.17151178419589996
0.302519291639328
0.5638464093208313
0.5115654468536377
0.3509196639060974
0.5041370391845703
0.42179885506629944
0.3432326912879944
0.3865867555141449
0.6513199210166931
0.3887613117694855
0.11831334978342056
0.16124461591243744
0.18328289687633514
0.17480483651161194
0.8392982482910156
0.6292328834533691
0.30436980724334717
0.04593067616224289
0.06907008588314056
0.05483577772974968
0.18944565951824188
0.38167881965637207
0.407962441444397
0.22423100471496582
0.46352440118789673
0.09660526365041733
0.2669356167316437
0.11688574403524399
0.17471261322498322
0.24569156765937805
0.385841429233551
0.4975249469280243
0.7738828659057617
0.5344207882881165
0.1498168706893921
0.26597297191619873
0.23281322419643402
0.4873420000076294
0.26899582147598267
0.2152109295129776
0.4815172255039215
0.2939987778663635
0.20394161343574524
0.3910180628299713
0.4299599826335907
0.21508421003818512
0.11443064361810684
0.5244622826576233
0.2593207359313965
0.08195621520280838
0.18815749883651733
0.20929233729839325
0.3002888262271881
0.7049867510795593
0.7259981036186218
0.36547890305519104
0.03282015398144722
0.08717245608568192
0.03271972015500069
0.19675520062446594
0.28953543305397034
0.5179856419563293
0.22468362748622894
0.2956961393356323
0.09740671515464783
0.20730148255825043
0.056858744472265244
0.1458040326833725
0.16693516075611115
0.2515355050563812
0.32146066427230835
0.7230991125106812
0.45164385437965393
0.0824693888425827
0.2547188103199005
0.08747924864292145
0.33773672580718994
0.17082083225250244
0.2292441576719284
0.47354575991630554
0.42215946316719055
0.26137295365333557
0.4255370795726776
0.3786678612232208
0.30359163880348206
0.2526652216911316
0.5994632244110107
0.29332032799720764
0.10079685598611832
0.31760650873184204
0.2960948348045349
0.27298763394355774
0.6985322833061218
0.7780264616012573
0.19341211020946503
0.0467374250292778
0.15585310757160187
0.04266346991062164
0.18257814645767212
0.2702542245388031
0.5179380178451538
0.22280195355415344
0.3126993179321289
0.0788559764623642
0.1728130728006363
0.11012809723615646
0.10384872555732727
0.21553127467632294
0.4526660740375519
0.357512503862381
0.7429757118225098
0.6423934102058411
0.11517690122127533
0.2619720995426178
0.08683383464813232
0.16461803019046783
0.20843450725078583
0.2616834342479706
0.34197717905044556
0.39793530106544495
0.14801917970180511
0.4302830100059509
0.372145414352417
0.2971629500389099
0.17047452926635742
0.6499951481819153
0.3306940495967865
0.137263685464859
0.18813756108283997
0.3061590790748596
0.4081747829914093
0.8166876435279846
0.8322532773017883
0.22583752870559692
0.06290798634290695
0.07772485911846161
0.05759802833199501
0.23295457661151886
0.3550272285938263
0.6373563408851624
0.31703048944473267
0.18067748844623566
0.05498103052377701
0.1905934065580368
0.039763182401657104
0.15027661621570587
0.13820764422416687
0.4657481014728546
0.30861029028892517
0.8403021097183228
0.694597065448761
0.06591448932886124
0.2029600441455841
0.07257816940546036
0.15293247997760773
0.08617119491100311
0.105658158659935
0.31292784214019775
0.3346152603626251
0.0915120542049408
0.36605706810951233
0.3695860207080841
0.3272968828678131
0.21581622958183289
0.662767231464386
0.33602258563041687
0.09198424965143204
0.14306668937206268
0.3187609016895294
0.42984265089035034
0.8309291005134583
0.7333705425262451
0.22468508780002594
0.03217603638768196
0.05623503029346466
0.023727715015411377
0.24500253796577454
0.3192519247531891
0.5837419629096985
0.23618316650390625
0.30176040530204773
0.06907080858945847
0.12464211136102676
0.044240064918994904
0.10375357419252396
0.16940253973007202
0.37103912234306335
0.3452986478805542
0.7829385995864868
0.6573098301887512
0.25862374901771545
0.1667354255914688
0.07926727086305618
0.20022429525852203
0.1598867028951645
0.250958651304245
0.4978805184364319
0.381424218416214
0.22196200489997864
0.45155906677246094
0.446697860956192
0.358786016702652
0.24504205584526062
0.6112411618232727
0.3612143099308014
0.11157050728797913
0.19906428456306458
0.29476410150527954
0.31658118963241577
0.8382151126861572
0.7637885212898254
0.34180545806884766
0.06499338150024414
0.11597844213247299
0.05670653656125069
0.26762792468070984
0.3137061893939972
0.6441441178321838
0.11949387192726135
0.27944275736808777
0.06267289072275162
0.25376445055007935
0.153744176030159
0.2979406714439392
0.2516174018383026
0.593964695930481
0.6843413710594177
0.612204909324646
0.4994758069515228
0.19220365583896637
0.21302351355552673
0.31046319007873535
0.17832224071025848
0.07351110130548477
0.27657800912857056
0.23828430473804474
0.2124904990196228
0.10687780380249023
0.5443971753120422
0.33639729022979736
0.08932893723249435
0.2515067756175995
0.23722989857196808
0.2982677221298218
0.7846282124519348
0.6294958591461182
0.28798234462738037
0.1399618536233902
0.19744600355625153
0.059738557785749435
0.24263392388820648
0.25174084305763245
0.32699504494667053
