0.8076266646385193
0.8904516696929932
0.9260209202766418
0.912257194519043
0.9599344730377197
0.914617121219635
0.903502345085144
0.8566311001777649
0.9104061126708984
0.9388538002967834
0.8665059208869934
0.9635764360427856
0.958740234375
0.9259289503097534
0.8896009922027588
0.9752730131149292
0.9675319790840149
0.9550135135650635
0.8928239941596985
0.853794515132904
0.8379833698272705
0.6338644623756409
0.7079914212226868
0.9140174984931946
0.685429573059082
0.6962669491767883
0.7639086842536926
0.8418282270431519
0.6091548800468445
0.8037300705909729
0.946727991104126
0.4294256567955017
0.7415297627449036
0.8318746089935303
0.9022666215896606
0.7899237275123596
0.7492173314094543
0.7884053587913513
0.6098762154579163
0.5670780539512634
0.5774313807487488
0.7474130392074585
0.5178923010826111
0.5911287665367126
0.8223841786384583
0.7987996935844421
0.8876675367355347
0.8752450942993164
0.8650404214859009
0.9450832009315491
0.9121643900871277
0.9788897633552551
0.9826086163520813
0.9135935306549072
0.9184663891792297
0.9521470665931702
0.7934699654579163
0.941070020198822
0.9680306315422058
0.9274069666862488
0.8669009208679199
0.9648597836494446
0.9240342378616333
0.8306931257247925
0.881872832775116
0.7657554745674133
0.6317580938339233
0.6684638857841492
0.8054685592651367
0.5005508065223694
0.5518279075622559
0.6167696118354797
0.7963855862617493
0.4279956817626953
0.59293133020401
0.598759651184082
0.3520776331424713
0.6057246327400208
0.5282148718833923
0.6764509677886963
0.7817972898483276
0.5687294602394104
0.4859985411167145
0.5352208018302917
0.5674067735671997
0.4191896617412567
0.7708455920219421
0.6033180952072144
0.7908526659011841
0.4972383677959442
0.9283103942871094
0.8604684472084045
0.9492040276527405
0.9724385142326355
0.9379004240036011
0.9758991599082947
0.9537975788116455
0.9403471350669861
0.8310016393661499
0.8356155157089233
0.8743996024131775
0.8997991681098938
0.7903860807418823
0.7459660768508911
0.8294843435287476
0.896855354309082
0.6578152775764465
0.6678563356399536
