0.6912190318107605
0.8407917022705078
0.4432540535926819
0.759563148021698
0.24420864880084991
0.7947554588317871
0.22234146296977997
0.5782952308654785
0.30467942357063293
0.38222286105155945
0.3070072829723358
0.5393544435501099
0.5297719240188599
0.44364240765571594
0.5212774276733398
0.8304014801979065
0.88520747423172
0.5618404746055603
0.8494322896003723
0.9132439494132996
0.7624803781509399
0.726587176322937
0.93010413646698
0.8743454813957214
0.35574373602867126
0.9269198179244995
0.8654584288597107
0.4512506127357483
0.2135757952928543
0.7505891919136047
0.5570705533027649
0.16857603192329407
0.5889955163002014
0.2845683693885803
0.8636873960494995
0.8705796003341675
0.9045600891113281
0.9378756284713745
0.8013894557952881
0.8446094989776611
0.6606478691101074
0.7939828038215637
0.8841478824615479
0.7741397023200989
0.6297504901885986
0.6754966378211975
0.794488251209259
0.6771851778030396
0.5393187403678894
0.5916235446929932
0.6470813751220703
0.6478468179702759
0.4016234576702118
0.38663622736930847
0.5540139079093933
0.6797457337379456
0.3461211621761322
0.7987983822822571
0.2806486189365387
0.8291738629341125
0.19345082342624664
0.42711982131004333
0.21582435071468353
0.168423131108284
0.244232177734375
0.1894344538450241
0.17861948907375336
0.07254938036203384
0.22347627580165863
0.2407756894826889
0.24002037942409515
0.300321102142334
0.5961788892745972
0.5849864482879639
0.7703641057014465
0.8580820560455322
0.7781426906585693
0.5874941945075989
0.5891065001487732
0.5884626507759094
0.43078815937042236
0.5296009182929993
0.3826535642147064
0.6037459969520569
0.4805389940738678
0.7768349051475525
