0.5730107426643372
0.6584519743919373
0.4252915382385254
0.7543782591819763
0.8159987926483154
0.539771556854248
0.6811091303825378
0.8454012274742126
0.8726600408554077
0.41571900248527527
0.7385808825492859
0.8587266206741333
0.7530215382575989
0.7707339525222778
0.801405668258667
0.9139170050621033
0.5539782047271729
0.7888401746749878
0.7943712472915649
0.6230311393737793
0.7338050007820129
0.7258828282356262
0.7262485027313232
0.729874849319458
0.8112136125564575
0.7452707886695862
0.7703139781951904
0.8385006785392761
0.5950824618339539
0.607280433177948
0.8529046177864075
0.7782605290412903
0.5769714117050171
0.6246398687362671
0.8416777849197388
0.6342847943305969
0.6035906076431274
0.6321039199829102
0.6655241847038269
0.6137614846229553
0.38862481713294983
0.398072212934494
0.36165305972099304
0.18514373898506165
0.27435019612312317
0.36176377534866333
0.28144311904907227
0.219675675034523
0.20333106815814972
0.1537671983242035
0.1907324641942978
