0.6277368664741516
0.3660578727722168
0.3547629415988922
0.5662441849708557
0.5631104111671448
0.7938124537467957
0.16264300048351288
0.529625654220581
0.4229529798030853
0.38063323497772217
0.49804893136024475
0.6092987060546875
0.559037983417511
0.494896799325943
0.5328773856163025
0.4270321726799011
0.29029783606529236
0.24679166078567505
0.6001386642456055
0.15754400193691254
0.33252251148223877
0.44342848658561707
0.4971437454223633
0.3662955164909363
0.17660558223724365
0.10896261781454086
0.11491535604000092
0.06992460787296295
0.09506001323461533
0.08003570884466171
0.08084089308977127
0.038054514676332474
0.12945105135440826
0.23766179382801056
0.13613635301589966
0.3460552394390106
0.20979203283786774
0.5603167414665222
0.5194838047027588
0.646818220615387
0.7185285687446594
0.7426961064338684
0.47400084137916565
0.5587374567985535
0.47689294815063477
0.5682384967803955
0.48465511202812195
0.6593011021614075
0.5584663152694702
0.23498956859111786
0.538446307182312
0.5820693969726562
0.25327014923095703
0.35302555561065674
0.3652088940143585
0.3386955261230469
0.28355658054351807
0.15914984047412872
0.47201013565063477
0.4693174362182617
0.37963345646858215
0.49790307879447937
0.43006134033203125
0.49472862482070923
0.42592111229896545
0.16044911742210388
0.39760997891426086
0.2452380657196045
0.30746129155158997
0.16313616931438446
0.41522279381752014
0.3236784338951111
0.5912014842033386
0.5813008546829224
0.6198259592056274
0.39792579412460327
0.45485585927963257
0.36058345437049866
0.43125438690185547
0.6737278699874878
0.17350193858146667
0.5855275988578796
0.40347370505332947
0.45960533618927
0.7786834836006165
0.36765018105506897
0.590627133846283
0.21287275850772858
0.5481293797492981
0.38173049688339233
0.6247947812080383
0.5491909980773926
0.44981256127357483
0.6494886875152588
0.3943864405155182
0.5227484107017517
0.6994311809539795
0.6898625493049622
0.6799247860908508
0.7001925110816956
0.7111528515815735
0.5906113982200623
0.5250943303108215
0.2590968608856201
0.2973023056983948
0.27050191164016724
0.6487470865249634
0.3386668264865875
0.21877767145633698
0.41978615522384644
0.317291259765625
0.6620445847511292
0.6355169415473938
0.7684083580970764
0.38487592339515686
0.5670270919799805
0.5789765119552612
0.6087501645088196
0.5251783132553101
0.4405720829963684
0.7047126889228821
0.43902719020843506
0.2511095106601715
0.2605668008327484
0.06559330224990845
0.1666463017463684
0.04771973565220833
0.018552837893366814
0.05198616534471512
0.0410965159535408
0.11653492599725723
0.11521123349666595
0.1581013947725296
0.3511434495449066
0.11926158517599106
0.10107924789190292
0.04429195076227188
0.16614322364330292
0.36036959290504456
0.08580872416496277
0.2199149876832962
0.516072690486908
0.49095937609672546
0.5349262356758118
0.6718482375144958
0.5018225908279419
0.23874974250793457
0.20885230600833893
0.16291949152946472
0.07372815907001495
0.28688323497772217
0.10252318531274796
0.11364691704511642
0.1488775759935379
0.24440985918045044
0.6334546208381653
0.32792890071868896
0.44075170159339905
0.6437788009643555
0.16343355178833008
0.48629724979400635
0.1468324363231659
0.46677166223526
0.2474903017282486
0.15315352380275726
0.2432955652475357
0.4434789717197418
0.6910458207130432
0.4727126359939575
0.6583290696144104
0.6601198315620422
0.5806258320808411
0.7324040532112122
0.681894838809967
0.39327389001846313
0.6936945915222168
0.6823029518127441
0.44991955161094666
0.46318334341049194
0.5058430433273315
0.07992143929004669
0.11072076857089996
0.08829654008150101
0.1246412992477417
0.13411560654640198
0.17911754548549652
0.2111838161945343
0.17977581918239594
0.15719619393348694
0.09682909399271011
0.14138703048229218
0.09280641376972198
0.09760888665914536
0.03922000899910927
0.04797181859612465
0.035661570727825165
0.2731134295463562
0.21799837052822113
0.10939257591962814
0.2295106053352356
0.14645564556121826
0.3081425130367279
0.5007195472717285
0.26184192299842834
0.4133669137954712
0.1626604050397873
0.21039558947086334
0.19635559618473053
0.23137600719928741
0.3093291223049164
0.20698542892932892
0.1759372353553772
0.16457056999206543
0.20504389703273773
0.16864044964313507
0.08916883170604706
0.060190677642822266
0.1174604669213295
0.15114016830921173
0.17631849646568298
0.19097577035427094
0.18763791024684906
0.6220974326133728
0.5614244341850281
0.5551229119300842
0.4406363070011139
0.13164278864860535
0.3362681567668915
0.06254378706216812
0.09420110285282135
0.1560284048318863
0.092486672103405
0.05889752879738808
0.10028406977653503
0.314382940530777
0.15405109524726868
0.058851923793554306
0.1334531456232071
0.1351230889558792
0.08687718212604523
0.1580338180065155
0.20054298639297485
0.21747496724128723
0.20308764278888702
0.21534006297588348
0.24065645039081573
0.22329455614089966
0.3452431261539459
0.32403501868247986
0.3863564729690552
0.2855132520198822
0.3167969286441803
0.17199410498142242
0.2299463003873825
0.243171826004982
0.28533583879470825
0.5012162327766418
0.394563764333725
0.4172869920730591
0.6973593831062317
0.6424144506454468
0.462560772895813
0.20610128343105316
0.28676456212997437
0.2014457732439041
0.22505559027194977
0.22864505648612976
0.3025164008140564
0.4314005672931671
0.2608041763305664
0.2810492515563965
0.3098652958869934
0.6282752156257629
0.74294114112854
0.8971927762031555
0.5856146216392517
0.49153196811676025
0.5599377751350403
0.41480016708374023
0.37442001700401306
0.3977085053920746
0.47487524151802063
0.1400807499885559
0.35967010259628296
0.13907353579998016
0.09867768734693527
0.12464878708124161
0.298667311668396
0.32122254371643066
0.4041178822517395
0.46219101548194885
0.4994555711746216
0.5434831380844116
0.5186238288879395
0.36858558654785156
0.5943230390548706
0.2725984454154968
0.7682445645332336
0.5225479006767273
0.3916204273700714
0.4175463318824768
0.7028284668922424
0.7458320260047913
0.5782490968704224
0.6167487502098083
0.5017759799957275
0.2635114789009094
0.29964569211006165
0.1992030143737793
0.2675202190876007
0.20802028477191925
0.4079430103302002
0.20423468947410583
0.23211617767810822
0.2680783271789551
0.20177043974399567
0.46540921926498413
0.2926357090473175
0.23417827486991882
0.22162821888923645
0.1737394630908966
0.13739250600337982
0.21711692214012146
0.17523686587810516
0.35823455452919006
0.19307386875152588
0.18696069717407227
0.20798075199127197
0.11483229696750641
0.152861088514328
0.19372445344924927
0.07169265300035477
0.1566188633441925
0.41440296173095703
0.39064979553222656
0.2563166320323944
0.47732406854629517
0.48990598320961
0.32327133417129517
0.23735244572162628
0.19006377458572388
0.18645071983337402
0.10209528356790543
0.1154344379901886
0.12616880238056183
0.27364879846572876
0.23655033111572266
0.17527100443840027
0.24564610421657562
0.12149471789598465
0.08541849255561829
0.4051347076892853
0.31445688009262085
0.7979324460029602
0.6891049742698669
0.8283036947250366
0.8823568820953369
0.9097723364830017
0.7586897015571594
0.4095862805843353
0.13396058976650238
0.3142775893211365
0.5926759243011475
0.6306958794593811
