0.14842069149017334
0.11984763294458389
0.20762763917446136
0.29275089502334595
0.45930540561676025
0.4036513566970825
0.2939761281013489
0.3859337866306305
0.37094441056251526
0.4748852550983429
0.6163731813430786
0.5376929044723511
0.3057844638824463
0.25822019577026367
0.3561919033527374
0.11867095530033112
0.48949840664863586
0.28295865654945374
0.5542743802070618
0.7883459329605103
0.6880362033843994
0.8643333315849304
0.849305272102356
0.8195093870162964
0.902971088886261
0.7800577282905579
0.9002512693405151
0.8163788914680481
0.821777880191803
0.23824115097522736
0.0916980728507042
0.018353022634983063
0.0380077138543129
0.05978057160973549
0.09582988917827606
0.12081602960824966
0.1040143296122551
0.052040744572877884
0.10759349167346954
0.018770212307572365
0.07400587946176529
0.04100622981786728
0.08642803132534027
0.24894148111343384
0.749886691570282
0.3981803357601166
0.3713276982307434
0.7587865591049194
0.6744893789291382
0.47264915704727173
0.5433873534202576
0.7268717288970947
0.7672517895698547
0.48686784505844116
0.1516195684671402
0.5388291478157043
0.5523574352264404
0.4053761065006256
0.4625706672668457
0.11613297462463379
0.5799726843833923
0.14218959212303162
0.2650696933269501
0.46705400943756104
0.3054242432117462
0.36700311303138733
0.6014922857284546
0.5983123183250427
0.5713739395141602
0.6409614682197571
0.533008873462677
0.35813990235328674
0.33708807826042175
0.5665158033370972
0.3967345654964447
0.5945018529891968
0.2508774697780609
0.3853563666343689
0.18284085392951965
0.3206089735031128
0.4213815927505493
0.3438875377178192
0.32529157400131226
0.6012894511222839
0.556778609752655
0.7023574709892273
0.7252912521362305
0.5485783815383911
0.7059741616249084
0.7928436994552612
0.8168624043464661
0.7773235440254211
0.8018385767936707
0.66560959815979
0.5390082001686096
0.4178643822669983
0.25435563921928406
0.11267059296369553
0.08868294209241867
0.09796560555696487
0.20325016975402832
0.08248589187860489
0.20119406282901764
0.0749756395816803
0.18946923315525055
0.08760438114404678
0.2661292552947998
0.4897165298461914
0.42949745059013367
0.490343302488327
0.3879297971725464
0.17583706974983215
0.35593879222869873
0.3841370940208435
0.26240721344947815
0.376944363117218
0.37199488282203674
0.2526131272315979
0.3773982524871826
0.3203413486480713
0.32084473967552185
0.3713946044445038
0.4323202669620514
0.12211177498102188
0.33265209197998047
0.1266561895608902
0.2039230763912201
0.0610092468559742
0.46911996603012085
0.10056471824645996
0.27648821473121643
0.26610007882118225
0.5648868680000305
0.26708677411079407
0.36315032839775085
0.43249550461769104
0.39217767119407654
0.6191027760505676
0.5563638210296631
0.549106240272522
0.68619304895401
0.6327140927314758
0.5230138301849365
0.4692135453224182
0.32992061972618103
0.3838775157928467
0.34435173869132996
0.4889046251773834
0.21609897911548615
0.3872472941875458
0.18119288980960846
0.3565249443054199
0.2998292148113251
0.3774896562099457
0.37890148162841797
0.5161055326461792
0.31008437275886536
0.3312360346317291
0.20964044332504272
0.40682557225227356
0.2964249551296234
0.43543699383735657
0.5973601937294006
0.47547027468681335
0.5610429048538208
0.719286322593689
0.6841557025909424
0.5321829915046692
0.7709906697273254
0.6439504623413086
0.7031675577163696
0.56157386302948
0.41199785470962524
0.15451090037822723
0.12689103186130524
0.0951525866985321
0.27066245675086975
0.29828131198883057
0.3253677785396576
0.16501034796237946
0.23047120869159698
0.16033349931240082
0.09850633889436722
0.36853107810020447
0.15866619348526
0.5283371210098267
0.2781766951084137
0.2218073159456253
0.22810602188110352
0.07327244430780411
0.07612087577581406
0.09520504623651505
0.1265779286623001
0.18469546735286713
0.09218472987413406
0.297050803899765
0.29112377762794495
0.23298178613185883
0.3979570269584656
0.500361442565918
0.494076669216156
0.21157847344875336
0.10966215282678604
0.11883585900068283
0.05975232645869255
0.0996713861823082
0.18653564155101776
0.33228832483291626
0.846060037612915
0.5647059679031372
0.8185304999351501
0.47490131855010986
0.18048423528671265
0.10116853564977646
0.5689494013786316
0.34421414136886597
0.20388104021549225
0.6135494709014893
0.3904268741607666
0.2401275336742401
0.462870329618454
0.24253055453300476
0.3536936640739441
0.3067902624607086
0.17450079321861267
0.14508378505706787
0.6741938591003418
0.3819192349910736
0.14618094265460968
0.23186035454273224
0.3982425034046173
0.08069124817848206
0.208295539021492
0.16319683194160461
0.22307679057121277
0.11833996325731277
0.28637102246284485
