0.8008309006690979
0.9416723251342773
0.9377284646034241
0.92383873462677
0.8868527412414551
0.9142621159553528
0.8331219553947449
0.7831554412841797
0.7725909352302551
0.8839821815490723
0.5162642002105713
0.8241604566574097
0.5727633237838745
0.8610685467720032
0.8696925044059753
0.7598863244056702
0.6427556276321411
0.8720787763595581
0.8448593616485596
0.5214658379554749
0.5740287899971008
0.7028663754463196
0.6163921356201172
0.4431318938732147
0.32500308752059937
0.2914661765098572
0.47020334005355835
0.40799814462661743
0.6539469957351685
0.41205987334251404
0.7684712409973145
0.7559296488761902
0.8345910906791687
0.7941431403160095
0.860078752040863
0.9320805072784424
0.9146607518196106
0.7847781181335449
0.8490431308746338
0.8575769066810608
0.8941174745559692
0.8958916068077087
0.5540527701377869
0.8443674445152283
0.5816890001296997
0.8626291751861572
0.8994728922843933
0.7873556017875671
0.9038516283035278
0.8817839622497559
0.7199401259422302
0.8224484920501709
0.6912089586257935
0.7364810705184937
0.7030056118965149
0.885250449180603
0.8678029775619507
0.9392881393432617
0.9275047779083252
0.9376863837242126
0.9704554677009583
0.9448375701904297
0.9325653910636902
0.8997349143028259
0.8323487639427185
0.800015926361084
0.9174240827560425
0.6713129878044128
0.8561485409736633
0.27800315618515015
0.648625910282135
0.4054197072982788
0.8469660878181458
0.5646597146987915
0.8642786741256714
0.7181522846221924
0.8402464985847473
0.8777267336845398
0.8090793490409851
0.9436021447181702
0.8883256316184998
0.7005241513252258
0.8420655131340027
0.8526375889778137
0.6607807874679565
0.8376858234405518
0.21051961183547974
0.45757928490638733
0.08090869337320328
0.41935232281684875
0.3019099831581116
0.193415567278862
0.27186086773872375
0.23863588273525238
0.4087919592857361
0.10676746815443039
0.12011197954416275
0.4666333794593811
0.061704233288764954
0.44619226455688477
0.7322471737861633
0.8386838436126709
0.9423964619636536
0.7556290626525879
0.662743091583252
0.6251481175422668
0.22932982444763184
0.27641770243644714
0.1405562311410904
0.3049108684062958
0.3096362352371216
0.6162832975387573
0.4573522210121155
0.28220006823539734
0.6883339285850525
0.5066000819206238
0.34287306666374207
0.25767722725868225
0.25058454275131226
0.17973580956459045
0.18410179018974304
0.18935509026050568
0.23926690220832825
0.26120007038116455
0.35771819949150085
0.14717093110084534
0.17081019282341003
0.13224726915359497
0.3968491554260254
0.21089032292366028
0.3697618544101715
0.2549682855606079
0.18750964105129242
0.23881244659423828
0.21247705817222595
0.18904320895671844
0.15197542309761047
0.202299565076828
0.2318248748779297
0.2879507839679718
0.17463093996047974
0.4738748371601105
0.4530088007450104
0.4599720239639282
0.49488672614097595
0.30709415674209595
0.5837032794952393
0.5421003103256226
0.7227446436882019
0.21308910846710205
0.7142409086227417
0.2399454414844513
0.5925782322883606
0.3520269989967346
0.699122428894043
0.7293089628219604
0.8080735802650452
0.8244190812110901
0.8257802128791809
0.8798927068710327
0.9110063910484314
0.8885545134544373
0.7796623706817627
0.7863742113113403
0.6745970845222473
0.5764915347099304
0.3711400330066681
0.5249442458152771
0.10607986897230148
0.40747275948524475
0.2032979279756546
0.3756659924983978
0.7856935262680054
0.8742239475250244
0.6324158310890198
0.5011578798294067
0.33979687094688416
0.6910923719406128
0.7782023549079895
0.780590832233429
0.8331458568572998
0.8373197913169861
0.7589609026908875
