0.40797296166419983
0.594031572341919
0.3459250032901764
0.43070104718208313
0.4752206802368164
0.5113574862480164
0.4124053716659546
0.6095078587532043
0.6542835235595703
0.5848682522773743
0.6439787745475769
0.7270258665084839
0.46256309747695923
0.4674554467201233
0.5223695635795593
0.37810713052749634
0.239297553896904
0.5494627952575684
0.4518775939941406
0.1948436051607132
0.1979932337999344
0.5510058999061584
0.4182778596878052
0.2333473414182663
0.49849167466163635
0.6489226818084717
0.5246347188949585
0.453058660030365
0.570929765701294
0.5694424510002136
0.651016891002655
0.6692008972167969
0.6293007731437683
0.7312331795692444
0.4853212535381317
0.6016475558280945
0.471437931060791
0.6859815120697021
0.5932445526123047
0.38906168937683105
0.5244919061660767
0.6727357506752014
0.5623167157173157
0.46810203790664673
0.6311022043228149
0.732650876045227
0.6849169135093689
0.5937479138374329
0.5896981358528137
0.42204728722572327
0.7400144338607788
0.3137649595737457
0.33713236451148987
0.46381404995918274
0.6269543170928955
0.37795373797416687
0.33554232120513916
0.5314687490463257
0.4986325800418854
0.3695521056652069
0.4182097613811493
0.6163857579231262
0.5548245906829834
0.281099408864975
0.4011911451816559
0.5547852516174316
0.5017821788787842
0.35020890831947327
0.5259759426116943
0.5362202525138855
0.5702140927314758
0.5306928157806396
0.572462260723114
0.4676978886127472
0.39919403195381165
0.2736990451812744
0.47713702917099
0.4907435476779938
0.2873499393463135
0.49786028265953064
0.5737608075141907
0.6511648893356323
0.38270679116249084
0.5865212678909302
0.7108641266822815
0.5871389508247375
0.5205180048942566
0.643364667892456
0.7015108466148376
0.5387523174285889
0.6763843894004822
0.6619280576705933
0.6181740164756775
0.7531972527503967
0.5924075245857239
0.3674594461917877
0.4414619505405426
0.5209919214248657
0.5947961211204529
0.6786286234855652
0.6805927157402039
0.36229243874549866
0.5505192875862122
0.45208433270454407
0.5181943774223328
0.5221879482269287
0.5367021560668945
0.47704845666885376
0.508480429649353
0.3633664548397064
0.24245010316371918
0.3914591073989868
0.4340463876724243
0.4250023066997528
0.33047881722450256
0.31341180205345154
0.30632856488227844
0.5534554719924927
0.3937438130378723
0.664302408695221
0.721217930316925
0.4668240547180176
0.5924873948097229
0.7358551621437073
0.5488723516464233
0.40091201663017273
0.6125069260597229
0.7339039444923401
0.4212568700313568
0.3494701087474823
0.6321033835411072
