0.3391384184360504
0.40944352746009827
0.37469276785850525
0.4613714814186096
0.35040950775146484
0.43947669863700867
0.4143509566783905
0.5366719365119934
0.6411139965057373
0.6154383420944214
0.3422521650791168
0.5569250583648682
0.46642982959747314
0.6091774702072144
0.30386772751808167
0.6601375937461853
0.5089375376701355
0.5294817090034485
0.37456968426704407
0.44938501715660095
0.08307156711816788
0.32792603969573975
0.07246331125497818
0.3866400122642517
0.08428623527288437
0.4179370701313019
0.38856038451194763
0.5697939395904541
0.5975258350372314
0.5697323679924011
0.6688110828399658
0.6166256070137024
0.7382974028587341
0.7413092851638794
0.7904952764511108
0.8370692729949951
0.8566750884056091
0.6751306653022766
0.7319285273551941
0.30527248978614807
0.7151248455047607
0.13110023736953735
0.4955579340457916
0.4208918511867523
0.24739690124988556
0.2986976206302643
0.283121794462204
0.5660689473152161
0.6059748530387878
0.42863479256629944
0.535103440284729
0.5357969999313354
0.5947079658508301
0.788483738899231
0.21847349405288696
0.3232046067714691
0.6807506680488586
0.6700243949890137
0.8679823875427246
0.7746171951293945
0.8237411379814148
0.8477955460548401
0.8268038034439087
0.7736837863922119
0.5553398132324219
0.8563002943992615
0.4929056167602539
0.6210600137710571
0.4437921345233917
0.28493109345436096
0.4356772303581238
0.3293296992778778
0.47937944531440735
0.6562075018882751
0.662732720375061
0.4778759181499481
0.4293234050273895
0.5196517109870911
0.41058963537216187
0.4408806562423706
0.39937227964401245
0.21578237414360046
0.26874151825904846
0.08181167393922806
0.3828178942203522
0.10002657026052475
0.3463035821914673
0.36661577224731445
0.21218736469745636
0.5725551247596741
0.49440956115722656
0.6331316828727722
0.323368102312088
0.21912741661071777
0.08795160800218582
0.21533533930778503
0.07833559811115265
0.5113883018493652
0.09469310194253922
0.6387444138526917
0.2838098108768463
0.8491585850715637
0.5652934908866882
0.799199640750885
0.837519109249115
0.8111795783042908
0.8109834790229797
0.6070228815078735
0.6570289731025696
0.32490840554237366
0.30833545327186584
0.14782212674617767
0.32626667618751526
0.10451535135507584
0.4462645947933197
0.20110879838466644
0.3658289909362793
0.3582146465778351
0.4722527861595154
0.2201022058725357
0.6326048374176025
0.26834312081336975
0.7571896314620972
0.43485358357429504
0.598560094833374
0.36256659030914307
0.3394918739795685
0.16643491387367249
0.32061925530433655
0.2066008299589157
0.4835866391658783
0.07959426194429398
0.6514068245887756
0.20521095395088196
0.5862070918083191
0.2448866069316864
0.2423996478319168
0.49406057596206665
0.483498215675354
0.447528213262558
0.4241234362125397
0.30741143226623535
0.33836525678634644
0.11912468075752258
0.18492498993873596
0.2333156317472458
0.344969779253006
0.2607291638851166
0.37463051080703735
0.31759753823280334
0.33275753259658813
0.3682079017162323
0.41556936502456665
0.3125981390476227
0.3716074824333191
0.2608605921268463
0.3436335623264313
0.2806040346622467
0.16424424946308136
0.18254303932189941
0.2559603452682495
0.21856684982776642
0.2364465892314911
0.39604249596595764
0.384524941444397
0.4294756352901459
0.45387616753578186
0.442683607339859
0.6985111236572266
0.6572121381759644
0.6801956295967102
0.6632793545722961
0.6940438151359558
0.4724522829055786
0.40747445821762085
0.27081015706062317
0.4371400475502014
0.2439325600862503
0.4136904180049896
0.11941419541835785
0.31253156065940857
0.09643785655498505
0.25128939747810364
0.15427060425281525
0.2436060905456543
0.17673929035663605
0.20661331713199615
0.26770105957984924
0.19517797231674194
0.17712199687957764
0.19845791161060333
0.29724958539009094
0.15088815987110138
0.2524908185005188
0.149519681930542
0.2368982583284378
0.05718737095594406
0.15864209830760956
0.0715084969997406
0.4184224307537079
0.19817925989627838
0.39870139956474304
0.3479856550693512
0.44532448053359985
0.5132846236228943
0.5645124912261963
0.46457788348197937
0.38998740911483765
0.5257909893989563
0.2683277428150177
0.35950005054473877
0.26893526315689087
0.3045293986797333
0.24563021957874298
