0.43830469250679016
0.4105241298675537
0.43028485774993896
0.3233533799648285
0.3892497420310974
0.3714054524898529
0.5358537435531616
0.4153338670730591
0.6069927215576172
0.6442387104034424
0.6918708682060242
0.6600645780563354
0.7940990924835205
0.48243799805641174
0.725256621837616
0.6110125780105591
0.44992563128471375
0.5798761248588562
0.7037999033927917
0.8361132144927979
0.8030439019203186
0.6998937129974365
0.47737541794776917
0.41624170541763306
0.2209029495716095
0.15103383362293243
0.28834861516952515
0.23568174242973328
0.22845904529094696
0.3399100601673126
0.3342078924179077
0.21461404860019684
0.24774159491062164
0.15625444054603577
0.06181028112769127
0.13663284480571747
0.10480449348688126
0.28383201360702515
0.16602598130702972
0.25026026368141174
0.2078973352909088
0.04909197986125946
0.4314967393875122
0.24499157071113586
0.4054344892501831
0.48909780383110046
0.3394855260848999
0.46950939297676086
0.6031336188316345
0.5887253284454346
0.548908531665802
0.6665362119674683
0.4737245738506317
0.507195770740509
0.28138330578804016
0.17432256042957306
0.23811860382556915
0.13730691373348236
0.32759490609169006
0.32095953822135925
0.5179213285446167
0.17254875600337982
0.305559903383255
0.10736541450023651
0.058313265442848206
0.12361826002597809
0.36569109559059143
0.40925922989845276
0.3614461123943329
0.3989443778991699
0.18723763525485992
0.37410563230514526
0.3012608587741852
0.06476781517267227
0.04598742723464966
0.046448998153209686
0.033298347145318985
0.09873560070991516
0.37582579255104065
0.19469475746154785
0.02670702338218689
0.11899782717227936
0.009609213098883629
0.06053441762924194
0.10220344364643097
0.08850040286779404
0.25557199120521545
0.25774088501930237
0.4255024194717407
0.364000141620636
0.41476425528526306
0.22803497314453125
0.15907742083072662
0.3381006121635437
0.22882838547229767
0.20356698334217072
0.07605346292257309
0.14178310334682465
0.07555297017097473
0.06195878982543945
0.4272810220718384
0.5026312470436096
0.5656002163887024
0.028240714222192764
0.12584787607192993
0.0790058895945549
0.02101072296500206
0.04792677238583565
0.3047165274620056
0.11033166199922562
0.2755569517612457
0.2542493939399719
0.1235765591263771
0.03176942467689514
0.01717613823711872
0.006327668204903603
0.018412495031952858
0.05221002548933029
0.6812183856964111
0.14996878802776337
0.296124130487442
0.10027513653039932
0.011111779138445854
0.0318315289914608
0.03321792557835579
0.08960923552513123
0.15425467491149902
0.21180690824985504
0.4517360329627991
0.24225571751594543
0.24618645012378693
0.15525935590267181
0.13643914461135864
0.13107982277870178
0.1742720603942871
0.058203596621751785
0.06823698431253433
0.030217435210943222
0.15452203154563904
0.07573843002319336
0.14778625965118408
0.3654997646808624
0.5883589386940002
0.4748727083206177
0.08583055436611176
0.17611199617385864
0.022531790658831596
0.0163702592253685
0.08216157555580139
0.1192835196852684
0.06040184572339058
0.18585780262947083
0.14284993708133698
0.10131879895925522
0.11899349838495255
0.06579578667879105
0.03891501948237419
0.013182828202843666
0.012459227815270424
0.021318769082427025
0.04255669191479683
0.5564358830451965
0.23722249269485474
0.1814565509557724
0.08676760643720627
0.007252055685967207
0.02421514503657818
0.03060099482536316
0.038862891495227814
0.23519928753376007
0.11061432957649231
0.07300861179828644
0.11096765846014023
0.08090518414974213
0.06716815382242203
0.08293196558952332
0.2542897164821625
0.14928600192070007
0.10436446964740753
0.1370798498392105
0.11978958547115326
0.1487065851688385
0.10134992748498917
0.46439096331596375
0.20546573400497437
0.2895609736442566
0.0489029735326767
0.32734739780426025
0.0601227767765522
0.017708580940961838
0.0237981379032135
0.04425033554434776
0.05738871172070503
0.11459513753652573
0.20077607035636902
0.3210199177265167
0.22017376124858856
0.043162472546100616
0.12068688869476318
0.01631418988108635
0.005982339382171631
0.01373805571347475
0.028496243059635162
0.07869049161672592
0.18742062151432037
0.6329147219657898
0.5634042620658875
0.09151634573936462
0.23953740298748016
0.13496120274066925
0.025469908490777016
0.05782196298241615
0.06168379262089729
0.12504787743091583
0.26682254672050476
0.19111314415931702
0.35948100686073303
0.5134274959564209
0.4180745780467987
0.3740740120410919
0.4123203456401825
0.4749336838722229
0.16271090507507324
0.23396243155002594
0.34322333335876465
0.47671931982040405
0.12741370499134064
0.27856412529945374
0.32362791895866394
0.4176546633243561
0.11208869516849518
0.24588677287101746
0.14262421429157257
0.011633714661002159
0.03140990436077118
0.05791173502802849
0.13437578082084656
0.1478971391916275
0.07924307137727737
0.15804044902324677
0.20739388465881348
0.1451602578163147
0.016838399693369865
0.04003571718931198
0.02050471305847168
0.0720425695180893
0.19422949850559235
0.20688632130622864
0.8530617952346802
0.7624163031578064
0.3357076346874237
0.3738345503807068
0.14916281402111053
0.040180180221796036
0.057817619293928146
0.1346939206123352
0.23528650403022766
0.2213626205921173
0.3226706087589264
0.49265336990356445
0.48706838488578796
0.3005412220954895
0.3682619035243988
0.3899137079715729
0.443170964717865
0.1308760643005371
0.2949044108390808
0.16265968978405
0.383511483669281
0.4722370505332947
0.3980272114276886
0.773915708065033
0.7366301417350769
0.7845542430877686
0.13930273056030273
0.5348183512687683
0.387557715177536
0.028532296419143677
0.1383708268404007
0.13260622322559357
0.15662312507629395
0.25270119309425354
0.18746910989284515
0.03633025288581848
0.12425429373979568
0.11599228531122208
0.05223691090941429
0.149258553981781
0.11647573858499527
0.21046525239944458
0.23574134707450867
0.5128006339073181
0.5866019129753113
0.6477820873260498
0.594130277633667
0.24299627542495728
0.26385563611984253
0.37736621499061584
0.24382618069648743
0.2644939422607422
0.14679628610610962
0.18274366855621338
0.17873837053775787
0.22087261080741882
0.2771349251270294
