0.3391600251197815
0.3113241195678711
0.2137875109910965
0.42713943123817444
0.3288341462612152
0.5142959356307983
0.2102169692516327
0.11533968895673752
0.3652322292327881
0.36939138174057007
0.16350433230400085
0.17797832190990448
0.2556740939617157
0.1401022970676422
0.3022710382938385
0.4306301176548004
0.7566332817077637
0.6889588832855225
0.4931095540523529
0.6768596768379211
0.34997671842575073
0.6009448170661926
0.4730032980442047
0.33903151750564575
0.27981582283973694
0.36223116517066956
0.3197193443775177
0.16851603984832764
0.2437172532081604
0.28192439675331116
0.4197229743003845
0.15795287489891052
0.24431033432483673
0.3192319869995117
0.4133598506450653
0.3057355284690857
0.4286617040634155
0.27838507294654846
0.2542615532875061
0.4638194143772125
0.479064404964447
0.4466938376426697
0.5268167853355408
0.6153063774108887
0.5005759000778198
0.44088950753211975
0.4136086404323578
0.6812716722488403
0.42875027656555176
0.25163736939430237
0.12534292042255402
0.21752649545669556
0.24453884363174438
0.07913033664226532
0.13546261191368103
0.13837720453739166
0.02994823455810547
0.10190938413143158
0.17886798083782196
0.24509045481681824
0.13148553669452667
0.26799169182777405
0.20428438484668732
0.3489646315574646
0.24461838603019714
0.532180905342102
0.2233816534280777
0.716711699962616
0.3537375032901764
0.4212704300880432
0.09854653477668762
0.31379377841949463
0.26400598883628845
0.24242669343948364
0.28033003211021423
0.22530728578567505
0.2800648808479309
0.27026253938674927
0.2784862816333771
0.28348270058631897
0.2435424029827118
0.25408074259757996
0.4313729703426361
0.3493998944759369
0.20432332158088684
0.7266471982002258
0.6177018880844116
0.127158984541893
0.21630854904651642
0.5410589575767517
0.5334348678588867
0.1817028820514679
0.4517170488834381
0.7008536458015442
0.5362575650215149
0.21110723912715912
0.4156130850315094
0.303218811750412
0.38135847449302673
0.5082159042358398
0.21879588067531586
0.3610346019268036
0.5455008745193481
0.2816099524497986
0.6245661973953247
0.4431055784225464
0.5049265027046204
0.5425688624382019
0.3906071186065674
0.1475418359041214
0.5951250195503235
0.5438944697380066
0.25717654824256897
0.257689893245697
0.3913755416870117
0.5027640461921692
0.39295828342437744
0.3630732595920563
0.07232666015625
0.12833848595619202
0.06946913152933121
0.2365490347146988
0.22973063588142395
0.3402756154537201
0.5646513104438782
0.5161145329475403
0.7110056281089783
0.7638583779335022
0.7448282241821289
0.8184720277786255
0.6747312545776367
0.4723130762577057
0.3400737941265106
0.17069387435913086
0.2267438918352127
0.10311365127563477
0.21902668476104736
0.5031359195709229
0.4471597671508789
0.629174530506134
0.7714181542396545
0.7199594974517822
0.7559111714363098
0.6164842247962952
0.7750361561775208
0.5408382415771484
0.42332616448402405
0.41093873977661133
0.7148841023445129
0.6323962807655334
0.6597192287445068
0.6901585459709167
0.6330228447914124
0.33199343085289
0.5421813726425171
0.34638848900794983
0.1556731015443802
0.24072816967964172
0.06892266124486923
0.30409613251686096
0.2590677738189697
0.1749282032251358
0.29804277420043945
