0.07902554422616959
0.10693708062171936
0.1964757740497589
0.12652118504047394
0.11267874389886856
0.2064799815416336
0.18849912285804749
0.21306519210338593
0.22032058238983154
0.29782477021217346
0.30056190490722656
0.33971521258354187
0.20610609650611877
0.39119526743888855
0.22551009058952332
0.2930358946323395
0.36401525139808655
0.4111672639846802
0.33418238162994385
0.22390267252922058
0.3719380497932434
0.5151373147964478
0.32727542519569397
0.3104325532913208
0.29444393515586853
0.2838689982891083
0.4149869978427887
0.27482670545578003
0.5208057761192322
0.49510470032691956
0.2924111485481262
0.4042835533618927
0.68611079454422
0.5012020468711853
0.3414091169834137
0.6420676708221436
0.5956058502197266
0.2907825708389282
0.15890325605869293
0.3911840319633484
0.5211057066917419
0.40942391753196716
0.3384905159473419
0.38627001643180847
0.3409658968448639
0.2788008153438568
0.2559024393558502
0.3108668625354767
0.3460964560508728
0.2408735454082489
0.2585219144821167
0.4396747648715973
0.49895843863487244
0.28604358434677124
0.4193928837776184
0.5455392003059387
0.38358741998672485
0.35616928339004517
0.5362852811813354
0.3946397304534912
0.4572952091693878
0.3068998456001282
0.5495138764381409
0.5999724864959717
0.19059886038303375
0.28776100277900696
0.5307807922363281
0.6887842416763306
0.11146072298288345
0.1584402322769165
0.4679320156574249
0.4789016544818878
0.1504228413105011
0.5733872652053833
0.6463482975959778
0.256307989358902
0.2785303592681885
0.7210438847541809
0.5249096155166626
0.40716683864593506
0.35540100932121277
0.38535425066947937
0.3536154329776764
0.14234820008277893
0.351242333650589
0.35457220673561096
0.18868829309940338
0.11070910096168518
0.3352910578250885
0.3677564859390259
0.05520559847354889
0.11964241415262222
0.40558481216430664
0.17173336446285248
0.13030357658863068
0.36371222138404846
0.4053598940372467
0.5890512466430664
0.5133798718452454
0.5785892009735107
0.7298173904418945
0.11834756284952164
0.209177628159523
0.5899301767349243
0.6163093447685242
0.05957904830574989
0.11579307168722153
0.6984261274337769
0.19104662537574768
0.09813307970762253
0.411307156085968
0.7253962159156799
0.22153536975383759
0.3430289030075073
0.4568830728530884
0.4211174547672272
0.16062696278095245
0.27652448415756226
0.3146874010562897
0.46881166100502014
0.2630574405193329
0.24114710092544556
0.44409650564193726
0.2755827009677887
0.4496047794818878
0.43268924951553345
0.20094361901283264
0.2844526469707489
0.35122817754745483
0.45287322998046875
0.280865341424942
0.2993834316730499
0.33094102144241333
0.2418474406003952
0.34038639068603516
0.1926087737083435
0.1403440237045288
0.06923630833625793
0.18769119679927826
0.13320469856262207
0.03559395298361778
0.07368090003728867
0.04833708703517914
0.11182963848114014
0.01716676354408264
0.12378004193305969
0.21251124143600464
0.07203860580921173
0.22658130526542664
0.38129234313964844
0.28534889221191406
0.3710348904132843
0.45225396752357483
0.5947659611701965
0.4889700710773468
0.1869736760854721
0.28581011295318604
0.5356578230857849
0.484077513217926
0.017398783937096596
0.2539222240447998
0.7568265795707703
0.11850567907094955
0.05088210105895996
0.4694066643714905
0.28450778126716614
0.10142296552658081
0.08061514049768448
0.3207876980304718
0.24877707660198212
0.13039790093898773
0.10950048267841339
0.16775518655776978
0.187385693192482
0.25889909267425537
0.31260278820991516
0.22069436311721802
0.12910810112953186
0.320747047662735
0.18880245089530945
0.3150748908519745
0.41229796409606934
0.5150721073150635
0.2195630818605423
0.21956084668636322
0.34095004200935364
0.20918209850788116
0.2098662257194519
0.11917093396186829
0.13791270554065704
0.1734013855457306
0.2809114456176758
0.17379507422447205
0.2837933599948883
0.3120080530643463
0.36451631784439087
0.29110148549079895
0.4034210741519928
0.48740440607070923
0.21146249771118164
0.2819058895111084
0.21573758125305176
0.1690540462732315
0.2344333678483963
0.16664136946201324
0.19579178094863892
0.13388743996620178
0.3083868622779846
0.05046923831105232
0.16062457859516144
0.1713084727525711
0.08925878256559372
0.16920800507068634
0.25633540749549866
0.3249754011631012
0.1127130463719368
0.19244502484798431
0.365620493888855
0.3284476101398468
0.24160487949848175
0.2186654508113861
0.37209200859069824
0.28646066784858704
0.31514772772789
0.3016297221183777
0.4429132640361786
0.36119726300239563
0.7001369595527649
0.26773321628570557
0.28186702728271484
0.48267385363578796
0.5823200345039368
0.18798930943012238
0.2464565485715866
0.4917549192905426
0.2605293393135071
0.07934357970952988
0.32284772396087646
0.6191248297691345
0.17031559348106384
0.16932697594165802
0.6080060005187988
0.45335879921913147
0.24125368893146515
0.16917462646961212
0.2911946475505829
0.253225177526474
0.20116287469863892
0.2883976995944977
0.22754089534282684
0.11112487316131592
0.1534927785396576
0.22729523479938507
0.10300809890031815
0.18610922992229462
0.21642549335956573
0.15293826162815094
0.1464434564113617
0.2242024540901184
0.19295229017734528
0.24698366224765778
0.25608810782432556
0.19597135484218597
0.2646055221557617
0.29546019434928894
0.2585563063621521
0.33270755410194397
0.4359203577041626
0.4954909384250641
0.4009670615196228
0.31801897287368774
0.3348269462585449
0.5867612361907959
0.21057909727096558
0.3891454339027405
0.6711762547492981
0.5444258451461792
0.24182182550430298
0.4974292814731598
0.7723957896232605
0.6120759844779968
0.2616167962551117
0.5483167767524719
0.6318020820617676
0.23789885640144348
0.4412408769130707
0.7556385397911072
0.5464070439338684
0.4950505793094635
0.3516182005405426
0.33960849046707153
0.4965645968914032
0.4168904721736908
0.3527745306491852
0.41682669520378113
0.2814605236053467
0.31088295578956604
0.2776845097541809
0.4579906463623047
0.24973328411579132
0.1274397373199463
0.18188944458961487
0.31266406178474426
0.2475091964006424
0.3731670379638672
0.29284748435020447
0.21253474056720734
0.28305450081825256
0.32494473457336426
0.2474292665719986
0.325954407453537
0.2319675236940384
0.3802321255207062
0.4262741506099701
0.32968130707740784
0.4794479012489319
0.3647785782814026
