0.26479431986808777
0.24727855622768402
0.19862861931324005
0.21541324257850647
0.24384352564811707
0.1431911587715149
0.11819399893283844
0.23557360470294952
0.27643969655036926
0.46838924288749695
0.15511786937713623
0.28883424401283264
0.46191924810409546
0.6483224034309387
0.49220386147499084
0.21251678466796875
0.10619109123945236
0.4536833167076111
0.4750581979751587
0.2869986593723297
0.3089527189731598
0.7996404767036438
0.4599454700946808
0.23830914497375488
0.5411400198936462
0.6265900135040283
0.6125257015228271
0.607466995716095
0.5599947571754456
0.7433767318725586
0.5466141700744629
0.4971759617328644
0.6765169501304626
0.6657512784004211
0.6371793746948242
0.6416075229644775
0.6189873218536377
0.8468027114868164
0.6526325941085815
0.854033350944519
0.6116750836372375
0.7729375958442688
0.8151862025260925
0.7600976824760437
0.6651585698127747
0.7553430795669556
0.6476629972457886
0.5942148566246033
0.6155961751937866
0.6015856862068176
0.7071431279182434
0.7275374531745911
0.5741786956787109
0.5013750195503235
0.6390694379806519
0.5288189053535461
0.508012592792511
0.34776806831359863
0.8048393726348877
0.41433021426200867
0.5101504325866699
0.7454875111579895
0.769062340259552
0.6075263023376465
0.7246308326721191
0.6980526447296143
0.7737491726875305
0.8342941403388977
0.8555551767349243
0.8469644784927368
0.8322356343269348
0.9375446438789368
0.8247773051261902
0.7246131300926208
0.8617880344390869
0.5760313868522644
0.5044607520103455
0.32445311546325684
0.28223589062690735
0.4557300806045532
0.26686519384384155
0.3203830122947693
0.29504409432411194
0.6417611241340637
0.44558218121528625
0.6805869340896606
0.6963669657707214
0.8111071586608887
0.9434122443199158
0.8548746109008789
0.8153265714645386
0.8097527623176575
0.845960795879364
0.712363600730896
0.7111170887947083
0.5437755584716797
0.6172000169754028
0.5727481842041016
0.35516035556793213
0.688910722732544
0.3472609221935272
0.3299526274204254
0.6033722758293152
0.7048068642616272
0.35479068756103516
0.21728616952896118
0.5003231167793274
0.19183669984340668
0.16410215198993683
0.5683645009994507
0.4091372489929199
0.6052770614624023
0.8351606130599976
0.6339333653450012
0.5817358493804932
0.3369385004043579
0.511387050151825
0.556982696056366
0.49125227332115173
0.5087564587593079
0.532159686088562
0.5273520946502686
0.5852904915809631
0.6194601058959961
0.6281150579452515
0.49587881565093994
0.46785423159599304
