0.20792585611343384
0.3385876715183258
0.5620051026344299
0.3159799575805664
0.471273273229599
0.42034056782722473
0.40342575311660767
0.372939795255661
0.42846250534057617
0.41207355260849
0.3533976376056671
0.5747246146202087
0.40071144700050354
0.33883896470069885
0.4982495903968811
0.4148731529712677
0.3174557387828827
0.502514123916626
0.5107455849647522
0.4347972869873047
0.4803803861141205
0.5868320465087891
0.7142898440361023
0.4945596754550934
0.3568176031112671
0.5325196981430054
0.7363532781600952
0.48799869418144226
0.6960419416427612
0.7025914788246155
0.7210352420806885
0.6192763447761536
0.5868281722068787
0.6460158824920654
0.8020076751708984
0.6230325698852539
0.5119354724884033
0.6924582123756409
0.7600515484809875
0.5962926745414734
0.5919682383537292
0.669689953327179
0.6872380375862122
0.6072791814804077
0.49360907077789307
0.5576794743537903
0.6223776340484619
0.7201606035232544
0.5412494540214539
0.41594305634498596
0.7208598256111145
0.791071891784668
0.5574417114257812
0.6544821262359619
0.9103378653526306
0.872917890548706
0.5983842015266418
0.5617526173591614
0.7268796563148499
0.6357471346855164
0.5709841251373291
0.6060895919799805
0.6882479190826416
0.5378680229187012
0.4461883008480072
0.5688040256500244
0.14344358444213867
0.5910557508468628
0.4994239807128906
0.3287643492221832
0.4985767602920532
0.6060792803764343
0.5683478116989136
0.371778666973114
0.5118178129196167
0.4215199649333954
0.31970131397247314
0.30858853459358215
0.4099595844745636
0.47789520025253296
0.49364006519317627
0.4521942138671875
0.3862033188343048
0.38524410128593445
0.2577786445617676
0.4104307293891907
0.26170864701271057
