0.6946886777877808
0.6385501623153687
0.6830573678016663
0.6137884855270386
0.650995671749115
0.5052826404571533
0.4721916615962982
0.3831506371498108
0.4828311502933502
0.5013483166694641
0.5610225796699524
0.5645699501037598
0.5638452172279358
0.5445771217346191
0.2855583727359772
0.4786960780620575
0.5603950619697571
0.40381065011024475
0.5754446983337402
0.5573315620422363
0.5976844429969788
0.5729970335960388
0.48593124747276306
0.6691020131111145
0.7640493512153625
0.5655086040496826
0.7313328981399536
0.7102254033088684
0.7277037501335144
0.7918346524238586
0.7697404026985168
0.8151927590370178
0.5656960010528564
0.6152140498161316
0.7386966943740845
0.775473415851593
0.7122614979743958
0.813121497631073
0.7660898566246033
0.9179248809814453
0.8638917207717896
0.8332420587539673
0.7919732928276062
0.7604250311851501
0.8118728995323181
0.7467367053031921
0.6946283578872681
0.6812050938606262
0.8405610918998718
0.6479142308235168
0.7652220726013184
0.5222501158714294
0.699797511100769
0.6986454725265503
0.6144552826881409
0.5794288516044617
0.413921982049942
0.5695602893829346
0.5681660175323486
0.6730114817619324
0.6755640506744385
0.6208289861679077
0.7318251729011536
0.6704372763633728
0.793934166431427
0.5173175930976868
0.652336835861206
0.41605955362319946
0.7207993865013123
0.41970890760421753
0.5158900022506714
0.6139426231384277
0.5676818490028381
0.7798022031784058
0.6474167704582214
0.7216183543205261
0.6087237596511841
0.7149364948272705
0.47997596859931946
0.49566903710365295
0.5150664448738098
0.5137407779693604
0.5332490801811218
0.8287981152534485
0.8598368763923645
0.8770826458930969
0.7369666695594788
0.7168998718261719
0.5807833075523376
0.449209600687027
0.6115344166755676
0.374970406293869
0.5273079872131348
0.5560595393180847
0.5492486357688904
0.5792459845542908
