0.16568981111049652
0.17303650081157684
0.23782126605510712
0.16780386865139008
0.18549376726150513
0.2726905345916748
0.19773802161216736
0.2542610168457031
0.270666241645813
0.290539413690567
0.22573010623455048
0.3079017996788025
0.3011743724346161
0.3171413242816925
0.30702027678489685
0.12473330646753311
0.2717742323875427
0.16349932551383972
0.3602265417575836
0.41223272681236267
0.6254622936248779
0.6698213815689087
0.4421725869178772
0.3666209876537323
0.6379052996635437
0.5978968739509583
0.3448489308357239
0.2079373300075531
0.6856275200843811
0.4102168679237366
0.3702269196510315
0.4405454695224762
0.6402126550674438
0.4246741533279419
0.45147705078125
0.5812091827392578
0.34965386986732483
0.4124523103237152
0.7495291829109192
0.703264057636261
0.7521382570266724
0.6376526951789856
0.21586276590824127
0.4998382031917572
0.28457775712013245
0.3261818289756775
0.3140275776386261
0.04740934446454048
0.34764981269836426
0.33180519938468933
0.5113807320594788
0.2868601381778717
0.20270708203315735
0.16231688857078552
0.06547054648399353
0.06543882936239243
0.15434834361076355
0.1342603713274002
0.3149251341819763
0.26996728777885437
0.49842914938926697
0.5653307437896729
0.5570686459541321
0.28810223937034607
0.5359097719192505
0.308301717042923
0.13901640474796295
0.3276297152042389
0.6353095769882202
0.3292301297187805
0.1625548005104065
0.421005517244339
0.574081301689148
0.24847136437892914
0.3041568696498871
0.6610326170921326
0.5514686703681946
0.26316037774086
0.43035218119621277
0.2017565667629242
0.3870653808116913
0.44756099581718445
0.5458801984786987
0.1658562868833542
0.1339055597782135
0.12365581095218658
0.1556854248046875
0.3007928133010864
0.21120421588420868
0.23567870259284973
0.5082122087478638
0.40155985951423645
0.695159375667572
0.612444281578064
0.6845411062240601
0.718039333820343
0.7051684856414795
0.800147294998169
0.8676242828369141
0.6980200409889221
0.6497738361358643
0.21451988816261292
0.2562262713909149
0.0921943187713623
0.03235497325658798
0.050210073590278625
0.1718665212392807
0.20867012441158295
0.1662958413362503
0.29930630326271057
0.21747158467769623
0.10453008860349655
0.07848840206861496
0.03533317893743515
0.20183615386486053
0.17956744134426117
0.10148113965988159
0.06896747648715973
0.25535836815834045
0.25803032517433167
0.29453548789024353
0.1610439121723175
0.13260319828987122
0.2824200689792633
0.30875688791275024
0.4757567048072815
0.16595406830310822
0.1128460019826889
0.21095353364944458
0.3926659822463989
0.08663912862539291
0.07181578129529953
0.44239649176597595
0.20754177868366241
0.029879160225391388
0.07973307371139526
0.35632991790771484
0.03409441560506821
0.03687845543026924
0.21746642887592316
0.4684247374534607
0.11935847252607346
0.18073277175426483
0.6185176968574524
0.4860091805458069
0.5188290476799011
0.568734347820282
0.42312583327293396
0.42420828342437744
0.3970547914505005
0.2671029269695282
0.39256948232650757
0.36835387349128723
0.1355077475309372
0.15297718346118927
0.0366743728518486
0.08087041229009628
0.28011202812194824
0.21224917471408844
0.0818449854850769
0.18081945180892944
0.13528604805469513
0.4150516986846924
0.20630601048469543
0.0374438650906086
0.15234453976154327
0.06995973736047745
0.2625579535961151
0.34612327814102173
0.5223005414009094
0.2702192962169647
0.21875347197055817
0.054418567568063736
0.06220458075404167
0.0500418096780777
0.128813698887825
0.19788460433483124
0.07187581062316895
0.07937706261873245
0.16754017770290375
0.08066008985042572
0.14936409890651703
0.3405323922634125
0.12307866662740707
0.2585153877735138
0.23697106540203094
0.3114047348499298
0.47005897760391235
0.5221717953681946
0.47236618399620056
0.28405022621154785
0.4446181356906891
0.5818716883659363
0.4462209939956665
0.6274862289428711
0.3423002362251282
0.6376583576202393
0.438749760389328
0.5594241619110107
0.35759231448173523
0.4629550576210022
0.4812786281108856
0.34564289450645447
0.3692108690738678
0.36344611644744873
0.28824055194854736
0.302043080329895
0.31863629817962646
0.3986124098300934
0.3316717743873596
0.45025137066841125
0.6105158925056458
0.5860205888748169
0.470831036567688
0.591278612613678
0.6447687149047852
0.55830317735672
0.5530200004577637
0.29779285192489624
0.3232175409793854
0.16868805885314941
0.2149192839860916
0.14720948040485382
0.4650687277317047
0.12558613717556
0.06679175049066544
0.14735695719718933
0.4687490463256836
0.09087424725294113
0.059103984385728836
0.04584142565727234
0.12621401250362396
0.03645138069987297
0.06261599063873291
0.2207953780889511
0.15474754571914673
0.05323151871562004
0.09322590380907059
0.2816855013370514
0.07642718404531479
0.12128324061632156
0.18774621188640594
0.3662217855453491
0.3763895332813263
0.38293012976646423
0.4214971363544464
0.19216424226760864
0.24173876643180847
0.3201717138290405
0.4116773307323456
0.19278092682361603
0.3547711968421936
0.18283870816230774
0.19643664360046387
0.36796703934669495
0.36803916096687317
0.24257713556289673
0.15000216662883759
0.4389798939228058
0.5045454502105713
0.6331738233566284
0.2793993651866913
0.5137175917625427
0.5819362998008728
0.4173649847507477
0.2418920248746872
0.13384532928466797
0.35974550247192383
0.2281898707151413
0.1034565195441246
0.09342142194509506
0.2359466254711151
0.3668728768825531
0.21681033074855804
0.3547121584415436
0.3417227864265442
0.4559227526187897
0.2596200406551361
0.2904185652732849
0.35117533802986145
0.3355080783367157
0.3984156847000122
0.5800341367721558
0.2331138700246811
0.3855556845664978
0.38413453102111816
0.31592079997062683
0.37247490882873535
0.2326498031616211
0.14667309820652008
0.32737067341804504
0.3819524049758911
0.1189408078789711
0.1356688141822815
0.582633376121521
0.3676721751689911
0.1251213252544403
0.5277181267738342
0.6593130230903625
0.33721724152565
0.5786325931549072
0.6733220219612122
0.4124663472175598
0.7538456320762634
0.41453319787979126
0.6182845234870911
0.6609004735946655
0.5901591777801514
0.6545169353485107
0.639393150806427
0.13754624128341675
0.7151419520378113
0.8330538272857666
0.31898391246795654
0.46156278252601624
0.653849184513092
0.5812698602676392
0.2663472890853882
0.463880330324173
0.34085413813591003
0.25000399351119995
0.23831897974014282
0.34782838821411133
0.29979991912841797
0.27257099747657776
0.3356616497039795
