0.3914557695388794
0.7789115905761719
0.6633977890014648
0.38348039984703064
0.45776107907295227
0.7993578314781189
0.5087660551071167
0.4039061367511749
0.8149533271789551
0.72405606508255
0.5616666078567505
0.12107205390930176
0.7033990025520325
0.6389244794845581
0.22638379037380219
0.6254499554634094
0.8090099692344666
0.6556616425514221
0.5561648607254028
0.5295116305351257
0.7867178320884705
0.38722679018974304
0.16784876585006714
0.274135023355484
0.4048958718776703
0.2379549890756607
0.3798520267009735
0.5105774998664856
0.56111741065979
0.2776537835597992
0.5022162795066833
0.6853762865066528
0.6440333724021912
0.6019032597541809
0.8659075498580933
0.5221937298774719
0.763183057308197
0.5452178120613098
0.3162984549999237
0.8064284920692444
0.7477404475212097
0.3552059829235077
0.15436656773090363
0.8579853773117065
0.38575097918510437
0.3305412232875824
0.7316060662269592
0.736518919467926
0.5383346676826477
0.6202033758163452
0.5257825255393982
0.5306365489959717
0.261326402425766
0.4166794419288635
0.2716057002544403
0.20783598721027374
0.2849102318286896
0.3564465641975403
0.4827949106693268
0.23278369009494781
0.5865991711616516
0.22051484882831573
0.4108155071735382
0.44857528805732727
0.7846911549568176
0.7639489769935608
0.7186792492866516
0.8346639275550842
0.752680778503418
0.5482762455940247
0.8534426093101501
0.1695697009563446
0.4474319815635681
0.8479079604148865
0.8472148180007935
0.24638134241104126
0.1485043317079544
0.8803214430809021
0.29344239830970764
0.22279906272888184
0.8102279305458069
0.8662005662918091
0.36841627955436707
0.48255661129951477
0.41087526082992554
0.5396945476531982
0.1814250648021698
0.2229863554239273
0.12260673195123672
0.3010033667087555
0.22234736382961273
0.2318968027830124
0.2489292323589325
0.4660796523094177
0.3859698176383972
0.23537331819534302
0.5094829201698303
0.4280470311641693
0.5779728293418884
0.5150220990180969
0.8350098133087158
0.40995365381240845
0.5389321446418762
0.5294040441513062
0.5555057525634766
0.6706374287605286
0.7917697429656982
0.7640946507453918
0.8342325091362
0.8893498182296753
0.823808491230011
0.6481671929359436
0.558559238910675
0.742760419845581
0.8207061886787415
0.7187801003456116
0.6138213276863098
0.4855230748653412
0.2793671786785126
0.31729188561439514
0.7668104767799377
0.2331627756357193
0.38762179017066956
0.7265179753303528
0.7285422682762146
0.2659634053707123
0.13764269649982452
0.7385950088500977
0.1722557097673416
0.25256189703941345
0.5280361771583557
0.7240582704544067
0.3441721498966217
0.4277303218841553
0.3140374720096588
0.6890724301338196
0.35809043049812317
0.26080501079559326
0.2670266032218933
0.47039827704429626
0.4190024435520172
0.4783121645450592
0.365532785654068
0.49491792917251587
0.5084226727485657
0.13361158967018127
0.5191940665245056
0.3771359324455261
0.3933500349521637
0.4200543463230133
0.4557759463787079
0.5353443622589111
0.5171555876731873
0.7677417993545532
0.5365696549415588
0.492125928401947
0.7190881967544556
0.429598867893219
0.5410764217376709
0.623909592628479
0.44151970744132996
0.542602002620697
0.5834037065505981
0.5718753933906555
0.39152076840400696
0.6813088059425354
0.6785018444061279
0.782241702079773
0.720002293586731
0.8164229989051819
0.8431515693664551
0.899339497089386
0.879499077796936
0.9345472455024719
0.934173047542572
0.9166041612625122
0.962065577507019
0.9347721934318542
0.6789373755455017
0.7965397238731384
0.7752151489257812
0.8038338422775269
0.7889285683631897
0.6968658566474915
0.7890742421150208
