0.37358298897743225
0.44457298517227173
0.33181294798851013
0.14439301192760468
0.02758920006453991
0.06389511376619339
0.11492685228586197
0.15445977449417114
0.3372935354709625
0.5432689785957336
0.4303685426712036
0.4568099081516266
0.32884496450424194
0.17335990071296692
0.18575076758861542
0.29110610485076904
0.17533481121063232
0.15295839309692383
0.25231078267097473
0.1202361062169075
0.4007372260093689
0.5711959004402161
0.7958818078041077
0.8082687258720398
0.8768194317817688
0.22889187932014465
0.5787526965141296
0.8400258421897888
0.2208084613084793
0.09753983467817307
0.7041032910346985
0.7553960084915161
0.41256967186927795
0.546990692615509
0.5736939907073975
0.8679593205451965
0.7312967777252197
0.9002699255943298
0.9197216033935547
0.9576485753059387
0.9477143883705139
0.9499909281730652
0.9532464146614075
0.7921069264411926
0.9437307715415955
0.90936279296875
0.9017446637153625
0.8744925856590271
0.4517556428909302
0.5228883028030396
0.2527853548526764
0.4738299548625946
0.3185054361820221
0.36700013279914856
0.21683122217655182
0.1752738505601883
0.43704479932785034
0.5334165692329407
0.841208279132843
0.8746285438537598
0.9365377426147461
0.9394734501838684
0.9031128287315369
0.9676094055175781
0.9617550373077393
0.9271563291549683
0.867766797542572
0.8739013671875
0.738209068775177
0.7614291310310364
0.7426952719688416
0.4701051115989685
0.4146208167076111
0.410238116979599
0.5461928248405457
0.4541110396385193
0.8534167408943176
0.5449550747871399
0.584785521030426
0.8076774477958679
0.5900067090988159
0.8338916897773743
0.1825680285692215
0.46713706851005554
0.3440282940864563
0.20783738791942596
0.051969610154628754
0.12346632033586502
0.1596120446920395
0.42973145842552185
0.482101708650589
0.7632846832275391
0.4779071807861328
0.8390874266624451
0.870852530002594
0.7584813237190247
0.8187092542648315
0.9438021183013916
