0.301991730928421
0.44133254885673523
0.4028560221195221
0.17015202343463898
0.4225381314754486
0.6409019231796265
0.5241678357124329
0.40277498960494995
0.6349359750747681
0.5202450156211853
0.4486961364746094
0.4110223948955536
0.6139107346534729
0.6180417537689209
0.4165692925453186
0.43894049525260925
0.3679853677749634
0.4362954795360565
0.3438373804092407
0.6929774880409241
0.6759272217750549
0.6377467513084412
0.7788172364234924
0.7040627598762512
0.5572404861450195
0.5213567018508911
0.37105584144592285
0.41293981671333313
0.4451940357685089
0.457092821598053
0.6262756586074829
0.5558692216873169
0.5003200173377991
0.6008564829826355
0.6729823350906372
0.5769862532615662
0.7293371558189392
0.5853433012962341
0.745665431022644
0.6661770343780518
0.7179489135742188
0.5485008955001831
0.6261500716209412
0.3621191680431366
0.4357532560825348
0.5142094492912292
0.6701892018318176
0.5856512188911438
0.5056751370429993
0.5155398845672607
0.3745666444301605
0.48289981484413147
0.42845848202705383
0.439418226480484
0.5491077899932861
0.5768821239471436
0.5119650959968567
0.3747667968273163
0.741105854511261
0.6831811666488647
0.6943590641021729
0.650331437587738
0.4827025234699249
0.4322196841239929
0.7734218835830688
0.609081506729126
0.44248494505882263
0.5655262470245361
0.6121047735214233
0.6402196288108826
0.31605401635169983
0.7397934794425964
0.5005900263786316
0.6036074161529541
0.7164652943611145
0.7070350050926208
0.4898417890071869
0.6937034726142883
0.6324528455734253
0.6828522682189941
0.45356279611587524
0.7506149411201477
0.7290941476821899
0.807493269443512
0.6016144752502441
0.5775958299636841
0.6687695384025574
0.8388980031013489
0.5804505944252014
0.6896902918815613
0.6613832116127014
0.71808260679245
0.7608340382575989
0.7676714062690735
0.6668103337287903
0.6200459599494934
0.6180586218833923
0.645613968372345
0.7417493462562561
0.766565203666687
0.6518410444259644
0.5310279726982117
0.3301439881324768
0.4824833869934082
0.6984254717826843
0.4623211920261383
0.425348699092865
0.6126019954681396
0.5499795079231262
0.4834628701210022
0.6133568286895752
0.6470310091972351
0.7593449354171753
0.5707328915596008
0.8087829351425171
0.537074625492096
0.3583642542362213
0.768912136554718
0.7327930927276611
0.5629675984382629
0.5667303800582886
0.6886054873466492
0.7112348675727844
0.30265724658966064
0.4433114230632782
0.4975230395793915
0.6149874329566956
0.5878415703773499
0.673244059085846
0.7282960414886475
0.7361028790473938
0.7731404304504395
0.6966925263404846
0.6803755760192871
0.415885865688324
0.553987979888916
0.3813241422176361
0.5022515654563904
0.2668747305870056
0.2997916042804718
0.34808531403541565
0.36624613404273987
0.41028541326522827
0.43558159470558167
0.5418639779090881
0.4938061535358429
0.6133056879043579
0.3648969233036041
0.5097646713256836
0.703548789024353
0.49859046936035156
0.8025277853012085
0.73740553855896
0.30789610743522644
0.5054383277893066
0.6321291923522949
0.5749547481536865
0.4632434844970703
0.5195934772491455
0.663624107837677
0.4814542233943939
0.6098580360412598
0.6819714307785034
0.7347099184989929
0.8455773591995239
0.7821431756019592
0.8001752495765686
0.8711509704589844
0.6993334889411926
0.4990241825580597
0.6660654544830322
0.42919090390205383
0.4472823739051819
0.5048888325691223
0.6400207877159119
0.5289955139160156
0.5541753172874451
0.6551907658576965
0.7787681221961975
0.667924702167511
0.8033173084259033
0.6117761731147766
0.6659905314445496
0.6037810444831848
0.3595711290836334
0.32108935713768005
0.6223970055580139
0.5659292936325073
0.6078181266784668
0.3533477783203125
0.4112323522567749
0.5360134243965149
0.5035585761070251
0.4800509512424469
0.6781784296035767
0.3528048098087311
0.5546386241912842
0.5033441781997681
0.6237643957138062
0.6731170415878296
0.718098521232605
0.4864296317100525
0.6313788294792175
0.5327292084693909
0.41238272190093994
0.5336667895317078
0.5903778672218323
0.6007155179977417
0.5882678031921387
0.6232967376708984
0.6087630391120911
0.6380642056465149
0.7153485417366028
0.6212493181228638
0.7626981735229492
0.6684965491294861
0.7344754934310913
0.8498043417930603
0.7320836782455444
0.8369454145431519
0.6516398191452026
0.5096266865730286
0.713009774684906
0.77778160572052
0.6241716742515564
0.47250890731811523
0.6145859360694885
0.5448982119560242
0.3772334158420563
0.5895889401435852
0.7118843197822571
0.6444886326789856
0.659089982509613
0.6500405669212341
