0.39800044894218445
0.35131752490997314
0.40522143244743347
0.42195388674736023
0.4206938147544861
0.43916767835617065
0.5233485102653503
0.5602031350135803
0.4186493754386902
0.49734702706336975
0.5039916038513184
0.496982216835022
0.3395167887210846
0.6677592396736145
0.4218255281448364
0.682937741279602
0.5934419631958008
0.6830126047134399
0.6637936234474182
0.7523770332336426
0.580631673336029
0.5260019302368164
0.6810632348060608
0.4793912172317505
0.735850989818573
0.4719906449317932
0.548146665096283
0.5899795293807983
0.5620240569114685
0.6702821254730225
0.6637977957725525
0.361393541097641
0.5164397358894348
0.44572868943214417
0.7376219034194946
0.327584832906723
0.2877160608768463
0.40040621161460876
0.43502095341682434
0.4061298966407776
0.27911970019340515
0.3945273756980896
0.38718119263648987
0.29070785641670227
0.38616931438446045
0.13933922350406647
0.23665256798267365
0.11461573094129562
0.37881162762641907
0.09094725549221039
0.24753379821777344
0.10299961268901825
0.40655916929244995
0.0935552716255188
0.25333505868911743
0.19009338319301605
0.17641182243824005
0.46914154291152954
0.3252936601638794
0.47397223114967346
0.4375206530094147
0.2692381739616394
0.19508621096611023
0.36211463809013367
0.2687761187553406
0.34523603320121765
0.43187645077705383
0.18947163224220276
0.2914789021015167
0.1263452023267746
0.3591286838054657
0.1139877662062645
0.39131250977516174
0.13448560237884521
0.2731376886367798
0.24077966809272766
0.3910864293575287
0.2789817154407501
0.1082024946808815
0.5505094528198242
0.13236482441425323
0.5136145949363708
0.153155118227005
0.24883879721164703
0.21100647747516632
0.22605803608894348
0.3824636936187744
0.22075970470905304
0.36636677384376526
0.4349600374698639
0.4569666087627411
0.25283482670783997
0.13135926425457
0.308006227016449
0.1877441555261612
0.36310115456581116
0.23498283326625824
0.34318503737449646
0.3739840090274811
0.3698773980140686
0.2836790978908539
0.26434674859046936
0.17494459450244904
0.22319112718105316
0.30110859870910645
0.22726671397686005
0.13624954223632812
0.4287622272968292
0.2372692972421646
0.2150801718235016
0.13719449937343597
0.24026542901992798
0.19495616853237152
0.281218945980072
0.34319478273391724
0.2744992971420288
0.19603748619556427
0.3873842656612396
0.17934192717075348
0.1957392692565918
0.4687596559524536
0.4653841257095337
0.413507342338562
0.2329011708498001
0.15579381585121155
0.12560349702835083
0.4044360816478729
0.20575517416000366
0.2796163558959961
0.13892169296741486
0.3185287117958069
0.04878637567162514
0.32411646842956543
0.10502723604440689
0.32891443371772766
0.34489336609840393
0.5666118264198303
0.47660914063453674
0.42566797137260437
0.4688180983066559
0.3570703864097595
0.35869741439819336
0.11147397011518478
0.16476592421531677
0.07718964666128159
0.24284406006336212
0.09026580303907394
0.3010464310646057
0.18644049763679504
0.49079301953315735
0.18442319333553314
0.49232855439186096
0.3792431354522705
0.6121892333030701
0.60908442735672
0.3408176898956299
0.4105258882045746
0.1709105521440506
0.19485506415367126
0.09517852216959
0.21837373077869415
0.07610489428043365
0.17346270382404327
0.09434438496828079
0.2722174823284149
0.1027548760175705
0.3224640190601349
0.1841004192829132
0.3640938699245453
0.4612586200237274
0.2708967626094818
0.4090435802936554
0.5477452874183655
0.2902607023715973
0.24362148344516754
0.33004289865493774
0.2886206805706024
0.6151860356330872
0.44431272149086
0.580411434173584
0.6277003288269043
0.5944341421127319
0.3243347704410553
0.2542622983455658
0.34131062030792236
0.30822014808654785
0.4155881702899933
0.4306827783584595
0.4656876027584076
0.5722039341926575
0.4978224039077759
0.5056074857711792
0.26491743326187134
0.4728459417819977
0.14951494336128235
0.39568600058555603
0.284263014793396
0.4875929057598114
0.40954315662384033
0.49560657143592834
0.3641482889652252
0.38034024834632874
0.20491109788417816
0.24741315841674805
0.23362213373184204
0.19699734449386597
0.20266690850257874
0.22133463621139526
0.2018110305070877
0.15978965163230896
0.13568346202373505
0.19814935326576233
0.2768818438053131
0.33001768589019775
0.48404011130332947
0.42627811431884766
0.4827887713909149
0.4561423659324646
0.3830392360687256
0.46413135528564453
0.22918207943439484
0.3909173309803009
0.12304607778787613
0.389263391494751
0.11313445121049881
0.47271209955215454
0.48300701379776
0.6793500781059265
0.6918995976448059
0.8092371821403503
0.6982083916664124
0.6190451383590698
0.5243509411811829
0.6774209141731262
0.6835154891014099
0.6772485971450806
0.5763570666313171
0.3376176059246063
0.3434866666793823
0.24804475903511047
0.37698182463645935
0.3119870126247406
0.11342721432447433
0.23385031521320343
0.15075208246707916
0.25097179412841797
0.3132818043231964
0.5876011252403259
0.589421272277832
0.4090031087398529
0.6748166084289551
0.3282654285430908
0.5573249459266663
0.45870092511177063
0.4684170186519623
0.4809707999229431
0.5338780283927917
0.5487563014030457
0.44986692070961
0.3215450346469879
0.2537292540073395
0.5249060988426208
0.3890271484851837
0.49065080285072327
0.2385440468788147
0.5044645071029663
0.15137487649917603
0.22754664719104767
0.07286392897367477
0.10986290872097015
0.3522859811782837
0.3278850018978119
0.41912180185317993
