0.14883160591125488
0.1032424122095108
0.009640511125326157
0.007088098209351301
0.0037601920776069164
0.00846775807440281
0.0050581106916069984
0.007127251010388136
0.01729234680533409
0.11959995329380035
0.24059966206550598
0.10138419270515442
0.06708448380231857
0.07859475165605545
0.016678310930728912
0.026472238823771477
0.02275409735739231
0.026529422029852867
0.13721679151058197
0.09025373309850693
0.06297693401575089
0.03235554322600365
0.175681933760643
0.2709435522556305
0.23986458778381348
0.14847099781036377
0.3235938847064972
0.1785922646522522
0.6301574110984802
0.5932677984237671
0.6049458980560303
0.2243993580341339
0.48930564522743225
0.43891245126724243
0.4816649854183197
0.8270018696784973
0.5988129377365112
0.7193915247917175
0.8108143210411072
0.46045050024986267
0.3451114594936371
0.16847559809684753
0.19899995625019073
0.11190346628427505
0.3312142789363861
0.12316498905420303
0.5305715203285217
0.3396053910255432
0.027322562411427498
0.3755641281604767
0.7162936329841614
0.20309124886989594
0.0739152655005455
0.7842496037483215
0.8236014246940613
0.08538989722728729
0.3106287717819214
0.9009279608726501
0.7345026731491089
0.07179535180330276
0.4957534074783325
0.8187942504882812
0.7079654932022095
0.4121679365634918
0.7109329700469971
0.5203249454498291
0.5160912275314331
0.6920821666717529
0.5492724180221558
0.2826341986656189
0.2094128578901291
0.07520311325788498
0.03337373584508896
0.052435290068387985
0.006755202542990446
0.007495059631764889
0.0056303637102246284
0.006310207769274712
0.014308515936136246
0.03734002634882927
0.011097420006990433
0.006247351411730051
0.001643665716983378
0.004811384715139866
0.0032593824435025454
0.019625388085842133
0.03282402455806732
0.07950571924448013
0.07744226604700089
0.09483259171247482
0.07172632217407227
0.1593465358018875
0.043354686349630356
0.058969564735889435
0.31639817357063293
0.26540425419807434
0.014615450985729694
0.03926024213433266
0.05718059837818146
0.21461395919322968
0.2880963683128357
0.11123564839363098
0.3982097804546356
0.39524737000465393
0.052621737122535706
0.08508220314979553
0.19391994178295135
0.08304940909147263
0.07467491179704666
0.16553540527820587
0.19900651276111603
0.07215739041566849
0.30148667097091675
0.24838906526565552
0.09576386958360672
0.13319824635982513
0.10071320086717606
0.20225250720977783
0.22889243066310883
0.3394879102706909
0.035992588847875595
0.27797839045524597
0.2383764386177063
0.10426892340183258
0.029042759910225868
0.039855387061834335
0.04014287143945694
0.22095252573490143
0.13795198500156403
0.2793649733066559
0.09847549349069595
0.19844333827495575
0.06154065579175949
0.002633601427078247
0.004776219371706247
0.014427928254008293
0.018687579780817032
0.002534854458644986
0.05061463639140129
0.10920535027980804
0.034244149923324585
0.03434530273079872
0.13095790147781372
0.3726412057876587
0.12258308380842209
0.2178240865468979
0.04412772133946419
0.025644315406680107
0.1342919021844864
0.032968152314424515
0.03757505491375923
0.01384543627500534
0.07924578338861465
0.033448074012994766
0.012513232417404652
0.03182739019393921
0.0215680580586195
0.009295796044170856
0.002722259610891342
0.001249600318260491
0.0019263052381575108
0.0015103946207091212
0.0021191721316426992
0.0021586627699434757
0.011468274518847466
0.008862857706844807
0.017772383987903595
0.03283580020070076
0.32397788763046265
0.39190545678138733
0.21575458347797394
0.3885470926761627
0.041289232671260834
0.25837698578834534
0.1035841852426529
0.024705858901143074
0.012801075354218483
0.0017300971085205674
0.0097932368516922
0.0497010238468647
0.02687305584549904
0.0047000618651509285
0.005502127110958099
0.015334983356297016
0.051084067672491074
0.003114433493465185
0.01837107725441456
0.011523640714585781
0.024721307680010796
0.044215742498636246
0.08980084210634232
0.4321991205215454
0.21778197586536407
0.231903076171875
0.07879111170768738
0.0517021007835865
0.020811162889003754
0.027591269463300705
0.1554882675409317
0.020089752972126007
0.012049448676407337
0.0792313814163208
0.1449390947818756
0.05435165390372276
0.0662899985909462
0.032444316893815994
0.01493747066706419
0.06778862327337265
0.044067539274692535
0.015375877730548382
0.014629349112510681
0.00845867209136486
0.04555376619100571
0.015441990457475185
0.1083608865737915
0.10801003873348236
0.030279060825705528
0.014407459646463394
0.0770609974861145
0.3268080949783325
0.13405270874500275
0.3745579421520233
0.7994517087936401
0.5367357134819031
0.8147678375244141
0.7811436653137207
0.6866101026535034
0.3128357529640198
0.1141403540968895
0.013546128757297993
0.005344460252672434
0.007297972217202187
0.006979645229876041
0.01824941486120224
0.06357262283563614
0.1306455433368683
0.059496428817510605
0.013177478685975075
0.042612332850694656
0.12685804069042206
0.06139197573065758
0.05613013729453087
0.2777637243270874
0.2238646298646927
0.13934877514839172
0.22736962139606476
0.368848592042923
0.21899886429309845
0.089190773665905
0.21548333764076233
0.06149359047412872
0.0960119441151619
0.03486642614006996
0.09932003915309906
0.10415083169937134
0.05650560185313225
0.2370864599943161
0.07135181128978729
0.04188389331102371
0.12305863946676254
0.01916724257171154
0.03557128831744194
0.03745314106345177
0.0469948947429657
0.06502822786569595
0.08297687023878098
0.3631324768066406
0.22677697241306305
0.18858584761619568
0.14483989775180817
0.3243389129638672
0.12124184519052505
0.3586233854293823
0.32260847091674805
0.21434549987316132
0.10457975417375565
0.09106818586587906
0.04693760722875595
0.03997474163770676
0.0606762170791626
0.047704752534627914
0.10207989066839218
0.04438706859946251
0.18771132826805115
0.10754350572824478
0.025457100942730904
0.10009215027093887
0.1198776587843895
0.10062754154205322
0.13056837022304535
0.013915115036070347
0.03100373037159443
0.07000133395195007
0.05000787600874901
0.22349122166633606
0.1281857043504715
0.4622178077697754
0.2291957288980484
0.08242765069007874
0.13707676529884338
0.3842567205429077
0.2236485481262207
0.30110418796539307
0.6180486083030701
0.8285695910453796
0.45602068305015564
0.6604102253913879
0.7785640358924866
0.8643595576286316
0.8836187720298767
0.9105085730552673
0.8489652872085571
0.5494851469993591
0.818210780620575
0.6782068014144897
0.6243125200271606
0.6967330574989319
0.5665091276168823
0.18352597951889038
0.3549117147922516
0.7424789667129517
0.6033876538276672
0.31994274258613586
0.42530393600463867
0.7241297960281372
0.6975688934326172
0.6650131344795227
0.7409286499023438
0.5666927099227905
0.7803548574447632
0.7207223176956177
0.5302997827529907
0.49224361777305603
0.4303116500377655
0.37226465344429016
0.3611193299293518
0.3762977421283722
0.7756417393684387
0.4084320366382599
0.24318377673625946
0.3620465099811554
0.2296629548072815
0.23809252679347992
0.41699475049972534
0.6903905272483826
0.4882582128047943
0.6228957772254944
0.4392240345478058
0.6400622129440308
0.32834821939468384
0.8566176295280457
0.7899375557899475
0.8625350594520569
0.878419816493988
0.8199337720870972
0.8795093894004822
0.9429761171340942
0.935077965259552
0.9724740982055664
0.9099447727203369
0.8200477957725525
0.8641890287399292
0.809389054775238
0.5579493045806885
0.6279097199440002
0.7572584748268127
0.3267640471458435
0.4511825740337372
0.42389872670173645
0.3157053589820862
0.23396505415439606
0.4110623002052307
0.21036288142204285
0.10540109127759933
0.07848096638917923
0.41618025302886963
0.372504860162735
0.06117847189307213
0.34350624680519104
0.2331349104642868
0.047485072165727615
0.09530437737703323
0.34415292739868164
0.07049689441919327
0.026800010353326797
0.14498651027679443
0.12183686345815659
0.09486988186836243
0.1427505612373352
0.17592307925224304
0.2692101299762726
0.25203561782836914
0.16209819912910461
0.15929539501667023
0.07094202935695648
0.030379004776477814
0.19898256659507751
0.032511595636606216
0.07000523060560226
0.0891873687505722
0.2114497274160385
0.1153169646859169
0.08223260194063187
0.3027791380882263
0.23049235343933105
0.362567275762558
0.504281222820282
0.10138735920190811
0.030711224302649498
0.24077977240085602
0.40473777055740356
0.07300621271133423
0.021396365016698837
0.1255069375038147
0.19031575322151184
0.14217694103717804
0.14645890891551971
0.1488090306520462
0.12471287697553635
0.02940971404314041
0.09581107646226883
0.1213216781616211
0.1347711831331253
0.30434373021125793
0.286967933177948
0.29665786027908325
0.3227023184299469
0.12967592477798462
0.04821399599313736
0.00847727432847023
0.04673433303833008
0.006549295969307423
0.0025210976600646973
0.0049009984359145164
0.02671511098742485
0.0045700641348958015
0.0010976719204336405
0.0013679394032806158
0.009498066268861294
0.0044587054289877415
0.012926103547215462
0.021335413679480553
0.04543616250157356
0.022951839491724968
0.04614466428756714
0.08386880904436111
0.0950484499335289
0.11755849421024323
0.10149810463190079
0.09091529250144958
0.356232225894928
0.14878156781196594
0.22625769674777985
0.30618301033973694
0.2785046696662903
0.21906079351902008
0.15707778930664062
0.17902317643165588
0.11904042214155197
0.07986172288656235
0.2420230507850647
0.1216605007648468
0.2084525227546692
0.724669873714447
0.3251376152038574
0.12957502901554108
0.5603245496749878
0.5357338786125183
0.25102123618125916
0.6209751963615417
0.8527057766914368
0.7959906458854675
0.44869476556777954
0.5816522240638733
0.5989693403244019
0.4829917550086975
0.5546287298202515
0.7431491017341614
0.44783926010131836
0.5332474112510681
0.6590154767036438
0.8847507834434509
0.4115672707557678
0.538724422454834
0.6384109258651733
0.9046292901039124
0.6389178037643433
0.6670644283294678
0.4871986210346222
