0.21398566663265228
0.12741664052009583
0.24248109757900238
0.32146963477134705
0.32792630791664124
0.4886031150817871
0.50367671251297
0.4343791604042053
0.4975013732910156
0.6153187155723572
0.5716391801834106
0.6288102269172668
0.7160089612007141
0.1500718742609024
0.2447614222764969
0.2640809416770935
0.5592897534370422
0.5699769258499146
0.41327667236328125
0.18330703675746918
0.2099745124578476
0.41055238246917725
0.3286798894405365
0.3993211090564728
0.19325637817382812
0.3191695213317871
0.2391546368598938
0.4200100302696228
0.34244462847709656
0.05932129919528961
0.5487855076789856
0.6464994549751282
0.33468595147132874
0.3327570855617523
0.6870254874229431
0.6751385927200317
0.8572958707809448
0.8251950740814209
0.5827119946479797
0.47655561566352844
0.8313475847244263
0.5620999336242676
0.742336094379425
0.8702853322029114
0.5780920386314392
0.4152989387512207
0.6302239894866943
0.4507274031639099
0.5887578725814819
0.44633427262306213
0.5788756608963013
0.8269855380058289
0.9216383695602417
0.6587979793548584
0.687334418296814
0.8673500418663025
0.9214025139808655
0.6311922073364258
0.8536719083786011
0.618685781955719
0.3813292980194092
0.42813581228256226
0.2618708312511444
0.476208359003067
0.24364344775676727
0.558880090713501
0.8298219442367554
0.8249734044075012
0.5225481986999512
0.3645543158054352
0.19400043785572052
0.4339998662471771
0.18128640949726105
0.24789148569107056
0.13559363782405853
0.5753476619720459
0.24907536804676056
0.24691227078437805
0.5112236142158508
0.39334872364997864
0.7919260263442993
0.5849828720092773
0.5985499620437622
0.8511599898338318
0.8622199296951294
0.9318046569824219
0.8307169079780579
0.9246351718902588
0.6664314270019531
0.8232133388519287
0.6128199696540833
0.5578013062477112
0.26823702454566956
0.6010233163833618
0.6347812414169312
0.659041166305542
0.776777982711792
0.8842653036117554
0.8915145993232727
0.8971197605133057
0.719461977481842
0.6026442646980286
0.7951838374137878
0.8011294603347778
0.9307923913002014
0.8417428135871887
0.8778886795043945
0.7984582185745239
0.7490774393081665
0.6765409708023071
0.6636536717414856
0.662503182888031
0.7377633452415466
0.5973120927810669
0.7867556214332581
0.5311213135719299
0.8028654456138611
0.40657666325569153
0.4009717106819153
0.11987265199422836
0.05386392027139664
0.3707932233810425
0.1361585110425949
0.1579272598028183
0.17627394199371338
0.12789423763751984
0.1729794144630432
0.2435196489095688
0.3026697635650635
0.24176433682441711
0.3912324011325836
0.5213550329208374
0.2744102478027344
0.4583338797092438
0.40424400568008423
