0.11191080510616302
0.16534940898418427
0.11825895309448242
0.10569923371076584
0.1775369495153427
0.1418730765581131
0.08472728729248047
0.05685852840542793
0.10764611512422562
0.06832010298967361
0.031919825822114944
0.06897558271884918
0.05220688134431839
0.03179464116692543
0.021204719319939613
0.01608089916408062
0.016735846176743507
0.0155080771073699
0.022821152582764626
0.017558546736836433
0.023236766457557678
0.01778622530400753
0.00693941954523325
0.011019167490303516
0.014751414768397808
0.007697111461311579
0.008710693567991257
0.0062448554672300816
0.006774999666959047
0.007383480668067932
0.0042556095868349075
0.007198193110525608
0.006750558502972126
0.012361385859549046
0.021703360602259636
0.024624017998576164
0.03365373611450195
0.057871535420417786
0.15246646106243134
0.08120986074209213
0.14007747173309326
0.22024357318878174
0.24508745968341827
0.2662900686264038
0.325197696685791
0.21609297394752502
0.34447789192199707
0.5637128949165344
0.4405333697795868
0.3141334652900696
0.22237057983875275
0.27722445130348206
0.3522911071777344
0.23938113451004028
0.11506877094507217
0.30992162227630615
0.36400604248046875
0.19127869606018066
0.18773646652698517
0.33375561237335205
0.3766412138938904
0.3687739074230194
0.45399343967437744
0.5887672901153564
0.3944104313850403
0.36518150568008423
0.5034725069999695
0.42265358567237854
0.3682851791381836
0.4436025321483612
0.487081378698349
0.3922117054462433
0.31813329458236694
0.37702974677085876
0.4359796643257141
0.37615346908569336
0.6296370029449463
0.6413955688476562
0.6507360935211182
0.5826995968818665
0.5059391856193542
0.535673975944519
0.2864450216293335
0.2810399532318115
0.3125077784061432
0.3934815526008606
0.1386229544878006
0.045209936797618866
0.03649301826953888
0.1058514341711998
0.06535740941762924
0.08819416910409927
0.19606450200080872
0.055202681571245193
0.05734388902783394
0.23008129000663757
0.10375283658504486
0.1275792121887207
0.040310077369213104
0.06740034371614456
0.0612274594604969
0.10176482796669006
0.0245360117405653
0.0729731097817421
0.061378929764032364
0.12583573162555695
0.06551609188318253
0.1397494524717331
0.07245341688394547
0.12790365517139435
0.0869678482413292
0.18896450102329254
0.08992544561624527
0.100780189037323
0.07755960524082184
0.16258171200752258
0.25641900300979614
0.3845929205417633
0.2746502459049225
0.29147428274154663
0.3022134304046631
0.38794246315956116
0.3998951017856598
0.28568974137306213
0.3593513071537018
0.5584017634391785
0.5124463438987732
0.36881932616233826
0.6648185849189758
0.6964372992515564
0.5158481001853943
0.5547708868980408
0.7753419876098633
0.758195161819458
0.7183089852333069
0.8145739436149597
0.7416067719459534
0.719781219959259
0.6337264180183411
0.6616669297218323
0.5926907658576965
0.6740471124649048
0.6329944729804993
0.6887514591217041
0.5361158847808838
0.5696750283241272
0.3561939001083374
0.46764224767684937
0.22716790437698364
0.07785023003816605
0.21702244877815247
0.11393439769744873
0.1899815946817398
0.18855158984661102
0.32936954498291016
0.4421696662902832
0.26365697383880615
0.30689361691474915
0.32435178756713867
0.38949528336524963
0.3671044707298279
0.14222903549671173
0.2897771894931793
0.3524065911769867
0.3690917491912842
0.13946379721164703
0.5225109457969666
0.5862557291984558
0.5150344371795654
0.3625273108482361
0.7159967422485352
0.4768257141113281
0.4247871935367584
0.1412559598684311
0.2955300211906433
0.20361539721488953
0.1329220086336136
0.1535254269838333
0.15809598565101624
0.22678664326667786
0.1755969077348709
0.16670851409435272
0.0834464356303215
0.10100153833627701
0.14713972806930542
0.08705728501081467
0.18582411110401154
0.18755590915679932
0.15439103543758392
0.109314925968647
0.3548819124698639
0.21457640826702118
0.16248425841331482
0.24788743257522583
0.40369924902915955
0.36856287717819214
0.5351166129112244
0.2672803997993469
0.481582909822464
0.31991255283355713
0.3880866765975952
0.43086275458335876
0.36625587940216064
0.3447970449924469
0.3667392134666443
0.6398730874061584
0.5123346447944641
0.5826141238212585
0.4068491756916046
0.6423816680908203
0.42981448769569397
0.50115567445755
0.2589131295681
0.2769521176815033
0.19187644124031067
0.32170477509498596
0.32162192463874817
0.31121528148651123
0.40599745512008667
0.4790608584880829
0.6194429397583008
0.6502493023872375
0.43000108003616333
0.4713340401649475
0.5528846979141235
0.5359885096549988
0.4583896994590759
0.47392740845680237
0.4754473865032196
0.4286733865737915
0.49373140931129456
0.5752434134483337
0.39358654618263245
0.4995492398738861
0.521925151348114
0.3557416796684265
0.3741813600063324
0.3034065365791321
0.26606857776641846
0.5355799198150635
0.43269219994544983
0.36959919333457947
0.19343826174736023
0.2619924545288086
0.3536146879196167
0.22000953555107117
0.3038487434387207
0.2760500907897949
0.24669869244098663
0.3238636255264282
0.23063379526138306
0.21330060064792633
0.34930434823036194
0.3860119879245758
0.5697686672210693
0.2706856429576874
0.5597357749938965
0.3842005729675293
0.36187267303466797
0.26477640867233276
0.45501285791397095
0.5987368226051331
0.21061168611049652
0.3925992548465729
0.32568788528442383
0.18731679022312164
0.2635261118412018
0.20112258195877075
0.3784070312976837
0.12798231840133667
0.1668364405632019
0.38162529468536377
0.3533579409122467
0.5225890278816223
0.552151083946228
0.52442866563797
0.5790271759033203
0.47875845432281494
0.4881903827190399
0.4822743833065033
0.39835602045059204
0.2742571532726288
0.13430681824684143
0.2652713358402252
0.3298356831073761
0.28973668813705444
0.463537335395813
0.4349815249443054
0.38937410712242126
0.31751102209091187
0.18762005865573883
0.3401118814945221
0.42076680064201355
0.2265791893005371
0.16799135506153107
0.40555205941200256
0.24371187388896942
0.20782272517681122
0.3042173683643341
0.22748976945877075
0.31171664595603943
0.21347253024578094
0.17092913389205933
0.3832513093948364
0.37353554368019104
0.3579910099506378
0.2573513984680176
0.5652725696563721
0.45427241921424866
0.417934775352478
0.34894558787345886
0.512715220451355
0.5632414817810059
0.6658405065536499
0.6261110305786133
0.5589691996574402
0.5837447643280029
0.2984738349914551
0.38842490315437317
0.5401854515075684
0.44288861751556396
0.5320888161659241
0.5134204030036926
0.611924409866333
0.4799327254295349
0.5907473564147949
0.5719172954559326
0.692082941532135
0.7228978276252747
0.573205828666687
0.38646405935287476
0.38190385699272156
0.5066956877708435
0.33380112051963806
0.0825955718755722
0.42915233969688416
0.44062507152557373
0.31352314352989197
0.181911900639534
0.10723219066858292
0.2522861063480377
0.07521191984415054
0.15127480030059814
0.5187410712242126
0.38646355271339417
0.5342528820037842
0.45574405789375305
0.2514544725418091
0.21905657649040222
0.20511023700237274
0.37234899401664734
0.11281446367502213
0.19523245096206665
0.2604900896549225
0.43772026896476746
0.3904087245464325
0.5625689625740051
0.40223878622055054
0.5486167073249817
0.4528365135192871
0.6612459421157837
0.5316963195800781
0.3355681896209717
0.45573657751083374
0.313504695892334
0.4839845299720764
0.30910855531692505
0.4378235936164856
0.4026828706264496
0.6356276273727417
0.6122673153877258
0.6482142806053162
0.4738450050354004
0.5958866477012634
0.5593823194503784
0.6954534649848938
0.713186502456665
0.6977085471153259
0.6747535467147827
0.7326613068580627
0.8246951699256897
0.8680024147033691
0.8860582113265991
0.8964893817901611
0.859492838382721
0.9154364466667175
0.8948273062705994
0.8946534395217896
0.9166454672813416
0.8851902484893799
0.8607199192047119
0.8304144144058228
0.7546042799949646
0.7563860416412354
0.616540253162384
0.6664836406707764
0.40829142928123474
0.6084786653518677
0.681270956993103
0.5266885757446289
0.5337907075881958
0.45543065667152405
0.5738125443458557
0.4452175498008728
0.52608323097229
0.697397768497467
0.5022323727607727
0.728618860244751
0.7531101107597351
0.46242257952690125
0.4483707845211029
0.5243868827819824
0.5767625570297241
0.7851766347885132
0.7452197074890137
0.6169233322143555
0.5560967326164246
0.6844956874847412
0.3176575005054474
0.4491327106952667
0.31274479627609253
0.1824733167886734
0.2187950760126114
0.33906903862953186
0.34816598892211914
