0.6086975932121277
0.6224972605705261
0.6494266986846924
0.8142794966697693
0.7466753125190735
0.9205620288848877
0.3863010108470917
0.7747634053230286
0.5646523833274841
0.6569068431854248
0.43024468421936035
0.6133629679679871
0.4660588502883911
0.6142029762268066
0.5234438180923462
0.720175564289093
0.48561742901802063
0.7275394797325134
0.46359390020370483
0.6644954085350037
0.6346479654312134
0.5700691342353821
0.5496487021446228
0.732309103012085
0.7875843644142151
0.5065407752990723
0.6951921582221985
0.45495620369911194
0.6213364601135254
0.5720692276954651
0.6049031615257263
0.6843587160110474
0.7437455654144287
0.8140337467193604
0.4102288782596588
0.4242982566356659
0.696550190448761
0.6779218912124634
0.8441786170005798
0.7919452786445618
0.7342310547828674
0.8199207186698914
0.8139631748199463
0.8125166893005371
0.613023579120636
0.7980545163154602
0.6180569529533386
0.5104040503501892
0.48105260729789734
0.7173303961753845
0.6575854420661926
0.5097705125808716
0.4400831162929535
0.6582490801811218
0.650359570980072
0.5117439031600952
0.6576876044273376
0.5754373669624329
0.5041415095329285
0.3042471706867218
0.404712975025177
0.303838849067688
0.47110965847969055
0.21131755411624908
0.6525606513023376
0.5127484202384949
0.22033901512622833
0.5365470051765442
0.413795530796051
0.5214052796363831
0.32525524497032166
0.6242324113845825
0.6620858311653137
0.7423850893974304
0.3480060398578644
0.5224375128746033
0.4393613636493683
0.8298662900924683
0.7036706805229187
0.8255202770233154
0.7301974296569824
0.8229935765266418
0.7727173566818237
0.8326590061187744
0.7655656933784485
0.6806075572967529
0.7644741535186768
0.6274865865707397
0.8137609362602234
0.41674506664276123
0.8960278630256653
0.5578101873397827
0.7591103911399841
0.8363941311836243
0.8209201693534851
