0.3980877697467804
0.5840263366699219
0.352446585893631
0.430376261472702
0.4219399094581604
0.3805200457572937
0.12676650285720825
0.4408097565174103
0.4312940537929535
0.3709059953689575
0.27690383791923523
0.3816508948802948
0.4478291869163513
0.41560378670692444
0.2528504431247711
0.39475494623184204
0.3492744266986847
0.1456758677959442
0.19882749021053314
0.22623279690742493
0.2908160090446472
0.2289857417345047
0.1698494404554367
0.25500431656837463
0.2745839059352875
0.3470976650714874
0.3513633608818054
0.2334417849779129
0.27317386865615845
0.2577541768550873
0.2596378028392792
0.12089116126298904
0.24837377667427063
0.24674555659294128
0.1426357924938202
0.042501479387283325
0.39143285155296326
0.36873093247413635
0.25088265538215637
0.44514936208724976
0.49724525213241577
0.2490045726299286
0.4411943256855011
0.30766764283180237
0.3240787982940674
0.30857300758361816
0.23316849768161774
0.4765901565551758
0.22584088146686554
0.21608072519302368
0.18075980246067047
0.5932936668395996
0.31803369522094727
0.36795639991760254
0.3120437264442444
0.45124244689941406
0.7699918746948242
0.4826802611351013
0.44411972165107727
0.45813313126564026
0.2978532910346985
0.43113911151885986
0.16627149283885956
0.08475172519683838
0.26859045028686523
0.4520273208618164
0.10686111450195312
0.17907652258872986
0.20319759845733643
0.3437524437904358
0.3968384563922882
0.4162869453430176
0.491672158241272
0.18786834180355072
0.39195629954338074
0.4635383188724518
0.4536438584327698
0.5048381090164185
0.3741358816623688
0.36501872539520264
0.4412347376346588
0.11285694688558578
0.3308994770050049
0.6278355717658997
0.5570055246353149
0.430853009223938
0.5124726891517639
0.533581018447876
0.43229320645332336
0.4460952579975128
0.5851470232009888
0.7486774325370789
0.6706823706626892
0.7604660987854004
0.8585619926452637
0.8575476408004761
0.8283868432044983
0.5504420399665833
0.7376711964607239
0.8410274386405945
0.7846256494522095
0.4419524371623993
0.4252132475376129
0.6419059038162231
0.2631930708885193
0.28386858105659485
0.15744976699352264
0.4603124260902405
0.34499591588974
0.23817282915115356
0.3203374445438385
0.40625619888305664
0.2362731248140335
0.271575391292572
0.3631252944469452
0.330925315618515
0.5439651012420654
0.4250178635120392
0.5422818064689636
0.5189265012741089
0.4965350925922394
0.7299725413322449
0.3422093391418457
0.1566765010356903
0.5501691699028015
0.6169643402099609
0.413586288690567
0.27594441175460815
0.8021925091743469
0.401439905166626
0.2612445056438446
0.6023779511451721
0.7369287014007568
0.27964282035827637
0.5285517573356628
0.6021568775177002
0.37116098403930664
0.33970221877098083
0.6400415301322937
0.6629089713096619
0.6652748584747314
0.7269166111946106
0.658616840839386
0.6703011393547058
0.4732632040977478
0.44552481174468994
0.28511950373649597
0.1197495236992836
0.23690815269947052
0.20059393346309662
0.47235774993896484
0.16689881682395935
0.12106464803218842
0.25862017273902893
0.6017725467681885
0.41197097301483154
0.5780984163284302
0.4842638075351715
0.5817320942878723
0.4364747107028961
0.6137362718582153
0.5874945521354675
0.32875919342041016
0.37117254734039307
0.35323724150657654
0.4472968876361847
0.19056643545627594
0.35136058926582336
0.42959076166152954
0.1774112433195114
0.18414883315563202
0.3835219442844391
0.2323978990316391
0.17916962504386902
0.35442227125167847
0.43784743547439575
0.3003390431404114
0.3762284815311432
0.5282262563705444
0.5880517959594727
0.5398659110069275
0.537118673324585
0.6147236824035645
0.7233575582504272
0.3185608983039856
0.48992666602134705
0.27710360288619995
