0.5645758509635925
0.4283469021320343
0.5558270215988159
0.2010047882795334
0.22874276340007782
0.10040301084518433
0.11942464858293533
0.035478729754686356
0.12392555177211761
0.24121148884296417
0.2908168137073517
0.260688841342926
0.41811323165893555
0.566763699054718
0.3847445845603943
0.5484482049942017
0.6174783706665039
0.5707876682281494
0.4615608751773834
0.4112702012062073
0.5370467901229858
0.37137970328330994
0.4344557523727417
0.5157403349876404
0.6075384616851807
0.35136428475379944
0.43950608372688293
0.6253557801246643
0.5607740879058838
0.4565521776676178
0.6202412247657776
0.7216755747795105
0.6918805837631226
0.6608036160469055
0.5044493675231934
0.49772515892982483
0.5332129597663879
0.4704779088497162
0.4476919174194336
0.24083106219768524
0.10724728554487228
0.10762923955917358
0.046019818633794785
0.1478494256734848
0.21450819075107574
0.28960949182510376
0.6226080656051636
0.651371419429779
0.3291516900062561
0.5380660891532898
0.509941816329956
0.36602213978767395
0.30758920311927795
0.4841400682926178
0.41447773575782776
0.44303756952285767
0.3489130139350891
0.5652011036872864
0.6649163365364075
0.35894349217414856
0.45900896191596985
0.363116979598999
0.3616425096988678
0.3952798843383789
0.21392567455768585
0.33701393008232117
0.35648417472839355
0.3633202016353607
0.21241320669651031
0.4849707782268524
0.6013060808181763
0.39352717995643616
0.6034502983093262
0.3980308771133423
0.6417152285575867
0.5474351048469543
0.7672629952430725
0.46050065755844116
0.6049738526344299
0.28964176774024963
0.6196973919868469
0.4375547468662262
0.07139956206083298
0.14892157912254333
0.5551345944404602
0.286093145608902
0.05764458701014519
0.36704400181770325
0.42874082922935486
0.27589648962020874
0.13320346176624298
0.5057599544525146
0.4053356647491455
0.22723419964313507
0.30494508147239685
0.16889269649982452
0.4169502258300781
0.347250759601593
0.3516349494457245
0.44391459226608276
0.11128614842891693
0.46938303112983704
0.03774276748299599
0.36099764704704285
0.09455548226833344
0.28617238998413086
0.22748953104019165
0.3670178949832916
0.3055410087108612
0.581753671169281
0.5017717480659485
0.8132286667823792
0.7563266754150391
0.8070475459098816
0.6034365892410278
0.6293132901191711
0.6616473197937012
0.7853949069976807
0.3010632395744324
0.5953536033630371
0.6714629530906677
0.4419722259044647
0.47544002532958984
0.663907527923584
0.6045610308647156
0.2560940086841583
0.6737138032913208
0.46901458501815796
0.44569841027259827
0.3998732268810272
0.25677236914634705
0.5660908818244934
0.2187114953994751
0.4552418887615204
0.15392041206359863
0.3493640124797821
0.2048460990190506
0.3894864022731781
0.6387373805046082
0.6497519016265869
0.5376617908477783
0.5224362015724182
0.5445458292961121
0.38618871569633484
0.5105183124542236
0.20629417896270752
0.3034825325012207
0.53680020570755
0.4568606913089752
0.293765664100647
0.44175973534584045
0.3532121479511261
0.44957298040390015
0.5869529843330383
0.46089068055152893
0.4054218828678131
0.6015291213989258
0.6315581798553467
0.5312070846557617
0.6061981320381165
0.5415375232696533
0.4260455071926117
0.6488069891929626
0.5743466019630432
0.5145910382270813
0.6434711217880249
0.5984205007553101
0.5419988632202148
0.675820529460907
0.6512719392776489
