0.09885209053754807
0.05206644535064697
0.03526671975851059
0.3550185263156891
0.20411062240600586
0.22544240951538086
0.08389788866043091
0.024591732770204544
0.011991630308330059
0.012698839418590069
0.03893093392252922
0.026910901069641113
0.029444528743624687
0.1747327595949173
0.16304437816143036
0.24147959053516388
0.25681987404823303
0.05506637692451477
0.06547460705041885
0.06848245859146118
0.011615519411861897
0.056610140949487686
0.22526915371418
0.02846241369843483
0.020541921257972717
0.1279624104499817
0.26541590690612793
0.1792888045310974
0.31422120332717896
0.07985453307628632
0.04465843364596367
0.003914391156286001
0.0009817241225391626
0.005219368729740381
0.0036883139982819557
0.021129736676812172
0.047077808529138565
0.0560789629817009
0.17063342034816742
0.16850008070468903
0.12053363770246506
0.10880077630281448
0.3211592137813568
0.4621143341064453
0.30678340792655945
0.4059534966945648
0.22651062905788422
0.25521931052207947
0.12241027504205704
0.1116522029042244
0.055284176021814346
0.10174069553613663
0.08258825540542603
0.06268767267465591
0.07744528353214264
0.0696452260017395
0.061976153403520584
0.029011091217398643
0.015197042375802994
0.00493238540366292
0.020300377160310745
0.014001695439219475
0.008137905970215797
0.03751551732420921
0.06079155206680298
0.005677867215126753
0.03369298577308655
0.06741922348737717
0.09273665398359299
0.02788548357784748
0.009279396384954453
0.004776529967784882
0.0013242089189589024
0.0018207223620265722
0.0042163231410086155
0.009041530080139637
0.051882948726415634
0.04516436532139778
0.13139118254184723
0.7457472681999207
0.4343647062778473
0.6946743130683899
0.35791370272636414
0.3072475492954254
0.4026390314102173
0.2949901819229126
0.5463098287582397
0.5193166136741638
0.7209862470626831
0.5558986067771912
0.15831296145915985
0.05997011438012123
0.5030360221862793
0.40016478300094604
0.15490062534809113
0.07609273493289948
0.2525428831577301
0.14386917650699615
0.019439881667494774
0.06758751720190048
0.04080374911427498
0.03864573687314987
0.025075646117329597
0.03624795377254486
0.07236262410879135
0.035203028470277786
0.09748233109712601
0.19128142297267914
0.2759016752243042
0.20640696585178375
0.12482409924268723
0.1441352367401123
0.10729298740625381
0.06620267778635025
0.03524478152394295
0.03105190023779869
0.06482907384634018
0.029435688629746437
0.0945281907916069
0.01911386288702488
0.02875581383705139
0.003184722736477852
0.008483460173010826
0.01813158392906189
0.03743814304471016
0.17776037752628326
0.20958147943019867
0.49631205201148987
0.6265438199043274
0.4094325006008148
0.6025537848472595
0.5048860907554626
0.6243919134140015
0.1893436163663864
0.4459458887577057
0.20436710119247437
0.4605962336063385
0.3331206738948822
0.08669094741344452
0.0808759555220604
0.49341902136802673
0.33579257130622864
0.0644523948431015
0.24735699594020844
0.4940069019794464
0.32343724370002747
0.19255462288856506
0.4522744417190552
0.5986498594284058
0.4926547408103943
0.38976964354515076
0.4065500497817993
0.26153355836868286
0.20479896664619446
0.17166049778461456
0.059908557683229446
0.05276428908109665
0.030784113332629204
0.012981591746211052
0.016123304143548012
0.04119628667831421
0.07685589045286179
0.5731133222579956
0.11417285352945328
0.17083849012851715
0.30516085028648376
0.5233493447303772
0.2744336724281311
0.4195547103881836
0.5357552170753479
0.30153611302375793
0.1334923356771469
0.17026467621326447
0.5496506094932556
0.10906374454498291
0.11490245908498764
0.44712966680526733
0.321818470954895
0.22986404597759247
0.3388778865337372
0.05089512839913368
0.14396801590919495
0.03066212311387062
0.002725493861362338
0.02727506496012211
0.017871806398034096
0.22702370584011078
0.08252900838851929
0.13317325711250305
0.3175573945045471
0.5338762998580933
0.428676575422287
0.650884211063385
0.6708108186721802
0.2784353196620941
0.1708030104637146
0.338203102350235
0.6020159125328064
0.6119104623794556
0.3013646602630615
0.1709597408771515
0.3513575792312622
0.18561632931232452
0.12593190371990204
0.0663277879357338
0.17992901802062988
0.3080967366695404
0.08556419610977173
0.09021148830652237
0.2261161506175995
0.2682848572731018
0.2632063925266266
0.14799948036670685
0.17330941557884216
0.03635993227362633
0.11881343275308609
0.012250619009137154
0.028923431411385536
0.03524533659219742
0.0445520244538784
0.056375231593847275
0.07694268226623535
0.10220246016979218
0.22260859608650208
0.45778757333755493
0.5703413486480713
0.3022529184818268
0.6801050305366516
0.35512575507164
0.677187979221344
0.6065489649772644
0.7858189344406128
0.6895184516906738
0.8526418805122375
0.6843965649604797
0.3012215793132782
0.7255168557167053
0.7842735648155212
0.4091230034828186
0.22368618845939636
0.18177086114883423
0.4447038471698761
0.29252249002456665
0.06306057423353195
0.15962974727153778
0.1990475207567215
0.07530464231967926
0.12433569878339767
0.07447806000709534
0.07626444846391678
0.07181922346353531
0.026057621464133263
0.049496691673994064
0.054252587258815765
0.03378027677536011
0.1370691955089569
0.08547146618366241
0.15906541049480438
0.20624268054962158
0.20979686081409454
0.22170716524124146
0.29702654480934143
0.48986849188804626
0.5858243107795715
0.7544322609901428
0.5455107092857361
0.2233216017484665
0.6368282437324524
0.7696490287780762
0.2615032196044922
0.4618788957595825
0.6730377674102783
0.7100313305854797
0.08443969488143921
