0.4573434293270111
0.32674935460090637
0.24812033772468567
0.3817712068557739
0.16541171073913574
0.20412413775920868
0.32686012983322144
0.43016108870506287
0.5848193168640137
0.26984402537345886
0.1491730809211731
0.19525034725666046
0.3132396638393402
0.2867148816585541
0.1463341861963272
0.2265351116657257
0.43983781337738037
0.3696572780609131
0.24958187341690063
0.5419729351997375
0.4830147922039032
0.06157447770237923
0.1974097490310669
0.416938453912735
0.4957278072834015
0.31622856855392456
0.17298242449760437
0.2601242661476135
0.2377983182668686
0.3258013427257538
0.37010064721107483
0.26125821471214294
0.45766252279281616
0.4839584529399872
0.36767521500587463
0.15815530717372894
0.2305103987455368
0.3583274185657501
0.3115541338920593
0.20360639691352844
0.36105045676231384
0.3889288902282715
0.2656340003013611
0.4863773584365845
0.5550718903541565
0.4709644317626953
0.6233476996421814
0.7190366983413696
0.6074603199958801
0.6033825278282166
0.7246187329292297
0.5797624588012695
0.45427364110946655
0.813450038433075
0.8542925715446472
0.6432958841323853
0.5340688824653625
0.6193522810935974
0.7412018179893494
0.7287828922271729
0.8680554032325745
0.5704097151756287
0.6465200781822205
0.5643754005432129
0.40321552753448486
0.6398952603340149
0.5024683475494385
0.6822839379310608
0.7602656483650208
0.45083513855934143
0.7138611078262329
0.6610131859779358
0.6197862029075623
0.6531457304954529
0.4493131637573242
0.5904760360717773
0.5874165296554565
0.527966320514679
0.5044729113578796
0.5618922710418701
0.6221845149993896
0.49501004815101624
0.5340049862861633
0.5017653703689575
0.3475620448589325
0.5920814275741577
0.6760766506195068
0.4434763789176941
0.8616302013397217
0.6757035255432129
0.7396162748336792
0.7175766229629517
0.6971338391304016
0.7297437787055969
0.6867018342018127
0.7494891881942749
0.7626645565032959
0.4951481819152832
0.733542263507843
0.6562461853027344
0.6876593828201294
0.7340704202651978
0.7294013500213623
0.7189427614212036
0.433902382850647
0.6602374911308289
0.569875180721283
