0.7268165349960327
0.8567383885383606
0.4666953682899475
0.5727293491363525
0.17160320281982422
0.45042505860328674
0.4904341697692871
0.5735034942626953
0.5484903454780579
0.674907922744751
0.8856234550476074
0.6383805871009827
0.7975500226020813
0.6191675662994385
0.47372907400131226
0.4940671920776367
0.1545121669769287
0.6670089960098267
0.6398440003395081
0.4766670763492584
0.3607853949069977
0.3012045621871948
0.4225742816925049
0.1988281011581421
0.4936690330505371
0.6519051790237427
0.7484243512153625
0.7265541553497314
0.7892974019050598
0.8167904019355774
0.7686334848403931
0.8627115488052368
0.7568534016609192
0.8172786235809326
0.7477082014083862
0.7776755690574646
0.8478018641471863
0.8739951848983765
0.7144646048545837
0.8490312695503235
0.9002285003662109
0.8497580289840698
0.8375672698020935
0.8287285566329956
0.7952201962471008
0.7822439074516296
0.6963638067245483
0.7716376185417175
0.5890316963195801
0.40897873044013977
0.3871620297431946
0.24030034244060516
