0.1347781866788864
0.25651025772094727
0.5391640067100525
0.34907153248786926
0.21863658726215363
0.2742514908313751
0.08789029717445374
0.13169877231121063
0.03378840163350105
0.01149059645831585
0.02173273265361786
0.03402160108089447
0.02066325768828392
0.10891851782798767
0.42076173424720764
0.34132400155067444
0.05761332809925079
0.024487407878041267
0.050316259264945984
0.28793656826019287
0.24717259407043457
0.037621673196554184
0.03647497296333313
0.33339935541152954
0.19243614375591278
0.12676486372947693
0.123479463160038
0.19010229408740997
0.35919296741485596
0.3876917064189911
0.42354947328567505
0.5706455707550049
0.5894160866737366
0.5721059441566467
0.5039545297622681
0.5397580862045288
0.16473649442195892
0.40277910232543945
0.2595043182373047
0.27958860993385315
0.43455445766448975
0.29091015458106995
0.16802188754081726
0.33838969469070435
0.2418883889913559
0.3348471522331238
0.08558041602373123
0.20694376528263092
0.17755763232707977
0.1809435486793518
0.1502797156572342
0.03666313365101814
0.08011773228645325
0.09165051579475403
0.10884516686201096
0.1530674397945404
0.2771121561527252
0.19169966876506805
0.08311188966035843
0.1417268067598343
0.14279602468013763
0.25641193985939026
0.17515882849693298
0.05852626636624336
0.19579729437828064
0.37059760093688965
0.15666250884532928
0.09355493634939194
0.1341293752193451
0.10213558375835419
0.07826951146125793
0.10592003166675568
0.5538387894630432
0.30202940106391907
0.31167158484458923
0.3860527276992798
0.15824951231479645
0.09260716289281845
0.07931799441576004
0.12577061355113983
0.11296071112155914
0.21961160004138947
0.6282230615615845
0.3550668954849243
0.5546667575836182
0.5442255139350891
0.441026896238327
0.32921069860458374
0.3649260401725769
0.2851100564002991
0.2814224362373352
0.18751174211502075
0.33425119519233704
0.2781049311161041
0.20803654193878174
0.2920331656932831
0.5799173712730408
0.504129946231842
0.1078985258936882
0.10612618923187256
0.012453638948500156
0.011111507192254066
0.010939966887235641
0.009990999475121498
0.00821931567043066
0.012100768275558949
0.03313315659761429
0.02684902399778366
0.155312180519104
0.1868239790201187
0.2777478098869324
0.09406628459692001
0.1695454865694046
0.31480446457862854
0.4884413778781891
0.2524947226047516
0.07534264773130417
0.5755085349082947
0.44224047660827637
0.17409224808216095
0.11522193998098373
0.567375659942627
0.34811243414878845
0.042846329510211945
0.289859801530838
0.6680845022201538
0.3983069658279419
0.1668468564748764
0.09186933189630508
0.18339897692203522
0.09255824983119965
0.025557318702340126
0.04248481243848801
0.02228173241019249
0.008159696124494076
0.037175290286540985
0.05203986540436745
0.09679058939218521
0.1705774962902069
0.5004311203956604
0.40008875727653503
0.14580874145030975
0.32704997062683105
0.5348851680755615
0.23508983850479126
0.1763569414615631
0.133086159825325
0.42111411690711975
0.1651238650083542
0.0721624344587326
0.36105626821517944
0.20140337944030762
0.1283617913722992
0.05422655865550041
0.17788133025169373
0.1584412157535553
0.14658072590827942
0.07628519833087921
0.14054174721240997
0.21897520124912262
0.23566654324531555
0.20031586289405823
0.037515707314014435
0.17495402693748474
0.281772255897522
0.1409996896982193
0.4211505353450775
0.11012712121009827
0.19803982973098755
0.33455199003219604
0.08356902748346329
0.1741044968366623
0.14354486763477325
0.5751986503601074
0.6029637455940247
0.2986941635608673
0.5602207779884338
0.48055076599121094
0.35142478346824646
0.43823936581611633
0.6881011128425598
0.10922172665596008
0.13753622770309448
0.41543054580688477
0.31445062160491943
0.11374185234308243
0.33686766028404236
0.47963815927505493
0.2855592966079712
0.07260323315858841
0.23270538449287415
0.26781752705574036
0.24139244854450226
0.11808399111032486
0.17448082566261292
0.08449278026819229
0.05238599702715874
0.03484320268034935
0.05656439810991287
0.07569633424282074
0.028495997190475464
0.08224116265773773
0.05515049770474434
0.24699963629245758
0.04477284476161003
0.17320312559604645
0.22294142842292786
0.031177634373307228
0.2072448581457138
0.12527312338352203
0.43414703011512756
0.2051272839307785
0.4361303150653839
0.5096703171730042
0.43997347354888916
0.4547593295574188
0.3478279113769531
0.4674953520298004
0.39891910552978516
0.4097529947757721
0.4077695608139038
0.24762500822544098
0.04523313790559769
0.021464593708515167
0.11254096031188965
0.03204439952969551
0.2371753305196762
0.06395930051803589
0.18681979179382324
0.04197366163134575
0.14981520175933838
0.06386748701334
0.010250108316540718
0.025733238086104393
0.018223293125629425
0.07851353287696838
0.1600164771080017
0.09812622517347336
0.04995201900601387
0.05865783989429474
0.0285494327545166
0.08597373217344284
0.05559529364109039
0.13151931762695312
0.19224223494529724
0.12499572336673737
0.45663484930992126
0.5215762257575989
0.46529144048690796
0.5280301570892334
0.43777215480804443
0.4203479290008545
0.38410621881484985
0.4985836446285248
0.508098840713501
0.36345675587654114
0.48268917202949524
0.34192585945129395
0.23681092262268066
0.28807640075683594
0.13753202557563782
0.04922652989625931
0.14229001104831696
0.022207865491509438
0.2669507563114166
0.209591343998909
0.08504173904657364
0.6477740406990051
0.2550836503505707
0.519986093044281
0.5335559844970703
0.6565869450569153
0.7305353283882141
0.39322057366371155
0.19121578335762024
0.09478948265314102
0.04019354656338692
0.15512369573116302
0.19780805706977844
0.21618719398975372
0.22912399470806122
0.5166335701942444
0.09720925241708755
0.1704605370759964
0.05931099131703377
0.05116790533065796
0.059044044464826584
0.26671361923217773
0.16179122030735016
0.4368290603160858
0.17998582124710083
0.5667899250984192
0.32898521423339844
0.04570411145687103
0.317268431186676
0.26802298426628113
0.19532981514930725
0.5625986456871033
0.13026462495326996
0.11584281921386719
0.1484091877937317
0.22528423368930817
0.11304787546396255
0.0321270115673542
0.023530570790171623
0.04906022176146507
0.10061471909284592
0.12085272371768951
0.13839711248874664
0.09343104809522629
0.16548852622509003
0.3114384114742279
0.21415488421916962
0.27398625016212463
0.3685305416584015
0.24962016940116882
0.0418875552713871
0.06579802930355072
0.048603322356939316
0.15526585280895233
0.1025402620434761
0.5410217642784119
0.48002174496650696
0.68031245470047
0.808085024356842
0.4629976451396942
0.6255801320075989
0.4769541323184967
0.5257527828216553
0.5567037463188171
0.574741780757904
0.4059197008609772
0.29228147864341736
0.4034656584262848
0.4394116997718811
0.3809105455875397
0.3616762161254883
0.2585849165916443
0.1603022962808609
0.29679903388023376
0.27767863869667053
0.4856550991535187
0.5130780339241028
0.6756954193115234
0.18424789607524872
0.6078252792358398
0.24874088168144226
0.40223515033721924
0.30644482374191284
0.30611008405685425
0.29747653007507324
0.42004552483558655
0.7828701138496399
0.5849192142486572
0.8090141415596008
0.13809281587600708
0.47394269704818726
0.061908058822155
0.3226604461669922
0.1826542764902115
0.32931163907051086
0.12048949301242828
0.2928614616394043
0.262031227350235
0.1154397502541542
0.06251640617847443
0.08930612355470657
0.10458331555128098
0.41515985131263733
0.20788688957691193
0.7180110812187195
0.7008414268493652
0.2720467150211334
0.22352592647075653
0.17588278651237488
0.1774274855852127
0.3979014456272125
0.13654883205890656
0.23589560389518738
0.36882829666137695
0.44996607303619385
0.13334809243679047
0.2523142397403717
0.16437672078609467
0.3117932379245758
0.29322049021720886
0.5785132646560669
0.3339022397994995
0.4852830171585083
0.6443878412246704
0.6885929107666016
0.7240338921546936
0.42168352007865906
0.4962441027164459
0.20291487872600555
0.14989441633224487
0.36499303579330444
0.06575588136911392
0.1663176566362381
0.052574798464775085
0.12545713782310486
0.09207291156053543
0.24036771059036255
