0.39851415157318115
0.522847592830658
0.6527167558670044
0.17284590005874634
0.46698135137557983
0.4539279341697693
0.20147189497947693
0.03757916018366814
0.23994427919387817
0.44143009185791016
0.10947392880916595
0.1623890995979309
0.7760372161865234
0.4807681441307068
0.1898905485868454
0.16146127879619598
0.07181274890899658
0.05415197089314461
0.0646088495850563
0.01668670028448105
0.0385558195412159
0.02594553679227829
0.06339536607265472
0.03710831701755524
0.05786338075995445
0.042653489857912064
0.10482731461524963
0.04895329847931862
0.07564982771873474
0.0326944999396801
0.02829798497259617
0.05281265452504158
0.15760473906993866
0.22539956867694855
0.4092731475830078
0.6946250200271606
0.7152298092842102
0.3642715513706207
0.783588707447052
0.28140541911125183
0.09599361568689346
0.04204164445400238
0.6167404055595398
0.8146833777427673
0.21754103899002075
0.22684049606323242
0.9108210802078247
0.8073528409004211
0.35938388109207153
0.3813738524913788
0.1389094442129135
0.06064094975590706
0.027062823995947838
0.012273012660443783
0.07458962500095367
0.05950366333127022
0.01650533825159073
0.0350443534553051
0.05628520995378494
0.06574271619319916
0.06562835723161697
0.04140191152691841
0.06470578908920288
0.03106638230383396
0.1097739189863205
0.09092376381158829
0.13731449842453003
0.4906046688556671
0.7377204895019531
0.7189867496490479
0.23754408955574036
0.8330711722373962
0.1404767781496048
0.14477719366550446
0.025747060775756836
0.5510143041610718
0.8294329643249512
0.1283770352602005
0.1982116997241974
0.8755778670310974
0.8223597407341003
0.39800208806991577
0.580760657787323
0.42096850275993347
0.11673847585916519
0.05883001536130905
0.027706632390618324
0.10727034509181976
0.04082884639501572
0.017525741830468178
0.055743880569934845
0.09980443120002747
0.10279220342636108
0.07653657346963882
0.052138447761535645
0.12680046260356903
0.06338650733232498
0.11810944974422455
0.06321821361780167
0.28612470626831055
0.5015853047370911
0.6912687420845032
0.8389734029769897
0.2324502170085907
0.6027007699012756
0.1633591204881668
0.16214539110660553
0.027263417840003967
0.6548745036125183
0.9238131046295166
0.16011013090610504
0.252582848072052
0.8523235321044922
0.8900737762451172
0.4647948443889618
0.5347443222999573
0.4331618845462799
0.22363883256912231
0.15398947894573212
0.03694404661655426
0.17672847211360931
0.0690428763628006
0.01576072908937931
0.08668602257966995
0.23690083622932434
0.07290319353342056
0.11388960480690002
0.03369874134659767
0.0882054939866066
0.0455620102584362
0.0724535882472992
0.07460886240005493
0.27134835720062256
0.611257791519165
0.7131736874580383
0.8634005784988403
0.4300927221775055
0.5016398429870605
0.16615481674671173
0.1135401725769043
0.016919683665037155
0.5764210224151611
0.8725112080574036
0.1177399680018425
0.1318650245666504
0.6809276342391968
0.8209689259529114
0.2849450707435608
0.31278547644615173
0.32364314794540405
0.3821638524532318
0.03090028651058674
0.02367633953690529
0.3080594539642334
0.1589164286851883
0.020195716992020607
0.14743277430534363
0.4887603223323822
0.23055219650268555
0.27641189098358154
0.04977249726653099
0.061331264674663544
0.06890194118022919
0.1545667201280594
0.11213824898004532
0.18570590019226074
0.28975221514701843
0.5437456965446472
0.6139287948608398
0.10252729058265686
0.3084202706813812
0.07813554257154465
0.059768274426460266
0.021763762459158897
0.19229358434677124
0.5713094472885132
0.06650815159082413
0.13520683348178864
0.6763028502464294
0.6559990644454956
0.6094309091567993
0.4217263162136078
0.3889704644680023
0.32130667567253113
0.10005039721727371
0.058570656925439835
0.284007728099823
0.23748143017292023
0.01981707476079464
0.08565367013216019
0.22121722996234894
0.29438626766204834
0.12929315865039825
0.06062374636530876
0.11630572378635406
0.16388775408267975
0.34122639894485474
0.17123955488204956
0.32377317547798157
0.19139516353607178
0.4811248183250427
0.5669828653335571
0.521323025226593
0.4835794270038605
0.22926494479179382
0.08901197463274002
0.13984251022338867
0.4187297523021698
0.43415847420692444
0.17207235097885132
0.5016749501228333
0.3352859616279602
0.3690798878669739
0.17747242748737335
0.09093496948480606
0.38601580262184143
0.31593552231788635
0.06651388853788376
0.27621904015541077
0.3980772793292999
0.23773503303527832
0.1119389683008194
0.23650121688842773
0.18923421204090118
0.18819139897823334
0.22899402678012848
0.23438014090061188
0.2049875259399414
0.17854340374469757
