0.2502683103084564
0.13237731158733368
0.2775750756263733
0.32872509956359863
0.17103028297424316
0.0849870964884758
0.22768643498420715
0.5260653495788574
0.27619075775146484
0.2605903446674347
0.24548789858818054
0.2263263612985611
0.14631792902946472
0.19857780635356903
0.20576520264148712
0.09470789134502411
0.19764895737171173
0.34318554401397705
0.3853893280029297
0.4899210035800934
0.427839457988739
0.6456076502799988
0.35353711247444153
0.6113387942314148
0.6741155982017517
0.648457944393158
0.36220720410346985
0.47538137435913086
0.36572518944740295
0.5004474520683289
0.5599284172058105
0.5393771529197693
0.5284987092018127
0.426789253950119
0.44821897149086
0.28355029225349426
0.45625951886177063
0.6600579023361206
0.3308286666870117
0.31562134623527527
0.5832522511482239
0.27950215339660645
0.5118133425712585
0.6719588041305542
0.8662354350090027
0.7344606518745422
0.7963188886642456
0.6267339587211609
0.5523659586906433
0.5616238713264465
0.5905820727348328
0.6888815760612488
0.6400848627090454
0.7665514945983887
0.9334200024604797
0.5475226640701294
0.6031366586685181
0.8765735626220703
0.8795678615570068
0.4579608738422394
0.6526716351509094
0.8246827721595764
0.7270563840866089
0.3111894726753235
0.5108008980751038
0.597854495048523
0.7436553239822388
0.46478474140167236
0.3428232669830322
0.3319244384765625
0.27398231625556946
0.45138660073280334
0.4873824119567871
0.38360390067100525
0.30229267477989197
0.4907016158103943
0.2647090256214142
0.6324114799499512
0.5681725144386292
0.6397562623023987
0.2298269271850586
0.606401264667511
0.7207863330841064
0.34402933716773987
0.4685487151145935
0.4888792037963867
0.2675224542617798
0.5013644099235535
0.5932452082633972
0.49097633361816406
0.667290985584259
0.5455946326255798
0.3500277101993561
0.6290248036384583
0.8891851902008057
0.7671554684638977
0.4271446764469147
0.8309971690177917
0.8939162492752075
0.9040145874023438
0.4608409106731415
0.6869440674781799
0.7678658366203308
0.764458954334259
0.4910951256752014
0.34441205859184265
0.2890602946281433
0.2459595799446106
0.24213309586048126
0.5891674160957336
0.3405719995498657
0.3534759283065796
0.6333900094032288
0.6699874401092529
0.7680583596229553
0.8316426277160645
0.8097776770591736
0.647818922996521
0.8098857402801514
0.8889135718345642
0.8390496373176575
0.753024160861969
0.8294899463653564
0.8570913672447205
0.7883282899856567
0.8344700932502747
0.7304428815841675
0.8265780806541443
0.6556558609008789
0.5464828014373779
0.7270258069038391
0.8933379054069519
0.750711977481842
0.5671828389167786
0.8337195515632629
0.9141077399253845
0.5087117552757263
0.5915983319282532
0.9221289157867432
0.8479247093200684
0.3779945373535156
0.5800509452819824
0.8017441034317017
0.511440098285675
0.17322418093681335
0.41667640209198
0.2622193396091461
0.5264661908149719
0.26604101061820984
0.19794058799743652
0.18581229448318481
0.25128355622291565
0.36057737469673157
0.488119512796402
0.24214693903923035
0.25476422905921936
0.5838555693626404
0.36409616470336914
0.42090627551078796
0.6236163973808289
0.5046360492706299
0.46588972210884094
0.7423685193061829
0.8691010475158691
0.6891229748725891
0.7902447581291199
0.8295486569404602
0.6698246002197266
0.8322605490684509
0.93215411901474
0.7506073713302612
0.579349935054779
0.6722412705421448
0.7576850056648254
0.7599266767501831
0.38367414474487305
0.4396757185459137
0.5114737749099731
0.3226943016052246
0.31611958146095276
0.47087231278419495
0.2874416410923004
