0.45098432898521423
0.3006666600704193
0.30951786041259766
0.1996006816625595
0.44653454422950745
0.32116448879241943
0.25264137983322144
0.1548444628715515
0.3353128433227539
0.3413635790348053
0.16880019009113312
0.25549641251564026
0.21986301243305206
0.3753584921360016
0.16593194007873535
0.2782258987426758
0.12538713216781616
0.3182605803012848
0.07410993427038193
0.049858685582876205
0.05568239465355873
0.07613193988800049
0.14967237412929535
0.1714516431093216
0.3740067183971405
0.4038292467594147
0.4766249656677246
0.5287831425666809
0.27436405420303345
0.6004570722579956
0.4917489290237427
0.4554033875465393
0.3047534227371216
0.30859553813934326
0.258984237909317
0.3669348359107971
0.17206330597400665
0.6340135931968689
0.5856055617332458
0.7050990462303162
0.2538248896598816
0.21925775706768036
0.10257358849048615
0.0453873910009861
0.0983387902379036
0.13128289580345154
0.14917825162410736
0.08832016587257385
0.11359021812677383
0.08695635944604874
0.05819880962371826
0.08622071892023087
0.0940941646695137
0.10475537925958633
0.04064461961388588
0.12905269861221313
0.20113152265548706
0.29822471737861633
0.12247904390096664
0.29671594500541687
0.37904801964759827
0.25819677114486694
0.45908546447753906
0.1710844486951828
0.2711336314678192
0.30987313389778137
0.4944593012332916
0.3404698967933655
0.3409937918186188
0.28503528237342834
0.38449180126190186
0.30078861117362976
0.40483328700065613
0.41324976086616516
0.5020852088928223
0.26170846819877625
0.4057142436504364
0.3589884638786316
0.7133110165596008
0.6766231656074524
0.25935813784599304
0.7210665345191956
0.47811004519462585
0.12078346312046051
0.4092288911342621
0.570735514163971
0.377432256937027
0.3129732608795166
0.2275044173002243
0.2958040237426758
0.10031603276729584
0.19446469843387604
0.20419420301914215
0.06834545731544495
0.20312811434268951
0.45000553131103516
0.1318213939666748
0.11248449236154556
0.5404907464981079
0.25071951746940613
0.056536510586738586
0.283210813999176
0.5487368106842041
0.6431397199630737
0.26861733198165894
0.24843671917915344
0.15256449580192566
0.1934116929769516
0.06769032776355743
0.08130428194999695
0.2989288568496704
0.3065620958805084
0.056076932698488235
0.11960303783416748
0.4032827615737915
0.2814895212650299
0.11555438488721848
0.2393772155046463
0.11774720251560211
0.2071934938430786
0.5184152126312256
0.1246887817978859
0.14940190315246582
0.47677481174468994
0.5208667516708374
0.3231966197490692
0.28108128905296326
0.7935383915901184
0.6629878282546997
0.5614426732063293
0.5648311376571655
0.45784521102905273
0.7034993767738342
0.5684331059455872
0.2402142435312271
0.6568062901496887
0.1931871771812439
0.44927725195884705
0.5364291667938232
0.6078392863273621
0.16048391163349152
0.3365347683429718
0.5998185873031616
0.15120930969715118
0.15570051968097687
0.32088467478752136
0.08905918151140213
0.5360899567604065
0.44073131680488586
0.48495379090309143
0.5348545908927917
0.6313906311988831
0.4335985481739044
0.11652922630310059
0.3054124414920807
0.2153349369764328
0.20236146450042725
0.05019433796405792
0.3727303445339203
0.19737429916858673
0.05451052263379097
0.06563093513250351
0.28818199038505554
0.1399107277393341
0.15267109870910645
0.3708611726760864
0.39619797468185425
0.22143341600894928
0.4105013906955719
0.5909021496772766
0.5864532589912415
0.7687238454818726
0.742604672908783
0.32813313603401184
0.5191677212715149
0.6935545206069946
0.66653972864151
0.15889215469360352
0.5886520743370056
0.8333533406257629
0.6715250015258789
0.18178200721740723
0.681725800037384
0.7892353534698486
0.409759521484375
0.14518925547599792
0.7944084405899048
0.7950432896614075
0.4862370491027832
0.8675670027732849
0.7683717012405396
0.32160118222236633
0.43724554777145386
0.5240414142608643
0.25251394510269165
0.20152251422405243
0.723222017288208
0.6828144192695618
0.5476583242416382
0.661426842212677
0.7294154763221741
0.7239000201225281
0.5672376155853271
0.4828741252422333
0.7176541090011597
0.4269639849662781
0.4531208276748657
0.3427738547325134
0.18776924908161163
0.1995604783296585
0.08854446560144424
0.2853957712650299
0.14024777710437775
0.420565664768219
0.5158417820930481
0.11906029284000397
0.05765795707702637
0.2711886167526245
0.05363418161869049
0.07912468910217285
0.07016481459140778
0.08704020082950592
0.2887221574783325
0.20819799602031708
0.21027114987373352
0.6127614974975586
0.6360548734664917
0.6994022130966187
0.5571877360343933
0.3271476626396179
0.49731361865997314
0.23063023388385773
0.05948219075798988
0.062399234622716904
0.027482587844133377
0.08852171897888184
0.1499515175819397
0.0757184699177742
0.19250869750976562
0.18571355938911438
0.12313445657491684
0.3745521605014801
0.1813097447156906
0.40438446402549744
0.6500192284584045
0.5028369426727295
0.29977312684059143
0.2129412293434143
0.4550531804561615
0.5453144311904907
0.25626233220100403
0.21190674602985382
0.3121904730796814
0.19866611063480377
0.20221635699272156
0.1401079297065735
0.4167617857456207
0.14457260072231293
0.2455112487077713
0.48479047417640686
0.4991091787815094
0.42614585161209106
0.5087622404098511
0.5142177939414978
0.5407644510269165
