0.22200122475624084
0.16006246209144592
0.18836915493011475
0.15078051388263702
0.25709816813468933
0.09679453819990158
0.20104199647903442
0.12711648643016815
0.15933877229690552
0.11975739151239395
0.17966745793819427
0.209599107503891
0.11917857080698013
0.14415748417377472
0.07871784269809723
0.16274906694889069
0.11513534933328629
0.15838809311389923
0.21543684601783752
0.1375887393951416
0.1179753839969635
0.13672055304050446
0.22685186564922333
0.11529763787984848
0.12793894112110138
0.14202983677387238
0.177946537733078
0.060859933495521545
0.08532007038593292
0.17200618982315063
0.2332560271024704
0.12261354923248291
0.21103070676326752
0.164508655667305
0.1510487049818039
0.14159193634986877
0.16759850084781647
0.20025846362113953
0.14482545852661133
0.10472438484430313
0.1854182928800583
0.1504581719636917
0.16402067244052887
0.08740612864494324
0.19871921837329865
0.1603938192129135
0.11776051670312881
0.16793733835220337
0.15509837865829468
0.15473085641860962
0.08853322267532349
0.11184941232204437
0.09616021066904068
0.21744628250598907
0.08634380251169205
0.1290500909090042
0.08844319730997086
0.2823161780834198
0.08287128806114197
0.14879795908927917
0.10420755296945572
0.08805092424154282
0.07375600934028625
0.12477465718984604
0.22833378612995148
0.13606393337249756
0.16106751561164856
0.26116397976875305
0.18007878959178925
0.17687155306339264
0.1857687532901764
0.21646173298358917
0.12044436484575272
0.18424788117408752
0.2438456267118454
0.2447454184293747
0.1317974478006363
0.15484745800495148
0.25880447030067444
0.304117351770401
0.16588298976421356
0.33616548776626587
0.43560856580734253
0.3562244474887848
0.20703567564487457
0.25127115845680237
0.2722068727016449
0.1945468932390213
0.5646116733551025
0.3383803069591522
0.13706450164318085
0.259033739566803
0.1474432498216629
0.37949907779693604
0.23427486419677734
0.26855531334877014
0.1697649210691452
0.26166972517967224
0.2792639136314392
0.29434841871261597
0.36782094836235046
0.34010985493659973
0.6303901076316833
0.27953991293907166
0.5294697880744934
0.38987305760383606
0.494961678981781
0.45180851221084595
0.5252227783203125
0.39099791646003723
0.3002482056617737
0.3773440420627594
0.352977991104126
0.304831326007843
0.4288669228553772
0.5283839106559753
0.2904612720012665
0.2876659035682678
0.1745537668466568
0.09440113604068756
0.12521062791347504
0.14494545757770538
0.1602672040462494
0.11909659951925278
0.10403512418270111
0.105002261698246
0.1400541365146637
0.1022520363330841
0.12300709635019302
0.2840433120727539
0.36284467577934265
0.21551555395126343
0.1575462818145752
0.40569007396698
0.22012527287006378
0.15920592844486237
0.09926215559244156
0.263793021440506
0.15705232322216034
0.04079962149262428
0.13340765237808228
0.20606990158557892
0.25200384855270386
0.29192623496055603
0.12285374104976654
0.08386612683534622
0.25792771577835083
0.1461661458015442
0.0653696358203888
0.24534447491168976
0.30342161655426025
0.0644105076789856
0.225405752658844
0.6393500566482544
0.297061562538147
0.18482504785060883
0.5024161338806152
0.5667572021484375
0.21732673048973083
0.3347741961479187
0.7077420949935913
0.3486296236515045
0.10904332250356674
0.15909719467163086
0.3884282112121582
0.25567826628685
0.10514655709266663
0.2561188340187073
0.3881201446056366
0.5105170011520386
0.6005961298942566
0.4853021204471588
0.7237030267715454
0.8339172005653381
0.8553130030632019
0.4670555293560028
0.6628652215003967
0.7960249781608582
0.5793431401252747
0.36700430512428284
0.5378115773200989
0.5751387476921082
0.4736776351928711
0.3314172923564911
0.2816980481147766
0.4252115488052368
0.7376589775085449
0.26796382665634155
0.39284712076187134
0.18366670608520508
0.29907169938087463
0.3032316267490387
0.17252400517463684
0.38597914576530457
0.09304620325565338
0.12385419011116028
0.4467003643512726
0.4263709783554077
0.18173271417617798
0.2391158491373062
0.6049917340278625
0.387471467256546
0.19652040302753448
0.248330220580101
0.2044323831796646
0.3001507818698883
0.22334878146648407
0.4286459684371948
0.7013829350471497
0.7654433846473694
0.7732852101325989
0.7253468632698059
0.86772620677948
0.6521787643432617
0.6318814158439636
0.9234859943389893
0.6114129424095154
0.6144134402275085
0.9214097261428833
0.8179205060005188
0.5075049996376038
0.8912281394004822
0.9257856011390686
0.5310144424438477
0.6184722185134888
0.8681371212005615
0.8812133073806763
0.5949516296386719
0.7203095555305481
0.8336923718452454
0.6084983944892883
0.5128387808799744
0.3375047743320465
0.5246047973632812
0.5016506314277649
0.4320448338985443
0.5644627809524536
0.43396028876304626
0.44968023896217346
0.47516611218452454
0.28695473074913025
0.3929092586040497
0.3969668447971344
0.3422470986843109
0.3093220889568329
0.406471312046051
0.45421165227890015
0.21671868860721588
0.1663847118616104
0.33703580498695374
0.2309756875038147
0.23975785076618195
0.2063910961151123
