0.2306724190711975
0.3117225468158722
0.44281041622161865
0.5157740712165833
0.30611592531204224
0.481511652469635
0.641409158706665
0.7335907220840454
0.3106662333011627
0.43870213627815247
0.7536460757255554
0.47630971670150757
0.256127268075943
0.5767017602920532
0.677516758441925
0.17323453724384308
0.3426486551761627
0.6768630146980286
0.5240238904953003
0.4352706968784332
0.3563140034675598
0.27688196301460266
0.14631614089012146
0.27996477484703064
0.37611034512519836
0.3777548372745514
0.3871493637561798
0.6189379692077637
0.5444267392158508
0.3779102861881256
0.6582449078559875
0.7290796041488647
0.2837814390659332
0.5429332852363586
0.3648785352706909
0.631296694278717
0.6895864605903625
0.8855578303337097
0.7892218232154846
0.7195752263069153
0.7401418089866638
0.49073103070259094
0.47615283727645874
0.39119306206703186
0.6221365332603455
0.1196790561079979
0.5862135291099548
0.2191796451807022
0.3044101893901825
0.1923806518316269
0.21605916321277618
0.32198667526245117
0.18088489770889282
0.19659796357154846
0.3796468675136566
0.3412168025970459
0.3730870187282562
0.35125046968460083
0.19939617812633514
0.37976446747779846
0.1668902337551117
0.16978952288627625
0.6809137463569641
0.4751918613910675
0.8415737152099609
0.6063297390937805
0.5907347798347473
0.7316809296607971
0.5407776832580566
0.41749098896980286
0.496127188205719
0.5639852285385132
0.6787253022193909
0.6523081660270691
0.2667487859725952
0.49568864703178406
0.3196026682853699
0.24252144992351532
0.5937239527702332
0.32774999737739563
0.36874207854270935
0.7366979122161865
0.7001169919967651
0.7842426300048828
0.7337400317192078
0.8268306255340576
0.8025155663490295
0.23819296061992645
0.5912946462631226
0.5929722189903259
0.6774393916130066
0.49278226494789124
0.6099486947059631
0.476460725069046
0.47852760553359985
0.6827099323272705
0.6561748385429382
0.45100218057632446
0.2445671558380127
0.3236750662326813
0.6564663648605347
0.2326374053955078
0.8377126455307007
0.5008137822151184
0.42129164934158325
0.3668116629123688
0.2292206585407257
0.3266691267490387
0.2228996455669403
0.3262035846710205
0.27552273869514465
0.5016359686851501
0.2390240579843521
0.353420227766037
0.23734596371650696
0.3735790252685547
0.4484621286392212
0.3174307644367218
0.3701094090938568
0.4962006211280823
0.5597337484359741
