0.2947656214237213
0.40685826539993286
0.49684154987335205
0.534109354019165
0.5275068283081055
0.4968496859073639
0.7058864235877991
0.5402133464813232
0.1512904167175293
0.7741311192512512
0.5666998624801636
0.8112677335739136
0.773542046546936
0.7687262296676636
0.5552453994750977
0.71045982837677
0.7991147637367249
0.5904588103294373
0.7800653576850891
0.4740065634250641
0.692771315574646
0.6426360011100769
0.6575324535369873
0.747087836265564
0.8531420230865479
0.5434567928314209
0.8547976613044739
0.4017506241798401
0.7420129179954529
0.26431015133857727
0.6822688579559326
0.2004672735929489
0.7036405205726624
0.29233166575431824
0.6488864421844482
0.5446887016296387
0.34392881393432617
0.21207267045974731
0.44016116857528687
0.3828367292881012
0.6255913972854614
0.5530326962471008
0.8136932849884033
0.7097756266593933
0.7250273823738098
0.7635948061943054
0.67210453748703
0.729584813117981
0.6381646394729614
0.5555856227874756
0.5107003450393677
0.5530700087547302
0.47662270069122314
0.5045892000198364
0.5805347561836243
0.7870320677757263
0.8740134835243225
0.759558379650116
0.8921751379966736
0.854468822479248
0.8735306262969971
0.6875847578048706
0.8567620515823364
0.7378267049789429
0.7819130420684814
0.470756858587265
0.6618463397026062
0.537502110004425
0.8952933549880981
0.6998422145843506
0.9306320548057556
0.8622100949287415
0.3756328225135803
0.6736736297607422
0.4443158209323883
0.5476189255714417
0.7366289496421814
0.6997211575508118
0.6605938673019409
0.5584397315979004
0.5875897407531738
0.6312146186828613
0.7097557783126831
0.5742669701576233
0.7944833636283875
0.4205895662307739
0.7154195308685303
0.3087216913700104
0.5020304918289185
0.07344500720500946
0.6267997026443481
0.3061734437942505
0.753027081489563
0.7070644497871399
0.5149965286254883
0.6485231518745422
0.5483623743057251
0.8900376558303833
0.5412123203277588
0.8852310180664062
0.8248796463012695
0.4079534113407135
0.7294241786003113
0.3703100383281708
0.7112863659858704
0.5165331959724426
0.7481468915939331
