0.4605906307697296
0.4574355483055115
0.3386332392692566
0.3567737936973572
0.09331236034631729
0.2170325368642807
0.1370234489440918
0.28872835636138916
0.3395521640777588
0.3337591886520386
0.1940147876739502
0.5608952641487122
0.2753758132457733
0.7293604612350464
0.7654117941856384
0.6456191539764404
0.7573050260543823
0.7011277079582214
0.6088227033615112
0.6657293438911438
0.7372473478317261
0.7862493991851807
0.5341505408287048
0.34267887473106384
0.25345104932785034
0.2861868441104889
0.19805216789245605
0.05245416611433029
0.08146173506975174
0.24620959162712097
0.17462553083896637
0.39634400606155396
0.4911639392375946
0.7117830514907837
0.44358164072036743
0.5811190009117126
0.4986055791378021
0.6956137418746948
0.5542629361152649
0.7348445057868958
0.7610875368118286
0.8789337873458862
0.7909148335456848
0.6243559718132019
0.5386858582496643
0.5703569650650024
0.14804239571094513
0.38166311383247375
0.15199707448482513
0.7346896529197693
0.32212507724761963
0.5991500020027161
0.6338205337524414
0.5755260586738586
0.5451396107673645
0.7513917088508606
0.404060035943985
0.6842076778411865
0.5993759632110596
0.19042031466960907
0.4597838222980499
0.2954134941101074
0.5644567012786865
0.4045696556568146
0.796126663684845
0.6640241742134094
0.4308476448059082
0.5230967402458191
0.4232790172100067
0.1896449476480484
0.1252126693725586
0.060995716601610184
0.1685577780008316
0.10751130431890488
0.15866239368915558
0.3763851523399353
0.41021934151649475
0.5768964290618896
0.6036736369132996
0.3763102889060974
0.5545807480812073
0.452273428440094
0.43828216195106506
0.2868939936161041
0.34546205401420593
0.2334785759449005
0.3899833559989929
0.3678116798400879
0.387656033039093
0.5845821499824524
0.6184351444244385
0.648008406162262
0.7778149247169495
0.7810199856758118
0.832770049571991
0.7953492999076843
0.560263454914093
0.7142531871795654
0.6182112097740173
0.7287868857383728
0.5015847086906433
0.7860769033432007
0.43327656388282776
0.7765194177627563
0.4905308187007904
0.6467089056968689
0.3021508455276489
0.4470478594303131
0.27045562863349915
0.10245507210493088
0.1513952910900116
0.17316485941410065
0.29002219438552856
0.3650813400745392
0.49193063378334045
0.6143932342529297
0.6469027996063232
0.806859016418457
0.7148362994194031
0.9173329472541809
0.8739784955978394
0.3778349757194519
0.5797672867774963
0.20193184912204742
0.3284399211406708
0.19809654355049133
0.07947275787591934
0.28363174200057983
0.19199880957603455
0.4539395868778229
0.4407523274421692
0.6287004947662354
