0.23038536310195923
0.2702920138835907
0.19405944645404816
0.21462610363960266
0.23838604986667633
0.1971311718225479
0.17588338255882263
0.12769342958927155
0.18370486795902252
0.08681090921163559
0.4517909288406372
0.2957766652107239
0.24488142132759094
0.3812360167503357
0.4290090799331665
0.6039469838142395
0.25454503297805786
0.5793728828430176
0.2701401710510254
0.16070476174354553
0.41834163665771484
0.5003546476364136
0.48014959692955017
0.4047280550003052
0.6219662427902222
0.680521547794342
0.4677991271018982
0.6228635907173157
0.5630883574485779
0.4335538446903229
0.4486595690250397
0.37381306290626526
0.3812684714794159
0.15242226421833038
0.34863072633743286
0.055158428847789764
0.03907684236764908
0.03866443410515785
0.10496281832456589
0.0743318572640419
0.11044371128082275
0.19560356438159943
0.14150182902812958
0.3529590666294098
0.35755035281181335
0.24250346422195435
0.43076983094215393
0.5746126174926758
0.6256595849990845
0.7212713956832886
0.5449020862579346
0.784660279750824
0.6934306025505066
0.5015414357185364
0.42396923899650574
0.226622074842453
0.11254458874464035
0.050325170159339905
0.13182023167610168
0.23770734667778015
0.1771470308303833
0.11954215914011002
0.2859002351760864
0.33883237838745117
0.4600314199924469
0.2705751955509186
0.40067318081855774
0.7289994359016418
0.7109826803207397
0.2253301739692688
0.39404672384262085
0.7624174952507019
0.2655051052570343
0.5206477046012878
0.8504171371459961
0.5110190510749817
0.5198364853858948
0.7214733362197876
0.14987553656101227
0.316940039396286
0.4057685434818268
0.08532712608575821
0.10046993941068649
0.3344394266605377
0.20492400228977203
0.1440700888633728
0.2542649209499359
0.5979018807411194
0.43829774856567383
0.11673124879598618
0.07048121094703674
0.11276160180568695
0.16374361515045166
0.08371564000844955
0.1058742105960846
0.45538875460624695
0.7436569333076477
0.6858800053596497
0.46198931336402893
0.6642991304397583
0.42923787236213684
0.11752568185329437
0.11705495417118073
0.2537343502044678
0.16793985664844513
0.5085299611091614
0.6663182377815247
0.7423326373100281
0.7152159214019775
0.5371646881103516
0.5024877190589905
0.33971482515335083
0.37514814734458923
0.7050279974937439
0.5531555414199829
0.7112892270088196
0.604321300983429
0.6275900602340698
0.7214024662971497
0.7403730750083923
0.585699200630188
0.607624351978302
0.7205477356910706
0.7326452732086182
0.7543267011642456
0.708413302898407
0.7554675936698914
0.6324560046195984
0.5538486838340759
0.6678999662399292
0.504589855670929
0.45014721155166626
0.4557975232601166
0.5902523398399353
0.20308847725391388
0.5091370940208435
0.6417841911315918
0.6042348146438599
0.46858882904052734
0.5973110795021057
0.461039662361145
0.4624677896499634
0.39069199562072754
0.47662773728370667
0.4438806176185608
0.1956356018781662
0.2594095468521118
0.2169555276632309
0.3383029103279114
0.1425904631614685
0.47664013504981995
0.42572373151779175
0.18499982357025146
0.5533621907234192
0.4241144359111786
0.27065253257751465
0.3981339931488037
0.46042004227638245
0.23634131252765656
0.4001255929470062
0.21152091026306152
0.21122510731220245
0.07544353604316711
0.16407133638858795
0.15352755784988403
0.1800636500120163
0.10090888291597366
0.24263297021389008
0.42876136302948
0.40471553802490234
0.14948903024196625
0.12254688888788223
0.0987601950764656
0.13320808112621307
0.03356844559311867
0.25910088419914246
0.36749541759490967
0.6891538500785828
0.6133292317390442
0.6074236035346985
0.6800329089164734
0.6589962840080261
0.5633514523506165
0.7929426431655884
0.8232548832893372
0.5631576776504517
0.728283166885376
0.6285889744758606
0.3804253935813904
0.2274046242237091
0.5077184438705444
0.5249413847923279
0.5460890531539917
0.7495830059051514
0.7737489342689514
0.6922999620437622
0.8117121458053589
0.8115679025650024
0.8155238032341003
0.8397806882858276
0.737532913684845
0.6839397549629211
0.21484144032001495
0.09329024702310562
0.170240581035614
0.05652976781129837
0.09344474226236343
0.08248191326856613
0.2354380339384079
0.07641158252954483
0.2426801472902298
0.26889732480049133
0.23693090677261353
0.171847403049469
0.14923091232776642
0.12012860924005508
0.07366454601287842
0.06591049581766129
0.16747231781482697
0.07507579028606415
0.16399288177490234
0.3109862208366394
0.3093770444393158
0.5995930433273315
0.4452873766422272
0.6432450413703918
0.6019444465637207
0.5728797912597656
0.41835343837738037
0.5700852274894714
0.5517347455024719
0.23596641421318054
0.5308159589767456
0.2982896864414215
0.19035036861896515
0.08128835260868073
0.21990786492824554
0.3212043344974518
0.2729717791080475
0.46948719024658203
0.4415183365345001
0.290434330701828
0.43460243940353394
0.27976036071777344
0.12601380050182343
0.2642195522785187
0.44940683245658875
0.5949678421020508
0.10649953037500381
0.11578544229269028
0.17815685272216797
0.14325016736984253
0.5121148228645325
0.3493645489215851
0.4814503490924835
0.5890025496482849
0.4578789174556732
0.3038363456726074
