0.4373115599155426
0.4975089132785797
0.6366907358169556
0.7297070026397705
0.5388684868812561
0.23892739415168762
0.5952283143997192
0.5221689343452454
0.2392723262310028
0.533491849899292
0.6570765376091003
0.21062038838863373
0.16244946420192719
0.47763592004776
0.38084229826927185
0.15478557348251343
0.20526190102100372
0.301969051361084
0.11393015831708908
0.04831133410334587
0.2656497061252594
0.05242614075541496
0.04846616089344025
0.10832218825817108
0.3591405749320984
0.06425760686397552
0.15251804888248444
0.4144519865512848
0.25247517228126526
0.06184740737080574
0.40778839588165283
0.5222238898277283
0.20189401507377625
0.3612128794193268
0.5517136454582214
0.6075394749641418
0.6598238945007324
0.6023378372192383
0.51251620054245
0.5405031442642212
0.2781164348125458
0.06692258268594742
0.2486821860074997
0.3359130918979645
0.11521538347005844
0.17017066478729248
0.24604532122612
0.34067991375923157
0.13487403094768524
0.22805066406726837
0.2607051432132721
0.20089606940746307
0.06572967022657394
0.17444904148578644
0.1839720904827118
0.16544209420681
0.1404712200164795
0.40656816959381104
0.24731938540935516
0.1684587448835373
0.062189988791942596
0.1161481961607933
0.10758320987224579
0.10881756246089935
0.08211495727300644
0.11987888813018799
0.1533484309911728
0.29371970891952515
0.23954521119594574
0.18304358422756195
0.314884752035141
0.17749133706092834
0.22546778619289398
0.38491344451904297
0.11726751923561096
0.46457332372665405
0.22611390054225922
0.16307184100151062
0.06431114673614502
0.6197836399078369
0.28896084427833557
0.08020076155662537
0.5882923603057861
0.5328336358070374
0.2564298212528229
0.35716676712036133
0.7225133180618286
0.49441710114479065
0.33399927616119385
0.5680606961250305
0.6827943325042725
0.3270842134952545
0.40006670355796814
0.20960615575313568
0.2650511562824249
0.2655770480632782
0.14393961429595947
0.24732907116413116
0.36496487259864807
0.2786482870578766
0.3151926100254059
0.439728319644928
0.32310205698013306
0.4011341631412506
0.6370729804039001
0.5641520023345947
0.32064875960350037
0.44125232100486755
0.6212278604507446
0.3721475601196289
0.17719219624996185
0.4018527567386627
0.5738141536712646
0.23505425453186035
0.18174748122692108
0.34089288115501404
0.37628889083862305
0.21687188744544983
0.3216184377670288
0.4480174481868744
0.3109903335571289
0.35756999254226685
0.24547865986824036
0.5005552768707275
0.4151034355163574
0.3403824269771576
0.2562922537326813
0.40575605630874634
0.24656982719898224
0.4005696177482605
0.24698935449123383
0.2772233784198761
0.2166665643453598
0.3199842870235443
0.238284170627594
0.05960126593708992
0.3422001898288727
0.31203389167785645
0.08529415726661682
0.14561904966831207
0.5202353596687317
0.23273783922195435
0.07141420990228653
0.17207752168178558
0.45657259225845337
0.2968426048755646
0.5606592893600464
0.5614644289016724
0.30523481965065
0.11315415799617767
0.21606115996837616
0.17832930386066437
0.37753772735595703
0.2156173139810562
0.3425769805908203
0.2193346619606018
0.26948443055152893
0.24210712313652039
0.09404437988996506
0.15570776164531708
0.26146072149276733
0.3495015799999237
0.43965020775794983
0.4335307478904724
0.43815746903419495
0.4613374173641205
0.594877302646637
0.4508693516254425
0.2428911030292511
0.3987865746021271
0.49752649664878845
0.23603926599025726
0.2712342143058777
0.42675623297691345
0.5613749623298645
0.24108536541461945
0.1252680867910385
0.25400176644325256
0.6228417158126831
0.12197341024875641
0.163710355758667
0.5271917581558228
0.5060299038887024
0.19776423275470734
0.2368876188993454
0.7070620656013489
0.26596084237098694
0.19426216185092926
0.4787442982196808
0.5822106003761292
0.3903161883354187
0.3032505512237549
0.5372204780578613
0.3809494972229004
0.5423033833503723
0.5059331059455872
0.12446514517068863
0.4969289004802704
0.6398657560348511
0.30025914311408997
0.48495855927467346
0.6543462872505188
0.3283942937850952
0.2602604329586029
0.5883902907371521
0.3858267068862915
0.5656188726425171
0.6479728817939758
0.476971298456192
0.4618905484676361
0.24225197732448578
0.6410689353942871
0.5711888074874878
0.3015541136264801
0.47465085983276367
0.5395491719245911
0.6477484703063965
0.43827974796295166
0.38347822427749634
0.5334118008613586
0.6621425747871399
0.4190048277378082
0.3097485601902008
0.6858013272285461
0.5571861267089844
0.48164430260658264
0.45135727524757385
0.7929299473762512
0.6125759482383728
0.24988439679145813
0.5336698889732361
0.7566980719566345
0.5540390014648438
0.30609050393104553
0.7297762036323547
0.702544629573822
0.5582079887390137
0.46814480423927307
0.4595586061477661
0.5022724866867065
0.6067534685134888
0.6470716595649719
0.3507470190525055
0.6666792631149292
0.5884383320808411
0.577864408493042
0.5009714365005493
