0.481208473443985
0.4862433969974518
0.2299523949623108
0.5501330494880676
0.5361857414245605
0.25387993454933167
0.16783349215984344
0.8138540983200073
0.6325495839118958
0.3308294415473938
0.4229085147380829
0.3200702667236328
0.421725869178772
0.27431032061576843
0.06484466046094894
0.40197035670280457
0.4017660617828369
0.2321830838918686
0.174840047955513
0.3274700939655304
0.28059229254722595
0.30557721853256226
0.2697124183177948
0.21257784962654114
0.2101561427116394
0.15368863940238953
0.18175488710403442
0.3953353464603424
0.36592474579811096
0.6045191884040833
0.7022624015808105
0.8462346196174622
0.40439164638519287
0.7406740784645081
0.3560419976711273
0.16362066566944122
0.055711276829242706
0.404037743806839
0.6983254551887512
0.07667490094900131
0.10051263868808746
0.8286135196685791
0.765081524848938
0.37828266620635986
0.42268458008766174
0.33685585856437683
0.3304598331451416
0.1322062760591507
0.05695497989654541
0.43565601110458374
0.2886383533477783
0.0772564709186554
0.22463488578796387
0.49434763193130493
0.48801231384277344
0.26173293590545654
0.11333773285150528
0.3722011148929596
0.17136067152023315
0.24733638763427734
0.2876845598220825
0.41763660311698914
0.5184538960456848
0.7939383387565613
0.6525184512138367
0.6417111754417419
0.6222038865089417
0.22077436745166779
0.11600323766469955
0.0194720309227705
0.40434885025024414
0.7350333333015442
0.05178801342844963
0.10295305401086807
0.7102882862091064
0.8258828520774841
0.30113503336906433
0.47830507159233093
0.3867669403553009
0.2657584846019745
0.0694461315870285
0.03484402596950531
0.20224744081497192
0.2544519305229187
0.04761292412877083
0.14493176341056824
0.31256550550460815
0.4673507511615753
0.3623141944408417
0.12831224501132965
0.23850631713867188
0.1481814980506897
0.2622118592262268
0.12381960451602936
0.3630102574825287
0.44303709268569946
0.6801522374153137
0.7517707347869873
0.1688731461763382
0.5050984025001526
0.2565699815750122
0.16231516003608704
0.032558247447013855
0.4660581052303314
0.7693983316421509
0.10401511192321777
0.16562987864017487
0.8673086762428284
0.9027024507522583
0.5240474939346313
0.4612537920475006
0.30378687381744385
0.3063115179538727
0.11063232272863388
0.04436761140823364
0.22772105038166046
0.1710636466741562
0.03954356908798218
0.09033476561307907
0.14676105976104736
0.3143942356109619
0.1337408572435379
0.09233132004737854
0.2484114170074463
0.20870603621006012
0.1808772087097168
0.3126535415649414
0.22367699444293976
0.23867972195148468
0.48434653878211975
0.767122745513916
0.40646061301231384
0.6950510144233704
0.3505271375179291
0.15993967652320862
0.17088539898395538
0.5130972862243652
0.7010879516601562
0.29471004009246826
0.669182538986206
0.4707246422767639
0.3569992780685425
0.2040974646806717
0.35645556449890137
0.3423837721347809
0.17737199366092682
0.08748982101678848
0.38359132409095764
0.2042897641658783
0.22073234617710114
0.08908477425575256
0.23475418984889984
0.25016555190086365
0.2854882776737213
0.2565414011478424
0.1359645277261734
0.28901901841163635
0.3707214593887329
0.45778122544288635
0.4179735779762268
0.3367405831813812
0.3703373968601227
0.376229852437973
0.2880467176437378
0.37023791670799255
0.4342418313026428
0.5132630467414856
0.4695626497268677
0.3907800316810608
