0.08918807655572891
0.06043345481157303
0.03009014017879963
0.17558932304382324
0.1110161617398262
0.11318830400705338
0.2260417491197586
0.28161516785621643
0.4291251599788666
0.37988409399986267
0.7217217087745667
0.21496053040027618
0.25994744896888733
0.16559739410877228
0.16146184504032135
0.10242847353219986
0.011950898915529251
0.07447125017642975
0.06635147333145142
0.02931433543562889
0.008673964068293571
0.05211562663316727
0.067662313580513
0.059707239270210266
0.04980309680104256
0.12919655442237854
0.1731724590063095
0.19290848076343536
0.21068517863750458
0.33433809876441956
0.32392972707748413
0.07225111871957779
0.12330374866724014
0.0960090309381485
0.23648002743721008
0.20886793732643127
0.26190394163131714
0.19538113474845886
0.48931780457496643
0.19284702837467194
0.6641222238540649
0.7349260449409485
0.32301047444343567
0.3896077573299408
0.1857558637857437
0.11763261258602142
0.08784744143486023
0.059717774391174316
0.02605981007218361
0.19487862288951874
0.1278057098388672
0.35131511092185974
0.36179685592651367
0.29835858941078186
0.3368886411190033
0.4936637282371521
0.3539694845676422
0.4199630618095398
0.19987328350543976
0.06066844239830971
0.016493411734700203
0.04027221351861954
0.012010899372398853
0.03428785502910614
0.02329256758093834
0.046558547765016556
0.18120288848876953
0.5635619759559631
0.43095311522483826
0.6951991319656372
0.35806718468666077
0.7978008985519409
0.22811375558376312
0.09955435991287231
0.1475229263305664
0.10767727345228195
0.061132047325372696
0.012356402352452278
0.043351370841264725
0.26771974563598633
0.052642155438661575
0.02380346693098545
0.20408320426940918
0.25837767124176025
0.18011729419231415
0.24478568136692047
0.36180785298347473
0.2761140763759613
0.3424125015735626
0.28639617562294006
0.4254779815673828
0.35473355650901794
0.2886011302471161
0.42489343881607056
0.34591925144195557
0.3359896242618561
0.3375462591648102
0.21490909159183502
0.2672715187072754
0.4202309846878052
0.22044219076633453
0.13240188360214233
0.194040909409523
0.03534096106886864
0.05439634993672371
0.01383181568235159
0.05113007128238678
0.019795434549450874
0.08418355137109756
0.06987717002630234
0.26854658126831055
0.17343048751354218
0.21565848588943481
0.28956907987594604
0.3283247947692871
0.4308660924434662
0.5688454508781433
0.5180976390838623
0.6564318537712097
0.7241058945655823
0.8176629543304443
0.8048297166824341
0.8668592572212219
0.8495404124259949
0.6598252058029175
0.8080947995185852
0.5553495287895203
0.35808566212654114
0.6522281765937805
0.5954682230949402
0.8558441400527954
0.6682863831520081
0.7845442891120911
0.7937965989112854
0.7239320874214172
0.8643845319747925
0.746685802936554
0.8265615701675415
0.2769790291786194
0.37077733874320984
0.2403990477323532
0.22142393887043
0.37823426723480225
0.2808056175708771
0.2047525942325592
0.2291022092103958
0.3979262411594391
0.1676010936498642
0.2170831859111786
0.3412085771560669
0.4307783544063568
0.6119776964187622
0.6434221267700195
0.23246188461780548
0.2713691294193268
0.5099644064903259
0.6907620429992676
0.7582448720932007
0.6620556712150574
0.8046720623970032
0.569987952709198
0.8005838990211487
0.6191920638084412
0.34431010484695435
0.33168649673461914
0.4433405101299286
0.63249671459198
0.7086833119392395
0.32490476965904236
0.35513338446617126
0.4433881342411041
0.2859632670879364
0.37819406390190125
0.2516545355319977
0.19916856288909912
0.3959619700908661
0.18310923874378204
0.1758919209241867
0.2598288357257843
0.45657846331596375
0.30527448654174805
0.1429857462644577
0.5505878329277039
0.4514630138874054
0.42158910632133484
0.23725669085979462
0.3852931261062622
0.1058148443698883
0.08220810443162918
0.00675363140180707
0.01371601689606905
0.01083153672516346
0.02570120058953762
0.0510144978761673
0.15824002027511597
0.1443367451429367
0.3195607364177704
0.26726171374320984
0.19014567136764526
0.09231215715408325
0.024379784241318703
0.039924222975969315
0.11154720932245255
0.08102235943078995
0.20187778770923615
0.1023515984416008
0.35829561948776245
0.4652842879295349
0.5386788249015808
0.519229531288147
0.4080423414707184
0.1862698644399643
0.3300602436065674
0.16785076260566711
0.2528577744960785
0.22746603190898895
0.22657468914985657
0.07197749614715576
0.1271827667951584
0.2755124568939209
0.13786447048187256
0.03036048635840416
0.21035541594028473
0.18329373002052307
0.032564807683229446
0.06965801864862442
0.13966155052185059
0.16541509330272675
0.13336379826068878
0.11967778205871582
0.30131351947784424
0.46506109833717346
0.6253635287284851
0.24850718677043915
0.2267136573791504
0.2688097059726715
0.13525979220867157
0.28914153575897217
0.08693303167819977
0.08036620169878006
0.10751888900995255
0.14898505806922913
0.27608034014701843
0.5303783416748047
0.2879110872745514
0.4449424147605896
0.8253971338272095
0.615198016166687
0.30192291736602783
0.11529747396707535
0.120662160217762
0.2063847780227661
0.07860718667507172
0.061870746314525604
0.11706886440515518
0.24478527903556824
0.03939484432339668
0.12054410576820374
0.29352137446403503
0.2526053190231323
0.15622709691524506
0.04320736229419708
0.10836422443389893
0.03588589280843735
0.012261397205293179
0.034636396914720535
0.013813823461532593
0.03194386512041092
0.1156340166926384
0.1227245181798935
0.5688040852546692
0.2748009264469147
0.39409512281417847
0.5569661855697632
0.8083429336547852
0.724218487739563
0.4382857084274292
0.6837902665138245
0.8170466423034668
0.35035446286201477
0.7054544687271118
0.46562543511390686
0.6943554878234863
0.6024900078773499
0.2987608015537262
0.514153778553009
0.551863968372345
0.3561457693576813
0.170272558927536
0.43921196460723877
0.20819666981697083
0.060540128499269485
0.25007951259613037
0.1894228607416153
0.02219492383301258
0.06056036055088043
0.2564007043838501
0.11876118183135986
0.025326842442154884
0.06811419129371643
0.29063454270362854
0.11948198825120926
0.06260241568088531
0.23066012561321259
0.2583939731121063
0.22716957330703735
0.22467918694019318
