0.1805063933134079
0.18771347403526306
0.11945822834968567
0.1752459704875946
0.2370990365743637
0.38164231181144714
0.16550762951374054
0.4905467629432678
0.42357829213142395
0.23151186108589172
0.27152153849601746
0.24951280653476715
0.2456081211566925
0.4440843164920807
0.2948817014694214
0.25147584080696106
0.2550933361053467
0.25817763805389404
0.5513967275619507
0.3294678330421448
0.5458717346191406
0.6703749299049377
0.4099384844303131
0.489156574010849
0.52280592918396
0.3508955240249634
0.2726270258426666
0.23386870324611664
0.17091341316699982
0.26708316802978516
0.1758585423231125
0.14422351121902466
0.08253473788499832
0.11761295795440674
0.02554110810160637
0.01654978096485138
0.022656170651316643
0.04445255547761917
0.031831420958042145
0.11736760288476944
0.13910344243049622
0.053031742572784424
0.091225765645504
0.027705617249011993
0.06565015763044357
0.07533339411020279
0.09361623972654343
0.12034869194030762
0.35963207483291626
0.41340047121047974
0.068657286465168
0.09959591925144196
0.3720843195915222
0.09021647274494171
0.18372395634651184
0.27202272415161133
0.06111709401011467
0.134806290268898
0.4019987881183624
0.2829194664955139
0.1840224415063858
0.4981613755226135
0.20421524345874786
0.19951239228248596
0.15274985134601593
0.1408495157957077
0.17994889616966248
0.10737114399671555
0.17786574363708496
0.2428523153066635
0.3004538118839264
0.20020174980163574
0.3611373007297516
0.40565767884254456
0.5416765809059143
0.5397399067878723
0.3953638970851898
0.6276929974555969
0.3805682957172394
0.4171474874019623
0.5068812966346741
0.2219090461730957
0.4199918210506439
0.2339153289794922
0.42057061195373535
0.41663432121276855
0.38578301668167114
0.1259317845106125
0.1987159550189972
0.06070989370346069
0.024617156013846397
0.016336897388100624
0.08091168105602264
0.07369046658277512
0.2157272845506668
0.3056131601333618
0.09906777739524841
0.19195051491260529
0.07115914672613144
0.01807612180709839
0.013203644193708897
0.015266073867678642
0.03387695923447609
0.1433599442243576
0.23751050233840942
0.2809935212135315
0.28683367371559143
0.2702609896659851
0.31474295258522034
0.06685706228017807
0.04366745427250862
0.18634729087352753
0.019916219636797905
0.052938126027584076
0.025402555242180824
0.04461736977100372
0.0342857651412487
0.11405452340841293
0.12020664662122726
0.044573504477739334
0.20599111914634705
0.20818492770195007
0.09105755388736725
0.21173489093780518
0.15663011372089386
0.0726742148399353
0.20469321310520172
0.13859660923480988
0.10634305328130722
0.0899653360247612
0.07151998579502106
0.07524112612009048
0.06419437378644943
0.2158597856760025
0.16177380084991455
0.35009995102882385
0.14314128458499908
0.3430909514427185
0.09411393851041794
0.14366823434829712
0.1714455485343933
0.06167370826005936
0.052915241569280624
0.14366835355758667
0.04586298018693924
0.2008649706840515
0.05075140669941902
0.010734990239143372
0.06494850665330887
0.053620561957359314
0.11709204316139221
0.33096665143966675
0.46309149265289307
0.3210924565792084
0.15516620874404907
0.11201468110084534
0.16317538917064667
0.013626500964164734
0.01311151497066021
0.019760161638259888
0.029485488310456276
0.041448768228292465
0.18671178817749023
0.14004988968372345
0.03902493417263031
0.040999673306941986
0.03235096484422684
0.09176413714885712
0.056465405970811844
0.044268649071455
0.21197406947612762
0.06272447109222412
0.14171567559242249
0.1353519707918167
0.10701855272054672
0.08754843473434448
0.25657954812049866
0.3340960144996643
0.23609590530395508
0.11866102367639542
0.16173620522022247
0.1674041599035263
0.2264036387205124
0.1395265758037567
0.19893693923950195
0.12101602554321289
0.14230413734912872
0.036676082760095596
0.07995150238275528
0.019963691011071205
0.01023818738758564
0.01874672807753086
0.11532750725746155
0.16152602434158325
0.2836833894252777
0.603815495967865
0.14192041754722595
0.4702691435813904
0.2935396432876587
0.033903129398822784
0.007984958589076996
0.01651632972061634
0.017017846927046776
0.09829960018396378
0.16498596966266632
0.21442817151546478
0.04531630128622055
0.1180371418595314
0.02012431062757969
0.15584605932235718
0.1635310798883438
0.2127121090888977
0.3825456202030182
0.32695332169532776
0.3387882709503174
0.13262322545051575
0.3106801509857178
0.3368322253227234
0.43368542194366455
0.26008448004722595
0.28483933210372925
0.13686758279800415
0.34602823853492737
0.1871667355298996
0.17687933146953583
0.28234392404556274
0.4038618206977844
0.24279379844665527
0.22941333055496216
0.23416349291801453
0.27392107248306274
0.21944335103034973
0.14950112998485565
0.1063360944390297
0.1205441802740097
0.018905261531472206
0.044252730906009674
0.0177471786737442
0.005408982280641794
0.03328709676861763
0.09119927883148193
0.06335941702127457
0.058227162808179855
0.409912109375
0.31619954109191895
0.11462504416704178
0.02330130711197853
0.0278641227632761
0.02139407768845558
0.01489544752985239
0.10759923607110977
0.06703202426433563
0.10280541330575943
0.12088799476623535
0.23283930122852325
0.13582974672317505
0.1253916472196579
0.18454499542713165
0.32129621505737305
0.18999555706977844
0.23673397302627563
0.12025288492441177
0.19109244644641876
0.0470680296421051
0.11470355093479156
0.09845705330371857
0.07996722310781479
0.27138638496398926
0.23029978573322296
0.3273882567882538
0.3631978929042816
0.4462554156780243
0.32168760895729065
0.26377740502357483
0.3417462110519409
0.38462549448013306
0.34725722670555115
0.3223177492618561
0.42246362566947937
0.28283533453941345
0.36678826808929443
0.3346211016178131
0.20893169939517975
0.3892435133457184
0.4530581831932068
0.26714301109313965
0.161411851644516
0.6557938456535339
0.194316104054451
0.330337256193161
0.16525518894195557
0.2844626009464264
0.23861639201641083
0.07914254814386368
0.20132920145988464
0.08559755235910416
0.06586206704378128
0.09860634058713913
0.03672032803297043
0.010930854827165604
0.04229111596941948
0.06514111906290054
0.048292435705661774
0.1586906760931015
0.10980425775051117
0.14440593123435974
0.11921151727437973
0.05474402755498886
0.011887864209711552
0.033118464052677155
0.019540254026651382
0.025391196832060814
0.054314251989126205
0.06193814054131508
0.08537763357162476
0.12038920074701309
0.2199270874261856
0.3324710428714752
0.1461201310157776
0.1822989583015442
0.13264727592468262
0.06466883420944214
0.11961065232753754
0.1651318073272705
0.18618334829807281
0.26287904381752014
0.2329542338848114
0.20761235058307648
0.3192290961742401
0.27447766065597534
0.1806902438402176
0.16547803580760956
0.1643373668193817
0.2450915426015854
0.3754514753818512
0.2620735168457031
0.44340944290161133
0.6327828764915466
0.4279400706291199
0.2918500602245331
0.4951208531856537
0.3594644367694855
0.4911516606807709
0.2987372577190399
0.48246702551841736
0.4828844666481018
0.21938687562942505
0.4480619430541992
0.4755133092403412
0.4253668487071991
0.32238954305648804
0.32110628485679626
0.2440834641456604
0.24595318734645844
0.07229296863079071
0.15620286762714386
0.04062550887465477
0.018494566902518272
0.04569045454263687
0.027568943798542023
0.02537129819393158
0.060034897178411484
0.02131696417927742
0.04136050119996071
0.09300091862678528
0.12290576100349426
0.09414558857679367
0.09050074219703674
0.06381203979253769
0.10880229622125626
0.06792107969522476
0.09860425442457199
0.13749097287654877
0.10592565685510635
0.09204917401075363
0.12333701550960541
0.137414813041687
0.0863858163356781
0.08996402472257614
0.0704297199845314
0.07665232568979263
0.07640103995800018
0.05700553208589554
0.0365341380238533
0.17663027346134186
0.09383650124073029
0.24440915882587433
0.26740163564682007
0.2224135398864746
0.23837746679782867
0.2568608820438385
0.2753307521343231
0.21747714281082153
0.3324125409126282
0.23724132776260376
0.10735151171684265
0.23665587604045868
0.17372383177280426
0.38331368565559387
0.291577011346817
0.4194689095020294
0.311374694108963
0.18395203351974487
0.15504500269889832
0.11323678493499756
0.05930944159626961
0.06998664885759354
0.05706312134861946
0.12936976552009583
0.0659237951040268
0.10024701058864594
0.16263458132743835
0.09275902062654495
0.11303798109292984
0.05761300399899483
0.06081460043787956
0.0526348352432251
0.026927584782242775
0.029438013210892677
0.04159378260374069
0.050251081585884094
