0.059400275349617004
0.29804331064224243
0.17346292734146118
0.13091644644737244
0.3496856689453125
0.2367360144853592
0.3029407560825348
0.0984286442399025
0.4908025562763214
0.1553013175725937
0.10315928608179092
0.3348553478717804
0.6068837642669678
0.30120596289634705
0.2911776006221771
0.20853804051876068
0.08220510184764862
0.06080666556954384
0.06040854752063751
0.08987780660390854
0.08316478878259659
0.037281036376953125
0.025388164445757866
0.03022506833076477
0.03264505788683891
0.011976695619523525
0.013226416893303394
0.013868236914277077
0.01304966676980257
0.009206147864460945
0.014244711957871914
0.012443912215530872
0.04979325830936432
0.1278763860464096
0.2701447904109955
0.44632917642593384
0.5522526502609253
0.4239680767059326
0.11971485614776611
0.20317544043064117
0.06606784462928772
0.008160036988556385
0.015060489065945148
0.01629531942307949
0.0067846993915736675
0.006791445892304182
0.008861582726240158
0.008427790366113186
0.05595572665333748
0.0881858840584755
0.10302885621786118
0.1967538595199585
0.32765015959739685
0.6855306029319763
0.4492136538028717
0.617614209651947
0.8188105821609497
0.7444928288459778
0.8646297454833984
0.8928526043891907
0.8291991949081421
0.7525336742401123
0.4761636555194855
0.9287906289100647
0.9263893961906433
0.9226210713386536
0.8793744444847107
0.9779852032661438
0.971574068069458
0.9886918663978577
0.9072626233100891
0.8437270522117615
0.5905068516731262
0.591273844242096
0.6201448440551758
0.7678801417350769
0.41266778111457825
0.33025994896888733
0.48301640152931213
0.37831154465675354
0.6281161904335022
0.17384105920791626
0.6716850996017456
0.5571898221969604
0.30782803893089294
0.3735615313053131
0.23455868661403656
0.2080380767583847
0.14633004367351532
0.06817404180765152
0.05337493494153023
0.05011394992470741
0.04220414534211159
0.049514468759298325
0.12959519028663635
0.35426759719848633
0.6364985704421997
0.6259872317314148
0.7872771620750427
0.9791299104690552
0.9198801517486572
0.5266131162643433
0.9349813461303711
0.9538397192955017
0.6792227625846863
0.37191474437713623
0.9573935270309448
0.92140793800354
0.5172813534736633
0.8886995315551758
0.9356887936592102
0.8046212792396545
0.5216401219367981
0.795491099357605
0.6207712292671204
0.3579389452934265
0.4954011142253876
0.7480319142341614
0.30649757385253906
0.8551747798919678
0.4934127628803253
0.776264488697052
0.4455546736717224
0.355376660823822
0.7220243215560913
0.4986191987991333
0.08764200657606125
0.30518555641174316
0.2813483476638794
0.24646878242492676
0.47114861011505127
0.1407688409090042
0.048166848719120026
0.3317193388938904
0.6939719319343567
0.03864681348204613
0.06356490403413773
0.4883340895175934
0.49666085839271545
0.07409578561782837
0.2195219099521637
0.3157302439212799
0.0654459297657013
0.021631183102726936
0.3701079189777374
0.35224395990371704
0.02304540015757084
0.040382105857133865
0.11766476184129715
0.09294059872627258
0.013272351585328579
0.031766004860401154
0.0585339218378067
0.017517508938908577
0.010909169912338257
0.010729127563536167
0.017092758789658546
0.007420856971293688
0.01350029744207859
0.005553234368562698
0.018144259229302406
0.020456384867429733
0.007912250235676765
0.017326632514595985
0.018277641385793686
0.019702935591340065
0.06782058626413345
0.03851788118481636
0.031595636159181595
0.05059552937746048
0.13448059558868408
0.08752603083848953
0.040146470069885254
0.11990991234779358
0.35038816928863525
0.06378789246082306
0.0865950658917427
0.20227544009685516
0.07335647195577621
0.015103842131793499
0.05765210837125778
0.046660032123327255
0.020526377484202385
0.008286763913929462
0.013293830677866936
0.025045249611139297
0.08809063583612442
0.10162941366434097
0.23523354530334473
0.23274779319763184
0.6989852786064148
0.347907692193985
0.41121381521224976
0.548379123210907
0.38357973098754883
0.08038416504859924
0.3093063533306122
0.5022406578063965
0.10646802186965942
0.05946766212582588
0.5120729804039001
0.12005390226840973
0.10755399614572525
0.10172150284051895
0.05478885769844055
0.0468575693666935
0.16031666100025177
0.08509227633476257
0.028794309124350548
0.07282731682062149
0.12747323513031006
0.050034888088703156
0.04517587274312973
0.08936260640621185
0.07465104758739471
0.06634338200092316
0.03938838467001915
0.10330105572938919
0.020044635981321335
0.03461601957678795
0.025223759934306145
0.04420652240514755
0.02363496832549572
0.014230240136384964
0.00684029096737504
0.018075693398714066
0.010868373326957226
0.04147769883275032
0.02161254547536373
0.09607988595962524
0.02301635965704918
0.05400817468762398
0.07807864248752594
0.06482712179422379
0.04389838129281998
0.0972515270113945
0.3067122995853424
0.4348519742488861
0.4979061484336853
0.6959204077720642
0.7122098803520203
0.8956254124641418
0.6604261994361877
0.2511287331581116
0.4887591600418091
0.6821947693824768
0.4667045772075653
0.11734681576490402
0.44620493054389954
0.6132928133010864
0.43947961926460266
0.12460068613290787
0.05140422657132149
0.05494815111160278
0.18740732967853546
0.057086288928985596
0.13664598762989044
0.28821229934692383
0.2562026083469391
0.21685059368610382
0.36205729842185974
0.3567739427089691
0.3752101957798004
0.3897441327571869
0.5908714532852173
0.6424124836921692
0.27750107645988464
0.795772135257721
0.24334809184074402
0.10719088464975357
0.02623564563691616
0.06459260731935501
0.08462453633546829
0.04283592477440834
0.04468398541212082
0.05498703196644783
0.021313535049557686
0.01831289567053318
0.03798637539148331
0.013124680146574974
0.019952496513724327
0.004222987685352564
0.022073153406381607
0.037168458104133606
0.23155266046524048
0.053024835884571075
0.08725954592227936
0.1971035748720169
0.2105018049478531
0.13506044447422028
0.30291733145713806
0.6176701784133911
0.6321754455566406
0.1575460284948349
0.43234458565711975
0.30648890137672424
0.7054734230041504
0.6799424290657043
0.29542219638824463
0.2432362288236618
0.31859663128852844
0.07047726958990097
0.08555891364812851
0.30472126603126526
0.04836877062916756
0.032797910273075104
0.15949127078056335
0.2231885939836502
0.021905051544308662
0.09784043580293655
0.2090422809123993
0.11809185892343521
0.0370020791888237
0.05581330135464668
0.0907132625579834
0.076991505920887
0.05622279644012451
0.10974319279193878
0.14189757406711578
0.24143917858600616
0.42290329933166504
0.5763317942619324
0.92018061876297
0.962656557559967
0.6994965672492981
0.9572178721427917
0.8527111411094666
0.35346460342407227
0.9367935657501221
0.9592289328575134
0.5769666433334351
0.6679194569587708
0.8969219923019409
0.7336075901985168
0.1182033121585846
0.6125670075416565
0.5133999586105347
0.3321283459663391
0.02000434696674347
0.5279071927070618
0.34834715723991394
0.08946943283081055
0.21684670448303223
0.07879450917243958
0.4093475043773651
0.36846762895584106
0.6236492991447449
0.8934175968170166
0.4154481589794159
0.9276730418205261
0.45486968755722046
0.8860687613487244
0.6360288262367249
0.8697567582130432
0.7956706285476685
0.8991309404373169
0.8962787985801697
0.6557320356369019
0.9139052629470825
0.9554848074913025
0.4233403205871582
0.8254535794258118
0.9467484354972839
0.9350040555000305
0.1839510202407837
0.855214536190033
0.9407254457473755
0.5718212127685547
0.19673927128314972
0.9022647142410278
0.8942438960075378
0.27269837260246277
0.4634009599685669
