0.656258761882782
0.6404891014099121
0.8515772819519043
0.6496338248252869
0.7458460927009583
0.6158076524734497
0.8632804155349731
0.8442486524581909
0.7550317645072937
0.5905907154083252
0.8500957489013672
0.7792375087738037
0.710073709487915
0.6923450231552124
0.7399144768714905
0.7443693280220032
0.6476561427116394
0.5977161526679993
0.6056205034255981
0.48880019783973694
0.5094908475875854
0.588003933429718
0.6167019605636597
0.66956627368927
0.6637673377990723
0.7959395051002502
0.757357656955719
0.7419390678405762
0.8183431625366211
0.8266968131065369
0.7928600311279297
0.5952560305595398
0.8711848258972168
0.849632740020752
0.6823562383651733
0.7093105316162109
0.8235897421836853
0.750791072845459
0.7332251667976379
0.895972490310669
0.7499979138374329
0.7304292321205139
0.4005296230316162
0.6509780287742615
0.733340859413147
0.5569689869880676
0.6184584498405457
0.6640824675559998
0.5496147871017456
0.37858057022094727
0.512650191783905
0.5903457999229431
0.3901223838329315
0.37630218267440796
0.181131511926651
0.45082417130470276
0.510144054889679
0.5930493474006653
0.35122737288475037
0.4575120508670807
0.5204285979270935
0.2843343913555145
0.4242139160633087
0.32879677414894104
0.34660616517066956
0.18901106715202332
0.268723726272583
0.057574670761823654
0.10505060106515884
0.0853295773267746
0.22895045578479767
0.14458388090133667
0.01804022490978241
0.11534520238637924
0.23848038911819458
0.11585238575935364
0.15273906290531158
0.5993044376373291
0.4560304284095764
0.5753964781761169
0.7118380665779114
0.2799753248691559
0.44008269906044006
0.6462092995643616
0.7868618965148926
0.6599718928337097
0.52935391664505
0.5974295139312744
0.5921328067779541
0.5432464480400085
0.47287553548812866
0.6102038621902466
0.430032342672348
0.23453041911125183
0.353483110666275
0.7104940414428711
0.26888957619667053
0.65252286195755
0.8081849217414856
0.5414240956306458
0.26858896017074585
0.4033556580543518
0.18550150096416473
0.2129184454679489
0.4147648811340332
0.4184863567352295
0.561377227306366
0.8471890091896057
0.8239694237709045
0.6967359185218811
0.6002046465873718
0.9120981693267822
0.9363104701042175
0.6800370812416077
0.8142477869987488
0.6031386852264404
0.18205882608890533
0.2593936622142792
0.10991163551807404
0.3137715756893158
0.05710176005959511
0.3857797384262085
0.7167649865150452
0.5647024512290955
0.6514375805854797
0.4359979033470154
0.2877921164035797
0.3059071898460388
0.5358590483665466
0.39179733395576477
0.09413591772317886
0.31739816069602966
0.8022298812866211
0.2513560354709625
0.30331113934516907
0.278423935174942
0.8403834700584412
0.39436838030815125
0.4422599673271179
0.3445182144641876
0.5359304547309875
0.63221275806427
0.3145277202129364
0.8214666843414307
0.8992426991462708
0.4318186938762665
0.7653342485427856
0.8483272194862366
0.9274136424064636
0.855985164642334
0.8827252388000488
0.694560706615448
0.6224991083145142
0.2357034981250763
0.4841429889202118
0.7986232042312622
0.7582891583442688
0.6749014258384705
0.39834141731262207
0.6462062001228333
0.35039758682250977
0.12427756935358047
0.23133887350559235
0.20549972355365753
0.11869797855615616
0.05057980492711067
0.04790710285305977
0.07421091943979263
0.057379476726055145
0.09932346642017365
0.11466103047132492
0.13891012966632843
0.12075173854827881
0.38367998600006104
0.2995983362197876
0.04827910661697388
0.20290793478488922
0.08667811006307602
0.051206935197114944
0.2164185345172882
