0.03940644487738609
0.10181356966495514
0.07519450783729553
0.06595767289400101
0.054362375289201736
0.05939457193017006
0.03357011079788208
0.027828557416796684
0.04073365405201912
0.03179540857672691
0.028117438778281212
0.021347934380173683
0.10195621103048325
0.060047078877687454
0.06256654113531113
0.06963248550891876
0.08545128256082535
0.03671090677380562
0.0479639507830143
0.06194451078772545
0.03422912210226059
0.04115549102425575
0.07025238126516342
0.07654126733541489
0.02118685096502304
0.02638019435107708
0.12833088636398315
0.03716566786170006
0.009668894112110138
0.04415462166070938
0.08717306703329086
0.018704423680901527
0.03875356912612915
0.12435926496982574
0.0975334420800209
0.08934342116117477
0.08065951615571976
0.1530890315771103
0.12308185547590256
0.052193980664014816
0.10338173806667328
0.16836757957935333
0.17808620631694794
0.22850367426872253
0.07632297277450562
0.07825753837823868
0.1725330948829651
0.05967121198773384
0.014528733678162098
0.164933443069458
0.07586893439292908
0.026782315224409103
0.018284352496266365
0.12946994602680206
0.034731827676296234
0.023638812825083733
0.044327445328235626
0.09285788238048553
0.07085148245096207
0.049514997750520706
0.1202370747923851
0.11382857710123062
0.08518096059560776
0.11694324016571045
0.1747722178697586
0.1007353812456131
0.10068443417549133
0.14963524043560028
0.1729121208190918
0.08884065598249435
0.08093055337667465
0.11622478067874908
0.17686153948307037
0.08581764996051788
0.0633118748664856
0.19283397495746613
0.17013855278491974
0.017293674871325493
0.11563094705343246
0.10504824668169022
0.06893154233694077
0.024817537516355515
0.1709258109331131
0.23579604923725128
0.02843034267425537
0.0579257607460022
0.2241167277097702
0.2507595121860504
0.056332025676965714
0.14716613292694092
0.32631364464759827
0.2366422563791275
0.1691170483827591
0.11155960708856583
0.13264372944831848
0.139009028673172
0.11958485096693039
0.19009064137935638
0.10434241592884064
0.11613305658102036
0.12405788898468018
0.0828297957777977
0.16359291970729828
0.1720132678747177
0.2913125157356262
0.13644716143608093
0.12321727722883224
0.29169130325317383
0.16427382826805115
0.12365339696407318
0.16972777247428894
0.15972213447093964
0.1725424826145172
0.23180219531059265
0.13993209600448608
0.10064468532800674
0.10433618724346161
0.09791732579469681
0.07895601540803909
0.11918266862630844
0.13516660034656525
0.21516366302967072
0.24637487530708313
0.144367516040802
0.09123603254556656
0.4354613125324249
0.48824289441108704
0.0943579450249672
0.08700510114431381
0.06532786041498184
0.35084283351898193
0.09148789942264557
0.10585887730121613
0.3807990550994873
0.5336644053459167
0.10875362902879715
0.045982979238033295
0.8045619130134583
0.06534391641616821
0.08690407127141953
0.7070749402046204
0.31185081601142883
0.19688847661018372
0.2668587863445282
0.2751886546611786
0.596501886844635
0.2544596493244171
0.26046881079673767
0.09496841579675674
0.2643752098083496
0.22867651283740997
0.19514897465705872
0.3773820698261261
0.38136112689971924
0.17269562184810638
0.0652754083275795
0.37448033690452576
0.4659133553504944
0.27376359701156616
0.5241703987121582
0.5774228572845459
0.5271030068397522
0.35156285762786865
0.22401322424411774
0.6265268325805664
0.1490258127450943
0.4161020815372467
0.6013396382331848
0.6095741391181946
0.2529345452785492
0.12795713543891907
0.8196204304695129
0.21579211950302124
0.41213685274124146
0.7483908534049988
0.6664701700210571
0.39599934220314026
0.6219790577888489
0.5812920331954956
0.44888830184936523
0.39644429087638855
0.42640575766563416
0.09760520607233047
0.39311298727989197
0.4520910084247589
0.22659450769424438
0.2918156683444977
0.3618563413619995
0.46291595697402954
0.05163394287228584
0.4607265889644623
0.4889562427997589
0.1574520319700241
0.5343183279037476
0.5625438690185547
0.6063612699508667
0.45797762274742126
0.632707417011261
0.8108972311019897
0.2675734758377075
0.6385992169380188
0.3847090005874634
0.34649911522865295
0.34947532415390015
0.4862770140171051
0.5194830894470215
0.19608451426029205
0.2816798985004425
0.3793422281742096
0.29917851090431213
0.1442415714263916
0.13157054781913757
0.23825164139270782
0.1809486746788025
0.14609071612358093
0.07788033038377762
0.16025297343730927
0.21364018321037292
0.16332346200942993
0.16734063625335693
0.174019455909729
0.13650387525558472
0.1768323928117752
0.14829851686954498
0.08647003769874573
0.18600045144557953
0.10907068103551865
0.08143166452646255
0.029800066724419594
0.2022605687379837
0.06464272737503052
0.250603049993515
0.10022777318954468
0.494274765253067
0.5279709696769714
0.4900450110435486
0.40465930104255676
0.5713257789611816
0.27829059958457947
0.25438806414604187
0.1952773630619049
0.23936666548252106
0.20663872361183167
0.1437067687511444
0.1389411985874176
0.08552450686693192
0.06721646338701248
0.06702414900064468
0.0536755807697773
0.015306706540286541
0.02618236653506756
0.03519684076309204
0.027580613270401955
0.010928958654403687
0.012941747903823853
0.04295148327946663
0.16403958201408386
0.21992601454257965
0.12113747745752335
0.04950489476323128
0.2251618653535843
0.30519726872444153
0.1589103490114212
0.15228401124477386
0.3889606297016144
0.2929390072822571
0.33771976828575134
0.4648320972919464
0.6728911399841309
0.3361362814903259
0.3501201868057251
0.4211459457874298
0.4547545611858368
0.2452792376279831
0.40799522399902344
0.6149148344993591
0.3289860785007477
0.18465037643909454
0.47337260842323303
0.21345673501491547
0.15821009874343872
0.1691240817308426
0.2824227213859558
0.09999096393585205
0.1172964870929718
0.08127377927303314
0.037061698734760284
0.04180031642317772
0.014653924852609634
0.012483381666243076
0.0027591583784669638
0.007559700403362513
0.02016080543398857
0.006693754345178604
0.001535374321974814
0.0037173170130699873
0.01825203374028206
0.012372157536447048
0.0049008820205926895
0.004821120295673609
0.013459276407957077
0.019985564053058624
0.003094067331403494
0.0034767575562000275
0.015620878897607327
0.010751575231552124
0.004522330593317747
0.01842563785612583
0.044933728873729706
0.057875633239746094
0.024880947545170784
0.013465036638081074
0.03954958915710449
0.1004425436258316
0.005115785636007786
0.01776854693889618
0.06542423367500305
0.006248383317142725
0.00433671148493886
0.05795001983642578
0.07512689381837845
0.011046393774449825
0.057103317230939865
0.16377386450767517
0.07920703291893005
0.20814767479896545
0.2665805220603943
0.10636592656373978
0.07543311268091202
0.1715024709701538
0.07624249160289764
0.07230176031589508
0.04875312000513077
0.05797349289059639
0.06582929193973541
0.027119092643260956
0.1084771528840065
0.04248351231217384
0.012977292761206627
0.048435505479574203
0.11838489025831223
0.02420414425432682
0.01160623598843813
0.17887769639492035
0.20700089633464813
0.03826960176229477
0.1448550969362259
0.29985859990119934
0.18066377937793732
0.11818373203277588
0.14783073961734772
0.21624450385570526
0.08761477470397949
0.17882561683654785
0.07737789303064346
0.09479837864637375
0.11606547981500626
0.38138845562934875
0.2683880925178528
0.3499113619327545
0.2730502188205719
0.36710354685783386
0.5078832507133484
0.3566237688064575
0.4530388116836548
0.28191322088241577
0.3408856689929962
0.26261165738105774
0.542167603969574
0.24625904858112335
0.5334222912788391
0.3922334313392639
0.2541796565055847
0.06782933324575424
0.11024458706378937
0.08860711008310318
0.21757419407367706
0.1959608793258667
0.09257029742002487
0.14734597504138947
0.3190675675868988
0.206426739692688
0.12062644958496094
0.2648466229438782
0.283008337020874
0.15528997778892517
0.07296207547187805
0.1452232152223587
0.14460603892803192
0.08021027594804764
