0.1307910680770874
0.20900891721248627
0.23493154346942902
0.17648975551128387
0.1972217857837677
0.25048667192459106
0.27021968364715576
0.22747905552387238
0.18349941074848175
0.2028256207704544
0.23511600494384766
0.19560280442237854
0.1508527398109436
0.17857740819454193
0.3693402111530304
0.28516659140586853
0.24059179425239563
0.527703583240509
0.42613503336906433
0.6310284733772278
0.6330117583274841
0.7348843216896057
0.7419989705085754
0.4506215453147888
0.6365150809288025
0.7253926396369934
0.6002166867256165
0.751652717590332
0.7460163235664368
0.894304096698761
0.5043179392814636
0.7852193117141724
0.7114179730415344
0.9047332406044006
0.846152126789093
0.9210494160652161
0.7996701002120972
0.796086847782135
0.828031063079834
0.6745907664299011
0.5947704315185547
0.8020325303077698
0.45176252722740173
0.8152259588241577
0.5877240300178528
0.7480065226554871
0.5876622796058655
0.6965509653091431
0.551807165145874
0.6382869482040405
0.8514702320098877
0.48619070649147034
0.7304832339286804
0.41920706629753113
0.8087972402572632
0.2535766661167145
0.8821071982383728
0.43557384610176086
0.8572161793708801
0.36790433526039124
0.5565547943115234
0.37518277764320374
0.6336570382118225
0.6177324056625366
0.7096824049949646
0.7353214621543884
0.8028048872947693
0.9399300813674927
0.9505926966667175
0.8596885204315186
0.8775594830513
0.968804657459259
0.935522735118866
0.736365020275116
0.9337127804756165
0.9746435880661011
0.8663243651390076
0.9076465964317322
0.9727002382278442
0.9645737409591675
0.9034755825996399
0.8581897616386414
0.6869592666625977
0.5470226407051086
0.5728395581245422
0.7915773391723633
0.894547700881958
0.9574037194252014
0.924035906791687
0.969278872013092
0.94618821144104
0.9023597836494446
0.7932853698730469
0.9245121479034424
0.6911271214485168
0.8827114701271057
0.2552385926246643
0.9304051995277405
0.5524816513061523
0.8881908059120178
0.3743301033973694
0.6127923130989075
0.47360584139823914
0.5325296521186829
0.5837463736534119
0.36047855019569397
0.4722815155982971
0.3488251268863678
0.5547991991043091
0.4563125669956207
0.2646504044532776
0.6373501420021057
0.6913573741912842
0.40484780073165894
0.5683401226997375
0.7124919295310974
0.36724862456321716
0.11334386467933655
0.44412460923194885
0.6245352625846863
0.6533738374710083
0.14456553757190704
0.5878159999847412
0.5018228888511658
0.5683121681213379
0.48897749185562134
0.39929869771003723
0.3710038363933563
