0.07845505326986313
0.18846923112869263
0.03569531440734863
0.06933719664812088
0.04264223575592041
0.04566650465130806
0.025729220360517502
0.016178999096155167
0.030334843322634697
0.07233837246894836
0.18415886163711548
0.5207934975624084
0.4297596514225006
0.291029155254364
0.35062146186828613
0.4800112545490265
0.5384163856506348
0.6693233847618103
0.3126465380191803
0.3504571318626404
0.17888078093528748
0.062312234193086624
0.02660147286951542
0.05391167476773262
0.04964419826865196
0.01889146864414215
0.06205199286341667
0.07690117508172989
0.11449960619211197
0.044647689908742905
0.07591631263494492
0.10364052653312683
0.025288576260209084
0.022359829396009445
0.010849804617464542
0.002607784466817975
0.004391677677631378
0.00322771817445755
0.040562279522418976
0.023392265662550926
0.46675020456314087
0.6469317674636841
0.3447478711605072
0.055272091180086136
0.04446667432785034
0.05068967491388321
0.24557678401470184
0.3491557836532593
0.09778721630573273
0.06677956134080887
0.5508524775505066
0.16542761027812958
0.13810716569423676
0.32348209619522095
0.17951850593090057
0.7362860441207886
0.5147798657417297
0.4316513240337372
0.17779575288295746
0.0948004424571991
0.049477655440568924
0.02516273595392704
0.06485709547996521
0.04373976215720177
0.12584012746810913
0.1462799459695816
0.11129556596279144
0.09988255053758621
0.09424637258052826
0.08065808564424515
0.1734267622232437
0.28850099444389343
0.3552049696445465
0.6949063539505005
0.22414489090442657
0.22474320232868195
0.7724226117134094
0.4997367858886719
0.25569310784339905
0.21880821883678436
0.09045832604169846
0.23980331420898438
0.10181880742311478
0.627704381942749
0.5317408442497253
0.870947003364563
0.4509706497192383
0.8721031546592712
0.9132551550865173
0.7831122279167175
0.7525309324264526
0.9211853742599487
0.5698378682136536
0.7449385523796082
0.4877326190471649
0.0652976706624031
0.15498848259449005
0.4000946581363678
0.38375598192214966
0.04228053241968155
0.10183785110712051
0.7063907384872437
0.3104817867279053
0.08890704065561295
0.293232798576355
0.7033670544624329
0.4929995536804199
0.23333273828029633
0.34010714292526245
0.24420399963855743
0.19611556828022003
0.10795572400093079
0.06376180797815323
0.17753931879997253
0.08580289781093597
0.1756455898284912
0.040621593594551086
0.05732111260294914
0.18739072978496552
0.06009385362267494
0.014930916018784046
0.0978243350982666
0.2136961966753006
0.11031288653612137
0.1045253574848175
0.09373049437999725
0.15719091892242432
0.10503090173006058
0.13924448192119598
0.179461270570755
0.10656590759754181
0.11806526780128479
0.2726544141769409
0.4615594446659088
0.672775387763977
0.40506884455680847
0.917271077632904
0.872185468673706
0.548229992389679
0.7213118076324463
0.5745254158973694
0.34400323033332825
0.3413092792034149
0.5547657608985901
0.46107399463653564
0.15075846016407013
0.11196807026863098
0.3346904218196869
0.12259431928396225
0.018687421455979347
0.39268413186073303
0.4171361029148102
0.31867900490760803
0.09224779903888702
0.5898017883300781
0.45911645889282227
0.31892526149749756
0.1281963735818863
0.046536244451999664
0.021535253152251244
0.01059769093990326
0.00993429310619831
0.03773318976163864
0.11347416043281555
0.11893950402736664
0.19785615801811218
0.6048848628997803
0.724404513835907
0.4462742209434509
0.7359888553619385
0.8199236989021301
0.6187036037445068
0.2555353045463562
0.48730719089508057
0.4225516617298126
0.40555402636528015
0.10673441737890244
0.24320442974567413
0.2748623788356781
0.15470023453235626
0.027059512212872505
0.14979618787765503
0.1922196000814438
0.1150951012969017
0.04144284129142761
0.04088658094406128
0.13133679330348969
0.036285873502492905
0.050198476761579514
0.013161723501980305
0.004155285190790892
0.004118775948882103
0.002961619757115841
0.00839843787252903
0.029625972732901573
0.47832146286964417
0.27665427327156067
0.26929858326911926
0.7306214570999146
0.5776140689849854
0.11986250430345535
0.31468480825424194
0.6138692498207092
0.28668123483657837
0.03567010909318924
0.12851905822753906
0.030599908903241158
0.012375302612781525
0.0052710953168570995
0.02124588005244732
0.017505425959825516
0.1800260841846466
0.24690456688404083
0.035051751881837845
0.05629122257232666
0.025839203968644142
0.1632220596075058
0.10101199150085449
0.08506498485803604
0.024659935384988785
0.08796064555644989
0.2247653603553772
0.31491732597351074
0.16127538681030273
0.19120678305625916
0.340304970741272
0.3992440700531006
0.39637699723243713
0.4738766849040985
0.5885446071624756
0.4625864028930664
0.7385994791984558
0.8263921141624451
0.6072909832000732
0.6832797527313232
0.7949627041816711
0.6978815197944641
0.4471072256565094
0.6435413360595703
0.39680278301239014
0.2881301939487457
0.38495123386383057
0.37180352210998535
0.18630453944206238
0.14199942350387573
0.2635359764099121
0.26684728264808655
0.44085967540740967
0.3442813456058502
0.42872363328933716
0.34025949239730835
0.6835549473762512
0.7497621178627014
0.6532972455024719
0.7827118635177612
0.8051455616950989
0.6894398927688599
0.448632150888443
0.336250364780426
0.5446081757545471
0.24372580647468567
0.23956400156021118
0.3435429334640503
0.4755329489707947
0.21638815104961395
