0.8996027708053589
0.861973762512207
0.8670940399169922
0.8131353259086609
0.8903913497924805
0.686285138130188
0.9082432985305786
0.4979666769504547
0.877308189868927
0.7065744400024414
0.3297891914844513
0.6680739521980286
0.6923977136611938
0.38865599036216736
0.42430657148361206
0.29665762186050415
0.34607064723968506
0.5634357333183289
0.4817087948322296
0.5450599193572998
0.5060216188430786
0.43950918316841125
0.5165479183197021
0.3792091906070709
0.4553621709346771
0.6553214192390442
0.6532461643218994
0.5129644274711609
0.6159142255783081
0.5762746334075928
0.3869647979736328
0.6175990104675293
0.761947512626648
0.2258508950471878
0.8326075673103333
0.3718784749507904
0.8762505650520325
0.3900078535079956
0.883945643901825
0.17827048897743225
0.8612021207809448
0.43901053071022034
0.3999311029911041
0.6654301285743713
0.3867589235305786
0.6959295272827148
0.42606088519096375
0.5301443934440613
0.608062744140625
0.21369965374469757
0.37257567048072815
0.1361394077539444
0.27027711272239685
0.1775336116552353
0.8986757397651672
0.7720553874969482
0.9628660678863525
0.8927948474884033
0.5990319848060608
0.870334804058075
0.5048732757568359
0.4748620092868805
0.07040034979581833
0.42165616154670715
0.28438717126846313
0.7819919586181641
0.4249247610569
0.49454179406166077
0.37722253799438477
0.32449379563331604
0.3446101248264313
0.19356007874011993
0.2868475317955017
0.4555211663246155
0.25245147943496704
0.13946929574012756
0.2522372603416443
0.31097212433815
0.15311506390571594
0.18436656892299652
0.4147423803806305
0.5528337955474854
0.24057504534721375
0.40732288360595703
0.5831428170204163
0.8353498578071594
0.7970602512359619
0.5259453654289246
0.8322267532348633
0.32896435260772705
0.9361764192581177
0.3579746186733246
0.9105477929115295
0.2743554711341858
0.7621546983718872
0.27187931537628174
0.6682723760604858
0.5606065392494202
0.8163989186286926
0.8236972689628601
0.5510395169258118
0.7013375163078308
0.5444175004959106
0.5507347583770752
0.28303977847099304
0.781518280506134
0.4135996103286743
0.8979819416999817
0.9167416095733643
0.6293635368347168
0.9586061835289001
0.7311991453170776
0.8834201097488403
0.8769657015800476
0.8730193972587585
0.9545986652374268
0.9782474637031555
0.9757262468338013
0.9660550355911255
0.926906168460846
0.9462677836418152
0.9797364473342896
0.9471606016159058
0.9480879902839661
0.9643675684928894
0.973480224609375
0.9378321766853333
0.9192213416099548
0.9470563530921936
0.8662949800491333
0.8342412114143372
0.8812359571456909
0.9208487272262573
0.8212669491767883
0.8406980633735657
0.7606428265571594
0.7461215257644653
0.7680450081825256
0.811061680316925
0.7151830792427063
0.6948707699775696
