0.4035801589488983
0.319111168384552
0.19979415833950043
0.2749483585357666
0.2455887496471405
0.23377521336078644
0.6073361039161682
0.29443004727363586
0.855230450630188
0.6875002980232239
0.8933781385421753
0.9286640286445618
0.848249614238739
0.6841419339179993
0.8187295198440552
0.25007519125938416
0.46710503101348877
0.12989896535873413
0.29649242758750916
0.15963543951511383
0.29889580607414246
0.29734712839126587
0.18985819816589355
0.54283607006073
0.5379384160041809
0.3621760606765747
0.4636823236942291
0.32130926847457886
0.31237509846687317
0.14757023751735687
0.3021658957004547
0.21630793809890747
0.4777165949344635
0.5862334370613098
0.8058494925498962
0.8143017888069153
0.7820205688476562
0.7936694622039795
0.8235144019126892
0.6805583238601685
0.605205774307251
0.6646288633346558
0.5823524594306946
0.6389191746711731
0.38535991311073303
0.4271238148212433
0.6525353193283081
0.35586777329444885
0.6096275448799133
0.8341111540794373
0.8541134595870972
0.7605617046356201
0.4248239994049072
0.8288782835006714
0.3596605062484741
0.656414806842804
0.3570692837238312
0.2984139919281006
0.3834642469882965
0.1366710215806961
0.11962679028511047
0.3753978908061981
0.18237140774726868
0.1650366485118866
0.15775296092033386
0.4012637138366699
0.17432482540607452
0.27001699805259705
0.2952566146850586
0.2726166546344757
0.3085191547870636
0.5468072891235352
0.7598221898078918
0.6563810110092163
0.7089658379554749
0.6770265698432922
0.7170861959457397
0.5943422317504883
0.3122124671936035
0.4737815856933594
0.59652179479599
0.32795631885528564
0.33552083373069763
0.6792781949043274
0.7094981074333191
0.5726364254951477
0.5392055511474609
0.6133249402046204
0.4409841299057007
0.3239973187446594
0.2663121521472931
0.33923909068107605
0.2166779786348343
0.33249741792678833
0.27799373865127563
0.3393477201461792
0.46060076355934143
0.48396989703178406
0.3175760805606842
0.5903253555297852
0.5421607494354248
0.5982903242111206
0.37096062302589417
0.45157623291015625
0.46599081158638
0.6517719626426697
0.4214780032634735
0.48666414618492126
0.5439342856407166
0.6936120986938477
0.6588729023933411
0.5401065349578857
0.5549193620681763
0.8038311004638672
0.6068034768104553
0.411203533411026
0.5536277294158936
0.8101401329040527
0.3607482314109802
0.6784865260124207
0.8136369585990906
0.8337722420692444
0.4284391403198242
0.49829235672950745
0.6940464377403259
0.6875806450843811
0.30797937512397766
0.3885211944580078
0.694031834602356
0.5223101377487183
0.6238749623298645
0.5193172097206116
0.4495815336704254
0.6018496751785278
0.6369454264640808
0.24628104269504547
0.3256624639034271
0.2873050272464752
0.5139696002006531
0.1522492915391922
0.42569059133529663
0.34193554520606995
0.3803376853466034
0.24297846853733063
0.2917307913303375
0.36136361956596375
0.3388954699039459
0.25706562399864197
