0.5468065738677979
0.6579397320747375
0.597637414932251
0.5622413158416748
0.6153969764709473
0.6102815866470337
0.7089217901229858
0.5990365147590637
0.5489743947982788
0.5277894139289856
0.6034737229347229
0.2568458020687103
0.33629438281059265
0.5057501196861267
0.42626991868019104
0.2223769873380661
0.35655468702316284
0.1652764081954956
0.11725567281246185
0.024235181510448456
0.08662620931863785
0.23384782671928406
0.11088728904724121
0.015518088825047016
0.15424823760986328
0.2324678599834442
0.1274738609790802
0.13807737827301025
0.08605998009443283
0.12201301008462906
0.06568799912929535
0.11967960745096207
0.10351983457803726
0.017856135964393616
0.0818503126502037
0.07686038315296173
0.226581871509552
0.022071512416005135
0.19492389261722565
0.5363748073577881
0.26147979497909546
0.06783891469240189
0.6282057762145996
0.6361593008041382
0.1460610181093216
0.6284573674201965
0.43052852153778076
0.5953978300094604
0.38212960958480835
0.14025218784809113
0.6252270936965942
0.43688586354255676
0.4199424982070923
0.15213210880756378
0.10000104457139969
0.09325594455003738
0.19237540662288666
0.3837348520755768
0.5384122729301453
0.24338242411613464
0.5199583768844604
0.22944235801696777
0.42311733961105347
0.3688438832759857
0.208138570189476
0.5656144618988037
0.29497861862182617
0.24081577360630035
0.4288119375705719
0.4772902727127075
0.4433993399143219
0.5213866829872131
0.6870681047439575
0.4113537073135376
0.2733380198478699
0.11034344136714935
0.3160533308982849
0.12602229416370392
0.37222471833229065
0.1806146502494812
0.08674066513776779
0.1587194949388504
0.1387462615966797
0.03320823982357979
0.02503359690308571
0.16838154196739197
0.10035066306591034
0.22766810655593872
0.14043930172920227
0.34173154830932617
0.4005626142024994
0.3283790647983551
0.20337145030498505
0.439602255821228
0.2496138960123062
0.15988831222057343
0.37557879090309143
0.16594228148460388
0.16373321413993835
0.3303818702697754
0.5585808753967285
0.33780637383461
0.31895703077316284
0.18372389674186707
0.24175617098808289
0.5174381732940674
0.207401841878891
0.22332821786403656
0.4277111887931824
0.527543842792511
0.2176089882850647
0.48534712195396423
0.5710361003875732
0.6046507358551025
0.7693850994110107
0.5177518725395203
0.6278373003005981
0.789494514465332
0.9051921963691711
0.7091801166534424
0.6246307492256165
0.6699596643447876
0.4893167316913605
0.8164675831794739
0.8568671345710754
0.2575169801712036
0.5103974938392639
0.8643559813499451
0.661629855632782
0.19580455124378204
0.7748433947563171
0.7198694348335266
0.2214599996805191
0.575080931186676
0.5116658806800842
0.529622495174408
0.5461381077766418
0.5170178413391113
