0.24726541340351105
0.1824619323015213
0.2935947775840759
0.2544633150100708
0.12018246203660965
0.3272113800048828
0.08282458782196045
0.2874206304550171
0.1304847002029419
0.3607586920261383
0.08956041932106018
0.2914358973503113
0.3278728425502777
0.2636553645133972
0.3136250078678131
0.40891483426094055
0.47789421677589417
0.3751552402973175
0.513905942440033
0.4904323220252991
0.45018234848976135
0.43728187680244446
0.4541412591934204
0.5399051308631897
0.6092522740364075
0.669237494468689
0.42606982588768005
0.4196515381336212
0.48619821667671204
0.37563803791999817
0.2635616660118103
0.2655068337917328
0.4571298062801361
0.17727702856063843
0.131545752286911
0.24859854578971863
0.3748924136161804
0.22343488037586212
0.4112444818019867
0.3521473705768585
0.29979225993156433
0.2956511676311493
0.1809707134962082
0.3565658628940582
0.21692895889282227
0.34902048110961914
0.34219837188720703
0.09387267380952835
0.2387479990720749
0.34787797927856445
0.24923208355903625
0.24547182023525238
0.35484492778778076
0.31583529710769653
0.20060250163078308
0.19422276318073273
0.3278839588165283
0.2416500300168991
0.417628675699234
0.29910796880722046
0.461116224527359
0.4270000457763672
0.30908438563346863
0.268951952457428
0.5206796526908875
0.46440041065216064
0.5159747004508972
0.5574041604995728
0.5114614963531494
0.4593517482280731
0.3535119593143463
0.305681973695755
0.369916707277298
0.367773175239563
0.1509246677160263
0.3677522838115692
0.36537790298461914
0.24468612670898438
0.4101200997829437
0.2635747790336609
0.2593875229358673
0.5589366555213928
0.4414670765399933
0.7742868661880493
0.7151422500610352
0.7716464400291443
0.4107551872730255
0.5327429175376892
0.5390234589576721
0.6639442443847656
0.7410633563995361
0.68338543176651
0.5561544895172119
0.5227380990982056
0.6189945340156555
0.6687670946121216
0.4656030237674713
0.6501719951629639
0.6778032779693604
0.6608985662460327
0.5324525833129883
0.5394272804260254
0.6005092859268188
0.5222495794296265
0.7227161526679993
0.7356800436973572
0.5201157927513123
0.3840482234954834
0.5175003409385681
0.418056458234787
0.34678250551223755
0.20539164543151855
0.48862701654434204
0.5015129446983337
0.5314061641693115
0.6448299288749695
0.5432390570640564
0.5095608234405518
0.4837128818035126
0.5522900819778442
0.6698641180992126
0.5159058570861816
0.640069842338562
0.7227031588554382
0.6144647598266602
0.6818125247955322
0.8054488897323608
