0.5480499863624573
0.5383461117744446
0.6574135422706604
0.6547643542289734
0.6321671009063721
0.766204833984375
0.6921823620796204
0.5884674191474915
0.6849750876426697
0.6284046769142151
0.6275557279586792
0.7503907680511475
0.6597737669944763
0.7096007466316223
0.7145987749099731
0.7135046124458313
0.7602609992027283
0.8494299054145813
0.7385890483856201
0.7227972149848938
0.766124963760376
0.6787983775138855
0.6955422759056091
0.6970343589782715
0.7863416075706482
0.6360974907875061
0.6221954226493835
0.7343041300773621
0.7406081557273865
0.6802334785461426
0.5642117857933044
0.48235103487968445
0.575752854347229
0.6976812481880188
0.7773507237434387
0.5149163603782654
0.6901605129241943
0.7380293011665344
0.7085488438606262
0.6540788412094116
0.7949028611183167
0.8215265870094299
0.7885382771492004
0.5724843144416809
0.8348090052604675
0.6367337107658386
0.4916381239891052
0.4361635446548462
0.35796159505844116
0.6402356028556824
0.5608628392219543
0.5418950319290161
0.7309344410896301
0.6737237572669983
0.667580246925354
0.7341454029083252
0.8085125684738159
0.7608144879341125
0.6117274165153503
0.7293585538864136
0.662929356098175
0.7262281775474548
0.7262923121452332
0.6359423995018005
0.36047545075416565
0.587000846862793
0.697376549243927
0.4988742470741272
0.4516630172729492
0.6953942775726318
0.6859437823295593
0.5547507405281067
0.5697817802429199
0.6990479826927185
0.7254288196563721
0.5761464238166809
0.47904327511787415
0.6034298539161682
0.7211750745773315
0.6917776465415955
0.7107942700386047
0.8421427011489868
0.8511627316474915
0.769258439540863
0.8347191214561462
0.7677708864212036
0.8686084151268005
0.8018199801445007
0.725007951259613
0.7875454425811768
0.7332509160041809
0.66861492395401
0.7479650378227234
0.6395958662033081
0.6570473313331604
0.6438913345336914
0.7323368191719055
0.6772246360778809
0.4660763144493103
0.6744203567504883
0.2724611759185791
0.5646287798881531
0.262892484664917
0.29992201924324036
0.4474121630191803
0.2696739137172699
0.7492026686668396
0.7515377402305603
0.47982826828956604
0.7168829441070557
0.7554047107696533
0.8106949329376221
0.594867467880249
0.45861801505088806
0.5828935503959656
0.4604078531265259
0.4775850474834442
0.5092223882675171
0.677570641040802
0.648108184337616
0.8043673634529114
0.7821336388587952
0.6775968074798584
0.632317066192627
0.657128632068634
0.28781065344810486
0.2890470027923584
0.6932356953620911
0.6325471997261047
0.5015302300453186
0.6884309649467468
0.862230122089386
0.583276093006134
0.5302910804748535
0.724228024482727
0.740283191204071
0.2654803991317749
0.5241010189056396
0.6853817105293274
0.5757915377616882
0.3786015808582306
0.45702680945396423
0.7940894961357117
0.6826649904251099
0.752912700176239
