0.2200823873281479
0.2591993808746338
0.45926761627197266
0.35816991329193115
0.43846455216407776
0.5495157241821289
0.6528839468955994
0.4938143789768219
0.5668166875839233
0.44436782598495483
0.6445015072822571
0.5910377502441406
0.740991473197937
0.473592609167099
0.6735934615135193
0.29255691170692444
0.5515247583389282
0.5183411836624146
0.25159525871276855
0.2543236017227173
0.23492519557476044
0.06520271301269531
0.24575048685073853
0.17688114941120148
0.5017119646072388
0.34214434027671814
0.3730575442314148
0.09321944415569305
0.19284331798553467
0.3001478612422943
0.4929811656475067
0.4982309341430664
0.3404025137424469
0.38465413451194763
0.4310545027256012
0.38979974389076233
0.5535243153572083
0.36005160212516785
0.33665624260902405
0.6669767498970032
0.5249022245407104
0.6654185056686401
0.6215927004814148
0.5224789381027222
0.42359527945518494
0.5621588230133057
0.4252115786075592
0.2973911464214325
0.25098028779029846
0.2532294988632202
0.45648425817489624
0.5999879837036133
0.7439039349555969
0.6497290730476379
0.612220048904419
0.7045251131057739
0.7604917883872986
0.24693907797336578
0.593848705291748
0.4657752215862274
0.6549957394599915
0.22440454363822937
0.3244272768497467
0.5501453280448914
0.6001679301261902
0.2934287190437317
0.5138809084892273
0.37454959750175476
0.21723201870918274
0.1970280259847641
0.6134327054023743
0.10650943964719772
0.325720876455307
0.07727275043725967
0.23355762660503387
0.12494202703237534
0.3629450798034668
0.427546888589859
0.6989189982414246
0.6248332858085632
0.28322264552116394
0.7333900928497314
0.3992805778980255
0.5559934973716736
0.6258984804153442
0.3020949065685272
0.6433426737785339
0.7092149257659912
0.44991961121559143
0.4754311740398407
0.18516941368579865
0.4067932367324829
0.38022783398628235
0.5603732466697693
0.2096014767885208
0.3718436658382416
0.15985633432865143
0.221257284283638
0.3410651981830597
0.5070595741271973
0.21222074329853058
0.5230896472930908
0.1980959177017212
0.6932664513587952
0.5206465125083923
0.3937755823135376
0.39839163422584534
