0.6346923112869263
0.638249397277832
0.60739666223526
0.5480988621711731
0.5925000309944153
0.8511381149291992
0.6087467074394226
0.8137792348861694
0.4084034264087677
0.6464375257492065
0.17775507271289825
0.595118522644043
0.2172287255525589
0.6877960562705994
0.6046720743179321
0.6892353892326355
0.6533570289611816
0.3427034914493561
0.19897636771202087
0.2524389326572418
0.22037114202976227
0.10967350751161575
0.036929428577423096
0.07997653633356094
0.06657202541828156
0.10331263393163681
0.09000329673290253
0.36608707904815674
0.133336141705513
0.22792264819145203
0.30397069454193115
0.40949615836143494
0.5276060104370117
0.3558028042316437
0.4203583002090454
0.7994213104248047
0.7474161982536316
0.7375938296318054
0.8407854437828064
0.43166324496269226
0.7581514120101929
0.5938856601715088
0.7776338458061218
0.7572869658470154
0.8280119299888611
0.854882538318634
0.9193232655525208
0.7292411923408508
0.6355116963386536
0.3598305583000183
0.5981258749961853
0.13141019642353058
0.6341586709022522
0.13706880807876587
0.8463296890258789
0.4694700241088867
0.705531895160675
0.29580825567245483
0.4460744261741638
0.670294463634491
0.6013055443763733
0.48227426409721375
0.36020147800445557
0.5433099865913391
0.7966831922531128
0.7465909719467163
0.4103650152683258
0.21000975370407104
0.6419777274131775
0.540084958076477
0.20204873383045197
0.13242582976818085
0.5329731106758118
0.3542194962501526
0.22080905735492706
0.5542777180671692
0.42464664578437805
0.1644456684589386
0.17540758848190308
0.7706772685050964
0.8248975872993469
0.5962367653846741
0.9317686557769775
0.9319302439689636
0.8835412263870239
0.9364861249923706
0.92104172706604
0.9150175452232361
0.8195896744728088
0.8349756002426147
