0.4541231691837311
0.5751705169677734
0.47735199332237244
0.20675721764564514
0.26340451836586
0.06317713856697083
0.03655395656824112
0.02255081944167614
0.04638081043958664
0.041298843920230865
0.1675858050584793
0.21108478307724
0.18137864768505096
0.04099174216389656
0.06965858489274979
0.07054757326841354
0.19309651851654053
0.11967030167579651
0.07540005445480347
0.1016562432050705
0.3836809992790222
0.25511354207992554
0.35694098472595215
0.5953764915466309
0.46393659710884094
0.19254150986671448
0.29694005846977234
0.4038514494895935
0.30475637316703796
0.27806323766708374
0.4084590971469879
0.655283510684967
0.49822914600372314
0.5825474858283997
0.4514099359512329
0.7729851603507996
0.548244297504425
0.5254698991775513
0.6000917553901672
0.5623318552970886
0.45519718527793884
0.5427178144454956
0.3613893389701843
0.47329893708229065
0.3393761217594147
0.381276935338974
0.2280208319425583
0.25824812054634094
0.37485989928245544
0.2021619826555252
0.2912282943725586
0.2820794880390167
0.3480207324028015
0.14947015047073364
0.3375285863876343
0.11767780780792236
0.2729945182800293
0.13132259249687195
0.16107642650604248
0.2857532501220703
0.2168513536453247
0.6121861338615417
0.6748980283737183
0.843067467212677
0.8124610185623169
0.589156985282898
0.728571355342865
0.7933281064033508
0.5921573638916016
0.6155012249946594
0.7225219011306763
0.6596110463142395
0.20846761763095856
0.6927912831306458
0.6378618478775024
0.1118987649679184
0.3183329701423645
0.04187733680009842
0.013869729824364185
0.02178024873137474
0.021873043850064278
0.014295767061412334
0.07185754179954529
0.06547781825065613
0.07959135621786118
0.12174909561872482
0.16912277042865753
0.4085358679294586
0.3723243176937103
0.07065855711698532
0.29373088479042053
0.4237924814224243
0.3040269613265991
0.11880668252706528
0.2387060821056366
0.3545241951942444
0.20188528299331665
0.23291631042957306
0.4703691899776459
0.28994330763816833
0.09173709899187088
0.3713923990726471
0.6321509480476379
0.43530669808387756
0.2152002900838852
0.4495403468608856
0.42190930247306824
0.2243984490633011
0.1858789324760437
0.12697285413742065
0.07838091999292374
0.05592959374189377
0.03988155350089073
0.033508479595184326
0.04390253126621246
0.09571198374032974
0.12937474250793457
0.1964242309331894
0.24078208208084106
0.19443519413471222
0.2766675651073456
0.24519436061382294
0.21091610193252563
0.13841362297534943
0.31738606095314026
0.21129928529262543
0.30118075013160706
0.21596652269363403
0.2050388604402542
0.3435477018356323
0.27828750014305115
0.2989729940891266
0.5106948614120483
0.361343115568161
0.3628055453300476
0.43484920263290405
0.3424490988254547
0.41109442710876465
0.4193350374698639
0.42512592673301697
0.2894967198371887
0.1056976243853569
0.04034189507365227
0.061558663845062256
0.28501155972480774
0.2230793684720993
0.46048682928085327
0.47395816445350647
0.35070621967315674
0.2983574867248535
0.42987707257270813
0.5396527051925659
0.16290691494941711
0.29889658093452454
0.5680258274078369
0.4856426417827606
0.14816828072071075
0.22925527393817902
0.4781264662742615
0.442278116941452
0.44229599833488464
0.5345607399940491
0.44260719418525696
0.3590608537197113
0.4128534495830536
0.3378150463104248
0.2668043076992035
0.2771667242050171
0.38250383734703064
0.16651442646980286
0.07155156880617142
0.15155553817749023
0.12902171909809113
0.08206807076931
0.28878048062324524
0.15689291059970856
0.14606192708015442
0.2885502278804779
0.29697543382644653
0.29554933309555054
0.29286423325538635
0.2628786563873291
0.3365086615085602
0.2777306139469147
0.22089746594429016
0.434967041015625
0.27801892161369324
0.2042703479528427
0.36187854409217834
0.447202205657959
0.29499030113220215
0.25086846947669983
0.22967177629470825
0.20208102464675903
0.17821104824543
0.12860925495624542
0.06827405840158463
0.09162561595439911
0.13805212080478668
0.13401629030704498
0.126581072807312
0.16597197949886322
0.1763453483581543
0.24136005342006683
0.40557727217674255
0.2689391076564789
0.4182332754135132
0.4615497589111328
0.43035876750946045
0.4671124815940857
0.7183638215065002
0.7036485075950623
0.5894997715950012
0.5887980461120605
0.6942651867866516
0.5359296202659607
0.3016362190246582
0.46620693802833557
0.3020279109477997
0.23649780452251434
0.2503826320171356
0.2272331714630127
0.3364074230194092
0.21587617695331573
0.230330228805542
0.3138163089752197
0.21012258529663086
0.29750099778175354
0.18495117127895355
0.17289015650749207
0.17044930160045624
0.36317604780197144
0.22517581284046173
0.19374386966228485
0.4208686053752899
0.431911826133728
0.8506750464439392
0.27329957485198975
0.6956937909126282
0.37499338388442993
0.5262278318405151
0.5838248133659363
0.41548457741737366
0.38285425305366516
0.4008449614048004
0.5062000155448914
0.2464272677898407
0.47463279962539673
0.4057105481624603
0.2644561231136322
0.35483497381210327
0.4733693301677704
0.3873824179172516
0.5445392727851868
0.5196278095245361
0.3083844780921936
0.7016969323158264
0.2727449834346771
0.4762466251850128
0.17102234065532684
0.19050148129463196
0.0789136216044426
0.1773959845304489
0.12373348325490952
0.1622379869222641
0.21885259449481964
0.22051964700222015
0.23594930768013
0.0721127837896347
0.1408054679632187
0.10127197206020355
0.20474839210510254
0.1647464483976364
0.22573640942573547
0.2589409053325653
0.4399428963661194
0.4841923713684082
0.6801285743713379
0.675152063369751
0.5481322407722473
0.5419324040412903
0.574607789516449
0.4668058454990387
0.43048354983329773
0.25538867712020874
0.3071649372577667
0.30804869532585144
0.427390456199646
0.1600387692451477
0.30068811774253845
0.1596534550189972
0.40288737416267395
0.2648809552192688
0.3380260169506073
0.3327215909957886
0.37939929962158203
0.4210185110569
0.2995915710926056
0.4137408435344696
0.46835586428642273
0.4130095839500427
0.5269541144371033
0.5604267120361328
0.24159951508045197
0.2856411337852478
0.24577736854553223
0.3961509168148041
0.5179879069328308
0.28441041707992554
0.37831613421440125
0.25372689962387085
0.23277534544467926
0.2651106119155884
0.312954843044281
0.5712698698043823
0.38779598474502563
0.3476778566837311
0.29569554328918457
0.37288567423820496
0.3715229332447052
0.37430116534233093
0.3756771683692932
0.3713926076889038
0.21308065950870514
0.2828275263309479
0.6012367010116577
0.24564629793167114
0.7028711438179016
0.5957058072090149
0.3150796890258789
0.2256234735250473
0.3338238000869751
0.11473911255598068
0.12312690168619156
0.1916155219078064
0.17417369782924652
0.17658330500125885
0.04177511855959892
0.103725366294384
0.11539950966835022
0.10003237426280975
0.045247338712215424
0.06694477796554565
0.08422655612230301
0.04298347234725952
0.0699172392487526
0.07011677324771881
0.03967784345149994
0.036863479763269424
0.11257563531398773
0.07020950317382812
0.061826255172491074
