0.85231614112854
0.8630526661872864
0.7251172065734863
0.806369960308075
0.834529459476471
0.8470594882965088
0.8589780330657959
0.8913664221763611
0.9165037274360657
0.7731102705001831
0.7711403369903564
0.7356327176094055
0.847952127456665
0.7914342880249023
0.8705114126205444
0.8328221440315247
0.803387463092804
0.8714383244514465
0.9140716195106506
0.920556902885437
0.8128046989440918
0.9156498312950134
0.9504482746124268
0.9194734692573547
0.8636243939399719
0.7867493033409119
0.9233372211456299
0.9234510064125061
0.8646777272224426
0.8728473782539368
0.9354442954063416
0.7076051831245422
0.8531578779220581
0.7693222165107727
0.8780134916305542
0.8091200590133667
0.8817942142486572
0.9418399930000305
0.8996002674102783
0.9234496355056763
0.9043114185333252
0.9082711338996887
0.9273077845573425
0.9288524985313416
0.8964285254478455
0.8965339660644531
0.9417126178741455
0.7967314124107361
0.9078097939491272
0.8797295689582825
0.8696945309638977
0.845396876335144
0.912022590637207
0.8746684193611145
0.8795976638793945
0.8744016289710999
0.9180969595909119
0.8341124057769775
0.9403469562530518
0.9197964072227478
0.9507089257240295
0.911529541015625
0.8654778599739075
0.916431725025177
0.8569374084472656
0.9333592653274536
0.9106529951095581
0.9532680511474609
0.9170376658439636
0.9262011051177979
0.9309125542640686
0.908909797668457
0.8991469144821167
0.8954504132270813
0.862075686454773
0.8403109312057495
0.8591675162315369
0.8428331613540649
0.7313660979270935
0.8601016998291016
0.7760871648788452
0.847441554069519
