0.5179237127304077
0.7637600898742676
0.4587872326374054
0.7870486378669739
0.7042449116706848
0.7769051194190979
0.8190541863441467
0.851980447769165
0.9034908413887024
0.827944815158844
0.9227668046951294
0.8533626198768616
0.898668110370636
0.8923289179801941
0.8167592883110046
0.8290135860443115
0.5340725183486938
0.5471354722976685
0.7586475610733032
0.657579779624939
0.46839120984077454
0.2822785973548889
0.2636277377605438
0.4677571654319763
0.5303058624267578
0.6607836484909058
0.819144070148468
0.8452104926109314
0.8694995045661926
0.8697910308837891
0.8483166098594666
0.8445780873298645
0.881592869758606
0.8436186909675598
0.8175684213638306
0.5547680258750916
0.7185700535774231
0.3704814314842224
0.7160513401031494
0.4082466959953308
0.5831191539764404
0.6410353779792786
0.6643652319908142
0.6145948171615601
0.700118899345398
0.8049835562705994
0.803027868270874
0.6787595748901367
0.7081387639045715
0.5352720618247986
0.6777477264404297
0.49603959918022156
0.6459295749664307
0.663981020450592
0.5922771096229553
0.7075555324554443
0.7062782645225525
0.8022114038467407
0.6375980377197266
0.43939557671546936
0.8341665863990784
