0.3159518241882324
0.27539101243019104
0.3009454607963562
0.18580639362335205
0.06627115607261658
0.025976533070206642
0.03469647094607353
0.029334137216210365
0.04936906695365906
0.03906740993261337
0.22946204245090485
0.5440515875816345
0.6032841801643372
0.12400517612695694
0.08354835957288742
0.09212638437747955
0.26397502422332764
0.18368801474571228
0.09209892153739929
0.10541602969169617
0.196637824177742
0.19869911670684814
0.23464004695415497
0.360750675201416
0.420606791973114
0.2766059637069702
0.2549753487110138
0.39171257615089417
0.49054956436157227
0.4748857915401459
0.4554431736469269
0.7549619674682617
0.7403894662857056
0.4314717650413513
0.7528279423713684
0.6360201239585876
0.41329506039619446
0.5224779844284058
0.3517780900001526
0.25355416536331177
0.3676321804523468
0.3769405484199524
0.3062625527381897
0.34366312623023987
0.34164685010910034
0.23322875797748566
0.20208315551280975
0.15016420185565948
0.17261792719364166
0.10020849108695984
0.12336712330579758
0.14397497475147247
0.16710790991783142
0.26514095067977905
0.19350816309452057
0.6044242978096008
0.5409674644470215
0.7486175298690796
0.46674156188964844
0.5388601422309875
0.6389930844306946
0.4991093873977661
0.1846688687801361
0.194484680891037
0.33201631903648376
0.2637293040752411
0.05596305429935455
0.27752184867858887
0.22038668394088745
0.23560762405395508
0.04441653564572334
0.15905359387397766
0.17992828786373138
0.05736633017659187
0.14132632315158844
0.023874199017882347
0.028574930503964424
0.008757944218814373
0.023737192153930664
0.014440897852182388
0.040594566613435745
0.22498184442520142
0.0566214993596077
0.35445451736450195
0.2569650709629059
0.4056965410709381
0.25565898418426514
0.5220876336097717
0.5627954602241516
0.21374687552452087
0.5219250321388245
0.5315425395965576
0.105530746281147
0.14754272997379303
0.4952792227268219
0.30773964524269104
0.15634891390800476
0.277082234621048
0.5259004235267639
0.07368550449609756
0.31787440180778503
0.340702623128891
0.17851656675338745
0.020727097988128662
0.14932489395141602
0.1755177527666092
0.05906113609671593
0.08180060237646103
0.2462591826915741
0.13432249426841736
0.049238573759794235
0.07015817612409592
0.2215566635131836
0.09489931911230087
0.09540388733148575
0.03279498964548111
0.07041292637586594
0.032684341073036194
0.07002487033605576
0.1277575045824051
0.24164952337741852
0.5231299996376038
0.5392334461212158
0.7266417145729065
0.43608424067497253
0.222020223736763
0.43409624695777893
0.3961218297481537
0.09082875400781631
0.29781991243362427
0.33031871914863586
0.05285189300775528
0.1969168335199356
0.2664966285228729
0.22759106755256653
0.15032432973384857
0.22318445146083832
0.2106027901172638
0.2263144701719284
0.22942087054252625
0.23974908888339996
0.29441481828689575
0.2675670087337494
0.28282904624938965
0.1919448971748352
0.4102395176887512
0.5513360500335693
0.20933948457241058
0.18564698100090027
0.32481756806373596
0.5111551284790039
0.22241847217082977
0.38598349690437317
0.5390276312828064
0.5809656381607056
0.43826189637184143
0.3853422701358795
0.45438140630722046
0.38136133551597595
0.40585342049598694
0.4955797791481018
0.50834059715271
0.40483349561691284
0.30276942253112793
0.28738832473754883
0.17032559216022491
0.41310229897499084
0.4280063211917877
0.45240169763565063
0.2543713450431824
0.36744028329849243
0.28819194436073303
0.07535538822412491
0.135120689868927
0.1319647878408432
0.3613355755805969
0.3466472625732422
0.2717197835445404
0.3362349569797516
0.24021117389202118
0.2427392303943634
0.3939211666584015
0.1560545563697815
0.3469870388507843
0.4425812363624573
0.24320422112941742
0.07664164155721664
0.28447335958480835
0.3391539752483368
0.1794169396162033
0.1971883326768875
