0.7778463363647461
0.801548421382904
0.6984007358551025
0.7406912446022034
0.8290749788284302
0.6565911173820496
0.8385003805160522
0.33536335825920105
0.6591439843177795
0.5221195816993713
0.3659437596797943
0.6145263910293579
0.46490633487701416
0.38270774483680725
0.6082296371459961
0.32127174735069275
0.6322935223579407
0.6049588322639465
0.7988329529762268
0.7991914749145508
0.7374187111854553
0.7836244702339172
0.7660707235336304
0.7560423016548157
0.8267195820808411
0.626400351524353
0.7291916012763977
0.6512376666069031
0.783473551273346
0.6451128125190735
0.802873432636261
0.5626558661460876
0.6030269861221313
0.44464725255966187
0.6105868220329285
0.5014380216598511
0.5112556219100952
0.7650426626205444
0.7480543255805969
0.8356838226318359
0.5788931250572205
0.4023900330066681
0.783257782459259
0.7704492807388306
0.8456665873527527
0.7295302152633667
0.7607963681221008
0.8276934027671814
0.8689371943473816
0.7798883318901062
0.8502411246299744
0.5588845610618591
0.5941690802574158
0.44462892413139343
0.5441969037055969
0.3757054805755615
0.5792667269706726
0.5016624331474304
0.6682078242301941
0.6641920804977417
0.65834641456604
0.5413434505462646
0.4743731915950775
0.3390445113182068
0.3278253674507141
0.5205460786819458
0.2031397670507431
0.5488667488098145
0.584913969039917
0.23710958659648895
0.5302658081054688
0.5861449837684631
0.49526405334472656
0.21522048115730286
0.5028570294380188
0.5333660244941711
0.7648560404777527
0.4390322268009186
0.7471745610237122
0.4548301100730896
0.8160285353660583
0.6692925691604614
0.9025691151618958
0.6679053902626038
0.7737890481948853
0.857683002948761
0.8727821111679077
0.8766148686408997
0.889665424823761
0.8548437356948853
0.8995240330696106
0.8568057417869568
0.7903136014938354
0.7573623657226562
0.6240748763084412
0.6981086730957031
0.22867818176746368
0.7536724209785461
0.3947506248950958
0.7431498765945435
0.7155249714851379
0.7649278044700623
