0.4009636342525482
0.51824551820755
0.7705330848693848
0.5531343221664429
0.3132491409778595
0.6300148963928223
0.8120935559272766
0.6520825624465942
0.38827934861183167
0.8244870901107788
0.8167405724525452
0.5254139304161072
0.4948144555091858
0.7589678168296814
0.6348031163215637
0.24503891170024872
0.6174243688583374
0.5493201017379761
0.49261513352394104
0.3746596872806549
0.4143078625202179
0.4253658056259155
0.7005980014801025
0.6081627607345581
0.4084397256374359
0.7676847577095032
0.7672107219696045
0.4821827709674835
0.4900493621826172
0.6361523866653442
0.6767088770866394
0.36784934997558594
0.5572487711906433
0.5764859318733215
0.586383044719696
0.33056870102882385
0.5573375821113586
0.4754115343093872
0.2670249044895172
0.2725207209587097
0.2539162337779999
0.07768812030553818
0.17876847088336945
0.10732488334178925
0.2653769552707672
0.20991535484790802
0.2534240186214447
0.09047875553369522
0.1894744336605072
0.20449882745742798
0.23712168633937836
0.16927997767925262
0.23020325601100922
0.19607135653495789
0.17938558757305145
0.20550382137298584
0.3744027614593506
0.34488731622695923
0.14451079070568085
0.3484897017478943
0.21055398881435394
0.3980693817138672
0.4247143566608429
0.18894419074058533
0.4479009807109833
0.4398576021194458
0.4159983992576599
0.541427731513977
0.3545147478580475
0.20533017814159393
0.16241808235645294
0.1269359588623047
0.3122123181819916
0.3391059339046478
0.2592758536338806
0.2321339249610901
0.4845544099807739
0.5872231125831604
0.4681365191936493
0.5348029732704163
0.5440233945846558
0.47416749596595764
0.5352628231048584
0.4779922664165497
0.46645429730415344
0.4136940538883209
0.46673154830932617
0.49565139412879944
0.2885204255580902
0.09289289265871048
0.4939763844013214
0.3955601155757904
0.184871107339859
0.3430100679397583
0.3707078993320465
0.5426065921783447
0.4847116470336914
0.4311419427394867
0.5069257020950317
0.6220170855522156
0.6122761368751526
0.7029258608818054
0.6602683067321777
0.6037686467170715
0.38876280188560486
0.7645759582519531
0.8032626509666443
0.7454835176467896
0.5956342816352844
0.5673697590827942
0.7733927965164185
0.5391383767127991
0.4001600742340088
0.4662100374698639
0.5466896891593933
0.48249387741088867
0.3089769184589386
0.40727585554122925
0.4577682912349701
