0.49558407068252563
0.7137201428413391
0.3045784831047058
0.5770414471626282
0.14721907675266266
0.25442665815353394
0.125576451420784
0.2586830258369446
0.16975601017475128
0.4786410927772522
0.6763477325439453
0.615484893321991
0.20271821320056915
0.23413406312465668
0.26053085923194885
0.5650885105133057
0.4060184359550476
0.15071429312229156
0.31072112917900085
0.6957300305366516
0.5414918661117554
0.6807182431221008
0.8336734175682068
0.9202286601066589
0.8190255761146545
0.8685703277587891
0.8372898697853088
0.8060553669929504
0.8138996958732605
0.823174774646759
0.8491556644439697
0.8219211101531982
0.7961297035217285
0.8257239460945129
0.8661598563194275
0.6711309552192688
0.7996600270271301
0.8016296029090881
0.8028674125671387
0.8214953541755676
0.8314353823661804
0.8561729788780212
0.7317904829978943
0.8292308449745178
0.6733077168464661
0.7911984920501709
0.7148777842521667
0.6706683039665222
0.746414065361023
0.603124737739563
0.6887280941009521
0.40334802865982056
0.5963619351387024
0.2561259865760803
0.5277642011642456
0.3680579960346222
0.5552162528038025
0.5477921366691589
0.5278799533843994
0.7995566725730896
0.8211615085601807
0.7661310434341431
0.9068412780761719
0.7807452082633972
0.8624628186225891
0.8453822731971741
0.7612534761428833
0.7536411285400391
0.8912289142608643
0.8572755455970764
0.6641988754272461
0.8899704813957214
0.832404375076294
0.622451901435852
0.4842924177646637
0.2002008557319641
0.30926674604415894
0.09195984154939651
0.08749240636825562
0.045574989169836044
0.11719772964715958
0.14968165755271912
0.22201001644134521
0.3192064166069031
0.4184282124042511
0.5149465203285217
0.6901257634162903
0.1946229487657547
0.31687575578689575
0.3755524158477783
0.4712822735309601
0.18837504088878632
0.4584422707557678
0.5865046381950378
0.41160449385643005
0.5127604007720947
0.6008442640304565
0.6733918786048889
0.3384994566440582
0.6296899914741516
0.7702482342720032
0.7869628667831421
0.6458096504211426
0.7480667233467102
0.5251250267028809
0.5568938851356506
0.467977374792099
0.4386651813983917
0.275923490524292
0.26975518465042114
0.19215886294841766
0.08514977246522903
0.0724480003118515
0.038442257791757584
0.1278131604194641
0.23312240839004517
0.2785583734512329
0.39658164978027344
0.4185624420642853
0.3568565845489502
0.4607451260089874
0.5451074838638306
0.5145013332366943
0.3914228081703186
0.22989647090435028
0.23596630990505219
0.2766946256160736
0.1737920492887497
0.24682991206645966
0.09075821191072464
0.25391682982444763
0.21299763023853302
0.411955863237381
0.1754593849182129
0.3500162661075592
0.35139140486717224
0.5550019145011902
0.5130093097686768
0.4161708652973175
0.5169069766998291
0.3270052373409271
0.3395411968231201
0.39005279541015625
0.1384354531764984
0.17173804342746735
0.302398681640625
0.6363304853439331
0.5328953862190247
0.6940872073173523
0.27574944496154785
0.4236980080604553
0.5012302994728088
0.7729521989822388
0.7095856070518494
0.2716332674026489
0.48474588990211487
0.8356487154960632
0.6766344904899597
0.36990824341773987
0.4231368899345398
0.8423314094543457
0.43722090125083923
0.3311006426811218
0.6943764090538025
0.39637961983680725
0.526113748550415
0.5488303303718567
0.4458273947238922
0.3640272319316864
0.45311272144317627
