0.612190842628479
0.48600584268569946
0.40678003430366516
0.5489742159843445
0.1492021679878235
0.28852102160453796
0.20254464447498322
0.42584261298179626
0.43774688243865967
0.23851129412651062
0.4654550552368164
0.47400856018066406
0.38242417573928833
0.26514187455177307
0.5079796314239502
0.4923699200153351
0.27564242482185364
0.696504533290863
0.4874294698238373
0.3410651385784149
0.35407307744026184
0.6923374533653259
0.4475739896297455
0.2842857539653778
0.3188222348690033
0.22496779263019562
0.09833420068025589
0.04552074149250984
0.030298249796032906
0.046388331800699234
0.0718558132648468
0.18861372768878937
0.3185596168041229
0.18774035573005676
0.39823994040489197
0.7331281304359436
0.7128148674964905
0.6912886500358582
0.8085164427757263
0.5140848755836487
0.7459061741828918
0.4866247773170471
0.5581271648406982
0.5358442068099976
0.587676465511322
0.5220068097114563
0.66327303647995
0.4962047040462494
0.29785647988319397
0.5831918716430664
0.7044289112091064
0.3859981596469879
0.35161229968070984
0.6143123507499695
0.5331761240959167
0.5116836428642273
0.5984731316566467
0.5329729914665222
0.3692839741706848
0.6327470541000366
0.7954645752906799
0.4729101359844208
0.3535284101963043
0.15095265209674835
0.10515693575143814
0.09193465858697891
0.07197890430688858
0.021520817652344704
0.15566547214984894
0.10926312208175659
0.1517682820558548
0.26367709040641785
0.33389970660209656
0.48685604333877563
0.46572601795196533
0.29214540123939514
0.4831848740577698
0.5971130728721619
0.3412422239780426
0.5768420100212097
0.555848240852356
0.5191877484321594
0.31059592962265015
0.1969732642173767
0.23877064883708954
0.22210820019245148
0.18005071580410004
0.1393311619758606
0.0813082903623581
0.1894366294145584
0.1685301810503006
0.283223420381546
0.3325032591819763
0.3715220093727112
0.49424993991851807
0.3751679062843323
0.6535773873329163
0.4459339380264282
0.5029973387718201
0.5785474181175232
0.6441177129745483
0.34685638546943665
0.35379818081855774
0.4862044155597687
0.6249189972877502
0.29669299721717834
0.3389052450656891
0.5306378602981567
0.41590189933776855
0.3164251744747162
0.2010134756565094
0.3650146722793579
0.31622886657714844
0.2359851449728012
0.22491127252578735
0.08502063155174255
0.13869251310825348
0.2653357982635498
0.3064759075641632
0.1313656121492386
0.08458130806684494
0.2703884243965149
0.151260644197464
0.4828888177871704
0.5272755026817322
0.10053745657205582
0.25395867228507996
0.5910366177558899
0.3808702528476715
0.21570464968681335
0.7145306468009949
0.6594114303588867
0.42888355255126953
0.3671542704105377
0.48584261536598206
0.358284056186676
0.6512010097503662
0.7667496800422668
0.6821234226226807
0.5089559555053711
0.39341652393341064
0.41690564155578613
0.19180674850940704
0.03954796865582466
0.033963803201913834
0.05940910801291466
0.4516529440879822
0.2002396285533905
0.368238627910614
0.7185995578765869
0.10336606204509735
0.33488401770591736
0.22107656300067902
0.3924194872379303
0.15946504473686218
0.3062107563018799
0.4709354639053345
0.2214471846818924
0.3817571699619293
0.6955623030662537
0.6492448449134827
0.54555743932724
0.6386568546295166
0.33814144134521484
0.33704888820648193
0.5010521411895752
0.4841004014015198
0.40890732407569885
0.5588042736053467
0.4744744896888733
0.2716919183731079
0.6354472637176514
0.6337548494338989
0.5560466647148132
0.33596163988113403
0.7696426510810852
0.7184690237045288
0.3982100486755371
0.40287789702415466
0.5921649932861328
0.36128050088882446
0.17958717048168182
0.2357209026813507
0.103883758187294
0.09058233350515366
0.39237770438194275
0.6292030811309814
0.3779754936695099
0.4249640703201294
0.7820488810539246
0.7163695693016052
0.6171645522117615
0.7916738986968994
0.6458211541175842
0.5158334374427795
0.6447132229804993
0.3679347634315491
0.2658511996269226
0.1785012185573578
0.40997472405433655
0.4712977409362793
0.06390081346035004
0.08873943239450455
0.3442171514034271
0.468119353055954
0.425919771194458
0.5631137490272522
0.30224379897117615
0.558526337146759
0.5332292914390564
0.6006892323493958
0.5007498860359192
0.5533539056777954
0.6254931092262268
0.5670950412750244
0.25918227434158325
0.11382969468832016
0.13185293972492218
0.2251208871603012
0.20663471519947052
0.06367919594049454
0.2943177819252014
0.13247081637382507
0.05423521250486374
0.06974427402019501
0.3061269521713257
0.0463884137570858
0.1689809411764145
0.33857429027557373
0.40764349699020386
0.19098781049251556
0.4601617455482483
0.5901279449462891
0.6290850639343262
0.723275899887085
0.5886415243148804
0.6593172550201416
0.5530105233192444
0.6072434782981873
0.486471027135849
0.6277151703834534
0.6901870369911194
0.6906105279922485
0.7318999171257019
0.6199349164962769
0.5877569317817688
0.3736252784729004
0.6897609829902649
0.43187108635902405
0.49970543384552
0.7309301495552063
0.6462767124176025
