0.6365941762924194
0.5940617918968201
0.6311683058738708
0.4919108748435974
0.40595200657844543
0.5964388251304626
0.5185497403144836
0.5165224075317383
0.18149252235889435
0.4226032793521881
0.5742166638374329
0.3412647843360901
0.6591046452522278
0.31451916694641113
0.558372974395752
0.28154900670051575
0.17949165403842926
0.25062552094459534
0.12827061116695404
0.49028244614601135
0.4817151129245758
0.2592194676399231
0.17351283133029938
0.16932716965675354
0.07434850186109543
0.09663860499858856
0.11517931520938873
0.14961813390254974
0.15306086838245392
0.19174908101558685
0.28480568528175354
0.28989478945732117
0.24894435703754425
0.30722346901893616
0.35548457503318787
0.21362245082855225
0.48213496804237366
0.33810460567474365
0.22317592799663544
0.24473807215690613
0.37475278973579407
0.3394184410572052
0.3584209978580475
0.4625585377216339
0.34388962388038635
0.21844927966594696
0.17304304242134094
0.11798769980669022
0.24013236165046692
0.25377359986305237
0.139028862118721
0.22780248522758484
0.08240875601768494
0.20546917617321014
0.18057075142860413
0.2711232304573059
0.5885756611824036
0.5648864507675171
0.49280035495758057
0.7120292782783508
0.6827905178070068
0.20569191873073578
0.20417770743370056
0.46902281045913696
0.11767742782831192
0.31130874156951904
0.15515083074569702
0.23751357197761536
0.2496374249458313
0.34023579955101013
0.4461071193218231
0.5171707272529602
0.6031094193458557
0.6176760196685791
0.39808836579322815
0.6603952050209045
0.193195179104805
0.5649453997612
0.4174942970275879
0.7063305974006653
0.6979567408561707
0.6420924663543701
0.6293299794197083
0.6422047019004822
0.8081186413764954
0.7007594704627991
0.571548581123352
0.8238126039505005
0.8533702492713928
0.8249918818473816
0.3459339737892151
0.7766637206077576
0.7047383785247803
0.42855846881866455
0.43512606620788574
0.23886080086231232
0.6458150148391724
0.6187819242477417
0.27545610070228577
0.5518022179603577
0.2930343449115753
0.7849950194358826
0.559182345867157
0.4590851068496704
0.25672391057014465
0.3297458291053772
0.13536398112773895
0.12791451811790466
0.1712779551744461
0.35989654064178467
0.34190231561660767
0.2753967344760895
0.45203346014022827
0.34072670340538025
0.32175135612487793
0.3861900866031647
0.4453239440917969
0.4987262785434723
0.49411508440971375
0.5970714092254639
0.5343030095100403
0.3320683538913727
0.5205962061882019
0.5987204313278198
0.6323617100715637
0.6124041676521301
0.6320264935493469
0.5435256958007812
0.40352684259414673
0.222402885556221
0.2926886975765228
0.3743012249469757
0.25934210419654846
0.33352726697921753
0.2391306310892105
0.40560048818588257
0.41738882660865784
0.5762284398078918
0.8041055202484131
0.903637170791626
0.7936602234840393
0.8925889134407043
0.8286870718002319
0.43023186922073364
0.6635692119598389
0.2036527544260025
0.359842985868454
0.17187896370887756
0.26175400614738464
0.23237177729606628
0.3606608808040619
0.4547519087791443
0.49201181530952454
0.5491294264793396
0.7535524368286133
0.5313709378242493
0.843908429145813
0.46662187576293945
0.846926748752594
0.658586859703064
0.8381415605545044
0.8745495676994324
0.801998496055603
0.8370946049690247
0.8950595855712891
