0.38105010986328125
0.39647313952445984
0.3001399040222168
0.36384204030036926
0.21026046574115753
0.4048532545566559
0.34183254837989807
0.13201506435871124
0.38072097301483154
0.5124885439872742
0.12771852314472198
0.21303746104240417
0.2521452009677887
0.09451834112405777
0.025916073471307755
0.02150409296154976
0.008725856430828571
0.007915902882814407
0.026065826416015625
0.06347039341926575
0.10308049619197845
0.12663280963897705
0.4368070960044861
0.3659481406211853
0.816851019859314
0.5398436188697815
0.1208902969956398
0.4987904131412506
0.8123505115509033
0.4277396500110626
0.09357843548059464
0.5466653108596802
0.6595130562782288
0.15040725469589233
0.3870176076889038
0.7146443128585815
0.7765957713127136
0.350436806678772
0.15985511243343353
0.04695862531661987
0.09241800010204315
0.015134591609239578
0.012223673053085804
0.01105248648673296
0.019923819229006767
0.09851227700710297
0.3594188392162323
0.1696748286485672
0.09627048671245575
0.04667803272604942
0.07901603728532791
0.18087828159332275
0.18389494717121124
0.19689498841762543
0.3310040831565857
0.22634819149971008
0.1415916383266449
0.07332739979028702
0.020511681213974953
0.021203888580203056
0.06700404733419418
0.053537767380476
0.01478452980518341
0.053654830902814865
0.032676126807928085
0.002189411548897624
0.015808124095201492
0.04078841954469681
0.02641725167632103
0.01864667236804962
0.005674926098436117
0.0037993411533534527
0.023628326132893562
0.016938069835305214
0.008847160264849663
0.02417907863855362
0.02438514679670334
0.1989898830652237
0.27396613359451294
0.6900806427001953
0.5967453122138977
0.8338597416877747
0.7602753639221191
0.13128159940242767
0.35052552819252014
0.5601945519447327
0.05982796475291252
0.07296410202980042
0.6035951972007751
0.24055688083171844
0.01865302585065365
0.08128459006547928
0.2291467934846878
0.024852748960256577
0.11837364733219147
0.01931328885257244
0.03006340004503727
0.06021330878138542
0.010067741386592388
0.041693177074193954
0.015069852583110332
0.2222820669412613
0.17568165063858032
0.8386763334274292
0.7145072817802429
0.49709516763687134
0.8858791589736938
0.9544143676757812
0.9781715869903564
0.7255479097366333
0.5953668355941772
0.9624968767166138
0.9524704813957214
0.36069151759147644
0.9002017974853516
0.9463669657707214
0.7331744432449341
0.34799492359161377
0.7908748388290405
0.7677856087684631
0.2363222986459732
0.11292009800672531
0.1976262927055359
0.0653591975569725
0.18667232990264893
0.21949084103107452
0.1898217499256134
0.15217958390712738
0.3738526701927185
0.5041472315788269
0.36468955874443054
0.5669275522232056
0.12583787739276886
0.19762428104877472
0.3810536861419678
0.2406136691570282
0.3739375174045563
0.32210779190063477
0.2894529104232788
0.11796612292528152
0.5170458555221558
0.18068261444568634
0.2647365629673004
0.9008068442344666
0.7625013589859009
0.8949173092842102
0.6898015141487122
0.9157159924507141
0.7908056378364563
0.536437451839447
0.45605388283729553
0.5842834115028381
0.11522611230611801
0.19860132038593292
0.07162101566791534
0.04112130030989647
0.11983036994934082
0.19310063123703003
0.19157375395298004
0.7346353530883789
0.5423813462257385
0.6261325478553772
0.9246602654457092
0.7930606007575989
0.49915021657943726
0.8434911370277405
0.863852858543396
0.4678664803504944
0.40425246953964233
0.8658272624015808
0.7133723497390747
0.2556127607822418
0.49421924352645874
0.7962393164634705
0.3883918821811676
0.3471258580684662
0.17611561715602875
0.10082197934389114
0.2172330766916275
0.11284724622964859
0.2893621325492859
0.23279963433742523
0.26603877544403076
0.24077844619750977
0.41837140917778015
0.39841747283935547
0.47707101702690125
0.5538421273231506
0.9305388331413269
0.9309157133102417
0.6614760756492615
0.4000359773635864
0.5341425538063049
0.7902303338050842
0.4866987466812134
0.35641926527023315
0.46075356006622314
0.19692592322826385
0.06681974977254868
0.19459642469882965
0.15103891491889954
0.09881920367479324
0.08711937814950943
0.146743044257164
0.18475747108459473
0.18141348659992218
0.14379912614822388
0.033320967108011246
0.08385207504034042
0.022574717178940773
0.03375815227627754
0.07912559062242508
0.09595420956611633
0.21841497719287872
0.18854686617851257
0.456581711769104
0.29474395513534546
0.26846742630004883
0.4692593216896057
0.6715187430381775
0.5598176717758179
0.40307146310806274
0.461603581905365
0.4959474205970764
0.08132746070623398
0.10568603873252869
0.2836957275867462
0.22314341366291046
0.052414197474718094
0.18177908658981323
0.13576076924800873
0.17360682785511017
0.05668022856116295
0.07163669168949127
0.052076488733291626
0.08154609799385071
0.13541372120380402
0.08347681164741516
0.08068370819091797
0.05684150010347366
0.04373539984226227
0.057513527572155
0.07798605412244797
0.4332088530063629
0.25392451882362366
0.40749984979629517
0.3257279396057129
0.7604549527168274
0.8652211427688599
0.5171712040901184
0.741211473941803
0.636469304561615
0.6088180541992188
0.8364272713661194
0.933750569820404
0.7634113430976868
0.8617976307868958
0.8848385214805603
0.5964315533638
0.4094095230102539
0.4480340778827667
0.30319729447364807
0.5651897192001343
0.6837442517280579
0.6049296259880066
0.6495336294174194
0.16620081663131714
0.20864000916481018
0.19661302864551544
0.49257543683052063
0.47686317563056946
0.1985069215297699
0.4296969771385193
0.17089642584323883
0.18257386982440948
0.08211926370859146
0.28011277318000793
0.1675373911857605
0.1027589812874794
0.09441719204187393
0.05664358660578728
0.36894863843917847
0.41711369156837463
0.38614287972450256
0.7850121259689331
0.8924548029899597
0.8516975045204163
0.860636293888092
0.6418864727020264
0.3716702163219452
0.27826204895973206
0.6058021187782288
0.264098584651947
0.09765651077032089
0.26745691895484924
0.20600946247577667
0.08410494774580002
0.09775467962026596
0.12676389515399933
0.10902459174394608
0.09744846820831299
0.08835761994123459
0.05745873972773552
0.11202195286750793
