0.5016544461250305
0.5854888558387756
0.7582700848579407
0.5869190096855164
0.667952299118042
0.5742200016975403
0.6362758874893188
0.6046029329299927
0.526396632194519
0.5964298844337463
0.5050195455551147
0.4706307053565979
0.39358437061309814
0.49936094880104065
0.5316838026046753
0.4276319444179535
0.4920901656150818
0.6086499094963074
0.47028765082359314
0.5353231430053711
0.5949811935424805
0.7090467214584351
0.6890791654586792
0.8091035485267639
0.7491354942321777
0.6390929818153381
0.7011725902557373
0.8157927393913269
0.5730736255645752
0.697071373462677
0.8430887460708618
0.7208274006843567
0.6316555142402649
0.8690198063850403
0.7775715589523315
0.7649098634719849
0.45430952310562134
0.8086279630661011
0.7900853753089905
0.741873562335968
0.8122673034667969
0.7935705780982971
0.7321193218231201
0.6010154485702515
0.8066860437393188
0.817615807056427
0.5022109150886536
0.6216718554496765
0.7944673299789429
0.6737257838249207
0.8008056879043579
0.6925341486930847
0.775619387626648
0.9057506918907166
0.8071963787078857
0.8822207450866699
0.5548384785652161
0.3527335226535797
0.7541496753692627
0.7582781314849854
0.4418509304523468
0.5649413466453552
0.6622136831283569
0.7030121684074402
0.6238767504692078
0.6073136329650879
0.6622780561447144
0.6230629682540894
0.4173044264316559
0.47817665338516235
0.4735139310359955
0.5665348172187805
0.43065646290779114
0.6473380923271179
0.6961979269981384
0.6393150687217712
0.7634606957435608
0.5222350358963013
0.44748014211654663
0.3624917268753052
0.4488881528377533
0.3496500253677368
0.5537177324295044
0.6800888776779175
0.4093261659145355
0.5849526524543762
0.8722404837608337
0.8605266213417053
0.8517210483551025
0.8179241418838501
0.9055172801017761
0.81831294298172
0.6589774489402771
0.6405431032180786
0.8557340502738953
0.6970738768577576
0.6559125781059265
0.774368941783905
0.7669174671173096
0.7861962914466858
