0.1377832144498825
0.2747587263584137
0.24933072924613953
0.23077303171157837
0.3682606816291809
0.5287172198295593
0.5629960894584656
0.516088604927063
0.7308794260025024
0.6470516920089722
0.560993492603302
0.497545450925827
0.6091788411140442
0.529462993144989
0.3553977608680725
0.632773756980896
0.25213542580604553
0.5320385098457336
0.18877454102039337
0.20086966454982758
0.29313787817955017
0.22409102320671082
0.14778269827365875
0.1300065517425537
0.3739437460899353
0.0660475641489029
0.1068403571844101
0.3998749256134033
0.304360568523407
0.24657075107097626
0.28427356481552124
0.5484724044799805
0.2888070344924927
0.24418404698371887
0.3692915737628937
0.26882854104042053
0.40327662229537964
0.25952255725860596
0.229815274477005
0.48787540197372437
0.478742390871048
0.1570092886686325
0.20328474044799805
0.5109244585037231
0.3022925853729248
0.16556048393249512
0.3305600583553314
0.45301491022109985
0.1698680818080902
0.18461711704730988
0.3346354365348816
0.35654351115226746
0.40948647260665894
0.15960676968097687
0.4970937967300415
0.5668531656265259
0.5133596658706665
0.5411297678947449
0.47607237100601196
0.7325616478919983
0.472271591424942
0.705822229385376
0.6969378590583801
0.6442148089408875
0.5656133890151978
0.7449062466621399
0.7648043632507324
0.5847166776657104
0.6188129782676697
0.638298749923706
0.46764299273490906
0.6969377994537354
0.6311178803443909
0.49339380860328674
0.5207540988922119
0.5383549928665161
0.6379064917564392
0.3849354386329651
0.688113808631897
0.5267240405082703
0.6108101010322571
0.4966714084148407
0.5756479501724243
0.7086470127105713
0.5399694442749023
0.5029447674751282
0.33006617426872253
0.36693140864372253
0.5027638673782349
0.37986135482788086
0.5097494721412659
0.6366198658943176
0.5980008244514465
