0.15610021352767944
0.35383516550064087
0.39397165179252625
0.3044064939022064
0.307888925075531
0.4270697832107544
0.5861184000968933
0.6779031157493591
0.6864156126976013
0.812916100025177
0.6454095840454102
0.6632858514785767
0.606551468372345
0.8652479648590088
0.5520491003990173
0.7908316254615784
0.2854488492012024
0.5993854403495789
0.11190158873796463
0.4420962929725647
0.4260618984699249
0.40032723546028137
0.5445752143859863
0.3998371660709381
0.435128390789032
0.6322140693664551
0.4615197777748108
0.38983121514320374
0.5684854984283447
0.6474607586860657
0.800286591053009
0.740108847618103
0.8940933346748352
0.6747837662696838
0.705385684967041
0.42340850830078125
0.7787821292877197
0.709161102771759
0.32849791646003723
0.7830650806427002
0.7685873508453369
0.4389714300632477
0.6975794434547424
0.6985840201377869
0.6365087032318115
0.2950946092605591
0.3143685758113861
0.19129349291324615
0.46927526593208313
0.6485291719436646
0.7530165910720825
0.5497536063194275
0.6196720600128174
0.2830049693584442
0.6341835260391235
0.47982364892959595
0.1963808238506317
0.38307082653045654
0.1671207845211029
0.23222459852695465
0.15516240894794464
0.445302814245224
0.41188111901283264
0.1780640035867691
0.3618210256099701
0.5816487073898315
0.5264540314674377
0.3590356707572937
0.6688550710678101
0.7003695368766785
0.6198743581771851
0.6643581986427307
0.596198320388794
0.6104900240898132
0.46753057837486267
0.5179097056388855
0.45258304476737976
0.4778822362422943
0.5794907212257385
0.357782244682312
0.3315449357032776
0.515537679195404
0.5079761147499084
0.4096575975418091
0.23629866540431976
0.5365923047065735
0.6370890736579895
0.3968295753002167
0.29423514008522034
0.7214611768722534
0.6087160706520081
0.3021785318851471
0.5572043657302856
0.6260049939155579
0.7320181727409363
0.6697551012039185
0.7995084524154663
0.6326571702957153
0.6009259819984436
0.5812157988548279
0.5520029067993164
0.6555746793746948
0.4363161623477936
0.596041738986969
0.4727127254009247
0.3887917995452881
0.3689061999320984
0.33388689160346985
0.31531041860580444
0.14523012936115265
0.512087881565094
0.44386935234069824
0.2423316091299057
0.3780241012573242
0.5826627016067505
0.48092201352119446
0.3034726679325104
0.6769960522651672
0.8185443878173828
0.654538631439209
0.5112074017524719
0.8562752604484558
0.8512632250785828
0.6841217279434204
0.575734555721283
0.904064953327179
0.8954262137413025
0.6858552098274231
0.7262279391288757
0.9107248783111572
0.9150643944740295
0.7822385430335999
0.7565887570381165
0.8376871347427368
0.5949270725250244
0.6372612118721008
0.6519582867622375
0.5432401299476624
0.6775480508804321
0.5510039329528809
0.6177211403846741
0.5102885365486145
0.713554322719574
0.506697416305542
0.6307778358459473
0.7210122346878052
0.8174325823783875
0.7691336870193481
0.6319572925567627
0.7992954254150391
0.7481099963188171
0.534057080745697
0.5998808741569519
0.8717553019523621
0.7572879791259766
0.5875058174133301
0.7686464786529541
0.9016010761260986
0.8571158647537231
0.5388150215148926
0.6351701617240906
0.6513237357139587
