0.5787649154663086
0.5020745992660522
0.439064621925354
0.3642464578151703
0.6018111109733582
0.6049720048904419
0.40302610397338867
0.7301384806632996
0.7767059206962585
0.7437459230422974
0.8243889212608337
0.7779653668403625
0.7476859092712402
0.5727038383483887
0.4431261718273163
0.33515724539756775
0.4198608696460724
0.6818092465400696
0.6162091493606567
0.572265088558197
0.5190512537956238
0.7258203625679016
0.8379442095756531
0.763635516166687
0.7512834668159485
0.6305108666419983
0.44823768734931946
0.511087954044342
0.381979376077652
0.41173505783081055
0.4442199468612671
0.5362314581871033
0.45083126425743103
0.46469423174858093
0.42249202728271484
0.299898236989975
0.35002651810646057
0.3931978940963745
0.2973026931285858
0.22043722867965698
0.29720523953437805
0.24445877969264984
0.25250375270843506
0.2063712775707245
0.312945157289505
0.22316543757915497
0.43528953194618225
0.38633856177330017
0.2748481333255768
0.30307120084762573
0.5562926530838013
0.40187689661979675
0.31073665618896484
0.5130322575569153
0.6292403936386108
0.4437315762042999
0.43915170431137085
0.6603071093559265
