0.3952218294143677
0.565129280090332
0.34550192952156067
0.628225564956665
0.7204984426498413
0.7443224787712097
0.8496544361114502
0.8561708927154541
0.9002437591552734
0.9514840245246887
0.9194734692573547
0.8550751805305481
0.9139488339424133
0.8529055118560791
0.9159201383590698
0.8267115354537964
0.8669432997703552
0.7836094498634338
0.9204975962638855
0.8111185431480408
0.8696447610855103
0.7987580895423889
0.11140090972185135
0.41682958602905273
0.9218817949295044
0.44355472922325134
0.04795088991522789
0.765728235244751
0.8324521780014038
0.09881559014320374
0.1153421550989151
0.5869544148445129
0.24471712112426758
0.422506183385849
0.3782697916030884
0.12151593714952469
0.20654967427253723
0.041517473757267
0.13521654903888702
0.056672777980566025
0.09195499867200851
0.588304340839386
0.8719950914382935
0.6052714586257935
0.3264743387699127
0.5366830825805664
0.40825051069259644
0.2568582594394684
0.21405552327632904
0.26574185490608215
0.18543075025081635
0.1755809634923935
0.02963969111442566
0.05534445494413376
0.050114020705223083
0.030589142814278603
0.022117571905255318
0.0691089928150177
0.04410773143172264
0.04714460298418999
0.14011190831661224
0.08319337666034698
0.1521155834197998
0.034126389771699905
0.10366763919591904
0.08240865170955658
0.17079277336597443
0.4045650064945221
0.780231773853302
0.15804678201675415
0.4657202363014221
0.8057022094726562
0.5609771609306335
0.10539285838603973
0.630855917930603
0.6477327346801758
0.19035647809505463
0.21352116763591766
0.197915181517601
0.1662842333316803
0.07561641186475754
0.37873750925064087
0.7555708289146423
0.5252564549446106
0.8178224563598633
0.5498887896537781
0.9126370549201965
0.788112223148346
0.37149229645729065
0.3909063935279846
0.849044680595398
0.6459094285964966
0.3654135763645172
0.6380428671836853
0.6713471412658691
0.5225668549537659
0.53658527135849
0.4983106851577759
0.5244991183280945
0.12923188507556915
0.24866870045661926
0.2760554552078247
0.22381994128227234
0.25205978751182556
0.17831626534461975
0.297189325094223
0.4825638234615326
0.5475658774375916
0.21743705868721008
0.1750384122133255
0.05777810886502266
0.07543572783470154
0.12085820734500885
0.12121391296386719
0.3604942560195923
0.8590512871742249
0.8868923187255859
0.9398981928825378
0.8984023332595825
0.5877506732940674
0.7469472885131836
0.9340049028396606
0.7424453496932983
0.6273024678230286
0.8504742980003357
0.8311833143234253
0.5369811654090881
0.7805655598640442
0.823320746421814
0.890192985534668
0.5915204882621765
0.7592250108718872
0.7773453593254089
0.9042484760284424
0.5529265403747559
0.6315567493438721
0.4885742962360382
0.5402533411979675
0.5295220613479614
0.8194604516029358
0.7556775212287903
0.8895602822303772
0.678618311882019
0.8270800709724426
0.6942457556724548
0.710232138633728
0.8941248655319214
0.9116037487983704
0.684922993183136
0.8139115571975708
0.6320595145225525
0.8486043214797974
0.48552778363227844
0.7477997541427612
0.6815560460090637
0.5971605777740479
0.5871132016181946
0.5264175534248352
0.5016717910766602
0.32217878103256226
0.25255492329597473
0.24068209528923035
0.09477537870407104
0.25014856457710266
0.0807584747672081
0.0358927957713604
0.05262969061732292
0.09472618252038956
0.07035969197750092
