0.4908349812030792
0.5292648673057556
0.4704657196998596
0.4286983907222748
0.45673906803131104
0.5332233905792236
0.48055320978164673
0.5015053153038025
0.602473258972168
0.4401334524154663
0.40839990973472595
0.34272128343582153
0.4445589482784271
0.3813895583152771
0.43773508071899414
0.5502679944038391
0.6142339706420898
0.41525381803512573
0.5608416199684143
0.5022770762443542
0.5602283477783203
0.6163279414176941
0.70186847448349
0.5682041049003601
0.4153919816017151
0.760122537612915
0.5492528676986694
0.42014268040657043
0.4016970098018646
0.4278418719768524
0.5067722201347351
0.6837418675422668
0.6126980185508728
0.4796712100505829
0.4122955799102783
0.7602288722991943
0.7409776449203491
0.6117253303527832
0.4700244963169098
0.8336921334266663
0.7848738431930542
0.770348072052002
0.7382001876831055
0.7310792207717896
0.6640523076057434
0.2198895812034607
0.17621925473213196
0.5686227679252625
0.5896059274673462
0.21860161423683167
0.6189516186714172
0.632860004901886
0.6151242256164551
0.43183889985084534
0.7549101114273071
0.6921890377998352
0.512981116771698
0.563892126083374
0.8095027804374695
0.6062570214271545
0.5868259072303772
0.4001428186893463
0.5296339988708496
0.6701849102973938
0.3416263461112976
0.48726189136505127
0.5948363542556763
0.7701767086982727
0.20751401782035828
0.4738937020301819
0.6465991139411926
0.4588441848754883
0.33956199884414673
0.48308345675468445
0.39472052454948425
0.30913907289505005
0.2038591504096985
0.4377809762954712
0.5121380686759949
0.5943357348442078
0.36699017882347107
0.4855356216430664
0.3771129250526428
0.5346466898918152
0.25694602727890015
0.5207620859146118
0.23807068169116974
0.3318599462509155
0.3210996091365814
0.3290631175041199
0.20542152225971222
0.2729398012161255
0.29509758949279785
0.28957700729370117
0.1580880582332611
0.27009060978889465
0.3077976107597351
0.35596606135368347
0.34699565172195435
0.3806711435317993
0.2637220323085785
0.2353227436542511
0.29529550671577454
0.3689691424369812
0.25687867403030396
0.5789569020271301
0.40946340560913086
0.23971761763095856
0.29847320914268494
0.500594973564148
0.3337577283382416
0.09670919179916382
0.5515784025192261
0.5575964450836182
0.25535082817077637
0.25687506794929504
0.6386058926582336
0.5686768293380737
0.4677676260471344
0.44453921914100647
0.7056558728218079
0.618996262550354
0.5441429615020752
0.5096314549446106
0.6113706827163696
0.5464459657669067
0.5926129221916199
0.7175126075744629
0.6360808610916138
0.605046272277832
0.7567561864852905
0.7657380104064941
0.7863416075706482
0.6525784730911255
0.7949628233909607
0.4609188437461853
0.7284730076789856
0.787685215473175
0.6781889200210571
0.4449237883090973
0.48351097106933594
0.5923877358436584
0.5167840123176575
0.5512970089912415
0.5527695417404175
0.37002500891685486
0.4004439413547516
0.4535452425479889
0.39858773350715637
0.50447016954422
0.4902341067790985
0.4628645181655884
0.4299373924732208
0.4080345332622528
0.42422518134117126
0.3462756872177124
0.3863225281238556
0.26441800594329834
0.485311895608902
0.4999931752681732
0.6792425513267517
0.7128485441207886
0.6298407912254333
0.7084473371505737
0.8137696981430054
0.6949003338813782
0.6975354552268982
0.7703539729118347
0.7530148029327393
0.5454393029212952
0.6624561548233032
0.7515168190002441
0.6596724987030029
0.5266377329826355
0.6234508156776428
0.5792546272277832
0.3941918611526489
0.6414530873298645
0.6261647343635559
0.5729758143424988
0.7514947056770325
0.8583254814147949
0.6337279677391052
0.780346155166626
0.8189488649368286
0.8180375695228577
0.6657642722129822
0.551611602306366
0.7220656275749207
0.8318939208984375
0.6697123646736145
0.5662517547607422
0.41907939314842224
