0.5681849718093872
0.6490308046340942
0.7673646807670593
0.7022668123245239
0.7790128588676453
0.5919432640075684
0.7881649732589722
0.5789034962654114
0.648226797580719
0.5320478677749634
0.7123027443885803
0.6967188715934753
0.677636444568634
0.6970446705818176
0.617601215839386
0.7600302696228027
0.6499696373939514
0.6356585621833801
0.7440298795700073
0.7396771311759949
0.6530483961105347
0.6690657138824463
0.745744526386261
0.32590457797050476
0.6802077889442444
0.7385503649711609
0.8118764162063599
0.5799219012260437
0.7692331671714783
0.27260488271713257
0.736164391040802
0.3899608552455902
0.7087300419807434
0.42567506432533264
0.47731584310531616
0.6462878584861755
0.7265821099281311
0.6593626141548157
0.6043004393577576
0.539905846118927
0.4639354348182678
0.5582500100135803
0.5327541828155518
0.43609026074409485
0.5728635191917419
0.38091206550598145
0.5570959448814392
0.41798272728919983
0.677830159664154
0.3142207860946655
0.42957624793052673
0.7197694182395935
0.3624556362628937
0.5950573086738586
0.6900742650032043
0.563434898853302
0.28035083413124084
0.6322194933891296
0.6755248308181763
0.6849101781845093
0.6698703169822693
0.6423384547233582
0.48112931847572327
0.5579930543899536
0.6839853525161743
0.8357986211776733
0.8301887512207031
0.6429615616798401
0.8081701397895813
0.8254539966583252
0.8314822316169739
0.7879878878593445
0.39568060636520386
0.7698478698730469
0.7605187296867371
0.4092121720314026
0.5714260339736938
0.6358409523963928
0.8064782619476318
0.8656037449836731
0.6393249034881592
0.7297583818435669
0.6827472448348999
0.8180006146430969
0.5548372864723206
0.8558834791183472
0.748096764087677
0.8290771245956421
0.6147897243499756
0.8835769295692444
0.9021549224853516
0.9490931630134583
0.9200255274772644
0.9653196334838867
0.9669957756996155
0.9609946012496948
0.9507279992103577
0.8942837119102478
0.9316202998161316
0.8559710383415222
0.7487912774085999
0.7234780788421631
0.6286839842796326
0.5399870872497559
0.6714365482330322
0.5055551528930664
0.602037250995636
0.5342007875442505
0.5180750489234924
0.37709784507751465
0.36847999691963196
0.7162855267524719
0.5257391333580017
0.5954052805900574
0.7094544172286987
0.42716777324676514
0.6731821894645691
0.7015824913978577
0.7626476883888245
0.7916545867919922
0.767625629901886
0.5610033273696899
0.6299196481704712
0.4846500754356384
0.5636234879493713
0.2418099045753479
0.5596996545791626
0.24988092482089996
0.6162355542182922
0.6964865922927856
