0.18015538156032562
0.49977874755859375
0.4981542229652405
0.6091946959495544
0.45263025164604187
0.6624191999435425
0.3722562789916992
0.43291282653808594
0.45255348086357117
0.6275222301483154
0.3455497622489929
0.23980654776096344
0.6290929913520813
0.5352620482444763
0.0926179513335228
0.2786919176578522
0.47886180877685547
0.3225281536579132
0.07271353155374527
0.21941012144088745
0.19174644351005554
0.1918002963066101
0.3933055102825165
0.4319203794002533
0.4510015845298767
0.3901861310005188
0.6869368553161621
0.6289239525794983
0.5799896717071533
0.7087650895118713
0.6312528252601624
0.6347388625144958
0.5740951895713806
0.6714612245559692
0.55793696641922
0.7553849220275879
0.7460992932319641
0.6393819451332092
0.25231701135635376
0.5536158680915833
0.5969332456588745
0.4560202658176422
0.3022528290748596
0.6395977735519409
0.7175031900405884
0.7875986695289612
0.4815386235713959
0.4193871021270752
0.6943222880363464
0.4090421795845032
0.3734607696533203
0.4078219532966614
0.5186131596565247
0.29808032512664795
0.5263685584068298
0.6813763976097107
0.3853277266025543
0.5380992889404297
0.3635540008544922
0.5591771602630615
0.36260154843330383
0.1863527148962021
0.4870266020298004
0.4639078378677368
0.39621374011039734
0.5910549163818359
0.6117164492607117
0.3217495381832123
0.42247381806373596
0.6427744030952454
0.5676096081733704
0.20459814369678497
0.4652031362056732
0.6192501187324524
0.40700477361679077
0.45981088280677795
0.4427184462547302
0.637032687664032
0.6369234323501587
0.6665003895759583
0.6413918137550354
0.7315225005149841
0.6914226412773132
0.6437354683876038
0.5344274044036865
0.31345099210739136
0.35354962944984436
0.3580274283885956
0.12953872978687286
0.2914840579032898
0.18578600883483887
0.29829221963882446
0.05054878443479538
0.10514630377292633
0.30588221549987793
0.19400754570960999
0.06176166608929634
0.3399145305156708
0.3190867602825165
0.13742606341838837
0.265713095664978
0.351392924785614
0.29245641827583313
0.19364215433597565
0.4608427584171295
0.3953801691532135
0.15794222056865692
0.4946024715900421
0.14334581792354584
0.44764041900634766
0.5221452713012695
0.24731741845607758
0.2205742448568344
0.5714728236198425
0.3752857744693756
0.2763630449771881
0.3191188871860504
0.435648649930954
0.3523346483707428
0.3845628798007965
0.2902508080005646
0.5532740354537964
0.4732169210910797
0.5449205040931702
0.6100705862045288
0.47993993759155273
0.6563590168952942
0.4548393487930298
0.6341122388839722
0.6817141771316528
0.6407714486122131
0.813792884349823
0.5421704649925232
0.7541240453720093
0.6948972344398499
0.4165566563606262
0.6702002286911011
0.6239333748817444
0.6891942620277405
0.7722509503364563
0.7320093512535095
0.7002657055854797
0.6499654650688171
0.7185776829719543
