0.4184795022010803
0.35344961285591125
0.37379544973373413
0.3222445547580719
0.0840194821357727
0.15667472779750824
0.07625076919794083
0.3712891638278961
0.34591007232666016
0.3402613401412964
0.10876764357089996
0.049763426184654236
0.04811667278409004
0.1613236963748932
0.35837095975875854
0.22395555675029755
0.24792756140232086
0.6522506475448608
0.48709768056869507
0.6430872082710266
0.83070307970047
0.5664919018745422
0.2640571594238281
0.24482713639736176
0.2645546495914459
0.1756964474916458
0.1168433278799057
0.14591990411281586
0.04084227234125137
0.022433022037148476
0.0419561006128788
0.018452750518918037
0.020895056426525116
0.03170512616634369
0.12412592023611069
0.03251319378614426
0.047025520354509354
0.06256739050149918
0.06318531930446625
0.12918299436569214
0.3631437420845032
0.2136649638414383
0.1720873862504959
0.20660527050495148
0.29516345262527466
0.14216914772987366
0.2913590967655182
0.09874837845563889
0.09341103583574295
0.18303465843200684
0.19243653118610382
0.19654710590839386
0.11195802688598633
0.3592008650302887
0.4027320444583893
0.4674067497253418
0.4178689420223236
0.7870650887489319
0.7202163934707642
0.430631548166275
0.8466820120811462
0.16601422429084778
0.5470789670944214
0.8270414471626282
0.46721819043159485
0.41911184787750244
0.671363890171051
0.11861782521009445
0.4948859214782715
0.3479331135749817
0.11665727198123932
0.08431228250265121
0.5269671678543091
0.3205074369907379
0.1068805605173111
0.22153955698013306
0.5704716444015503
0.5318599939346313
0.12031715363264084
0.10851848125457764
0.08839979767799377
0.22611112892627716
0.17264768481254578
0.41398540139198303
0.16367195546627045
0.2098631113767624
0.5082229375839233
0.5553426146507263
0.6215920448303223
0.47834962606430054
0.7120702862739563
0.4963954985141754
0.5757158994674683
0.6089070439338684
0.42067593336105347
0.2963450253009796
0.13932518661022186
0.4324478209018707
0.3462440073490143
0.11660589277744293
0.20713026821613312
0.28834226727485657
0.28799235820770264
0.16458168625831604
0.1949215680360794
0.32800212502479553
0.11091450601816177
0.45417362451553345
0.1640813797712326
0.32969215512275696
0.5958322286605835
0.6934846639633179
0.31224045157432556
0.6005171537399292
0.4057210087776184
0.49861040711402893
0.40030187368392944
0.2565658390522003
0.23737256228923798
0.3661319315433502
0.04311607405543327
0.1803901493549347
0.5599707961082458
0.15636156499385834
0.05172610282897949
0.26695379614830017
0.40821123123168945
0.10995689034461975
0.028977109119296074
0.02328278124332428
0.034027934074401855
0.029914995655417442
0.08117859810590744
0.09700057655572891
0.2792218029499054
0.38952216506004333
0.7006287574768066
0.3790360987186432
0.7174800634384155
0.5096668601036072
0.3941921293735504
0.7791625261306763
0.7183530926704407
0.42743897438049316
0.6360281109809875
0.39179110527038574
0.417231947183609
0.36531272530555725
0.4701390266418457
0.543684720993042
0.33395397663116455
0.5147793889045715
0.2904055416584015
0.2610606849193573
0.375349223613739
0.6469649076461792
0.3244563043117523
0.6699044108390808
0.39815282821655273
0.09455553442239761
0.038556940853595734
0.0175398550927639
0.005020579788833857
0.04430020600557327
0.027488332241773605
0.11438670754432678
0.039257705211639404
0.23169957101345062
0.17326276004314423
0.17465180158615112
0.02202785387635231
0.09933203458786011
0.041936542838811874
0.1283833384513855
0.15326879918575287
0.1123359203338623
0.6452181339263916
0.20631229877471924
0.38791942596435547
0.39564892649650574
0.4780256450176239
0.1775638312101364
0.38842901587486267
0.36487022042274475
0.12642809748649597
0.26791349053382874
0.09052268415689468
0.16057224571704865
0.09492150694131851
0.17714335024356842
0.21790800988674164
0.23402319848537445
0.22247226536273956
0.20114539563655853
0.16623060405254364
0.24024303257465363
0.3954963982105255
0.07147402316331863
0.09632127732038498
0.06396035104990005
0.04617442935705185
0.06323681026697159
0.10621225833892822
0.27944764494895935
0.35011473298072815
0.06842023134231567
0.14757651090621948
0.15431493520736694
0.0717955157160759
0.25204330682754517
0.09622207283973694
0.38172563910484314
