0.5957795977592468
0.741716742515564
0.5824320912361145
0.6603649258613586
0.501017689704895
0.6365813612937927
0.4612659513950348
0.4196132719516754
0.5137353539466858
0.7265933752059937
0.670072078704834
0.712904691696167
0.8970929384231567
0.5504767894744873
0.5822260975837708
0.36964765191078186
0.5633743405342102
0.5314505696296692
0.5463431477546692
0.4591394066810608
0.377152681350708
0.4052042067050934
0.15743106603622437
0.3523794412612915
0.7204572558403015
0.19061166048049927
0.7179735898971558
0.470369815826416
0.6770961284637451
0.6714015603065491
0.7613614201545715
0.8215659856796265
0.8803309202194214
0.8674103021621704
0.5562731027603149
0.1771787405014038
0.2517676055431366
0.24655432999134064
0.33643627166748047
0.4503028690814972
0.6376627683639526
0.36552587151527405
0.2678249478340149
0.34518250823020935
0.14685013890266418
0.2788442373275757
0.3697679340839386
0.2797921895980835
0.16251783072948456
0.2584083378314972
0.17217056453227997
0.17723135650157928
0.2768390476703644
0.18018639087677002
0.3713414967060089
0.2831866443157196
0.1461295634508133
0.22066885232925415
0.35022684931755066
0.14056465029716492
0.14444921910762787
0.36540865898132324
0.6836135387420654
0.31215089559555054
0.8015721440315247
0.32228371500968933
0.39287760853767395
0.09939030557870865
0.14412429928779602
0.2707231938838959
0.6693793535232544
0.28392529487609863
0.8764066100120544
0.5990415215492249
0.5976307392120361
0.6452236771583557
0.6881070137023926
0.6507188677787781
0.5225775837898254
0.44941282272338867
0.5516724586486816
0.2493678480386734
0.3933751881122589
0.16923971474170685
0.22263506054878235
0.1533174067735672
0.49500730633735657
0.7491137385368347
0.17652666568756104
0.5083735585212708
0.2699708044528961
0.09198084473609924
0.06075892969965935
0.033682700246572495
0.1489466428756714
0.1510174423456192
0.056252334266901016
0.06817062944173813
0.2567359507083893
0.10527584701776505
0.0779162272810936
0.25588956475257874
0.12279893457889557
0.03843533247709274
0.06895343214273453
0.06608513742685318
0.05249227583408356
0.0791466012597084
0.019683293998241425
0.017946790903806686
0.02960166335105896
0.03748280555009842
0.020392227917909622
0.06660407036542892
0.06273237615823746
0.030645105987787247
0.037831950932741165
0.26381295919418335
0.04050343483686447
0.08004172146320343
0.22778800129890442
0.522438108921051
0.10544251650571823
0.2399090975522995
0.35586637258529663
0.45920297503471375
0.40352967381477356
0.13929514586925507
0.09485489875078201
0.20242437720298767
0.4119863510131836
0.4079371392726898
0.20242668688297272
0.24310441315174103
0.18422256410121918
0.289724737405777
0.2178618609905243
0.03716443479061127
0.14956791698932648
0.09839905053377151
0.1145511046051979
0.5303284525871277
0.3367249071598053
0.11551064997911453
0.29442083835601807
0.05580736696720123
0.09928055852651596
0.0761946588754654
0.257428914308548
0.27285391092300415
0.1368708610534668
0.23330844938755035
0.49345460534095764
0.1007806807756424
0.2727639973163605
0.39154139161109924
0.17756423354148865
0.3031499981880188
0.34522250294685364
0.4026516377925873
0.4149414598941803
0.4706572890281677
0.7135857939720154
0.86887127161026
0.7547764778137207
0.6669493913650513
0.7411878108978271
0.8403868675231934
0.6823403835296631
0.5179226994514465
0.7106391191482544
0.44203981757164
0.36109447479248047
0.40034767985343933
0.569614052772522
0.700005829334259
0.5408831834793091
0.5123887658119202
0.5489022135734558
0.3724571168422699
0.33402708172798157
0.16267074644565582
0.1909567266702652
0.2013695389032364
0.20068316161632538
0.057277169078588486
0.04799903556704521
0.358039528131485
0.18360501527786255
0.028904259204864502
0.03199389576911926
0.13529255986213684
0.053580064326524734
0.02826397679746151
0.09764066338539124
0.1700647622346878
0.03627275303006172
0.05750139057636261
0.10282943397760391
0.1091851145029068
0.5288660526275635
0.32694312930107117
0.15848977863788605
0.2517207860946655
0.538501501083374
0.42088496685028076
0.5467255115509033
0.5435369610786438
0.8766455054283142
0.6826879978179932
0.3512773811817169
0.3325006663799286
0.8144331574440002
0.368190735578537
0.25931042432785034
0.4103534519672394
0.5242222547531128
0.44802507758140564
0.2938980460166931
0.46409860253334045
0.31744787096977234
0.2647556960582733
0.12539851665496826
0.2658100128173828
0.17704147100448608
0.20540079474449158
0.09032026678323746
0.08136893063783646
0.042262304574251175
0.04041777551174164
0.04318799450993538
0.12836717069149017
0.0385509729385376
0.05397585406899452
0.03682626038789749
0.07621930539608002
0.11183451116085052
0.06620711833238602
0.23176224529743195
0.1680522859096527
0.5523016452789307
0.4168475270271301
0.2010606825351715
0.29753586649894714
0.3364916443824768
0.3387187123298645
0.1734704226255417
0.2075653076171875
0.10950058698654175
0.25309473276138306
0.10630019009113312
0.039817314594984055
0.10513822734355927
0.11680179089307785
0.06959691643714905
0.07312373071908951
0.04612383246421814
0.03632674738764763
0.048915743827819824
0.04324552044272423
0.031396329402923584
0.029003500938415527
0.052463579922914505
0.1371236890554428
