0.12223020941019058
0.14099068939685822
0.1688203364610672
0.18640941381454468
0.11425592005252838
0.1366024762392044
0.10949376225471497
0.18004514276981354
0.11398942023515701
0.10052373260259628
0.06309560686349869
0.07244446128606796
0.05652819946408272
0.056660789996385574
0.027894163504242897
0.07066018134355545
0.0667252466082573
0.03648950532078743
0.09468399733304977
0.06341252475976944
0.05840378999710083
0.033791933208703995
0.03871374949812889
0.07066147029399872
0.05257224291563034
0.05838858336210251
0.043902404606342316
0.12406256794929504
0.0985027477145195
0.05764942243695259
0.04114346206188202
0.08223965018987656
0.05718376860022545
0.06422596424818039
0.03507646918296814
0.061489589512348175
0.04688370227813721
0.021405627951025963
0.04809323325753212
0.07237078249454498
0.07003657519817352
0.018012139946222305
0.037277702242136
0.08489646762609482
0.04683465138077736
0.062359511852264404
0.16520091891288757
0.07793495804071426
0.08755363523960114
0.18780364096164703
0.22728154063224792
0.12154597789049149
0.2274620532989502
0.6446519494056702
0.22385314106941223
0.3471871614456177
0.3797403573989868
0.25606489181518555
0.1582348644733429
0.23815059661865234
0.17836959660053253
0.2553790807723999
0.3123593032360077
0.32167890667915344
0.1503671258687973
0.2650170624256134
0.23242728412151337
0.17598505318164825
0.10538460314273834
0.2528352439403534
0.3086683452129364
0.0762566477060318
0.09370459616184235
0.3601989448070526
0.1900545209646225
0.10458320379257202
0.09146628528833389
0.04809417203068733
0.07308277487754822
0.07903298735618591
0.04380105808377266
0.03359313681721687
0.06559750437736511
0.060194287449121475
0.04764372855424881
0.10656213760375977
0.20575596392154694
0.11457423120737076
0.1016632467508316
0.24023771286010742
0.7956003546714783
0.4763280153274536
0.0981767550110817
0.26600393652915955
0.7283501029014587
0.19526264071464539
0.08454521000385284
0.34903204441070557
0.6709311604499817
0.10501474887132645
0.2524614632129669
0.704799473285675
0.48950159549713135
0.21352453529834747
0.3054245114326477
0.8638162612915039
0.41730886697769165
0.492660790681839
0.4825417697429657
0.4050101041793823
0.5101894736289978
0.5603305697441101
0.30623745918273926
0.25985056161880493
0.1747651845216751
0.26389095187187195
0.24285200238227844
0.23080797493457794
0.09807489067316055
0.2432059943675995
0.1789112091064453
0.17381033301353455
0.1947145313024521
0.17217054963111877
0.06239099055528641
0.08445538580417633
0.1503366082906723
0.13191159069538116
0.10349331796169281
0.1562924087047577
0.2288571000099182
0.31551438570022583
0.4090961515903473
0.4320649802684784
0.4597597122192383
0.6726130247116089
0.6538907885551453
0.29825741052627563
0.41283172369003296
0.8315728306770325
0.6761972308158875
0.21267199516296387
0.2502150535583496
0.8366369009017944
0.26722559332847595
0.2003491371870041
0.8825114369392395
0.7927769422531128
0.1907970905303955
0.40772533416748047
0.7939755320549011
0.510543167591095
0.5040181279182434
0.29721179604530334
0.12734933197498322
0.1489320695400238
0.35819029808044434
0.27253907918930054
0.14377816021442413
0.2300289273262024
0.5088691115379333
0.18395237624645233
0.20785658061504364
0.20938381552696228
0.2215927094221115
0.2299271672964096
0.10375326126813889
0.252576619386673
0.217088520526886
0.3402468264102936
0.1797213852405548
0.42390182614326477
0.513798713684082
0.609491765499115
0.7776880860328674
0.7768775820732117
0.9255346655845642
0.8811134696006775
0.524935245513916
0.4691217243671417
0.8706360459327698
0.8028718829154968
0.19519340991973877
0.6400018334388733
0.8063028454780579
0.46938058733940125
0.40947791934013367
0.783774733543396
0.7343295216560364
0.301800936460495
0.4713573455810547
0.7296286225318909
0.8262715935707092
0.5502539873123169
0.5698763132095337
0.40382397174835205
0.31545624136924744
0.20143280923366547
0.1961483359336853
0.2343064397573471
0.22203023731708527
0.17245891690254211
0.2562168836593628
0.13309913873672485
0.16983266174793243
0.2683548033237457
0.14662101864814758
0.20798006653785706
0.20821502804756165
0.17818599939346313
0.10542420297861099
0.18102990090847015
0.28598156571388245
0.19885234534740448
0.18534035980701447
0.22899463772773743
0.2014274299144745
0.48858848214149475
0.4177703261375427
0.6571741104125977
0.7642782330513
0.8774006366729736
0.8674283623695374
0.4859807789325714
0.359038770198822
0.8105414509773254
0.8329579830169678
0.21424934267997742
0.2326257824897766
0.781288743019104
0.5161387324333191
0.3181285858154297
0.3651842176914215
0.702711820602417
0.3607390522956848
0.3296683430671692
0.7565539479255676
0.477542519569397
0.7793552875518799
0.4641837477684021
0.2808443009853363
0.6753232479095459
0.2978646457195282
0.14944608509540558
0.38453343510627747
0.46727392077445984
0.31355881690979004
0.384716659784317
0.28886035084724426
0.293824166059494
0.27815788984298706
0.3349664807319641
0.3416788578033447
0.24877506494522095
0.3252089023590088
0.5529734492301941
0.3432885408401489
0.16943740844726562
0.5288428664207458
0.48911046981811523
0.1606941521167755
0.5213229656219482
0.7809812426567078
0.38260284066200256
0.6705133318901062
0.6309841275215149
0.7146061062812805
0.7699411511421204
0.382071316242218
0.3862774670124054
0.7365366816520691
0.5579894185066223
0.0954345241189003
0.5789089202880859
0.7302362322807312
0.2857547104358673
0.40918534994125366
0.6752600073814392
0.5492346882820129
0.357721209526062
0.49815866351127625
0.6673202514648438
0.5983906388282776
0.618952751159668
0.4939734637737274
0.3748702108860016
0.323717325925827
0.2620791494846344
0.2016744464635849
0.19166462123394012
0.35828039050102234
0.23616841435432434
0.39892372488975525
0.31035029888153076
0.27096304297447205
0.5024434924125671
0.5948050022125244
0.30179256200790405
0.2683803141117096
0.617206871509552
0.44460269808769226
0.31841611862182617
0.31616002321243286
0.553633987903595
0.35785478353500366
0.24375756084918976
0.4054112434387207
0.5145518779754639
0.3913205564022064
0.357474684715271
0.5394687652587891
0.44946396350860596
0.39723095297813416
0.603509247303009
0.5937517881393433
0.4930340051651001
0.7311823964118958
0.5606102347373962
0.3773229122161865
0.5070253014564514
0.7128106951713562
0.4124802052974701
0.36292269825935364
0.6845795512199402
0.41491878032684326
0.3258902430534363
0.4209491014480591
0.5002621412277222
0.26461201906204224
0.35032689571380615
0.2891417443752289
0.38992103934288025
0.2917002737522125
0.2801627218723297
0.2198285609483719
