0.017173776403069496
0.021176552399992943
0.014665309339761734
0.011775103397667408
0.0068425931967794895
0.009385545738041401
0.013277963735163212
0.01500938180834055
0.01781606301665306
0.021843673661351204
0.022961700335144997
0.026245322078466415
0.019576990976929665
0.1496337503194809
0.12165423482656479
0.08417964726686478
0.049756426364183426
0.1629151850938797
0.10819762945175171
0.07238641381263733
0.054370298981666565
0.07124088704586029
0.10174357146024704
0.04763614013791084
0.049288708716630936
0.10917423665523529
0.09266136586666107
0.08438138663768768
0.09123937040567398
0.05480974167585373
0.052504364401102066
0.09191259741783142
0.2238631248474121
0.07672355324029922
0.09461640566587448
0.10284009575843811
0.08001258224248886
0.059409916400909424
0.0956120491027832
0.31409603357315063
0.3357982933521271
0.13274016976356506
0.3670903444290161
0.30731672048568726
0.1591428816318512
0.12115873396396637
0.45248883962631226
0.5289416313171387
0.22916950285434723
0.049406468868255615
0.20650237798690796
0.09380152821540833
0.09197379648685455
0.1130228191614151
0.599666178226471
0.36001482605934143
0.09974545240402222
0.16324235498905182
0.281246155500412
0.2425435185432434
0.14463236927986145
0.5904527306556702
0.45109787583351135
0.21884135901927948
0.4846465289592743
0.637825608253479
0.2922426462173462
0.1311035454273224
0.5930532813072205
0.28066790103912354
0.2936924993991852
0.3732697367668152
0.16115255653858185
0.3622567355632782
0.6380088925361633
0.31952983140945435
0.38449931144714355
0.24848730862140656
0.37156087160110474
0.1773475706577301
0.24375076591968536
0.2528621256351471
0.07350879162549973
0.13231782615184784
0.3598461449146271
0.14523334801197052
0.08655497431755066
0.2250094711780548
0.2631191909313202
0.035261355340480804
0.13713128864765167
0.1122981458902359
0.12362676113843918
0.05158928036689758
0.2644566595554352
0.1391151249408722
0.2980883717536926
0.13155491650104523
0.11729750782251358
0.09461608529090881
0.23878662288188934
0.18950730562210083
0.2280431091785431
0.26887598633766174
0.23263894021511078
0.5534599423408508
0.7148970365524292
0.40777134895324707
0.22785571217536926
0.3157302737236023
0.3974522650241852
0.4868736267089844
0.5550364851951599
0.4581392705440521
0.5364134907722473
0.33470556139945984
0.5114725232124329
0.20666687190532684
0.4589129686355591
0.28010478615760803
0.2885342240333557
0.0836813747882843
0.3717036843299866
0.13596025109291077
0.11413196474313736
0.15471073985099792
0.23384614288806915
0.23713432252407074
0.1934686005115509
0.09222336858510971
0.10402107238769531
0.19270147383213043
0.20505376160144806
0.09415659308433533
0.08957240730524063
0.044598329812288284
0.03812260180711746
0.05355578660964966
0.04249247908592224
0.11674516648054123
0.07040289789438248
0.0773002952337265
0.048671651631593704
0.18844394385814667
0.02865353599190712
0.05952463671565056
0.03194579482078552
0.13421817123889923
0.021040502935647964
0.19370178878307343
0.10487599670886993
0.3600873649120331
0.23532457649707794
0.40982818603515625
0.4568185806274414
0.4073820114135742
0.24582616984844208
0.3423130512237549
0.320416659116745
0.22540685534477234
0.10773804783821106
0.05537346377968788
0.03830186650156975
0.006302148103713989
0.02876831777393818
0.020529579371213913
0.092683807015419
0.1977219432592392
0.39808061718940735
0.23361502587795258
0.1422910988330841
0.12583686411380768
0.038706500083208084
0.024287281557917595
0.035501107573509216
0.03545822203159332
0.05190173164010048
0.054038096219301224
0.07262521237134933
0.05549043044447899
0.032102055847644806
0.053354814648628235
0.06330987811088562
0.18470418453216553
0.06397296488285065
0.2744200527667999
0.2162850946187973
0.35875335335731506
0.3135499954223633
0.2556895911693573
0.4490620791912079
0.3163212239742279
0.4258068799972534
0.46262821555137634
0.24642494320869446
0.2610138952732086
0.4589543342590332
0.3025640547275543
0.1826011836528778
0.24793648719787598
0.31146854162216187
0.2357494831085205
0.16956239938735962
0.06918104737997055
0.0873345211148262
0.16089212894439697
0.11145961284637451
0.17844152450561523
0.22288526594638824
0.3937683403491974
0.27658411860466003
0.14994297921657562
0.07605671137571335
0.133829727768898
0.2017640620470047
0.2605654299259186
0.18289132416248322
0.05648854747414589
0.13821730017662048
0.039167750626802444
0.20263464748859406
0.04951672628521919
0.2749621272087097
0.2579892575740814
0.20333877205848694
0.20369717478752136
0.14892098307609558
0.08720675110816956
0.387450248003006
0.09081093221902847
0.046471089124679565
0.5769343376159668
0.32420095801353455
0.08911304920911789
0.17711172997951508
0.4108935296535492
0.16984446346759796
0.09962958842515945
0.29671403765678406
0.21608991920948029
0.29177990555763245
0.32502636313438416
0.19680114090442657
0.2762002646923065
0.3856731355190277
0.28871235251426697
0.3361809253692627
0.34074127674102783
0.24403731524944305
0.16511936485767365
0.21452705562114716
0.22973068058490753
0.2661654055118561
0.24202251434326172
0.1345742791891098
0.25164955854415894
0.3980924189090729
0.3485272526741028
0.2975671589374542
0.3755255937576294
0.5577154159545898
0.5220468640327454
0.5375586152076721
0.3123491406440735
0.2311900407075882
0.3751005232334137
0.22842951118946075
0.5682253241539001
0.15170879662036896
0.19416888058185577
0.3182593584060669
0.6182323098182678
0.5556097030639648
0.373089075088501
0.27623146772384644
0.33958616852760315
0.12200511991977692
0.23969608545303345
0.06910242140293121
0.2840619385242462
0.24741441011428833
0.2461511790752411
0.291855126619339
0.12941376864910126
0.18590550124645233
0.2570248544216156
0.35505348443984985
0.5180625915527344
0.4072478711605072
0.37114468216896057
0.3351646959781647
0.3881150484085083
0.288756787776947
0.4511733651161194
0.252733439207077
0.4682486951351166
0.19176338613033295
0.19346532225608826
0.2457280457019806
0.201520174741745
0.13459767401218414
0.04057636857032776
0.11519259959459305
0.22203432023525238
0.31911948323249817
0.2643866240978241
0.1748390942811966
0.15081660449504852
0.19771598279476166
0.126551553606987
0.2971254885196686
0.2564559578895569
0.16016115248203278
0.4226132929325104
0.45827898383140564
0.4971047639846802
0.2814891040325165
0.18356749415397644
0.0742127075791359
0.03416509926319122
0.08895517140626907
0.0863453596830368
0.31339994072914124
0.17913229763507843
0.3060481548309326
0.28152036666870117
0.5299962162971497
0.3621671199798584
0.35556599497795105
0.25596028566360474
0.11389050632715225
0.1511542946100235
0.05384670943021774
0.29545947909355164
0.20445533096790314
0.19512803852558136
0.0994369238615036
0.16369764506816864
0.05974089354276657
0.1988433450460434
0.18437209725379944
0.1426926702260971
0.12683942914009094
0.08929752558469772
0.12706811726093292
0.10143189132213593
0.14753234386444092
0.16994354128837585
0.08630238473415375
0.09959926456212997
0.19511301815509796
0.25310781598091125
0.29979974031448364
0.12378501892089844
0.268543541431427
0.23669417202472687
0.16712628304958344
0.11593428254127502
0.26080480217933655
0.1382935494184494
0.09117770940065384
0.10595016926527023
0.150234192609787
0.14573222398757935
0.1408768594264984
