0.3812185525894165
0.38969725370407104
0.4742504358291626
0.29078662395477295
0.3031279742717743
0.15624797344207764
0.3030814230442047
0.23166809976100922
0.17928607761859894
0.09868256002664566
0.5456369519233704
0.2345447540283203
0.4995929002761841
0.5645522475242615
0.3286176323890686
0.4045785367488861
0.47683218121528625
0.21292901039123535
0.612264096736908
0.4994400441646576
0.7351714968681335
0.7658765912055969
0.43394672870635986
0.2899949252605438
0.6667817234992981
0.5867362022399902
0.8381904363632202
0.7249641418457031
0.26567643880844116
0.5497359037399292
0.17068292200565338
0.38963982462882996
0.20141585171222687
0.32254689931869507
0.5700525641441345
0.25613659620285034
0.31847909092903137
0.09835193306207657
0.2491346001625061
0.14155325293540955
0.13376832008361816
0.18177901208400726
0.04587893933057785
0.2911156713962555
0.1747962385416031
0.3290961682796478
0.0919332429766655
0.350699782371521
0.049260951578617096
0.2857661843299866
0.7166128158569336
0.19244663417339325
0.7008727192878723
0.7080737948417664
0.3201427757740021
0.1547609120607376
0.4170217514038086
0.4084804058074951
0.303438663482666
0.4901323914527893
0.29502788186073303
0.6146638989448547
0.2974061071872711
0.5673993825912476
0.456322580575943
0.4031831920146942
0.2946683466434479
0.64879310131073
0.3782627284526825
0.6325129866600037
0.325751394033432
0.5763091444969177
0.38420411944389343
0.14829672873020172
0.34745168685913086
0.6195014119148254
0.16942258179187775
0.5985644459724426
0.571656346321106
0.27140527963638306
0.4566400945186615
0.21747823059558868
0.22338110208511353
0.11063552647829056
0.1447550356388092
0.11280535161495209
0.3275822401046753
0.18384386599063873
0.06379879266023636
0.2584210932254791
0.4278823137283325
0.26600420475006104
0.16482952237129211
0.26129409670829773
0.10585493594408035
0.3054758608341217
0.13646499812602997
0.11330975592136383
0.1120927706360817
0.08125942200422287
0.0432954840362072
0.0500168614089489
0.09788983315229416
0.1095075011253357
0.1614229381084442
0.20873363316059113
0.12129354476928711
0.21331167221069336
0.12815891206264496
0.3291577398777008
0.1493135541677475
0.176238551735878
0.19022832810878754
0.567225992679596
0.3017694056034088
0.4579838216304779
0.3278045654296875
0.34126320481300354
0.345899373292923
0.3359711766242981
0.4207784831523895
0.47719424962997437
0.7947418093681335
0.7296546101570129
0.6557735204696655
0.7061671018600464
0.6448835134506226
0.5276644229888916
0.5031071305274963
0.5415163636207581
0.5562553405761719
0.5408294200897217
0.5827478170394897
0.45198026299476624
0.4316142797470093
0.24924932420253754
0.34976643323898315
0.161275252699852
0.41677653789520264
0.15056489408016205
0.17575746774673462
0.5806143879890442
0.3200550675392151
0.4015542268753052
0.21811151504516602
0.20285089313983917
0.3809419274330139
0.12360455095767975
0.3164493143558502
0.33843082189559937
