0.7015770077705383
0.6943771839141846
0.7402141690254211
0.6815983653068542
0.7836331129074097
0.6912223100662231
0.6620161533355713
0.7646473050117493
0.7739703059196472
0.7334297895431519
0.7555697560310364
0.7505396008491516
0.7991428971290588
0.8225600123405457
0.7724347710609436
0.8749089241027832
0.8336256146430969
0.8748779892921448
0.7572447657585144
0.9222024083137512
0.9437476396560669
0.690705418586731
0.9181441068649292
0.9437772035598755
0.8897638320922852
0.691902220249176
0.8887831568717957
0.9541594386100769
0.6727030873298645
0.7657292485237122
0.9068738222122192
0.9340788722038269
0.8623794913291931
0.906946063041687
0.9732353687286377
0.979304313659668
0.9037683606147766
0.9690817594528198
0.9823809862136841
0.8844190835952759
0.902531087398529
0.9179590344429016
0.873714804649353
0.8600761890411377
0.9015463590621948
0.7974758744239807
0.8467580676078796
0.951227605342865
0.9094985127449036
0.8109688758850098
0.9289500117301941
0.9511600136756897
0.897150993347168
0.8460964560508728
0.9506855010986328
0.8987979888916016
0.7700797319412231
0.8338766098022461
0.8738430142402649
0.6827557682991028
