0.11108102649450302
0.27026844024658203
0.1134178414940834
0.36344802379608154
0.20189599692821503
0.12972241640090942
0.2559615671634674
0.2481025904417038
0.13032317161560059
0.3372384309768677
0.4120652973651886
0.16794151067733765
0.2133474200963974
0.2269660085439682
0.22632570564746857
0.1810024380683899
0.1296306550502777
0.13065588474273682
0.28295010328292847
0.33167579770088196
0.2773481607437134
0.5510132312774658
0.6067466735839844
0.2717353403568268
0.26359716057777405
0.2751481235027313
0.287553995847702
0.23667041957378387
0.2617553174495697
0.5598919987678528
0.28162363171577454
0.5159748196601868
0.7248570322990417
0.7067662477493286
0.3596966862678528
0.798541247844696
0.8743451833724976
0.7546958327293396
0.5157083868980408
0.9395962953567505
0.9256195425987244
0.7163746953010559
0.7570055723190308
0.9288195371627808
0.8720079064369202
0.478207528591156
0.7699000239372253
0.8718639016151428
0.6030497550964355
0.3247694671154022
0.2072245329618454
0.2868737578392029
0.13551203906536102
0.2162439078092575
0.1606752723455429
0.08704046159982681
0.04715874791145325
0.09174708276987076
0.10851001739501953
0.010273609310388565
0.059131212532520294
0.0872718021273613
0.019292481243610382
0.02333463542163372
0.09394391626119614
0.33801284432411194
0.09564806520938873
0.08971956372261047
0.1886293739080429
0.5043385624885559
0.19517368078231812
0.17835278809070587
0.48055166006088257
0.3478440046310425
0.0585322268307209
0.042957473546266556
0.1768859177827835
0.17375226318836212
0.49534156918525696
0.5532034635543823
0.40476423501968384
0.5203893780708313
0.33852535486221313
0.5255019068717957
0.5956087708473206
0.6647103428840637
0.7994921803474426
0.6036247611045837
0.7300121188163757
0.5363714694976807
0.588003933429718
0.7570573687553406
0.6178095936775208
0.7378688454627991
0.8303161859512329
0.26490387320518494
0.45169612765312195
0.6798685193061829
0.704064130783081
0.11218485981225967
0.27716144919395447
0.72178053855896
0.30324462056159973
0.0786122977733612
0.4498225748538971
0.5684757828712463
0.12729990482330322
0.17049983143806458
0.5674093961715698
0.4268791675567627
0.40121740102767944
0.30455684661865234
0.14335457980632782
0.3755987882614136
0.29697179794311523
0.2585471272468567
0.3818508982658386
0.3577033579349518
0.5165666937828064
0.5058768391609192
0.08218977600336075
0.10426685959100723
0.47363805770874023
0.4223911166191101
0.05357608199119568
0.08150247484445572
0.5778098106384277
0.14778544008731842
0.11055415868759155
0.2279997169971466
0.5350746512413025
0.06217020004987717
0.3279126286506653
0.6517907381057739
0.14555120468139648
0.15713204443454742
0.08797498047351837
0.10679696500301361
0.29565611481666565
0.32210397720336914
0.08956626057624817
0.08129685372114182
0.11425753682851791
0.5301613807678223
0.030786076560616493
0.04346996173262596
0.4665703773498535
0.2614443004131317
0.05463643744587898
0.0516626238822937
0.5023090839385986
0.26868024468421936
0.16091252863407135
0.09141943603754044
0.5917235612869263
0.41392645239830017
0.18067868053913116
0.32142165303230286
0.31518203020095825
0.4682624638080597
0.2478107064962387
0.44113290309906006
0.587955892086029
0.668356716632843
0.633994996547699
0.5246928334236145
0.6042948961257935
0.857122004032135
0.7762168049812317
0.619710385799408
0.6023802161216736
0.7739903330802917
0.8261767029762268
0.26415741443634033
0.6468510031700134
0.7521952986717224
0.7852062582969666
0.28223127126693726
0.7766318917274475
0.9068573713302612
0.8161686062812805
0.7926586270332336
0.3195928633213043
0.6205659508705139
0.6346979141235352
0.20946624875068665
0.15428169071674347
0.3480324447154999
0.3367278575897217
0.17643868923187256
0.4784967005252838
0.6224499940872192
0.45679011940956116
0.41989630460739136
0.47449254989624023
0.5812614560127258
0.5002593994140625
0.5282447338104248
