0.8590882420539856
0.8002936244010925
0.41428205370903015
0.8599214553833008
0.9081788659095764
0.6889419555664062
0.5980282425880432
0.960552990436554
0.9308511018753052
0.8565753698348999
0.8069320321083069
0.9793285727500916
0.94886714220047
0.9683539271354675
0.9066500067710876
0.8705121278762817
0.738311767578125
0.6200327277183533
0.8379049301147461
0.8281062245368958
0.4718875288963318
0.6305280923843384
0.6051980257034302
0.6067830920219421
0.571215808391571
0.7490682005882263
0.5295302271842957
0.4612842798233032
0.5892468690872192
0.557384192943573
0.683853030204773
0.6863305568695068
0.6839199066162109
0.6577470898628235
0.5731551647186279
0.49176231026649475
0.6245983242988586
0.7512083649635315
0.7277310490608215
0.6792281866073608
0.8489364385604858
0.8858144283294678
0.8902477622032166
0.899506151676178
0.9412558078765869
0.9714497327804565
0.9649518132209778
0.9844107031822205
0.98027503490448
0.9734356999397278
0.9797703623771667
0.9859492182731628
0.9748631715774536
0.9741814136505127
0.9784945249557495
0.9828667044639587
0.9683436155319214
0.95427405834198
0.9421358108520508
0.9553145170211792
0.9334077835083008
0.8340604305267334
0.9019007086753845
0.9589862823486328
0.9721139073371887
0.8429649472236633
0.905106782913208
0.9592993855476379
0.9574677348136902
0.8344424366950989
0.9160553812980652
0.9565996527671814
0.9132813215255737
