0.39302393794059753
0.5433009266853333
0.6411258578300476
0.5960939526557922
0.6491411328315735
0.4844795763492584
0.47898218035697937
0.4617445766925812
0.4462699294090271
0.4475592076778412
0.3487999737262726
0.36096057295799255
0.40057745575904846
0.6136547327041626
0.37223020195961
0.18154115974903107
0.2800074815750122
0.14602787792682648
0.08716241270303726
0.04963892325758934
0.019365407526493073
0.031961917877197266
0.06701285392045975
0.03639604523777962
0.05503388121724129
0.09492526203393936
0.13189277052879333
0.1341802477836609
0.10610586404800415
0.041081078350543976
0.0800948515534401
0.11470385640859604
0.020240528509020805
0.06162923574447632
0.2224937081336975
0.10814310610294342
0.18147976696491241
0.3789377510547638
0.14219756424427032
0.259913831949234
0.1833413988351822
0.20763926208019257
0.33070212602615356
0.5952808856964111
0.6272478699684143
0.9232501983642578
0.7793999314308167
0.38999712467193604
0.26108160614967346
0.22337490320205688
0.020785773172974586
0.13102836906909943
0.24466572701931
0.07280111312866211
0.03819482401013374
0.08952109515666962
0.14928731322288513
0.09703382104635239
0.07599678635597229
0.10331383347511292
0.07572272419929504
0.10058851540088654
0.03495775908231735
0.08910766243934631
0.06026740372180939
0.12664128839969635
0.03682810813188553
0.18886110186576843
0.20923109352588654
0.5549938678741455
0.8240053057670593
0.8539372682571411
0.6662262678146362
0.35776180028915405
0.4115639328956604
0.6665042042732239
0.6418838500976562
0.6182159781455994
0.4443890154361725
0.5099471807479858
0.17133469879627228
0.20206011831760406
0.07808584719896317
0.142229825258255
0.26002639532089233
0.31084638833999634
0.4143289029598236
0.6960642337799072
0.7852959036827087
0.9361527562141418
0.8661811947822571
0.6330366730690002
0.9032366871833801
0.8772459030151367
0.5885167717933655
0.7674000263214111
0.5815263390541077
0.29930201172828674
0.49896684288978577
0.7219297885894775
0.46202102303504944
0.16098162531852722
0.6183065176010132
0.4096663296222687
0.3610129952430725
0.6347611546516418
0.566756546497345
0.4474891722202301
0.3736792206764221
0.35469070076942444
0.2779914438724518
0.1727830469608307
0.23418375849723816
0.2911737263202667
0.5035285353660583
0.35450899600982666
0.3893767297267914
0.20469768345355988
0.2120015025138855
0.20854420959949493
0.3021349012851715
0.1120830550789833
0.17023050785064697
0.2315591722726822
0.2860366106033325
0.18050910532474518
0.07646749168634415
0.0866464152932167
0.03773922473192215
0.06474481523036957
0.2327289879322052
0.5932208299636841
0.2426765263080597
0.5639858245849609
0.9036224484443665
0.6871318817138672
0.7972519397735596
0.8292295336723328
0.8353384137153625
0.8131214380264282
0.4273293912410736
0.48910894989967346
0.42751121520996094
0.5453519225120544
0.17870858311653137
0.4266733229160309
0.6688540577888489
0.16302353143692017
0.39247193932533264
0.7437238097190857
0.4537576138973236
0.15727849304676056
0.7711967825889587
0.810546875
0.3260613977909088
0.4616592228412628
0.845508873462677
0.8371405005455017
0.6128473281860352
0.22968530654907227
0.2874642014503479
0.35462096333503723
0.0967615395784378
0.08503924310207367
0.1331116110086441
0.25295257568359375
0.25414249300956726
0.5816802978515625
0.4937046468257904
0.7537593245506287
0.7137575149536133
0.774643063545227
0.8349701762199402
0.5954790115356445
0.7044099569320679
0.8924808502197266
0.7989234924316406
0.8147932291030884
0.8513224720954895
0.8580440282821655
0.773358941078186
0.8644492626190186
0.7286821007728577
0.7499237060546875
0.5117000937461853
0.7199051976203918
0.6033555269241333
0.4993881583213806
0.6607131958007812
0.4622606337070465
0.42719995975494385
0.5443989038467407
0.801903247833252
0.5847718715667725
0.6831919550895691
0.5338582992553711
0.3353443145751953
0.4931412935256958
0.18556658923625946
0.6197241544723511
0.419559508562088
0.6991715431213379
0.7563231587409973
0.7391208410263062
0.6478965878486633
0.6547860503196716
0.6519726514816284
0.4141457974910736
0.5597096085548401
0.4097336530685425
0.7029992341995239
0.5359682440757751
0.47309839725494385
0.6118981838226318
0.6264097690582275
