0.03528401628136635
0.02095569670200348
0.03464828431606293
0.023013582453131676
0.057300738990306854
0.05031281337141991
0.2046443521976471
0.2562645375728607
0.7752000689506531
0.8477715849876404
0.8287127614021301
0.826068103313446
0.9324313402175903
0.8333571553230286
0.8724493384361267
0.8581373691558838
0.8592430949211121
0.7669858932495117
0.8327146768569946
0.8174174427986145
0.7210685610771179
0.7305986881256104
0.6488389372825623
0.5848094820976257
0.7440662980079651
0.7865338325500488
0.8456524610519409
0.8185790181159973
0.7933559417724609
0.8730560541152954
0.8560466766357422
0.9478954672813416
0.9334118366241455
0.9198468327522278
0.9418056607246399
0.9637144207954407
0.9129188656806946
0.7000839114189148
0.6904247403144836
0.39637038111686707
0.6097642183303833
0.24633009731769562
0.724334180355072
0.7142471671104431
0.31888827681541443
0.14371168613433838
0.5302537083625793
0.18704771995544434
0.069085992872715
0.10418154299259186
0.1307940036058426
0.04346310719847679
0.05001014098525047
0.047003909945487976
0.1808290183544159
0.10097980499267578
0.0697019174695015
0.22000904381275177
0.05841837450861931
0.03743822127580643
0.030922869220376015
0.03253624960780144
0.026283670216798782
0.06255290657281876
0.05978766456246376
0.05206528678536415
0.2545795440673828
0.1418529897928238
0.11738560348749161
0.019071189686655998
0.07527511566877365
0.20754952728748322
0.27150264382362366
0.038099128752946854
0.05924367159605026
0.08077321946620941
0.10830912739038467
0.3775341212749481
0.18093779683113098
0.16330665349960327
0.47409385442733765
0.21877217292785645
0.12732794880867004
0.10365927219390869
0.19747336208820343
0.3057131767272949
0.44900935888290405
0.16616354882717133
0.1042189970612526
0.131466343998909
0.15705597400665283
0.14822635054588318
0.1274469643831253
0.14694863557815552
0.458667129278183
0.634824812412262
0.868228554725647
0.5939541459083557
0.7884244322776794
0.33271148800849915
0.6511422991752625
0.5877227187156677
0.46254274249076843
0.4343028664588928
0.1534639149904251
0.15442998707294464
0.3399416506290436
0.3449954390525818
0.35155799984931946
0.46671241521835327
0.20127645134925842
0.3637830317020416
0.13698242604732513
0.20169590413570404
0.11165760457515717
0.2293272763490677
0.24371235072612762
0.11492405831813812
0.11328033357858658
0.3477034270763397
0.18822064995765686
0.09615897387266159
0.11196568608283997
0.12195699661970139
0.20777525007724762
0.16077780723571777
0.37621772289276123
0.25088930130004883
0.11880429834127426
0.5870905518531799
0.5183632373809814
0.7596922516822815
0.592121422290802
0.28278422355651855
0.3193594515323639
0.6708880662918091
0.45618683099746704
0.5133286714553833
0.689053475856781
0.6237125396728516
0.8400819897651672
0.8361624479293823
0.8989940285682678
0.8352264165878296
0.9034265875816345
0.8964093327522278
0.942437469959259
0.9253369569778442
0.9453423619270325
0.9041582942008972
0.8952276706695557
0.8333945870399475
0.8444585204124451
0.8233705163002014
0.4694078266620636
0.43337300419807434
0.15229788422584534
0.11359190940856934
0.035267554223537445
0.037983816117048264
0.04196071997284889
0.018862862139940262
0.030310863628983498
0.010305692441761494
0.08829249441623688
0.04425134137272835
0.14193029701709747
0.08390019088983536
0.04627561196684837
0.13320918381214142
0.06521593779325485
0.07261601835489273
0.2798468768596649
0.21143193542957306
0.09513760358095169
0.24799023568630219
0.6519614458084106
0.48352596163749695
0.6077958941459656
0.5846322178840637
0.2239990234375
0.4098173975944519
0.37351471185684204
0.6415855884552002
0.8540366888046265
0.7582070231437683
0.8341829776763916
0.599990725517273
0.5078364610671997
0.16193537414073944
0.4935561418533325
0.20516307651996613
0.1805020421743393
0.07374361902475357
0.07585413753986359
0.06682213395833969
0.03626908361911774
0.030303174629807472
0.03614602982997894
0.05539483577013016
0.0587933324277401
0.06906970590353012
0.0628388524055481
0.042287543416023254
0.05335482582449913
0.022781314328312874
0.012250653468072414
0.013856650330126286
0.03771703317761421
0.023394597694277763
0.14031393826007843
0.013970117084681988
0.09350921958684921
0.04103708639740944
0.27134042978286743
0.1317746490240097
0.3373425304889679
0.3725801110267639
0.41667330265045166
0.09489618986845016
0.17174117267131805
0.2165893316268921
0.4833820164203644
0.4479365348815918
0.19104544818401337
0.28915154933929443
0.04602332413196564
0.06897595524787903
0.07858836650848389
0.1279240846633911
0.017162609845399857
0.034872181713581085
0.09063035249710083
0.14018209278583527
0.016403891146183014
0.04291437193751335
0.021382339298725128
0.036716923117637634
0.038733579218387604
0.20392543077468872
0.2751030921936035
0.23887263238430023
0.5142038464546204
0.837449312210083
0.5933366417884827
0.831147313117981
0.9183619022369385
0.9724557995796204
0.9231188297271729
0.8900049924850464
0.9243963956832886
0.6131488084793091
0.8297613859176636
0.6492551565170288
0.84710294008255
0.45680466294288635
0.5233197212219238
0.4204283356666565
0.5453731417655945
0.7237040996551514
0.6834426522254944
0.8311077356338501
0.5070224404335022
0.7236610054969788
0.8615676760673523
0.6366625428199768
0.8759878277778625
0.4847348630428314
0.62911057472229
0.8288282155990601
0.6066588759422302
0.26744168996810913
0.3833329975605011
0.40911656618118286
0.06224905699491501
0.20043498277664185
0.0395672507584095
0.13506045937538147
0.02190312184393406
0.048747021704912186
0.04168255627155304
0.03074650652706623
0.015251790173351765
0.05596071481704712
0.012271696701645851
0.03867914527654648
0.04568956047296524
0.10482755303382874
0.07573000341653824
0.12370787560939789
0.05242273211479187
0.10453809797763824
0.1687089204788208
0.18827445805072784
0.049673352390527725
0.044589847326278687
0.19540567696094513
0.09994377940893173
0.23067517578601837
0.02997458353638649
0.1493314951658249
0.07132474333047867
0.1540435403585434
0.04460488632321358
0.04386914521455765
0.0385427363216877
0.24161873757839203
0.15066786110401154
