0.19079630076885223
0.1240691989660263
0.014688770286738873
0.03613414242863655
0.0101849976927042
0.017099345102906227
0.03336774557828903
0.1533367931842804
0.22965089976787567
0.28284528851509094
0.5821449160575867
0.20566196739673615
0.10813797265291214
0.055799201130867004
0.020420001819729805
0.0231966320425272
0.04359211400151253
0.11910072714090347
0.055968333035707474
0.22068972885608673
0.2898251712322235
0.2943583130836487
0.4274863600730896
0.28758224844932556
0.26264965534210205
0.6915663480758667
0.6829068660736084
0.7342524528503418
0.7785680890083313
0.35756152868270874
0.7599113583564758
0.892020046710968
0.7438376545906067
0.4598774313926697
0.9028710126876831
0.8964489102363586
0.6718100905418396
0.19199268519878387
0.890625536441803
0.7460246086120605
0.29749882221221924
0.18470962345600128
0.639080822467804
0.5264236927032471
0.12180709838867188
0.18797597289085388
0.28191983699798584
0.28582528233528137
0.22451022267341614
0.151906818151474
0.11633793264627457
0.20005422830581665
0.43407467007637024
0.381923109292984
0.11532288044691086
0.07382887601852417
0.17349155247211456
0.029132157564163208
0.032786931842565536
0.00257347640581429
0.01747656986117363
0.010753855109214783
0.09047789126634598
0.022038346156477928
0.10384128242731094
0.21874530613422394
0.7154683470726013
0.8620824813842773
0.9221428036689758
0.29687586426734924
0.29449135065078735
0.9529512524604797
0.6214761734008789
0.08719977736473083
0.4504077136516571
0.8515875339508057
0.6549534797668457
0.07110709697008133
0.7901144027709961
0.8757209777832031
0.561600923538208
0.15712065994739532
0.8976938724517822
0.8654778599739075
0.4685935378074646
0.6909418702125549
0.3371897339820862
0.19856008887290955
0.07785504311323166
0.018522663041949272
0.024554556235671043
0.003053836990147829
0.02293848991394043
0.022170109674334526
0.014415863901376724
0.02056584320962429
0.017251046374440193
0.011096497066318989
0.004615361336618662
0.052791036665439606
0.015020133927464485
0.017000647261738777
0.20829994976520538
0.26606929302215576
0.12207814306020737
0.02525729313492775
0.029818832874298096
0.012151976116001606
0.0602501779794693
0.11888633668422699
0.005647208075970411
0.032177120447158813
0.008524017408490181
0.020177019760012627
0.04992411285638809
0.2185802161693573
0.23126141726970673
0.901790201663971
0.8305048942565918
0.4347338080406189
0.43990597128868103
0.08669962733983994
0.13714680075645447
0.14793817698955536
0.042426567524671555
0.11997859925031662
0.06810896843671799
0.16145609319210052
0.13332174718379974
0.18849094212055206
0.2164151519536972
0.27746132016181946
0.09786533564329147
0.21536757051944733
0.08655116707086563
0.19381798803806305
0.1868969053030014
0.25991538166999817
0.5915887951850891
0.22826619446277618
0.09985861927270889
0.4185608923435211
0.44539228081703186
0.27549290657043457
0.5179718136787415
0.31422582268714905
0.4831483066082001
0.44173017144203186
0.11245032399892807
0.050123464316129684
0.2567228674888611
0.30537834763526917
0.06578686088323593
0.17326748371124268
0.23481178283691406
0.1247505322098732
0.06764167547225952
0.018094681203365326
0.032174963504076004
0.019609887152910233
0.01157731655985117
0.02191401831805706
0.00975730549544096
0.00933984573930502
0.16400909423828125
0.035423602908849716
0.12242620438337326
0.14934135973453522
0.24315081536769867
0.29128214716911316
0.23228780925273895
0.2959725260734558
0.13862363994121552
0.07509579509496689
0.20436398684978485
0.21187986433506012
0.0605694055557251
0.09423663467168808
0.03577800467610359
0.05268964543938637
0.040486931800842285
0.06995873898267746
0.06632629781961441
0.012688055634498596
0.11340973526239395
0.047262825071811676
0.2020265758037567
0.28912869095802307
0.10496287792921066
0.06720414757728577
0.00876300036907196
0.16031920909881592
0.042663414031267166
0.0068216705694794655
0.02631133422255516
0.22262971103191376
0.035145945847034454
0.012124263681471348
0.10818561911582947
0.14124929904937744
0.07782343775033951
0.13610942661762238
0.2110416293144226
0.19451802968978882
0.22458763420581818
0.1732754409313202
0.14587180316448212
0.2911151349544525
0.3994992673397064
0.4721611440181732
0.8529741764068604
0.5892131328582764
0.30778875946998596
0.7116885781288147
0.6620133519172668
0.3037542402744293
0.805465042591095
0.5343015789985657
0.7224446535110474
0.8524085879325867
0.748077392578125
0.7916746139526367
0.760019838809967
0.8019281029701233
0.6363407969474792
0.6322672963142395
0.6865490078926086
0.5148229002952576
0.44852346181869507
0.5118004083633423
