0.056113217025995255
0.353031724691391
0.21026794612407684
0.6627523899078369
0.4831991195678711
0.16525182127952576
0.5709086060523987
0.7386980056762695
0.3723398447036743
0.16321171820163727
0.652790367603302
0.3132030665874481
0.5252659916877747
0.34297752380371094
0.6112921237945557
0.7713152170181274
0.3955136835575104
0.22734053432941437
0.34432634711265564
0.1256120502948761
0.30274125933647156
0.0472601093351841
0.10645485669374466
0.07682431489229202
0.03975294902920723
0.18129964172840118
0.21218521893024445
0.1074306070804596
0.19470220804214478
0.20719610154628754
0.1318875551223755
0.2861214280128479
0.06618577986955643
0.16577528417110443
0.06358766555786133
0.1849624365568161
0.08802257478237152
0.12787026166915894
0.3494485318660736
0.1363614946603775
0.2769455313682556
0.1937251091003418
0.3156736195087433
0.1926337033510208
0.2027009278535843
0.3057419955730438
0.6090589165687561
0.6392351984977722
0.63078773021698
0.7470329403877258
0.7493851780891418
0.5123074650764465
0.7039421200752258
0.4739508628845215
0.39789247512817383
0.2610032558441162
0.284267783164978
0.3690309524536133
0.4961017966270447
0.301730215549469
0.1427880972623825
0.337973028421402
0.328205406665802
0.5127256512641907
0.6253526210784912
0.6621667146682739
0.7011749148368835
0.7358632683753967
0.7904651165008545
0.6536067128181458
0.5463249683380127
0.6188023090362549
0.5758193731307983
0.7464398145675659
0.8721922039985657
0.735762357711792
0.8163226842880249
0.5990073680877686
0.5423930287361145
0.5438057780265808
0.6439449191093445
0.3174249231815338
0.7990351915359497
0.5960740447044373
0.28858718276023865
0.6328051686286926
0.12766893208026886
0.1459411084651947
0.07466163486242294
0.11067689210176468
0.13681329786777496
0.2380882352590561
0.4550923705101013
0.18465490639209747
0.14670144021511078
0.32567253708839417
0.2251424789428711
0.15984250605106354
0.16603799164295197
0.39862412214279175
0.21418248116970062
0.35598745942115784
0.3729211091995239
0.44983208179473877
0.48588982224464417
0.4075026512145996
0.7761954665184021
0.7072757482528687
0.4204801917076111
0.7026712894439697
0.7814237475395203
0.7185805439949036
0.671111524105072
0.832038402557373
0.8311765789985657
0.7191378474235535
0.6804893612861633
0.7070351243019104
0.5963037610054016
0.3373962938785553
0.1383398473262787
0.4045213460922241
0.09531300514936447
0.03120180033147335
0.05419709160923958
0.09024305641651154
0.23994173109531403
0.2285669893026352
0.4812997281551361
0.34324443340301514
0.18273288011550903
0.530489444732666
0.6144227385520935
0.6269035339355469
0.3700745403766632
0.6257429122924805
0.5992040634155273
0.46334579586982727
0.13494527339935303
0.049527641385793686
0.01832769438624382
0.22162555158138275
0.10744167864322662
0.042549557983875275
0.04906611517071724
0.18075421452522278
0.2610867917537689
0.0639156624674797
0.20513267815113068
0.10003390163183212
0.11991675943136215
0.13373883068561554
0.06687206029891968
0.054339803755283356
0.05128740519285202
0.11077828705310822
0.21472224593162537
0.2154259830713272
0.2909661531448364
0.3118605613708496
0.2507691979408264
0.3604806363582611
0.2957893908023834
0.14528526365756989
0.1294001191854477
0.08487585932016373
0.06342154741287231
0.055169280618429184
0.03235850855708122
0.07446955144405365
0.30556419491767883
0.34887221455574036
0.4930424094200134
0.5150683522224426
0.29865822196006775
0.22350481152534485
0.31676578521728516
0.2888496220111847
0.3798501193523407
0.2968824505805969
0.20253609120845795
0.25464025139808655
0.05841665714979172
0.09662432223558426
0.08613777160644531
0.0989638939499855
0.11516540497541428
0.12179379910230637
0.29966604709625244
0.26550450921058655
0.09903299808502197
0.08306664973497391
0.02710227482020855
0.03369424119591713
0.028257424011826515
0.05956392362713814
0.07525628060102463
0.056508734822273254
0.08168425410985947
0.10483944416046143
0.19449809193611145
0.1501666009426117
0.2692585289478302
0.2505107522010803
0.21448571979999542
0.3622766137123108
0.23199887573719025
0.18973983824253082
0.11760298162698746
0.1621602326631546
0.14212648570537567
0.0657864436507225
0.04146595299243927
0.17627869546413422
0.23504376411437988
0.25844478607177734
0.03855252265930176
0.15574271976947784
0.1114383265376091
0.33184105157852173
0.22807103395462036
0.43416309356689453
0.532339870929718
0.6346146464347839
0.508448600769043
0.2163267880678177
0.3354514539241791
0.11655014008283615
0.09404683113098145
0.346222847700119
0.16169920563697815
0.09178684651851654
0.145538792014122
0.2875462472438812
0.12541353702545166
0.12103206664323807
0.47673311829566956
0.34486618638038635
0.1325819194316864
0.23904858529567719
0.3905314803123474
0.5027058720588684
0.2602732479572296
0.35747793316841125
0.6125063300132751
0.6192967295646667
0.4617932140827179
0.4555581510066986
0.516491174697876
0.5597281455993652
0.5639069080352783
0.48171675205230713
0.3543854057788849
0.5512779355049133
0.5430585741996765
0.5690720677375793
0.7302032709121704
0.6497192978858948
0.6714562177658081
0.45778265595436096
0.5295853018760681
0.6111384630203247
0.6062540411949158
0.6107117533683777
0.5337842106819153
0.5273244380950928
0.4425618350505829
0.4476606547832489
0.5968260765075684
0.5325688123703003
0.5530521869659424
0.4153715670108795
0.28057315945625305
0.1806574910879135
0.06303464621305466
0.022673670202493668
0.04927074536681175
0.07360102981328964
0.033329326659440994
0.15894006192684174
0.1058175340294838
0.19966772198677063
0.1791250854730606
0.1583251953125
0.18666914105415344
0.22518761456012726
0.06443636864423752
0.1520375907421112
0.08028057962656021
0.08941330015659332
0.09193365275859833
0.12673397362232208
0.2039162665605545
0.22361084818840027
0.3220827281475067
0.2456132024526596
0.4457022249698639
0.4014345109462738
0.5761755108833313
0.6886528134346008
0.7293403148651123
0.8615736365318298
0.611106276512146
0.6239607930183411
0.7375031113624573
0.6663506627082825
0.5901954770088196
0.4866902530193329
0.5160204172134399
0.512597918510437
0.6714691519737244
0.4699871242046356
0.397439181804657
0.29096803069114685
0.42803558707237244
0.37555232644081116
0.14026395976543427
0.37251996994018555
0.40904501080513
0.24624674022197723
0.10212356597185135
0.20393678545951843
0.25467008352279663
0.07526127249002457
0.25025326013565063
0.23276281356811523
0.17759092152118683
0.23544497787952423
0.27883362770080566
0.10788210481405258
0.16970206797122955
0.18549954891204834
0.08993957191705704
0.07539568096399307
0.05861959233880043
0.06401743739843369
0.11233483254909515
0.11112254112958908
0.2128414660692215
0.13003429770469666
0.12398743629455566
0.07583953440189362
0.10485772043466568
0.1721927970647812
0.118064284324646
0.10746817290782928
0.12724901735782623
0.24999645352363586
0.36808741092681885
0.08891494572162628
0.3054327070713043
0.3578936755657196
0.42086246609687805
0.41245827078819275
0.39080166816711426
0.22743092477321625
0.13630300760269165
0.07523249834775925
0.08439135551452637
0.04243972525000572
0.10175493359565735
0.0871521607041359
0.11636364459991455
0.10639582574367523
0.08141078799962997
0.048659127205610275
0.10631474107503891
0.14692693948745728
0.07967523485422134
0.1020328626036644
0.11093761771917343
0.08787700533866882
0.04619767144322395
0.05323544517159462
0.05561120808124542
0.08209049701690674
