0.2657931447029114
0.383034348487854
0.4402487576007843
0.427328884601593
0.48168399930000305
0.49154558777809143
0.25709763169288635
0.5951476097106934
0.5609561800956726
0.5694560408592224
0.4789317548274994
0.5962607264518738
0.6120696067810059
0.654480516910553
0.6700547337532043
0.683966338634491
0.6910899877548218
0.4749416708946228
0.5960440039634705
0.283583402633667
0.30488309264183044
0.09691596031188965
0.20380084216594696
0.21396459639072418
0.24190397560596466
0.18165871500968933
0.2854274809360504
0.2852516174316406
0.4471978545188904
0.21895025670528412
0.529735803604126
0.6669729351997375
0.3290695250034332
0.5993303060531616
0.3731952905654907
0.6349256634712219
0.29255610704421997
0.4803253710269928
0.48004764318466187
0.4379512369632721
0.3621191680431366
0.4669681787490845
0.4386325180530548
0.5161246657371521
0.3251688480377197
0.2840028703212738
0.32636508345603943
0.6026280522346497
0.3949405252933502
0.48020491003990173
0.3134150207042694
0.1373303234577179
0.293582022190094
0.29803267121315
0.24300439655780792
0.18598531186580658
0.43977847695350647
0.42234787344932556
0.5359216928482056
0.5761361122131348
0.6080001592636108
0.669654905796051
0.23890940845012665
0.4637489318847656
0.2606048882007599
0.45840707421302795
0.1310662478208542
0.2862771451473236
0.25444257259368896
0.18861334025859833
0.11337608844041824
0.19934915006160736
0.20402616262435913
0.26632067561149597
0.18051572144031525
0.31636109948158264
0.2305140495300293
0.4297131597995758
0.3420822024345398
0.5871198773384094
0.20009377598762512
0.4717685878276825
0.24354678392410278
0.36399781703948975
0.1429084986448288
0.4431699812412262
0.22730115056037903
0.6530894041061401
0.4810344874858856
0.5056062936782837
0.6395390629768372
0.6130133271217346
0.600281834602356
0.6770495772361755
0.6189461946487427
0.3890579640865326
0.6706798076629639
0.14643611013889313
0.4853440523147583
0.1249457448720932
0.17635105550289154
0.25250688195228577
0.21246281266212463
0.1718229055404663
0.3286728262901306
0.2977050244808197
0.16564089059829712
0.07176292687654495
0.24498118460178375
0.17454864084720612
0.29722860455513
0.4832715094089508
0.4122624397277832
0.6031442284584045
0.47666114568710327
0.5097255110740662
0.47113731503486633
0.6451805830001831
0.2967926859855652
0.33088022470474243
0.33223849534988403
0.3206404745578766
0.23401175439357758
0.2336117923259735
0.21345894038677216
0.27545636892318726
0.2766721546649933
0.43784967064857483
0.3072758913040161
0.4551011621952057
0.433597594499588
0.04361880198121071
0.2031172215938568
0.04563514143228531
0.21708495914936066
0.07102230936288834
0.28315746784210205
0.10916931927204132
0.36866894364356995
0.22844065725803375
0.23217341303825378
0.06254720687866211
0.09521649032831192
0.26608309149742126
0.19783584773540497
0.3162931203842163
0.15696163475513458
0.17941232025623322
0.15880745649337769
0.19068938493728638
0.3214385509490967
0.2522990107536316
0.22718742489814758
0.34803760051727295
0.45929983258247375
0.18795333802700043
0.3299987316131592
0.22902549803256989
0.333200067281723
0.29916658997535706
0.3987194299697876
0.5547028183937073
0.13105715811252594
0.3895205557346344
0.1043454185128212
0.3207891881465912
0.11892734467983246
0.2574099600315094
0.3308742344379425
0.25074663758277893
0.2331068068742752
0.45018255710601807
0.4047752916812897
0.6135321259498596
0.5011578798294067
0.49276623129844666
0.4598633944988251
0.4826217293739319
0.4837457835674286
0.6377390027046204
0.2200910896062851
0.28752604126930237
0.03546219319105148
0.14466829597949982
0.01557027455419302
0.10966753959655762
0.06847481429576874
0.3729366660118103
0.16460159420967102
0.43263933062553406
0.3947146236896515
0.43418633937835693
0.2657507658004761
0.2772558331489563
0.19053389132022858
0.10799495130777359
0.27049076557159424
0.15656137466430664
0.4870982766151428
0.19914551079273224
0.4934084117412567
0.1817975640296936
0.4969307482242584
0.18899162113666534
0.41726982593536377
0.4585203528404236
0.41566577553749084
0.47542259097099304
