0.8150308132171631
0.8996584415435791
0.8030452728271484
0.848296046257019
0.8539050817489624
0.5905135869979858
0.732322633266449
0.8792474865913391
0.8940010070800781
0.7122790217399597
0.27414676547050476
0.8367822766304016
0.8327992558479309
0.46077120304107666
0.3212891221046448
0.7325523495674133
0.808918833732605
0.6665966510772705
0.5529559850692749
0.6452495455741882
0.32021138072013855
0.3533433973789215
0.16289132833480835
0.3452202379703522
0.47873273491859436
0.1588333547115326
0.17230291664600372
0.5664896368980408
0.6669750213623047
0.5471022129058838
0.6990469694137573
0.6134955286979675
0.7402509450912476
0.43674856424331665
0.768166720867157
0.8321167826652527
0.24593575298786163
0.4410947263240814
0.8254531025886536
0.7810612320899963
0.45147937536239624
0.743505597114563
0.9255614876747131
0.5926357507705688
0.6859460473060608
0.8912356495857239
0.9303229451179504
0.690857470035553
0.8106619119644165
0.5135589838027954
0.7055346369743347
0.5663941502571106
0.6008782982826233
0.45538684725761414
0.41917553544044495
0.3881634473800659
0.32377323508262634
0.2751108705997467
0.26692670583724976
0.5354358553886414
0.6530469059944153
0.8150925636291504
0.8581757545471191
