0.697437584400177
0.7866227030754089
0.7598490715026855
0.819876492023468
0.8739355802536011
0.7780174612998962
0.7377488017082214
0.6771109700202942
0.7176851034164429
0.6133340001106262
0.7354386448860168
0.8558837175369263
0.7295798659324646
0.6756371855735779
0.700819730758667
0.7716746926307678
0.6824751496315002
0.7351635694503784
0.7488110065460205
0.5911338329315186
0.5768996477127075
0.6627942323684692
0.7052135467529297
0.45237770676612854
0.38559824228286743
0.3909783661365509
0.33774539828300476
0.20159247517585754
0.23170331120491028
0.177508145570755
0.29299813508987427
0.35518765449523926
0.390524297952652
0.3905737102031708
0.4903676211833954
0.46229177713394165
0.43097686767578125
0.5857141613960266
0.6459577083587646
0.6276229023933411
0.6806707978248596
0.7616828083992004
0.7648683190345764
0.7489528059959412
0.7419660687446594
0.7629030346870422
0.7804281115531921
0.7278151512145996
0.8075091242790222
0.6935703754425049
0.7146361470222473
