0.5318050980567932
0.5535054206848145
0.5473783016204834
0.5132073760032654
0.6529490351676941
0.7575648427009583
0.8755900859832764
0.8660542368888855
0.7145224213600159
0.9218542575836182
0.8890523910522461
0.797133207321167
0.8139510750770569
0.35222136974334717
0.6296887397766113
0.6292760968208313
0.5979446172714233
0.5734329223632812
0.7228510975837708
0.5637009739875793
0.6877817511558533
0.7348061203956604
0.47364962100982666
0.6416569352149963
0.5704744458198547
0.7858918309211731
0.8357222080230713
0.5050157308578491
0.5728771090507507
0.8949601054191589
0.8483917117118835
0.5017427802085876
0.8647993206977844
0.952708899974823
0.9484713077545166
0.6415703296661377
0.9532725214958191
0.935226559638977
0.8144210577011108
0.8393717408180237
0.9653246402740479
0.9248895645141602
0.7776148319244385
0.8371074199676514
0.6707221865653992
0.886791467666626
0.7292060256004333
0.6015851497650146
0.5475402474403381
0.6885380744934082
0.9122755527496338
0.7604073882102966
0.7328315377235413
0.7801843881607056
0.8739083409309387
0.8941710591316223
0.896724283695221
0.781138002872467
0.8372090458869934
0.8420825600624084
0.7761566042900085
0.7742746472358704
0.4663243293762207
0.7409184575080872
0.6659640073776245
0.4636560082435608
0.3903353214263916
0.7256692051887512
0.5348525047302246
0.5162386298179626
0.6772382259368896
0.693341076374054
0.506213903427124
0.6546032428741455
0.6399150490760803
0.7109202742576599
0.6068991422653198
0.8596314787864685
0.5868949890136719
0.8564326763153076
0.7834078669548035
0.37669363617897034
0.4740065634250641
0.7372252345085144
0.6329649090766907
0.3875639736652374
0.4854053854942322
0.5860602259635925
0.6830050945281982
0.8160320520401001
0.7069882750511169
0.6344998478889465
0.5946813225746155
0.579694390296936
