0.6032550930976868
0.6456099152565002
0.5727868676185608
0.6365434527397156
0.624347448348999
0.7402336001396179
0.6187285780906677
0.2638665437698364
0.41841188073158264
0.6978553533554077
0.47073376178741455
0.2119246870279312
0.4566298723220825
0.41396135091781616
0.3347797989845276
0.2980254292488098
0.342885822057724
0.2742769122123718
0.17783798277378082
0.39829614758491516
0.1011170744895935
0.44858571887016296
0.21966582536697388
0.3934466242790222
0.23788690567016602
0.39283105731010437
0.451078325510025
0.44054582715034485
0.6722699999809265
0.547170102596283
0.5053438544273376
0.4668464660644531
0.13695389032363892
0.335722953081131
0.23489806056022644
0.32137995958328247
0.5256971120834351
0.4614490568637848
0.20889465510845184
0.3328761160373688
0.4816555082798004
0.4248289465904236
0.3146835267543793
0.6427865624427795
0.7770593762397766
0.7713397145271301
0.826254665851593
0.8204299807548523
0.8040674328804016
0.2629048824310303
0.649164617061615
0.31999072432518005
0.5642581582069397
0.7342341542243958
0.7564275860786438
0.830030083656311
0.5665074586868286
0.7896260023117065
0.39782458543777466
0.5459918975830078
0.40222641825675964
0.25636038184165955
0.49374544620513916
0.2958798408508301
0.1330801248550415
0.27280282974243164
0.4020804464817047
0.5098268985748291
0.27812883257865906
0.4978601038455963
0.14723433554172516
0.39639008045196533
0.141559436917305
0.43938055634498596
0.25688719749450684
0.4551392197608948
0.5185757279396057
0.5985081195831299
0.8223696947097778
0.43835222721099854
0.43174612522125244
0.21766436100006104
0.56197589635849
0.7462767958641052
0.6618016362190247
0.8187469840049744
0.8691350221633911
0.5375548005104065
0.718940258026123
0.8791525959968567
0.6151118874549866
0.44651317596435547
0.9002379179000854
0.8470943570137024
0.2579832971096039
0.5769752860069275
0.879431962966919
0.7557950615882874
0.5453934073448181
0.7779018878936768
0.5057762265205383
0.633901834487915
0.14234156906604767
0.5263195037841797
0.19239051640033722
0.36526331305503845
0.3402092456817627
0.5520456433296204
0.36591100692749023
0.3459825813770294
0.4101763963699341
0.5393338799476624
0.4416666030883789
0.617158830165863
0.729906439781189
0.5810826420783997
0.7645883560180664
0.400131493806839
0.6079859137535095
0.5029560327529907
0.7441864013671875
