0.6289597153663635
0.7373455166816711
0.7808143496513367
0.6570395827293396
0.6972484588623047
0.530486524105072
0.6680161356925964
0.5604097843170166
0.4209268391132355
0.5038549304008484
0.477877140045166
0.2679002583026886
0.13666878640651703
0.27016451954841614
0.34563276171684265
0.06127244234085083
0.04791774973273277
0.46616873145103455
0.22788384556770325
0.05612659454345703
0.17232468724250793
0.42572346329689026
0.3192763328552246
0.1279674470424652
0.2833862900733948
0.6142220497131348
0.5254569053649902
0.35431334376335144
0.7445117235183716
0.4356807768344879
0.5592501759529114
0.17055781185626984
0.3353189527988434
0.10143733024597168
0.3681088387966156
0.24899809062480927
0.3836214542388916
0.41220736503601074
0.3413556218147278
0.5707787871360779
0.8024197816848755
0.6094183921813965
0.5195384621620178
0.3430541157722473
0.420666366815567
0.5736299753189087
0.24443013966083527
0.6062605977058411
0.6626787781715393
0.5121088624000549
0.46991389989852905
0.5059759020805359
0.5145442485809326
0.5892056226730347
0.23186008632183075
0.14844964444637299
0.39490893483161926
0.11271331459283829
0.28767451643943787
0.03758076950907707
0.15909600257873535
0.10072006285190582
0.19405239820480347
0.5298253893852234
0.568556010723114
0.21279866993427277
0.24771782755851746
0.39072567224502563
0.057261984795331955
0.22775901854038239
0.05044921860098839
0.15741249918937683
0.08556199073791504
0.14605337381362915
0.23912681639194489
0.31232786178588867
0.20253124833106995
0.1299194097518921
0.43050387501716614
0.2307775616645813
0.24276286363601685
0.4789000153541565
0.48049497604370117
0.4945695698261261
0.6312806606292725
0.9151075482368469
0.7905895709991455
0.5481746196746826
0.6835952401161194
0.18066515028476715
0.398959755897522
0.2816234529018402
0.5038818717002869
0.35983598232269287
0.46276840567588806
0.3694281280040741
0.7178897261619568
0.5206044316291809
0.5790934562683105
0.6897591352462769
0.799955427646637
0.9298076629638672
0.5839889645576477
0.3544422686100006
0.7834346890449524
0.7185938358306885
0.07668015360832214
0.19322241842746735
0.43240511417388916
0.2140548974275589
0.04860291630029678
0.19621986150741577
0.29940977692604065
0.09210636466741562
0.06080847233533859
0.14697858691215515
0.16050449013710022
0.1955689787864685
0.09420321136713028
0.21435494720935822
0.2166254073381424
0.4283338189125061
0.2668248116970062
0.4874592423439026
0.6445552110671997
0.4461946487426758
0.35580477118492126
0.1292097270488739
0.2522636950016022
0.11458329111337662
0.10565922409296036
0.2601959705352783
0.44757959246635437
0.4702865779399872
0.598537266254425
0.7460679411888123
0.5322193503379822
0.7195920944213867
0.7509462237358093
0.8580614328384399
0.8807692527770996
0.8171886205673218
0.8710966110229492
0.7529000639915466
0.5750439167022705
0.7669054269790649
0.6662808656692505
0.7641192674636841
0.5962613224983215
0.7808317542076111
0.1928132027387619
0.2675362825393677
0.18281219899654388
0.06980043649673462
0.23671279847621918
0.05269177258014679
0.25287216901779175
0.11172459274530411
0.34149354696273804
0.17517265677452087
0.31229156255722046
0.5501214861869812
0.31824609637260437
0.482073575258255
0.23409754037857056
0.28323113918304443
0.04781942442059517
0.12444763630628586
0.06095867231488228
0.12277664244174957
0.3503888249397278
0.23595190048217773
0.7472736239433289
0.860397458076477
0.48729923367500305
0.5243003964424133
0.8349281549453735
0.7424739003181458
0.4785219728946686
0.6685817837715149
0.6826236248016357
0.6190720796585083
