0.3378821611404419
0.49496540427207947
0.11571776866912842
0.17472799122333527
0.07122746109962463
0.032111089676618576
0.06178693100810051
0.34139353036880493
0.3187392055988312
0.266633540391922
0.314035564661026
0.5944502353668213
0.43495818972587585
0.18388572335243225
0.4598219692707062
0.6802797317504883
0.1314624696969986
0.6786683201789856
0.7815932035446167
0.6742407083511353
0.279876708984375
0.7660763263702393
0.8528150320053101
0.7686087489128113
0.6459726691246033
0.5384791493415833
0.5534778833389282
0.44021540880203247
0.5525195598602295
0.25624337792396545
0.2137758880853653
0.07150594145059586
0.22386571764945984
0.2508356273174286
0.6752120852470398
0.6849833130836487
0.21581365168094635
0.6078891754150391
0.3155216574668884
0.4747561514377594
0.1267891228199005
0.41246381402015686
0.5455015897750854
0.6612144112586975
0.5425307154655457
0.4885651171207428
0.4990159273147583
0.38519763946533203
0.6072828769683838
0.37590765953063965
0.5741450190544128
0.4620943069458008
0.6270802021026611
0.3765403926372528
0.3260347247123718
0.15285837650299072
0.2140807807445526
0.31285548210144043
0.17477937042713165
0.17187105119228363
0.22390325367450714
0.2943256199359894
0.15025635063648224
0.2624835968017578
0.4209820330142975
0.404200941324234
0.37470754981040955
0.3100349009037018
0.3962935209274292
0.323847234249115
0.16878359019756317
0.311752051115036
0.5019976496696472
0.39969173073768616
0.28163400292396545
0.1395312249660492
0.20032022893428802
0.5706289410591125
0.36537855863571167
0.10155677050352097
0.3459003269672394
0.6364427208900452
0.18542011082172394
0.23729364573955536
0.6888406276702881
0.705557644367218
0.68255215883255
0.5871207118034363
0.5565921068191528
0.2266075611114502
0.4958040416240692
0.38479912281036377
0.36076608300209045
0.39694398641586304
0.47244638204574585
0.36823925375938416
0.3882564604282379
0.40640872716903687
0.44103994965553284
0.44142240285873413
0.48803964257240295
0.24287348985671997
0.13756604492664337
0.22887253761291504
0.07172352075576782
0.19829700887203217
0.4944216012954712
0.8271043300628662
0.7616784572601318
0.2004668265581131
0.45699894428253174
0.7278767228126526
0.39733487367630005
0.24231553077697754
0.668964684009552
0.699937105178833
0.4884475767612457
0.419121116399765
0.7658180594444275
0.5362730026245117
0.4755710959434509
0.3726334869861603
0.4993037283420563
0.32944339513778687
0.4500826299190521
0.6519356369972229
0.5987733006477356
0.6638919711112976
0.5867686867713928
0.6643850207328796
0.25717541575431824
0.39396587014198303
0.3492015600204468
0.44028425216674805
0.7435768246650696
0.48468461632728577
0.8379111886024475
0.7412980794906616
0.8116167187690735
0.8504932522773743
0.8873913884162903
0.8021003007888794
0.36169955134391785
0.8576510548591614
0.897698700428009
0.3846804201602936
0.30611559748649597
0.8941656947135925
0.7404050827026367
0.28889092803001404
0.5401750206947327
0.7795476913452148
0.47475466132164
0.28328657150268555
0.6239860653877258
0.5411961674690247
0.43965044617652893
0.375832200050354
0.5301507115364075
0.35215049982070923
0.43371301889419556
0.4094496965408325
0.4846773147583008
0.7542298436164856
0.4914436936378479
0.43742242455482483
0.4200114607810974
0.6142600178718567
0.4061989188194275
0.516804039478302
0.5329388976097107
0.5191497206687927
0.5749724507331848
0.5127766132354736
0.6090747117996216
0.5857571363449097
0.7192373871803284
0.6087590456008911
0.6005820035934448
0.7654094696044922
0.7695494890213013
0.47838079929351807
0.7542398571968079
0.8321961760520935
0.8654515147209167
0.8325101137161255
0.5535596013069153
0.6555427312850952
0.5176115036010742
