0.23308618366718292
0.2691272497177124
0.352926641702652
0.34272757172584534
0.39502421021461487
0.2306728959083557
0.3957808315753937
0.21873587369918823
0.47801870107650757
0.27207091450691223
0.7833734750747681
0.4485606551170349
0.6626549959182739
0.6112334728240967
0.6365048885345459
0.6986170411109924
0.6151788830757141
0.4558170735836029
0.5320305228233337
0.50897616147995
0.13502918183803558
0.6295118927955627
0.580011785030365
0.2499290257692337
0.5141497254371643
0.2845929265022278
0.5119740962982178
0.31339824199676514
0.45030441880226135
0.45904260873794556
0.5441139340400696
0.43276286125183105
0.419474720954895
0.5961744785308838
0.44377821683883667
0.6697077751159668
0.2803550064563751
0.5038901567459106
0.371523380279541
0.12819914519786835
0.27061378955841064
0.28170567750930786
0.07030466943979263
0.1421133130788803
0.04367754980921745
0.16283248364925385
0.19376404583454132
0.13137286901474
0.27838200330734253
0.1128695011138916
0.33201533555984497
0.42126384377479553
0.21831823885440826
0.21336416900157928
0.3533577620983124
0.2880685329437256
0.12763819098472595
0.32818180322647095
0.24697010219097137
0.3148604929447174
0.49067026376724243
0.42011162638664246
0.642573893070221
0.6139623522758484
0.46668338775634766
0.6227061152458191
0.7673822641372681
0.5364490747451782
0.6172977685928345
0.41353121399879456
0.2777157723903656
0.5671342611312866
0.5907984972000122
0.2979869842529297
0.39578473567962646
0.5183119177818298
0.2705310881137848
0.3110460638999939
0.5685800909996033
0.5354993939399719
0.7119734883308411
0.6625344157218933
0.38898953795433044
0.4734826683998108
0.3594488501548767
0.22800663113594055
0.5708857178688049
0.18098004162311554
0.3722919523715973
0.27971866726875305
0.5106120109558105
0.6177060604095459
0.4325476884841919
0.37440258264541626
0.7226868271827698
0.854956328868866
0.6959803700447083
0.8608152866363525
0.52000492811203
0.8359573483467102
0.8149787187576294
0.8108106851577759
0.7488877177238464
0.7563519477844238
0.5759509205818176
0.5603978037834167
0.8760818839073181
0.764011800289154
0.857450008392334
0.6712719202041626
0.4369000494480133
0.3133722245693207
0.6761113405227661
0.4956966042518616
0.33345869183540344
0.5102205276489258
0.14224769175052643
0.10615475475788116
0.3212464153766632
0.24867643415927887
0.27297019958496094
0.525888979434967
0.2672367990016937
0.09570740163326263
0.11235463619232178
0.06431607156991959
0.1813582330942154
0.09941907972097397
0.2054806649684906
0.22281451523303986
0.413356751203537
0.19616743922233582
0.48479679226875305
0.44634929299354553
0.28009429574012756
0.3513336479663849
0.41073107719421387
0.42216038703918457
0.22844187915325165
0.2245941460132599
0.36819207668304443
0.3542354702949524
0.4226486384868622
0.5185419321060181
0.629547655582428
0.6964400410652161
0.7007184624671936
0.8009750247001648
0.8177934288978577
0.774954617023468
0.5082257390022278
0.45856815576553345
0.7703779339790344
0.5263087153434753
0.3741929829120636
0.21634632349014282
0.45328834652900696
0.5070735812187195
0.4172643721103668
0.400931715965271
0.35536688566207886
0.32283905148506165
0.1439555585384369
0.4238356649875641
0.3126271963119507
0.4549833834171295
0.27022209763526917
0.48330655694007874
0.3889862596988678
0.49167877435684204
0.452746719121933
0.6151602864265442
0.2754259407520294
0.5293282270431519
0.417276531457901
0.3778283894062042
0.6000115275382996
0.5883386731147766
0.5737752318382263
0.5966957211494446
0.4615049362182617
0.6758970618247986
0.545427680015564
0.6203624606132507
0.5586463809013367
0.33467361330986023
0.6992166638374329
0.654354453086853
0.276358425617218
0.45376792550086975
0.3135584890842438
0.4404253363609314
0.5292111039161682
0.2846132814884186
0.4434029161930084
0.36441147327423096
0.39077118039131165
0.20765647292137146
0.36439570784568787
0.23795519769191742
0.47354546189308167
0.461741179227829
0.38883155584335327
0.37970995903015137
0.35270363092422485
