0.7157523036003113
0.867519736289978
0.8541700839996338
0.8302338719367981
0.7484419345855713
0.9161872863769531
0.888830304145813
0.7526764273643494
0.6824176907539368
0.7720454335212708
0.817477822303772
0.551304042339325
0.412474662065506
0.5421626567840576
0.5711925029754639
0.6864781975746155
0.49869245290756226
0.6337077021598816
0.6930921077728271
0.8089802265167236
0.752078652381897
0.7795818448066711
0.8114798665046692
0.7580177783966064
0.7839372754096985
0.759333610534668
0.8175953030586243
0.7893788814544678
0.762224018573761
0.7815713882446289
0.8457291126251221
0.8429381847381592
0.7146537899971008
0.8443019390106201
0.7423069477081299
0.6700747609138489
0.8710169792175293
0.6550052165985107
0.738514244556427
0.7106776833534241
0.8377647995948792
0.7627794146537781
0.8106343150138855
0.5617340207099915
0.7680648565292358
0.796349823474884
0.7892426252365112
0.848472535610199
0.708617627620697
0.7120761871337891
0.7719009518623352
0.7678072452545166
0.8543165922164917
0.8059601187705994
0.8314158320426941
0.786708652973175
0.7292498350143433
0.8451392650604248
0.8083189129829407
0.6984344124794006
0.8348295092582703
0.7750682830810547
0.6863229274749756
0.8600723743438721
0.8335124850273132
0.7129532098770142
0.44742149114608765
0.7179940342903137
0.5323742032051086
0.7914829850196838
0.8400567173957825
0.8360929489135742
0.7774484157562256
0.7060702443122864
0.7378636598587036
0.6676852107048035
0.6826050877571106
