0.5240092873573303
0.552325963973999
0.654071033000946
0.5759105682373047
0.5809234380722046
0.5344336032867432
0.599273681640625
0.679010808467865
0.4112304747104645
0.7075323462486267
0.6044266223907471
0.35451704263687134
0.49490389227867126
0.5770106315612793
0.3710741698741913
0.4421793520450592
0.5254122614860535
0.5594913363456726
0.3308069109916687
0.24572382867336273
0.2749760150909424
0.3766840100288391
0.17069245874881744
0.15238793194293976
0.15022319555282593
0.15218649804592133
0.23267121613025665
0.207040935754776
0.2864033877849579
0.17273765802383423
0.46326181292533875
0.4768039286136627
0.6274746060371399
0.6897515058517456
0.3323742747306824
0.41056108474731445
0.38350167870521545
0.5291110277175903
0.6543983817100525
0.8765949606895447
0.8342209458351135
0.6365720629692078
0.893245279788971
0.8358215689659119
0.6976494193077087
0.736817479133606
0.7107083797454834
0.27634015679359436
0.42416831851005554
0.3398965895175934
0.5435188412666321
0.3114907145500183
0.3165875971317291
0.38952144980430603
0.5002229809761047
0.4158247113227844
0.22601750493049622
0.4107406735420227
0.5227883458137512
0.27701476216316223
0.1441197395324707
0.530257523059845
0.5969274640083313
0.5873217582702637
0.7325187921524048
0.473437637090683
0.6824776530265808
0.6215324401855469
0.34010741114616394
0.7204583287239075
0.3902958035469055
0.4123373031616211
0.46673235297203064
0.6364592909812927
0.5313881635665894
0.24319890141487122
0.49540042877197266
0.579340398311615
0.6121018528938293
0.3115416169166565
0.30156877636909485
0.6616721153259277
0.5131803750991821
0.5581230521202087
0.7213572859764099
0.6285176277160645
0.7775187492370605
0.3707422614097595
0.382392942905426
0.7931170463562012
0.44374364614486694
0.310472697019577
0.6127352118492126
0.7074936032295227
0.43382754921913147
0.5435571670532227
0.7093909382820129
0.39754021167755127
0.6032255291938782
0.7098885774612427
0.837256669998169
0.5137742161750793
0.750346302986145
0.8576642870903015
0.8850199580192566
0.7159494161605835
0.8439892530441284
0.7944068312644958
0.671505868434906
0.6707718968391418
0.8583924174308777
0.9198451638221741
0.7983771562576294
0.8163454532623291
0.7741956114768982
0.7681883573532104
0.6681800484657288
0.4209419786930084
0.705858588218689
0.4733790457248688
0.5529659986495972
0.48946475982666016
0.6466658711433411
0.6312223672866821
0.44035619497299194
0.6444234251976013
0.7147882580757141
0.584517776966095
0.5092503428459167
0.6940010190010071
0.44050395488739014
0.5485370755195618
0.6434192657470703
0.5891684293746948
0.34114089608192444
0.40849393606185913
0.8186474442481995
0.735095202922821
0.7952331900596619
0.8695442080497742
0.8137782216072083
0.8347845077514648
0.8238251209259033
0.8278897404670715
0.925444483757019
0.935017466545105
0.9239805936813354
0.8990851640701294
0.8004670739173889
0.5922471284866333
0.6138885617256165
0.8004654049873352
0.8526466488838196
0.6298369765281677
0.7269337177276611
0.8974540829658508
0.8220292329788208
0.7307823300361633
0.7918617725372314
0.8416681289672852
0.8335997462272644
