0.06226677447557449
0.04599425941705704
0.06773482263088226
0.0097482455894351
0.05144920572638512
0.010340397246181965
0.013087750412523746
0.032930660992860794
0.06832090765237808
0.06204278767108917
0.47967782616615295
0.010456920601427555
0.01416283380240202
0.09681864082813263
0.006893616635352373
0.008788281120359898
0.005627723876386881
0.007212542928755283
0.002044904511421919
0.02648105099797249
0.013157476671040058
0.008193213492631912
0.03905409574508667
0.040256813168525696
0.1197882741689682
0.01652989722788334
0.07537844032049179
0.05784641578793526
0.05925742909312248
0.03092518076300621
0.07932303845882416
0.09539816528558731
0.12385536730289459
0.2063995897769928
0.028989549726247787
0.18632781505584717
0.029438933357596397
0.10535142570734024
0.3089396059513092
0.11311333626508713
0.27759701013565063
0.17077261209487915
0.09779325127601624
0.4208148717880249
0.45921579003334045
0.4045204520225525
0.42320916056632996
0.8919047117233276
0.9015810489654541
0.35481029748916626
0.7630171775817871
0.1467575877904892
0.1257743239402771
0.2765858471393585
0.2123548984527588
0.45365843176841736
0.42820730805397034
0.34521472454071045
0.6370125412940979
0.5876848697662354
0.9400874376296997
0.8474436402320862
0.9197996258735657
0.9563078284263611
0.9711477756500244
0.514434814453125
0.9178244471549988
0.9838293790817261
0.2846786379814148
0.1329108327627182
0.9648146033287048
0.953501284122467
0.0712118148803711
0.11264697462320328
0.9176138043403625
0.5426993370056152
0.1776963174343109
0.09934256225824356
0.2216559201478958
0.06083342805504799
0.1649836152791977
0.04990995675325394
0.01977996900677681
0.5100830793380737
0.19074320793151855
0.6532526612281799
0.932189404964447
0.7872542142868042
0.1765594482421875
0.5961890816688538
0.9340742826461792
0.9161312580108643
0.4135202467441559
0.8989786505699158
0.9897448420524597
0.8591054677963257
0.37652701139450073
0.9879682660102844
0.9923019409179688
0.8050625324249268
0.8790634274482727
0.9955366849899292
0.979503870010376
0.732222855091095
0.9511843919754028
0.9912872314453125
0.9551747441291809
0.46437644958496094
0.8168273568153381
0.9513271450996399
0.9386929273605347
0.4429175853729248
0.522589921951294
0.9165546894073486
0.6206238865852356
0.19372650980949402
0.6887240409851074
0.7633931040763855
0.48649629950523376
0.4112846553325653
0.7399217486381531
0.7192336320877075
0.2967977821826935
0.4343225657939911
0.3062564730644226
0.6242693066596985
0.5877509713172913
0.862468421459198
0.7880858778953552
0.2781426012516022
0.6373967528343201
0.9445508122444153
0.3075628876686096
0.3202759623527527
0.6540244817733765
0.7093318104743958
0.2403135597705841
0.26600536704063416
0.915294885635376
0.601388692855835
0.046828560531139374
0.5068028569221497
0.9412709474563599
0.08785657584667206
0.04376482591032982
0.6726878881454468
0.8083279728889465
0.012796587310731411
0.05190378800034523
0.04673125222325325
0.0578811950981617
0.007815801538527012
0.004615300800651312
0.07686301320791245
0.027475887909531593
0.02169281616806984
0.08323059976100922
0.0376555398106575
0.012573186308145523
0.04963141307234764
0.2324000746011734
0.11513283848762512
0.019919367507100105
0.009270776063203812
0.13881702721118927
0.1955074816942215
0.0027866829186677933
0.016233310103416443
0.03145863488316536
0.019090494140982628
0.01730777882039547
0.07417869567871094
0.1215965747833252
0.046822868287563324
0.08675402402877808
0.4201626181602478
0.08002093434333801
0.13350994884967804
0.1904909610748291
0.14570999145507812
0.25009748339653015
0.28609058260917664
0.07844958454370499
0.05912670120596886
0.0714396983385086
0.02099681831896305
0.055793967097997665
0.06959190219640732
0.07801444828510284
0.018765345215797424
0.044736314564943314
0.028144432231783867
0.012357879430055618
0.03524155169725418
0.04650883004069328
0.015426354482769966
0.02165055274963379
0.03469086065888405
0.052699293941259384
0.004007171839475632
0.01907404325902462
0.029120994731783867
0.012304393574595451
0.021231867372989655
0.060967836529016495
0.014819924719631672
0.03155345097184181
0.025538358837366104
0.010417628102004528
0.012592644430696964
0.018070871010422707
0.019080908969044685
0.012475979514420033
0.02148001827299595
