0.020975526422262192
0.010092117823660374
0.020925462245941162
0.01448130328208208
0.027256065979599953
0.017379773780703545
0.0032793078571558
0.005536498501896858
0.005272601265460253
0.005688185803592205
0.01707027666270733
0.03869474679231644
0.11740569025278091
0.1746709793806076
0.05250579118728638
0.17482884228229523
0.12677545845508575
0.22146126627922058
0.3860085904598236
0.43303683400154114
0.255929172039032
0.5460602045059204
0.6300533413887024
0.7249632477760315
0.9494851231575012
0.792610764503479
0.206490159034729
0.37739601731300354
0.8947998881340027
0.4151151478290558
0.18544059991836548
0.2569536566734314
0.6657782196998596
0.29819947481155396
0.08476010710000992
0.06555778533220291
0.22848889231681824
0.11366191506385803
0.01528179831802845
0.05493684113025665
0.07387590408325195
0.010944719426333904
0.058595504611730576
0.040362823754549026
0.017763016745448112
0.013037679716944695
0.015478178858757019
0.028181999921798706
0.03308309242129326
0.010683616623282433
0.02448505535721779
0.007449364755302668
0.026357969269156456
0.08151265233755112
0.2720417380332947
0.38117706775665283
0.7675390839576721
0.4559630751609802
0.42775967717170715
0.4872334897518158
0.9279621243476868
0.8385816812515259
0.79987633228302
0.9045494198799133
0.9627310633659363
0.8407940864562988
0.7658001184463501
0.8876517415046692
0.9385554194450378
0.8471030592918396
0.8473372459411621
0.962360680103302
0.9392239451408386
0.956904411315918
0.8540207743644714
0.9484236240386963
0.9288485646247864
0.7562237977981567
0.7538301348686218
0.9616641998291016
0.7648194432258606
0.46203628182411194
0.874622642993927
0.9690558314323425
0.3717789649963379
0.4402703046798706
0.9407303333282471
0.9506033062934875
0.3192158043384552
0.458898663520813
0.9896773099899292
0.7961310744285583
0.1439637839794159
0.755610466003418
0.9765923023223877
0.49237489700317383
0.20944860577583313
0.8851667642593384
0.9290682673454285
0.4334602355957031
0.44591203331947327
0.9470954537391663
0.7098124623298645
0.4093932509422302
0.7801455855369568
0.6583927273750305
0.9125635623931885
0.8923203349113464
0.8723693490028381
0.6823591589927673
0.910573422908783
0.6807621121406555
0.5893973708152771
0.907360315322876
0.26528629660606384
0.6462579369544983
0.09609995782375336
0.22850550711154938
0.10224978625774384
0.28180503845214844
0.2359139621257782
0.20433850586414337
0.19335994124412537
0.3677085340023041
0.11375997215509415
0.3679567873477936
0.38576069474220276
0.493612676858902
0.35801878571510315
0.50841224193573
0.4252755343914032
0.5526452660560608
0.581292450428009
0.6046113967895508
0.818393886089325
0.599197268486023
0.4006271958351135
0.16924162209033966
0.16523069143295288
0.15463373064994812
0.20678205788135529
0.050049662590026855
0.13143302500247955
0.19529803097248077
0.21373842656612396
0.1612614244222641
0.11753597855567932
0.2679700553417206
0.33605119585990906
0.3285900950431824
0.39752310514450073
0.5979050993919373
0.5174301266670227
0.23217768967151642
0.5028021335601807
0.3356800377368927
0.35475343465805054
0.47492605447769165
0.3734716475009918
0.58649742603302
0.30991488695144653
0.13679184019565582
0.2944605052471161
0.3713216781616211
0.3693780303001404
0.4104980528354645
0.21655984222888947
0.2886393666267395
0.1437106430530548
0.6474609971046448
0.2830953001976013
0.6408756375312805
0.4923449754714966
0.2242630273103714
0.7013300061225891
0.5968642830848694
0.5730597376823425
0.7792235016822815
0.938147783279419
0.16785119473934174
0.3286353051662445
0.9246771931648254
0.7902584671974182
0.21334992349147797
0.5904662609100342
0.918178141117096
0.5774550437927246
0.7447301149368286
0.3340948522090912
0.18435430526733398
0.09409582614898682
0.09312698245048523
0.04262257739901543
0.07528548687696457
0.07201043516397476
0.07296744734048843
0.12932389974594116
0.3781060576438904
0.12488969415426254
0.20788928866386414
0.3701759874820709
0.5061224102973938
0.32097327709198
0.43495142459869385
0.6449911594390869
0.5432384014129639
0.7081116437911987
0.6563119292259216
0.5837362408638
0.5850313305854797
0.8735473155975342
0.17005008459091187
0.4255990982055664
0.19490407407283783
0.2683198153972626
0.06909237802028656
0.049791205674409866
0.29371944069862366
0.061756063252687454
0.010346856899559498
0.08496172726154327
0.31026118993759155
0.05731046199798584
0.016034157946705818
0.16906456649303436
0.30793672800064087
0.1300455778837204
0.07514798641204834
0.016008630394935608
0.030359331518411636
0.020703503862023354
0.0037724727299064398
0.01624666526913643
0.00977268535643816
0.03492079675197601
0.06168896704912186
0.3333394229412079
0.16849206387996674
0.046097561717033386
0.03609611466526985
0.012319016270339489
0.04500012472271919
0.03731175512075424
0.06295785307884216
0.1623833030462265
0.20560131967067719
0.07103266566991806
0.10643109679222107
0.04052282124757767
0.09018963575363159
0.038849372416734695
0.06552956998348236
0.013448451645672321
0.0374884195625782
0.02483471855521202
0.019598480314016342
0.03487778455018997
0.021026067435741425
0.012010124512016773
0.03737249597907066
0.0157637819647789
0.019420653581619263
0.013756995089352131
0.0383358895778656
0.060826826840639114
0.03462798893451691
0.0427992157638073
0.04280388355255127
0.05303475633263588
0.037215132266283035
0.10032940655946732
0.1756635308265686
0.21160413324832916
0.17776383459568024
0.06878412514925003
0.02014162763953209
0.06371934711933136
0.0363045297563076
0.016826549544930458
0.1690918505191803
0.019608862698078156
0.006298021879047155
0.03033803217113018
0.37295129895210266
0.012700053863227367
0.019422044977545738
0.03927188739180565
0.0964338406920433
0.018527619540691376
0.012067715637385845
0.028825975954532623
0.014065248891711235
0.004127862397581339
0.01192493923008442
0.008195535279810429
0.020934518426656723
0.08733458071947098
0.10319403558969498
0.13444215059280396
0.059885136783123016
0.011739500798285007
0.028561748564243317
0.027540193870663643
0.011001520790159702
0.03548306226730347
0.02878487855195999
0.029002733528614044
0.09573127329349518
0.037785500288009644
0.011831467039883137
0.006954257842153311
0.02446506917476654
0.007715327199548483
0.022560646757483482
0.03514706715941429
0.01805236004292965
