0.13518966734409332
0.21706914901733398
0.09854934364557266
0.06160058081150055
0.14966949820518494
0.11481640487909317
0.05707671865820885
0.17866414785385132
0.07228468358516693
0.14092199504375458
0.06924120336771011
0.1414855420589447
0.1234370768070221
0.2111215591430664
0.08361741900444031
0.09234943985939026
0.27761152386665344
0.05762555077672005
0.17110349237918854
0.25319162011146545
0.3194068968296051
0.39645662903785706
0.12066284567117691
0.11954925209283829
0.14005354046821594
0.03893835470080376
0.07280690222978592
0.0398821160197258
0.19341978430747986
0.04871607571840286
0.15961125493049622
0.09329131245613098
0.15985405445098877
0.15717561542987823
0.17431572079658508
0.1641710251569748
0.040316108614206314
0.052552480250597
0.39778319001197815
0.14722119271755219
0.031176278367638588
0.06210838630795479
0.3095451593399048
0.19807706773281097
0.35304388403892517
0.44280412793159485
0.25619202852249146
0.4004973769187927
0.8522256016731262
0.7750046253204346
0.2936311960220337
0.823642373085022
0.9712904691696167
0.4190942049026489
0.4665941596031189
0.9517979025840759
0.9085906147956848
0.3139021098613739
0.8735528588294983
0.9814589023590088
0.9060437083244324
0.6143915057182312
0.9222572445869446
0.9046423435211182
0.9657403230667114
0.5811775922775269
0.5008116960525513
0.9427676796913147
0.9549110531806946
0.6012255549430847
0.6688158512115479
0.9726657867431641
0.8681047558784485
0.6712209582328796
0.8342304825782776
0.9561948776245117
0.6970763206481934
0.49008315801620483
0.9600793123245239
0.9315336346626282
0.7290068864822388
0.626426637172699
0.4734596610069275
0.23363299667835236
0.1673385202884674
0.12062232941389084
0.4068223834037781
0.20244108140468597
0.11808780580759048
0.05876775085926056
0.2328154742717743
0.15568362176418304
0.07315576076507568
0.1711384356021881
0.08373496681451797
0.08193150907754898
0.34978213906288147
0.24255748093128204
0.14291174709796906
0.2782619595527649
0.536251425743103
0.2883417010307312
0.5219434499740601
0.8634074330329895
0.7826297879219055
0.8170514702796936
0.9863663911819458
0.7735560536384583
0.4625323712825775
0.9712279438972473
0.9687162041664124
0.4986702501773834
0.7328965067863464
0.9846634268760681
0.9446509480476379
0.2573314905166626
0.9584137797355652
0.9623978734016418
0.6368982195854187
0.5097832679748535
0.9839231967926025
0.9732679724693298
0.8320349454879761
0.7605493664741516
0.4566577970981598
0.34581342339515686
0.2393258959054947
0.12119628489017487
0.07063648104667664
0.062345221638679504
0.05516873672604561
0.0808338075876236
0.04079063609242439
0.023860745131969452
0.07462713867425919
0.033008743077516556
0.13423998653888702
0.036671146750450134
0.2113882452249527
0.10542581230401993
0.15759789943695068
0.07118754088878632
0.03425430878996849
0.29938405752182007
0.25029173493385315
0.08351002633571625
0.11971632391214371
0.41217857599258423
0.18951481580734253
0.20448827743530273
0.14519211649894714
0.02716374211013317
0.16455528140068054
0.19098858535289764
0.0876385048031807
0.1683076173067093
0.26909342408180237
0.11700279265642166
0.03973982855677605
0.2412988841533661
0.22312970459461212
0.04481276497244835
0.1625249981880188
0.18598590791225433
0.10966012626886368
0.07185140252113342
0.18794655799865723
0.3421934247016907
0.3797077238559723
0.12199672311544418
0.20164699852466583
0.19136705994606018
0.31564125418663025
0.1090361550450325
0.2208348512649536
0.4094241261482239
0.052720196545124054
0.13870997726917267
0.2619554102420807
0.16600337624549866
0.06633807718753815
0.21669523417949677
0.28096359968185425
0.2359606772661209
0.12966318428516388
0.4479900002479553
0.16507834196090698
0.29854968190193176
0.22312869131565094
0.13649633526802063
0.2771345376968384
0.258798748254776
0.12903322279453278
0.12303393334150314
0.682145893573761
0.0862107127904892
0.1854964941740036
0.6382958889007568
0.3152976632118225
0.05863093212246895
0.32605651021003723
0.6704570055007935
0.15581434965133667
0.11036401242017746
0.7632773518562317
0.8375133275985718
0.2637471854686737
0.42301052808761597
0.7951594591140747
0.5212838649749756
0.2587868273258209
0.6155783534049988
0.5675802826881409
0.1979890614748001
0.3131227195262909
0.5723793506622314
0.20312215387821198
