0.10870124399662018
0.3165626525878906
0.1693611741065979
0.3143182396888733
0.050556451082229614
0.10747229307889938
0.03708898648619652
0.15964742004871368
0.1970348209142685
0.1270873248577118
0.22346623241901398
0.06378975510597229
0.09740984439849854
0.06717344373464584
0.2009098082780838
0.2700710594654083
0.32044267654418945
0.215531587600708
0.1409262865781784
0.2742522060871124
0.3057672083377838
0.6694965958595276
0.4607177972793579
0.4428495466709137
0.6011530160903931
0.13117031753063202
0.10048769414424896
0.08833599090576172
0.15656502544879913
0.06438998878002167
0.004240896552801132
0.020838575437664986
0.0012184843653813004
0.03388987481594086
0.01476742047816515
0.1798943281173706
0.09655732661485672
0.12366129457950592
0.22949613630771637
0.1507246047258377
0.10461312532424927
0.008209151215851307
0.021326305344700813
0.0025307994801551104
0.060413505882024765
0.02137276716530323
0.2828919589519501
0.0967988669872284
0.722134530544281
0.6899297833442688
0.7734872102737427
0.7794369459152222
0.5545142292976379
0.2350342869758606
0.2855769693851471
0.13423804938793182
0.22181017696857452
0.08148274570703506
0.014825205318629742
0.02168283239006996
0.17352981865406036
0.09383049607276917
0.010356741026043892
0.09705150872468948
0.11706137657165527
0.044251371175050735
0.1659533977508545
0.26194095611572266
0.1706661581993103
0.0400666706264019
0.14044071733951569
0.22054895758628845
0.15348868072032928
0.05060442164540291
0.1598491221666336
0.174325093626976
0.22784729301929474
0.0937419980764389
0.04269633814692497
0.22026002407073975
0.28970029950141907
0.1968434602022171
0.07445596903562546
0.45897912979125977
0.29002857208251953
0.10270154476165771
0.07526011019945145
0.01479331310838461
0.10159669071435928
0.036257870495319366
0.0012190103298053145
0.0028748218901455402
0.024290267378091812
0.038201626390218735
0.0013045063242316246
0.004071852192282677
0.09295929223299026
0.013296996243298054
0.013765696436166763
0.03310171887278557
0.008238944225013256
0.05395886301994324
0.07145167887210846
0.08167706429958344
0.08457156270742416
0.11604686826467514
0.12679196894168854
0.11821981519460678
0.09761390089988708
0.20714592933654785
0.32243141531944275
0.42542004585266113
0.49116548895835876
0.37698471546173096
0.40730127692222595
0.2669185698032379
0.08028869330883026
0.16318508982658386
0.08322182297706604
0.04529202729463577
0.04254874959588051
0.024317866191267967
0.01092816237360239
0.06499182432889938
0.055855922400951385
0.025676267221570015
0.0658225491642952
0.14083930850028992
0.14616446197032928
0.0864085927605629
0.0484696701169014
0.0927695780992508
0.07582447677850723
0.017699221149086952
0.02140120230615139
0.08182963728904724
0.1219266802072525
0.011822480708360672
0.052402179688215256
0.21551230549812317
0.06426151096820831
0.03317134454846382
0.06070365011692047
0.0734618678689003
0.059604816138744354
0.017599813640117645
0.0083437105640769
0.016367845237255096
0.01449642889201641
0.06136155128479004
0.037545014172792435
0.04767077788710594
0.18416696786880493
0.11022219806909561
0.13589711487293243
0.04363268241286278
0.06577897816896439
0.04101076349616051
0.053107552230358124
0.012507164850831032
0.07054058462381363
0.027603862807154655
0.008934999816119671
0.09180143475532532
0.057211119681596756
0.028682542964816093
0.018669137731194496
0.09411312639713287
0.13083674013614655
0.04341341182589531
0.08537513017654419
0.021479720249772072
0.026271140202879906
0.013217383064329624
0.05634760111570358
0.04172440245747566
0.1702064424753189
0.31345900893211365
0.10104354470968246
0.19452889263629913
0.14771616458892822
0.1363380253314972
0.18535740673542023
0.09074808657169342
0.037563491612672806
0.10238734632730484
0.10278978943824768
0.029372168704867363
0.020690927281975746
0.08540479093790054
0.03598863631486893
0.011446429416537285
0.035129740834236145
0.05386064574122429
0.04375866800546646
0.10354320704936981
0.047026291489601135
0.0910082757472992
0.028814438730478287
0.013023902662098408
0.035009756684303284
0.07385414838790894
0.06450742483139038
0.055555522441864014
0.33161258697509766
0.277981162071228
0.22959910333156586
0.3941781222820282
0.1283513456583023
0.14678145945072174
0.05088258162140846
0.0605066753923893
0.11921301484107971
0.1685028374195099
0.10269895941019058
0.13097256422042847
0.15339873731136322
0.11500341445207596
0.0411013662815094
0.08683975040912628
0.04642912372946739
0.022805318236351013
0.02116643823683262
0.06722190231084824
0.41527047753334045
0.1491142064332962
0.06302215158939362
0.527055561542511
0.11007384210824966
0.15105588734149933
0.40670111775398254
0.18916630744934082
0.029734963551163673
0.10873089730739594
0.13235490024089813
0.058693937957286835
0.15296094119548798
0.13529224693775177
0.06614335626363754
0.04656241834163666
0.10011918842792511
0.024792112410068512
0.005461030639708042
0.02884072996675968
0.02408149465918541
0.24746935069561005
0.12295535206794739
0.21096624433994293
0.41505196690559387
0.12393496185541153
0.07494693249464035
0.07101744413375854
0.23948203027248383
0.177161306142807
0.14760075509548187
0.10392232239246368
0.6304775476455688
0.33075276017189026
0.025244100019335747
0.1862497180700302
0.0770179033279419
0.05467797815799713
0.009753246791660786
0.13798244297504425
0.12092266976833344
0.10251298546791077
0.07809130102396011
0.029126061126589775
0.04550127312541008
0.02296685054898262
0.022444890812039375
0.01968192495405674
0.06976012140512466
0.2498084455728531
0.5698835849761963
0.2985742688179016
0.11908665299415588
0.08842791616916656
0.06731076538562775
0.06000521406531334
0.11173607409000397
0.1585707664489746
0.11035218834877014
0.26665836572647095
0.08471192419528961
0.09853605926036835
0.3234454393386841
0.24594885110855103
0.04998340457677841
0.1831749826669693
0.20942755043506622
0.05957707390189171
0.08236519992351532
0.043362971395254135
0.014515254646539688
0.049351900815963745
0.03539948910474777
0.08397110551595688
0.1186147928237915
0.10320506244897842
0.14358468353748322
0.20604301989078522
0.10463140159845352
0.10944029688835144
0.18100760877132416
0.11274128407239914
0.1393936276435852
0.2794168293476105
0.1435249149799347
0.12959766387939453
0.0964365005493164
0.2198086529970169
0.20435985922813416
0.1425655037164688
0.0636383667588234
0.026873484253883362
0.10288740694522858
0.04173821583390236
0.18758893013000488
0.21059997379779816
0.06818030029535294
0.3270970582962036
0.17812037467956543
0.11400748789310455
0.05179624632000923
0.06451349705457687
0.01263562310487032
