0.060785941779613495
0.06112920120358467
0.07969336211681366
0.04058383032679558
0.06846741586923599
0.021192403510212898
0.026702897623181343
0.08157365024089813
0.0472460612654686
0.0598737858235836
0.6482093930244446
0.7399153709411621
0.8486976027488708
0.10934203118085861
0.843838632106781
0.9433253407478333
0.3328459858894348
0.2044873684644699
0.9462894797325134
0.8592535257339478
0.17549245059490204
0.6802627444267273
0.9507277011871338
0.8349802494049072
0.5894609689712524
0.7858205437660217
0.5209637880325317
0.32271480560302734
0.20516152679920197
0.6974577903747559
0.3626437783241272
0.13510043919086456
0.21986086666584015
0.08785871416330338
0.07290661334991455
0.03959907218813896
0.12084528058767319
0.2685773968696594
0.2839559316635132
0.21371197700500488
0.12095938622951508
0.20504604279994965
0.26723143458366394
0.3801635801792145
0.20182029902935028
0.8047879338264465
0.4817560613155365
0.4883808493614197
0.20632754266262054
0.05431050807237625
0.06320159137248993
0.11499541252851486
0.23235604166984558
0.23330457508563995
0.11978830397129059
0.050186190754175186
0.12874437868595123
0.12148825079202652
0.15094716846942902
0.15727020800113678
0.03649207577109337
0.09693871438503265
0.10747575759887695
0.05643213540315628
0.08062487095594406
0.037612754851579666
0.20575188100337982
0.14222225546836853
0.23481757938861847
0.34346815943717957
0.8504976034164429
0.8105583190917969
0.43628934025764465
0.40027275681495667
0.4058644771575928
0.5245597958564758
0.27847182750701904
0.4003661870956421
0.141092449426651
0.33905354142189026
0.24476732313632965
0.16216234862804413
0.04535411298274994
0.42202579975128174
0.21996186673641205
0.1697201281785965
0.09600785374641418
0.11349628865718842
0.36398845911026
0.4260479509830475
0.641036331653595
0.708979606628418
0.6617040634155273
0.8580297827720642
0.8610489964485168
0.9500705003738403
0.9789721369743347
0.8718807697296143
0.97859787940979
0.8275311589241028
0.9378628134727478
0.857560932636261
0.7493337392807007
0.6600329279899597
0.43584543466567993
0.4137400686740875
0.5277164578437805
0.6570906043052673
0.6481100916862488
0.5320232510566711
0.7655636668205261
0.45896753668785095
0.8419290781021118
0.9647676944732666
0.9865307211875916
0.7750905156135559
0.9575174450874329
0.5350391864776611
0.7925291657447815
0.7371909618377686
0.5044177174568176
0.1444355696439743
0.2805398404598236
0.08304966241121292
0.1258469671010971
0.4327799379825592
0.5332311987876892
0.4338033199310303
0.7953282594680786
0.5234603881835938
0.8259229063987732
0.9563782811164856
0.9857883453369141
0.7460477948188782
0.9655231833457947
0.4150068759918213
0.6050174236297607
0.6613774299621582
0.39038342237472534
0.09732208400964737
0.1295035481452942
0.03131252899765968
0.08375516533851624
0.31935757398605347
0.5162230730056763
0.24272029101848602
0.7098552584648132
0.33063027262687683
0.779510498046875
0.9427269697189331
0.817674458026886
0.5372679233551025
0.9548242688179016
0.26881638169288635
0.7531903386116028
0.18257464468479156
0.1488245278596878
0.04069056361913681
0.09106419235467911
0.018609661608934402
0.07736103981733322
0.1308249980211258
0.5036424994468689
0.14550001919269562
0.8626161217689514
0.2335342913866043
0.5074944496154785
0.8602163195610046
0.7192938327789307
0.35768556594848633
0.8791354298591614
0.3825688362121582
0.6290050148963928
0.6108464002609253
0.15007060766220093
0.4582781195640564
0.4202159345149994
0.3594488203525543
0.19469010829925537
0.10735133290290833
0.1200421154499054
0.0831095352768898
0.04308204725384712
0.05750413239002228
0.18957765400409698
0.26249849796295166
0.11758650839328766
0.7118828892707825
0.1484099179506302
0.5977111458778381
0.9480352401733398
0.7989827394485474
0.4077300429344177
0.8454526662826538
0.23853710293769836
0.6614960432052612
0.48085710406303406
0.18672360479831696
0.1538594514131546
0.2692659795284271
0.16412301361560822
0.24717050790786743
0.3475360870361328
0.6639593243598938
0.23195801675319672
0.7597309350967407
0.5275953412055969
0.9025183916091919
0.7709851861000061
0.31007686257362366
0.665797233581543
0.4722415506839752
0.6597784161567688
0.5827187895774841
0.6519060134887695
0.5661934614181519
