0.014728640206158161
0.14324834942817688
0.06909819692373276
0.11288479715585709
0.0164876040071249
0.04497777670621872
0.026245269924402237
0.02341485768556595
0.08521426469087601
0.030332449823617935
0.07539988309144974
0.029792875051498413
0.065292589366436
0.031020333990454674
0.06815855205059052
0.06444676220417023
0.012342873029410839
0.0080909738317132
0.055083226412534714
0.0038704045582562685
0.020394062623381615
0.0032370341941714287
0.01885838247835636
0.03550218418240547
0.08489252626895905
0.020725024864077568
0.016611304134130478
0.1392018049955368
0.3157196342945099
0.4512498676776886
0.556430459022522
0.6594219207763672
0.8211290836334229
0.7131402492523193
0.7001278400421143
0.8694006204605103
0.6223925948143005
0.847049355506897
0.8639752268791199
0.9161003828048706
0.9331389665603638
0.44376134872436523
0.8558700680732727
0.9032616019248962
0.5988198518753052
0.7340871691703796
0.843054473400116
0.813847541809082
0.8640771508216858
0.5430394411087036
0.827627956867218
0.9341397881507874
0.940972626209259
0.7363973259925842
0.8468130230903625
0.9564446210861206
0.6474613547325134
0.5281832218170166
0.8818135857582092
0.9037588834762573
0.4307861626148224
0.5147132873535156
0.8768836259841919
0.492803156375885
0.4194614291191101
0.7419499158859253
0.5564025044441223
0.35869738459587097
0.3812915086746216
0.4265894293785095
0.33897462487220764
0.24924881756305695
0.3191598951816559
0.07882712036371231
0.3664496839046478
0.5065774321556091
0.05681302770972252
0.136920765042305
0.6275723576545715
0.6373488903045654
0.024926666170358658
0.22186903655529022
0.46595409512519836
0.043606534600257874
0.08501504361629486
0.47156891226768494
0.5698921084403992
0.12017825990915298
0.008335135877132416
0.008415761403739452
0.003518664510920644
0.0036614604759961367
0.005090988706797361
0.005987777840346098
0.01331439521163702
0.010735303163528442
0.004481172654777765
0.022514265030622482
0.18147259950637817
0.11120343208312988
0.07938437908887863
0.06157920882105827
0.04782982915639877
0.0566374808549881
0.01117430254817009
0.08596978336572647
0.05879583582282066
0.004455117508769035
0.028654320165514946
0.047178804874420166
0.006239979527890682
0.008985635824501514
0.08712136745452881
0.09107153117656708
0.01789850927889347
0.04332892969250679
0.008648119866847992
0.01292333472520113
0.004362935665994883
0.0042926836758852005
0.00852114800363779
0.004798381123691797
0.0035438844934105873
0.007481560111045837
0.017030976712703705
0.08234786242246628
0.09122182428836823
0.1098598763346672
0.5260289311408997
0.2718772888183594
0.0392720103263855
0.10968603938817978
0.22836743295192719
0.14208753407001495
0.03660469874739647
0.07440441101789474
0.058380503207445145
0.09379605948925018
0.03562198206782341
0.06090964749455452
0.032212335616350174
0.009276575408875942
0.00616192352026701
0.05124713107943535
0.045754462480545044
0.00230219354853034
0.013645567931234837
0.01974695548415184
0.011428539641201496
0.0034961365163326263
0.02703370340168476
0.05850881338119507
0.010637370869517326
0.017133401706814766
0.07114957273006439
0.08836296200752258
0.07206151634454727
0.12619498372077942
0.028562549501657486
0.05677090957760811
0.008442964404821396
0.01068645715713501
0.007006335537880659
0.0021389611065387726
0.004024832975119352
0.03144044801592827
0.017274577170610428
0.0348099023103714
0.08071883022785187
0.26013612747192383
0.5778868794441223
0.6637654900550842
0.26242485642433167
0.17992784082889557
0.26399677991867065
0.043395861983299255
0.03289492800831795
0.14724363386631012
0.06902093440294266
0.022902633994817734
0.02926306240260601
0.11550198495388031
0.004912290256470442
0.0034852076787501574
0.0038317847065627575
0.027985963970422745
0.0029489356093108654
0.02120727300643921
0.03590570017695427
0.033160049468278885
0.017585035413503647
0.06206995248794556
0.09127502143383026
0.01885945349931717
0.021362902596592903
0.00343615491874516
0.010840686038136482
0.009926130063831806
0.1435413956642151
0.11216839402914047
0.42806676030158997
0.4101965129375458
0.8788418173789978
0.6604190468788147
0.6268866062164307
0.5352954268455505
0.11143127828836441
0.3305317461490631
0.5143711566925049
0.03079155460000038
0.01994900032877922
0.10941266268491745
0.04547123983502388
0.007133762817829847
0.018956610932946205
0.04939037933945656
0.08616922050714493
0.027873840183019638
0.02518683671951294
0.016828324645757675
0.02895103208720684
0.01976080611348152
0.05550505220890045
0.04691527411341667
0.014136693440377712
0.006189325358718634
0.027151048183441162
0.027318470180034637
0.18036440014839172
0.10147013515233994
0.260983943939209
0.6815037131309509
0.39246687293052673
0.2244453728199005
0.8885448575019836
0.3294876515865326
0.12840913236141205
0.1525370478630066
0.2884064316749573
0.04442215338349342
0.023837683722376823
0.08129910379648209
0.01799021102488041
0.01162392646074295
0.060509853065013885
0.08191033452749252
0.012425086461007595
0.0044817193411290646
0.015190644189715385
0.010710309259593487
0.008607176132500172
0.0374954491853714
0.04470105841755867
0.2069278508424759
0.2084461897611618
0.49896886944770813
0.719539999961853
0.9103638529777527
0.7771313190460205
0.8671331405639648
0.9015541076660156
0.8593651056289673
0.8805920481681824
0.8507671356201172
0.8524159789085388
0.8853443264961243
0.7507050037384033
0.8427032232284546
0.9081946611404419
0.8836039900779724
0.9489815831184387
0.8278553485870361
0.3104372024536133
0.45198822021484375
0.7806540727615356
0.268422394990921
0.06237257272005081
0.082845039665699
0.12710902094841003
0.014986081048846245
0.023566674441099167
0.10179924964904785
0.12764568626880646
0.04249196872115135
0.028624912723898888
0.011720173060894012
0.06220995634794235
0.019919347018003464
0.0157570019364357
0.003194722579792142
0.01377518568187952
0.007410463411360979
0.089377261698246
0.13895432651042938
0.30264514684677124
0.8055384755134583
0.6627812385559082
0.5975139737129211
0.5069043040275574
0.5887749791145325
0.6684775948524475
0.8235371112823486
0.8771690726280212
0.6167376637458801
0.7683530449867249
0.7687461972236633
0.6272990703582764
0.29032212495803833
0.23761704564094543
0.4061075448989868
0.6887753009796143
0.07397450506687164
0.23535272479057312
0.8661735653877258
0.9124816060066223
0.39023199677467346
0.5254497528076172
0.9217615127563477
0.8913052678108215
0.18982553482055664
0.7136563062667847
0.9528327584266663
0.8344405293464661
0.5604308843612671
0.4980103671550751
0.2788989543914795
0.571632444858551
0.14294788241386414
0.08470478653907776
0.2745749056339264
0.33859390020370483
0.04869374632835388
0.05881540849804878
0.0362108089029789
0.045328471809625626
0.021363195031881332
0.007684221025556326
0.008046613074839115
0.01544436626136303
0.05794449523091316
0.025561891496181488
0.01570199243724346
0.016477810218930244
