0.0876394733786583
0.012950785458087921
0.012277300469577312
0.006277001928538084
0.00751154450699687
0.004906220827251673
0.015719572082161903
0.029248863458633423
0.07694224268198013
0.12305042892694473
0.12723183631896973
0.490868479013443
0.19328297674655914
0.03170530125498772
0.2493220716714859
0.1649245172739029
0.02312316931784153
0.029599454253911972
0.23487162590026855
0.08498718589544296
0.05144551768898964
0.04669473320245743
0.2190239280462265
0.21165968477725983
0.1925620585680008
0.3085736632347107
0.08568725734949112
0.04255104437470436
0.10277775675058365
0.09386411309242249
0.06682729721069336
0.015064452774822712
0.015062499791383743
0.005421308800578117
0.007697207387536764
0.004872411955147982
0.010325451381504536
0.05305304005742073
0.31431031227111816
0.3843778669834137
0.31942471861839294
0.6756375432014465
0.46448734402656555
0.02178308181464672
0.3696029484272003
0.23152728378772736
0.09080848842859268
0.08645682781934738
0.2884959578514099
0.26087841391563416
0.08930021524429321
0.2754577696323395
0.33498603105545044
0.3015652596950531
0.02877863682806492
0.3102423846721649
0.2512061595916748
0.17759668827056885
0.09824537485837936
0.042534004896879196
0.04329647868871689
0.016032559797167778
0.040400370955467224
0.06609759479761124
0.03000710718333721
0.06754782795906067
0.027796844020485878
0.09118127822875977
0.03567618131637573
0.019408317282795906
0.008278963156044483
0.021545782685279846
0.005840789061039686
0.006716133560985327
0.029098212718963623
0.02192039228975773
0.012189227156341076
0.09036441892385483
0.034953195601701736
0.0047506061382591724
0.009562237188220024
0.0061470214277505875
0.03308387100696564
0.032033730298280716
0.42999204993247986
0.38729506731033325
0.4474007189273834
0.28400686383247375
0.48820793628692627
0.5966649055480957
0.3099682033061981
0.24530813097953796
0.5246073007583618
0.2941584587097168
0.2528661787509918
0.29281309247016907
0.26464518904685974
0.3387414216995239
0.6559077501296997
0.3780042827129364
0.20687668025493622
0.12976308166980743
0.27535954117774963
0.25838619470596313
0.05775657668709755
0.06646979600191116
0.3742089569568634
0.2514099180698395
0.22602804005146027
0.41758906841278076
0.3522728979587555
0.7242796421051025
0.6357089281082153
0.18986079096794128
0.30573606491088867
0.7068111300468445
0.534156322479248
0.7017042636871338
0.7433401942253113
0.6213656663894653
0.5503602623939514
0.5729535222053528
0.672939121723175
0.5507282614707947
0.5654076337814331
0.6850183606147766
0.44706201553344727
0.4523206949234009
0.27070853114128113
0.5405219197273254
0.24081270396709442
0.24015586078166962
0.5000349283218384
0.40582504868507385
0.05053495243191719
0.330312579870224
0.5262112021446228
0.07069563865661621
0.016244258731603622
0.43078115582466125
0.23591963946819305
0.004806381184607744
0.00971778854727745
0.1985681802034378
0.01615474745631218
0.006494075059890747
0.15910114347934723
0.05539541319012642
0.021296152845025063
0.008400156162679195
0.09820201992988586
0.1981431394815445
0.06822489202022552
0.27996957302093506
0.01874392293393612
0.013832545839250088
0.0163704976439476
0.032935287803411484
0.04621516168117523
0.42011573910713196
0.1634550541639328
0.05017272010445595
0.3128926455974579
0.47846561670303345
0.03625878319144249
0.026497332379221916
0.581133246421814
0.49436140060424805
0.04279238358139992
0.3892655074596405
0.9063423871994019
0.891900360584259
0.18428665399551392
0.475033700466156
0.1286235898733139
0.3097072243690491
0.07393261045217514
0.1198289543390274
0.02280222624540329
0.02858976274728775
0.12376397103071213
0.5417357087135315
0.2366284281015396
0.38483238220214844
0.757904589176178
0.282658189535141
0.2623526155948639
0.7869895100593567
0.5693863034248352
0.22754843533039093
0.23018190264701843
0.5072353482246399
0.45300135016441345
0.2623497247695923
0.33480924367904663
0.2816179096698761
0.3740043044090271
0.6370330452919006
0.7058722972869873
0.5515674948692322
0.351425439119339
0.7756326794624329
0.7919014692306519
0.708572506904602
0.3834318220615387
0.3413795530796051
0.16873054206371307
0.2728349566459656
0.125459685921669
0.3143458366394043
0.2679246664047241
0.25875261425971985
0.33652225136756897
0.29831114411354065
0.5770690441131592
0.6216686367988586
0.21302621066570282
0.5456592440605164
0.31595250964164734
0.48751094937324524
0.50938880443573
0.48618030548095703
0.592006266117096
0.18181459605693817
0.7006767988204956
0.20164582133293152
0.1672406941652298
0.20301656424999237
0.4547213613986969
0.14745044708251953
0.36474525928497314
0.49283498525619507
0.5350214242935181
0.26755326986312866
0.33482086658477783
0.43925371766090393
0.37956345081329346
0.36477601528167725
0.4888702929019928
0.4074360132217407
0.29418089985847473
0.5162726640701294
0.5718799233436584
0.31173276901245117
0.7894439101219177
0.41520848870277405
0.3282380700111389
0.4280792474746704
0.416945219039917
0.24174131453037262
0.6668115258216858
0.5180293321609497
0.35489168763160706
0.33501583337783813
0.8235686421394348
0.5571433305740356
0.33019793033599854
0.868078351020813
0.9250633716583252
0.7376816272735596
0.6120377779006958
0.5530765056610107
0.4569147527217865
0.3960984945297241
0.21598191559314728
0.21793480217456818
0.45871612429618835
0.28318294882774353
0.35109779238700867
0.6643792390823364
0.4744625687599182
0.40123477578163147
0.835980236530304
0.8051518797874451
0.8764866590499878
0.49499428272247314
0.5550869107246399
0.8541512489318848
0.630755603313446
0.49311140179634094
0.4829597473144531
0.384755939245224
0.36147212982177734
0.3675864338874817
0.625248372554779
0.5875061750411987
0.34815385937690735
0.39953887462615967
0.6985234022140503
0.42555636167526245
0.1982075273990631
0.23226028680801392
0.44304609298706055
0.3867577910423279
0.17353665828704834
0.45620739459991455
0.5952311754226685
0.1775403469800949
0.40221500396728516
0.5219008922576904
0.5855849385261536
0.48915448784828186
0.3738005757331848
0.4517506957054138
0.6443207859992981
0.5278239846229553
0.5433118939399719
0.41788896918296814
0.32524701952934265
0.48723840713500977
0.352693110704422
0.33903780579566956
0.22455017268657684
0.39261654019355774
0.30978062748908997
0.23572275042533875
0.21773386001586914
0.5124773979187012
0.2885717749595642
0.2133924514055252
0.6777046322822571
0.5518539547920227
0.46272018551826477
0.5991055965423584
0.6338480710983276
0.3054361045360565
0.24036137759685516
0.14520962536334991
0.12610574066638947
0.2714238166809082
0.29262661933898926
0.291684627532959
0.3418671488761902
0.44607412815093994
0.24907228350639343
0.1727592647075653
0.25482267141342163
0.2811087965965271
0.4438079297542572
0.6266375780105591
0.3813859522342682
0.20382572710514069
0.41814279556274414
0.26152303814888
0.19704300165176392
0.06411312520503998
0.06640536338090897
0.16872559487819672
0.12983077764511108
0.06631908565759659
0.2661530673503876
0.17961612343788147
0.4250499904155731
0.3255833685398102
0.298137366771698
0.513336181640625
0.3302997648715973
0.6139897704124451
0.5268706679344177
0.8928498029708862
0.2779930531978607
0.5908398628234863
0.083884596824646
0.09679919481277466
0.23800082504749298
0.398034006357193
0.10805384814739227
0.3625313639640808
0.17037303745746613
0.22119632363319397
0.239004984498024
0.5818246603012085
0.7907227277755737
0.4819242060184479
0.5866536498069763
0.3105231821537018
0.6853008270263672
0.600494384765625
0.17870594561100006
0.08142662793397903
0.28321322798728943
0.2165612131357193
0.48148468136787415
0.1776183694601059
0.8242594599723816
0.25383269786834717
0.39491400122642517
0.576409101486206
0.7610896825790405
0.4408530294895172
0.6411721110343933
0.8028157353401184
0.5698136687278748
0.8478211164474487
0.8612534999847412
0.5930863618850708
0.8213487267494202
0.7564776539802551
0.8220276236534119
0.6353655457496643
0.6376619338989258
0.9318372011184692
0.9454928636550903
0.6459366679191589
0.7424023747444153
0.9617838263511658
0.9632914066314697
0.7498725056648254
0.5505236387252808
0.9473586678504944
0.8134222626686096
0.5875944495201111
0.7128179669380188
0.9431137442588806
0.6973354816436768
0.5435436367988586
0.9491795301437378
0.8480250835418701
0.3792228102684021
0.6369313597679138
0.8954823017120361
0.33144500851631165
0.684291660785675
0.9465964436531067
0.7821944952011108
0.7343648672103882
0.5449358820915222
0.30312398076057434
0.663108766078949
0.5659487843513489
0.15664279460906982
0.5296533703804016
0.8877854943275452
0.48365265130996704
0.32732123136520386
0.8825652003288269
0.9509604573249817
0.6106709241867065
0.8751495480537415
0.7537004351615906
0.5591538548469543
0.7822997570037842
0.7089704871177673
0.8158308863639832
0.4032907485961914
0.35329771041870117
0.17717573046684265
0.27226144075393677
0.185354545712471
0.07915174961090088
0.0842408686876297
0.13393452763557434
0.0671127587556839
0.03166654333472252
0.027631845325231552
0.040291283279657364
0.06256121397018433
0.11785276979207993
0.15175242722034454
0.04600757732987404
0.08217970281839371
0.43832647800445557
0.1372801810503006
0.07588125765323639
0.22457176446914673
0.5681253671646118
0.26687535643577576
0.21585215628147125
0.34521612524986267
