0.1776372194290161
0.38995495438575745
0.20774532854557037
0.32544973492622375
0.06480857729911804
0.09954895079135895
0.16360338032245636
0.07954362034797668
0.03744500130414963
0.2126198559999466
0.12028458714485168
0.026971949264407158
0.09853042662143707
0.1552923619747162
0.12790484726428986
0.08884476870298386
0.11955240368843079
0.015333735384047031
0.022492075338959694
0.010927936993539333
0.05056467279791832
0.11365953832864761
0.40131083130836487
0.6573412418365479
0.8899895548820496
0.921752393245697
0.9732664227485657
0.8889874219894409
0.5643559098243713
0.48556968569755554
0.8352457284927368
0.11781864613294601
0.07390724867582321
0.13663437962532043
0.3378790318965912
0.004687000066041946
0.004311902914196253
0.04227199777960777
0.03968944773077965
0.014443163760006428
0.015190859325230122
0.005159399937838316
0.006234826985746622
0.01579984463751316
0.0288471058011055
0.03329215571284294
0.10826457291841507
0.17357444763183594
0.35123416781425476
0.3485797941684723
0.7150156497955322
0.5967501997947693
0.5521597862243652
0.7793229222297668
0.9722937345504761
0.9148221611976624
0.7504916191101074
0.35002949833869934
0.9153656363487244
0.9794473648071289
0.2755481004714966
0.48391056060791016
0.9246542453765869
0.9657058715820312
0.15596434473991394
0.8771936297416687
0.9758374094963074
0.727476954460144
0.26550906896591187
0.9084095358848572
0.9550846815109253
0.39010089635849
0.45618936419487
0.1768134981393814
0.08912310749292374
0.07356486469507217
0.05020995810627937
0.04312046244740486
0.11396048218011856
0.06315524876117706
0.06171373650431633
0.14348523318767548
0.1847609430551529
0.09079021960496902
0.35163989663124084
0.18745657801628113
0.1322617530822754
0.17950156331062317
0.10674329102039337
0.015461504459381104
0.1392568051815033
0.28744927048683167
0.027522942051291466
0.10678751021623611
0.32330867648124695
0.4779936373233795
0.4872770309448242
0.13627274334430695
0.16948963701725006
0.0412127710878849
0.03073735721409321
0.05599990114569664
0.030840439721941948
0.12064611911773682
0.05478711053729057
0.10874117910861969
0.25353696942329407
0.20505423843860626
0.12320903688669205
0.1977892816066742
0.08667204529047012
0.09030961245298386
0.03311877325177193
0.04613739252090454
0.06138278543949127
0.05970862880349159
0.012353651225566864
0.04511338472366333
0.06825050711631775
0.016432367265224457
0.06033819913864136
0.1606585681438446
0.13542403280735016
0.027533458545804024
0.3333301246166229
0.2911190092563629
0.34618833661079407
0.36329466104507446
0.10124190896749496
0.04266249015927315
0.02524944581091404
0.06331770122051239
0.010348663665354252
0.04949290677905083
0.017727535218000412
0.03072412498295307
0.2136729508638382
0.10571984946727753
0.13870897889137268
0.10504269599914551
0.4451230466365814
0.28886309266090393
0.36896607279777527
0.6323429346084595
0.41608625650405884
0.2284403145313263
0.1378367692232132
0.19938980042934418
0.2387995421886444
0.2541934847831726
0.2041877657175064
0.11627303063869476
0.21509923040866852
0.13701088726520538
0.020134465768933296
0.07194105535745621
0.029040183871984482
0.10856980830430984
0.0869947150349617
0.005841359030455351
0.03215475752949715
0.081684410572052
0.016655446961522102
0.017186561599373817
0.04501543194055557
0.09122094511985779
0.019316652789711952
0.1142474040389061
0.023362889885902405
0.06430476903915405
0.05975162982940674
0.006962351500988007
0.017251553013920784
0.009859166108071804
0.01419761497527361
0.028315063565969467
0.06390380859375
0.12033034861087799
0.15939809381961823
0.27372702956199646
0.3240109980106354
0.37833914160728455
0.3567613959312439
0.12047188729047775
0.11549925804138184
0.22837339341640472
0.20028887689113617
0.1727718710899353
0.12069836258888245
0.10572800040245056
0.06584577262401581
0.04591824859380722
0.13931560516357422
0.09430082142353058
0.07424622774124146
0.009544091299176216
0.042818471789360046
0.05802346020936966
0.00643721641972661
0.04763998091220856
0.07972697168588638
0.07980449497699738
0.02373056672513485
0.07519577443599701
0.05779426172375679
0.029163505882024765
0.014046190306544304
0.01710846833884716
0.013760261237621307
0.0765610784292221
0.043695785105228424
0.06892038136720657
0.10856585204601288
0.10223830491304398
0.20378611981868744
0.21339015662670135
0.2874007821083069
0.3403874933719635
0.26259538531303406
0.2533271312713623
0.18120141327381134
0.1881515085697174
0.3093126714229584
0.2731354236602783
0.1930740624666214
0.222873717546463
0.4384867250919342
0.25733858346939087
0.44317540526390076
0.440528929233551
0.47752243280410767
0.2556937336921692
0.2310776263475418
0.2079988718032837
0.09587545692920685
0.14650051295757294
0.2061385065317154
0.3392918109893799
0.2547692656517029
0.15681108832359314
0.0811082124710083
0.14190475642681122
0.09738024324178696
0.016684195026755333
0.04358219355344772
0.15181048214435577
0.06192002072930336
0.025288090109825134
0.01752493716776371
0.025064732879400253
0.02997523918747902
0.029461383819580078
0.07568421959877014
0.058781545609235764
0.5683421492576599
0.40856215357780457
0.19504773616790771
0.2359571009874344
0.895351231098175
0.3886224627494812
0.11698002368211746
0.5239974856376648
0.7697804570198059
0.042849063873291016
0.12439744919538498
0.6009672284126282
0.5226554274559021
0.09723951667547226
0.37569284439086914
0.6675822138786316
0.3460135757923126
0.30198848247528076
0.6585796475410461
0.7474587559700012
0.7271695733070374
0.7550593018531799
0.9488574266433716
0.9103434681892395
0.9570812582969666
0.966325581073761
0.6761472821235657
0.6234205365180969
0.8307328820228577
0.6824866533279419
0.5089130401611328
0.1733141839504242
0.5833947658538818
0.24576479196548462
0.12601129710674286
0.19442218542099
0.07635513693094254
0.0925569012761116
0.09261918812990189
0.01614813134074211
0.01275074016302824
0.12986119091510773
0.20737405121326447
0.003574144095182419
0.04867091774940491
0.1543881595134735
0.0707247406244278
0.02257869578897953
0.0071886214427649975
0.016903020441532135
0.02906058169901371
0.02580864541232586
0.03484279289841652
