0.5673496127128601
0.7378652691841125
0.7333992123603821
0.7527535557746887
0.6244781613349915
0.7621046304702759
0.3408750593662262
0.6262419819831848
0.7318382859230042
0.1554313451051712
0.25788775086402893
0.4042781889438629
0.36063727736473083
0.20860248804092407
0.383372038602829
0.14924080669879913
0.6122353672981262
0.1936931163072586
0.6558105945587158
0.7025322318077087
0.5523473620414734
0.726912796497345
0.7757992148399353
0.730586588382721
0.7493773698806763
0.7422544360160828
0.6717610955238342
0.7220825552940369
0.7937500476837158
0.8737499117851257
0.5021918416023254
0.7680943012237549
0.8635469079017639
0.8477910161018372
0.6630460619926453
0.5147503614425659
0.7539265155792236
0.6827759146690369
0.5624189376831055
0.3987559676170349
0.4419185221195221
0.11062745004892349
0.32332924008369446
0.19616281986236572
0.6788685917854309
0.7054588794708252
0.4495231807231903
0.8673515915870667
0.8477379679679871
0.9210436344146729
0.7676661610603333
0.8316769003868103
0.34728875756263733
0.7073826789855957
0.37535563111305237
0.5150914788246155
0.42806875705718994
0.7192981243133545
0.7859541773796082
0.9137714505195618
0.9144018888473511
0.8794742226600647
0.9112892150878906
0.6740720868110657
0.7362287044525146
0.8078159689903259
0.7636348605155945
0.6662120819091797
0.2843190133571625
0.5394383668899536
0.627377986907959
0.30441808700561523
0.6825703382492065
0.3913949131965637
0.6286283731460571
0.33340752124786377
0.4765090048313141
