0.8659114241600037
0.8880646228790283
0.8983647227287292
0.8808631300926208
0.788557767868042
0.6714997291564941
0.48307493329048157
0.4415682852268219
0.7841600775718689
0.39968550205230713
0.27026811242103577
0.34237876534461975
0.38313403725624084
0.1703556627035141
0.13419465720653534
0.14442703127861023
0.09309370815753937
0.09795310348272324
0.14267243444919586
0.5493620038032532
0.7536328434944153
0.32179635763168335
0.8654502034187317
0.6202298402786255
0.7726083397865295
0.9390495419502258
0.961756706237793
0.7944595217704773
0.9700852632522583
0.7842721939086914
0.9646318554878235
0.6487286686897278
0.27225080132484436
0.17789532244205475
0.28171905875205994
0.052857737988233566
0.032757896929979324
0.03222094848752022
0.07713774591684341
0.46427181363105774
0.7954761981964111
0.35249391198158264
0.9598914384841919
0.4900664687156677
0.8458159565925598
0.9449548721313477
0.9815048575401306
0.6772432327270508
0.9619342088699341
0.48736175894737244
0.7024044990539551
0.13948827981948853
0.10392121225595474
0.046575453132390976
0.044516049325466156
0.03906555846333504
0.08035533875226974
0.43717578053474426
0.9315893650054932
0.41976556181907654
0.9609147310256958
0.5232870578765869
0.8733795881271362
0.9353604912757874
0.9738063812255859
0.5874465107917786
0.9237917065620422
0.4903131127357483
0.8996145725250244
0.19575569033622742
0.3260229527950287
0.6668413281440735
0.13244597613811493
0.039604850113391876
0.05151265114545822
0.06613320857286453
0.05709289386868477
0.38982251286506653
0.6874839663505554
0.880342960357666
0.43309858441352844
0.9220889210700989
0.37596595287323
0.8276130557060242
0.9303573966026306
0.9806154370307922
0.5639702081680298
0.9656644463539124
0.33232247829437256
0.8276127576828003
0.09509813785552979
0.4101337790489197
0.7401005625724792
0.7376185655593872
0.6480710506439209
0.9340840578079224
0.8090431094169617
0.770829975605011
0.8483362197875977
0.5826591849327087
0.8066380620002747
0.7582008838653564
0.750307023525238
0.9085901975631714
0.9162454605102539
0.850922167301178
0.8678663372993469
0.7955968976020813
0.7934055328369141
0.8465268611907959
0.4699818193912506
0.5322237610816956
0.7098930478096008
0.6223188042640686
0.366592139005661
0.1465539038181305
0.13117444515228271
0.031382251530885696
0.050265293568372726
0.09800508618354797
0.2158127874135971
0.6080685257911682
0.811385452747345
0.33095645904541016
0.9141716361045837
0.45774200558662415
0.7904587388038635
0.9318468570709229
0.9842504858970642
0.5952379703521729
0.9558974504470825
0.39643627405166626
0.7894454598426819
0.17874297499656677
0.3092498183250427
0.10511220246553421
0.13427849113941193
0.16183210909366608
0.18216420710086823
0.4510171115398407
0.5527753233909607
0.32279840111732483
0.7895286679267883
0.268917053937912
0.8220246434211731
0.959283173084259
0.9812911152839661
0.5617768168449402
0.9117849469184875
0.31816545128822327
0.8401932120323181
0.5848684310913086
0.17261269688606262
0.25562191009521484
0.5155462026596069
0.40660905838012695
0.7687849998474121
0.4008847773075104
0.7000578045845032
0.2467692494392395
0.830315113067627
0.706996738910675
0.9554728269577026
0.8467193841934204
0.5204532742500305
0.8490394949913025
0.5658091902732849
0.8885413408279419
0.8744645714759827
0.6304230690002441
0.8354164958000183
0.862880527973175
0.8056227564811707
0.7237644791603088
0.854119062423706
0.645112156867981
0.4472939074039459
0.8381245732307434
0.7777596116065979
0.6576197147369385
0.6376235485076904
0.8737905621528625
0.7792456746101379
0.5679338574409485
0.6268553137779236
0.727431058883667
0.6112338304519653
0.4148879647254944
