0.3359297215938568
0.5850112438201904
0.7383032441139221
0.6747990846633911
0.667708694934845
0.8295720219612122
0.8346462249755859
0.5480759143829346
0.8903794884681702
0.9318249225616455
0.8109748959541321
0.5562687516212463
0.9137763977050781
0.9394457340240479
0.5650181770324707
0.8408291339874268
0.9385151267051697
0.8501990437507629
0.4931875765323639
0.8525264263153076
0.9189865589141846
0.8079487681388855
0.6978938579559326
0.6297955513000488
0.7476352453231812
0.3704216480255127
0.4893766939640045
0.8396353125572205
0.7517215013504028
0.6773760914802551
0.835314154624939
0.7970203757286072
0.6589627265930176
0.5156905055046082
0.5237715244293213
0.6376646161079407
0.7996035218238831
0.8431881070137024
0.724864661693573
0.820510745048523
0.6485098004341125
0.8389368057250977
0.7393923401832581
0.5694271326065063
0.780957818031311
0.7359590530395508
0.8124440312385559
0.83751380443573
0.8097882866859436
0.8319027423858643
0.8883744478225708
0.7637524604797363
0.8097862601280212
0.8418627977371216
0.8607643246650696
0.8000509738922119
0.7741422653198242
0.7622429728507996
0.8036378026008606
0.8614072799682617
0.6496585607528687
0.5413855910301208
0.7688037157058716
0.6346263289451599
0.4810427725315094
0.4466009736061096
0.7697780728340149
0.39666271209716797
0.5798442959785461
0.7001006007194519
0.4427725374698639
0.3214070796966553
0.588158130645752
0.5985313057899475
0.24938423931598663
0.4133969843387604
0.6300384998321533
0.6387410759925842
0.5704095959663391
0.6728950142860413
0.5569512844085693
0.5683251619338989
0.6351021528244019
0.5100551247596741
0.5290898680686951
0.6179003715515137
0.5721441507339478
0.7854077816009521
0.671180009841919
0.3602348566055298
0.6124272346496582
0.6685851216316223
0.59380704164505
0.40025782585144043
0.37587428092956543
0.2658974230289459
0.5469551086425781
0.7228078842163086
0.7259084582328796
0.3814820647239685
0.6057543158531189
0.8748104572296143
0.6120687127113342
0.42218324542045593
0.718235194683075
0.7598087191581726
0.21805861592292786
0.6812941431999207
0.7360780239105225
0.4394131302833557
0.29190701246261597
0.6049267649650574
0.6754052042961121
0.7305471897125244
0.5197225213050842
0.7649462819099426
0.7275882363319397
0.5724310278892517
0.7427559494972229
0.6235130429267883
0.5207573175430298
0.25748226046562195
0.37822285294532776
0.553730845451355
0.6102069020271301
0.42622992396354675
0.3710598647594452
0.3767124116420746
0.2657266855239868
0.6604908108711243
0.6569501757621765
0.49553433060646057
0.41899803280830383
0.7049857974052429
0.5690386891365051
0.7245829701423645
0.5842268466949463
0.6672773957252502
0.6966841220855713
0.3090353310108185
0.40662017464637756
0.5398368835449219
0.39062929153442383
0.493146687746048
0.7013782858848572
0.5354269742965698
0.4868399202823639
0.6959220170974731
0.6863166689872742
0.5843009352684021
0.8633605241775513
0.7161107063293457
0.3488939106464386
0.4657609164714813
0.4739406406879425
0.45727866888046265
0.4367086589336395
0.30624711513519287
0.4632888436317444
0.38891106843948364
0.29097771644592285
0.5314052104949951
0.48098024725914
0.3487144410610199
