0.005154406186193228
0.041475195437669754
0.010184673592448235
0.004231384489685297
0.006050581578165293
0.008988437242805958
0.007348589599132538
0.009161967784166336
0.02939438447356224
0.051031529903411865
0.0801510140299797
0.014558504335582256
0.040469247847795486
0.4127923250198364
0.05740135908126831
0.03130045160651207
0.14371953904628754
0.33096471428871155
0.01287185586988926
0.12102290242910385
0.4556541442871094
0.11311329901218414
0.07992465794086456
0.027169909328222275
0.06561236083507538
0.02475856989622116
0.035358209162950516
0.00890328548848629
0.006448487285524607
0.009079729206860065
0.04636917635798454
0.19954857230186462
0.037831973284482956
0.08062799274921417
0.029628200456500053
0.010294747538864613
0.017610710114240646
0.07692287117242813
0.05044899135828018
0.09500530362129211
0.05281399190425873
0.11220242083072662
0.0280758086591959
0.056385695934295654
0.08236175030469894
0.04433203116059303
0.17668016254901886
0.34769877791404724
0.5979544520378113
0.30313393473625183
0.45744362473487854
0.23087473213672638
0.13456454873085022
0.17368176579475403
0.12009814381599426
0.22925445437431335
0.10572388023138046
0.15265357494354248
0.044324878603219986
0.06829763948917389
0.051482219249010086
0.025654355064034462
0.03492802381515503
0.03397340700030327
0.018098676577210426
0.018658025190234184
0.03190283104777336
0.043891604989767075
0.018446428701281548
0.02110237255692482
0.010198197327554226
0.0080363554880023
0.0037706494331359863
0.0012754698982462287
0.0024185481015592813
0.0019656422082334757
0.018519485369324684
0.019904732704162598
0.22043830156326294
0.05024736002087593
0.2701326608657837
0.13936381042003632
0.018174631521105766
0.14603112637996674
0.061376407742500305
0.007403358817100525
0.005318467505276203
0.026563353836536407
0.024829920381307602
0.004956911783665419
0.015027959831058979
0.016822585836052895
0.011993763968348503
0.0041682785376906395
0.005768908653408289
0.015416953712701797
0.01520995981991291
0.0022950568236410618
0.012709509581327438
0.0015211139107123017
0.005634163040667772
0.0025714992079883814
0.022645900025963783
0.03291365131735802
0.050734326243400574
0.05816160887479782
0.22661522030830383
0.2757187485694885
0.046079009771347046
0.23022004961967468
0.5348050594329834
0.09228557348251343
0.01275254413485527
0.14602376520633698
0.06830203533172607
0.044525276869535446
0.023298241198062897
0.03474922850728035
0.13018858432769775
0.0464656837284565
0.020475108176469803
0.041697967797517776
0.05102873966097832
0.1361207515001297
0.031862616539001465
0.1169067919254303
0.17058733105659485
0.7359016537666321
0.31680548191070557
0.7743355631828308
0.1576816290616989
0.1547970324754715
0.28828686475753784
0.34186437726020813
0.0716177448630333
0.07127505540847778
0.0186445489525795
0.07037276774644852
0.03481427580118179
0.22050751745700836
0.1545410454273224
0.6921117901802063
0.6864165663719177
0.8008595705032349
0.40194886922836304
0.3491133153438568
0.056937362998723984
0.1302933692932129
0.016607234254479408
0.21517962217330933
0.08649704605340958
0.15809282660484314
0.05591743439435959
0.1585705429315567
0.06469660252332687
0.024081341922283173
0.07935900241136551
0.023303302004933357
0.02648726850748062
0.008039255626499653
0.0396081916987896
0.02859322912991047
0.009206450544297695
0.02142685279250145
0.09497616440057755
0.02887878194451332
0.011051509529352188
0.08078504353761673
0.09215038269758224
0.03458257019519806
0.21480335295200348
0.1659434586763382
0.3546428680419922
0.035579316318035126
0.2924273908138275
0.11503797024488449
0.1293012648820877
0.32163774967193604
0.42264407873153687
0.11273729801177979
0.38161706924438477
0.18152479827404022
0.1652555763721466
0.12184760719537735
0.1137738898396492
0.22998499870300293
0.25973019003868103
0.03137186914682388
0.03372965380549431
0.0692296177148819
0.021238530054688454
0.028296155855059624
0.05470997467637062
0.021209361031651497
0.018743695691227913
0.10838112235069275
0.4042414128780365
0.05066482350230217
0.16040608286857605
0.9023780822753906
0.9187853336334229
0.808077335357666
0.505059540271759
0.337297648191452
0.07758916169404984
0.15528015792369843
0.4979690909385681
0.29850801825523376
0.3966308534145355
0.6323678493499756
0.6590127944946289
0.744095504283905
0.9007485508918762
0.6591445207595825
0.7570925951004028
0.8196356892585754
0.8334959149360657
0.2083442211151123
0.23884493112564087
0.5640189051628113
0.25577762722969055
0.028218571096658707
0.2038617879152298
0.18718187510967255
0.052543532103300095
0.03338956832885742
0.14616912603378296
0.07976208627223969
0.0614091232419014
0.0761641338467598
0.18888132274150848
0.29918500781059265
0.19841285049915314
0.08334282785654068
0.13472622632980347
0.09860366582870483
0.24258817732334137
0.14194762706756592
0.23848457634449005
0.347269207239151
0.10337095707654953
0.1508745402097702
0.25322309136390686
0.5063495635986328
0.07062457501888275
0.34029871225357056
0.2887379229068756
0.16610552370548248
0.3586403429508209
0.36734604835510254
0.45726877450942993
0.5519549250602722
0.6274474263191223
0.5357735753059387
0.10528206825256348
0.48550620675086975
0.7250077128410339
0.6963173151016235
0.1801317036151886
0.30826103687286377
0.06526324898004532
0.2927975356578827
0.560600221157074
0.30012547969818115
0.20948390662670135
0.6249983906745911
0.676480233669281
0.4069620370864868
0.5199154615402222
0.49591246247291565
0.3313056528568268
0.1291029453277588
0.08454874902963638
0.08321849256753922
0.34851744771003723
0.1579933762550354
0.03290985897183418
0.06393098831176758
0.17121775448322296
0.2992033064365387
0.05493773892521858
0.19780728220939636
0.513979434967041
0.25062960386276245
0.09260638803243637
0.5023389458656311
0.3023592531681061
0.24622689187526703
0.3579268753528595
0.32109007239341736
0.391216903924942
0.13740159571170807
0.9268061518669128
0.8268682360649109
0.09858032315969467
0.6469506621360779
0.981963574886322
0.5681105852127075
0.23297272622585297
0.9662556052207947
0.9623547792434692
0.21901819109916687
0.8861321806907654
0.9641073346138
0.8593790531158447
0.3095310628414154
0.7997449040412903
0.8871673345565796
0.525268018245697
0.45130762457847595
0.25073662400245667
0.44583097100257874
