0.023113947361707687
0.04356386885046959
0.0013611194444820285
0.006318091414868832
0.0014586157631129026
0.005732436198741198
0.028036529198288918
0.1596900075674057
0.22818690538406372
0.4787258207798004
0.454999715089798
0.25934693217277527
0.0719374418258667
0.03165820240974426
0.022972986102104187
0.009370609186589718
0.011509708128869534
0.027550430968403816
0.04686363413929939
0.06072264909744263
0.13957440853118896
0.20130938291549683
0.04865710809826851
0.23435337841510773
0.0728101059794426
0.04670273885130882
0.19692479074001312
0.13345833122730255
0.538118302822113
0.5431450009346008
0.6006971001625061
0.3674841821193695
0.5522964596748352
0.5677244663238525
0.6889382600784302
0.3335059881210327
0.3343760669231415
0.6085283756256104
0.778741717338562
0.5120342373847961
0.5445914268493652
0.7174075841903687
0.7541429400444031
0.8552579879760742
0.9301685690879822
0.7408083081245422
0.31277379393577576
0.8082680106163025
0.8803375959396362
0.49693039059638977
0.26883411407470703
0.9232665300369263
0.8960713148117065
0.4744569957256317
0.08593615889549255
0.6762743592262268
0.6262338757514954
0.14388462901115417
0.10758821666240692
0.46710968017578125
0.16497506201267242
0.01867002435028553
0.066145159304142
0.21461085975170135
0.3084520697593689
0.08606476336717606
0.07465246319770813
0.0752161294221878
0.10244747996330261
0.26977860927581787
0.17642712593078613
0.06036199629306793
0.04349062964320183
0.0805392637848854
0.006571231409907341
0.006958093028515577
0.0012319480301812291
0.046260055154561996
0.02375609613955021
0.09173411875963211
0.05892376974225044
0.29837825894355774
0.4971145689487457
0.7010096907615662
0.8817976713180542
0.6253525614738464
0.2754080593585968
0.3212430477142334
0.8559626936912537
0.45362526178359985
0.07847267389297485
0.2646922767162323
0.8547666072845459
0.37887728214263916
0.02203725092113018
0.49598291516304016
0.9208040237426758
0.5477234125137329
0.1098671406507492
0.9252403378486633
0.899042546749115
0.46654802560806274
0.8034631013870239
0.40351200103759766
0.201756089925766
0.05373566597700119
0.01803891733288765
0.0941055491566658
0.011072400026023388
0.1177520602941513
0.09885446727275848
0.09489715844392776
0.09845803678035736
0.012763774953782558
0.09600804001092911
0.0887194499373436
0.07674191147089005
0.029645144939422607
0.03158499673008919
0.1245613768696785
0.08156142383813858
0.17776454985141754
0.18279677629470825
0.1386050134897232
0.08285216242074966
0.048787083476781845
0.11056581884622574
0.33328482508659363
0.10509224981069565
0.11597750335931778
0.02779535762965679
0.040203627198934555
0.07697360962629318
0.13953112065792084
0.06838200241327286
0.30539408326148987
0.5791985988616943
0.7131457328796387
0.5748963356018066
0.4021081030368805
0.5523207187652588
0.1485411524772644
0.11573602259159088
0.14342883229255676
0.12064716964960098
0.24174121022224426
0.1719905436038971
0.3498433828353882
0.23655764758586884
0.37357524037361145
0.36538752913475037
0.6941626667976379
0.8508542776107788
0.5393641591072083
0.5612438917160034
0.8928117752075195
0.7643616795539856
0.9487970471382141
0.8746247887611389
0.6529862284660339
0.5452941060066223
0.1937503218650818
0.19389910995960236
0.6870446801185608
0.15539559721946716
0.17680473625659943
0.36445745825767517
0.709484875202179
0.09586651623249054
0.07945404201745987
0.5698092579841614
0.32995808124542236
0.10430792719125748
0.2982693016529083
0.2324528694152832
0.4402722120285034
0.45687830448150635
0.44933924078941345
0.203290194272995
0.14187438786029816
0.35453757643699646
0.19646480679512024
0.022955622524023056
0.06557661294937134
0.17404845356941223
0.029626015573740005
0.012738216668367386
0.08921857923269272
0.06444673240184784
0.029646873474121094
0.062230221927165985
0.11654692143201828
0.15895844995975494
0.18485605716705322
0.1242285743355751
0.29255035519599915
0.1798609495162964
0.6537895202636719
0.36512020230293274
0.5371002554893494
0.7663282752037048
0.6463353037834167
0.8409355282783508
0.899842381477356
0.8610530495643616
0.6959084272384644
0.8003062009811401
0.8725023865699768
0.5408180952072144
0.6639432311058044
0.3434472680091858
0.7938130497932434
0.6082773208618164
0.208139568567276
0.47829654812812805
0.7452653050422668
0.35916972160339355
0.020076217129826546
0.34680360555648804
0.42979326844215393
0.08013873547315598
0.13265570998191833
0.45115751028060913
0.21832118928432465
0.1302216351032257
0.06951071321964264
0.10710165649652481
0.08642003685235977
0.09168463200330734
0.09046733379364014
0.05205978825688362
0.10679028183221817
0.020563768222928047
0.037730515003204346
0.039022546261548996
0.02167033776640892
0.05174120143055916
0.0759330540895462
0.04821431264281273
0.029719466343522072
0.07585106790065765
0.07955624908208847
0.050724275410175323
0.014122117310762405
0.20478473603725433
0.16113810241222382
0.04952200502157211
0.0319126695394516
0.32942336797714233
0.4207235276699066
0.029724886640906334
0.2003592699766159
0.6301045417785645
0.08719691634178162
0.06095724180340767
0.36161309480667114
0.48292309045791626
0.19349676370620728
0.052707187831401825
0.19396843016147614
0.1296531856060028
0.04590855911374092
0.014152430929243565
0.026897305622696877
0.018201956525444984
0.018462641164660454
0.10434113442897797
0.30503520369529724
0.21696601808071136
0.06607355922460556
0.28448519110679626
0.11038870364427567
0.26989901065826416
0.07817940413951874
0.07652030140161514
0.39986491203308105
0.04593418911099434
0.0964764654636383
0.030628979206085205
0.09534058719873428
0.08275837451219559
0.060258522629737854
0.0551581010222435
0.16781428456306458
0.18565943837165833
0.14517046511173248
0.2982403337955475
0.14390838146209717
0.10330355912446976
0.05574619770050049
0.05152159184217453
0.19910936057567596
0.1286645382642746
0.4310355484485626
0.4967257082462311
0.6105902791023254
0.24118943512439728
0.15906910598278046
0.5180180072784424
0.2933183014392853
0.08738785982131958
0.014050967060029507
0.03813433274626732
0.0266619473695755
0.003045797348022461
0.0010847275843843818
0.036786217242479324
0.01608472689986229
0.0014875539345666766
0.007880209013819695
0.04844577983021736
0.12346035987138748
0.023015817627310753
0.07676886767148972
0.10808621346950531
0.06585997343063354
0.06269482523202896
0.2826818525791168
0.24471572041511536
0.7433607578277588
0.9271265864372253
0.7281869649887085
0.7606701850891113
0.7970771789550781
0.5033875107765198
0.7435229420661926
0.8039477467536926
0.9091137051582336
0.5355170965194702
0.7962369918823242
0.46742576360702515
0.5904626846313477
0.7336800694465637
0.5145360827445984
0.5632214546203613
0.4113706052303314
0.057170260697603226
