0.5081909894943237
0.6369879841804504
0.699508011341095
0.47094908356666565
0.5343875288963318
0.6658554077148438
0.6275196075439453
0.48571696877479553
0.5047566890716553
0.624662458896637
0.45956578850746155
0.4596371054649353
0.7054616808891296
0.5657826066017151
0.2812987267971039
0.4107915759086609
0.4123000204563141
0.212839737534523
0.19825556874275208
0.39022818207740784
0.32450395822525024
0.09709875285625458
0.24534852802753448
0.5224901437759399
0.6211345195770264
0.3773833215236664
0.32032933831214905
0.15690644085407257
0.08882522583007812
0.3087938725948334
0.09380627423524857
0.21906378865242004
0.3193381726741791
0.1102287545800209
0.2390894889831543
0.07686135917901993
0.09334415197372437
0.024933764711022377
0.028512319549918175
0.06350894272327423
0.011686037294566631
0.08371368795633316
0.026018068194389343
0.37439075112342834
0.16627177596092224
0.5425412058830261
0.6226937770843506
0.3594743311405182
0.32025572657585144
0.333299845457077
0.22912229597568512
0.168293759226799
0.11563217639923096
0.3979978561401367
0.7006426453590393
0.36318740248680115
0.27707886695861816
0.43006837368011475
0.7088744640350342
0.19722574949264526
0.3089997470378876
0.5472109913825989
0.29144757986068726
0.10425946861505508
0.38448095321655273
0.4545878767967224
0.2476350963115692
0.17251946032047272
0.268761545419693
0.3603525459766388
0.29031485319137573
0.23965676128864288
0.1488470882177353
0.08239373564720154
0.1447909027338028
0.1427677422761917
0.1173614114522934
0.11601334065198898
0.4705820083618164
0.4837309420108795
0.7264708876609802
0.5144031047821045
0.7101671099662781
0.770730197429657
0.8112586140632629
0.43011680245399475
0.6256197690963745
0.8595415949821472
0.7378884553909302
0.5655768513679504
0.4733535945415497
0.4625844359397888
0.3303615152835846
0.15839935839176178
0.055611975491046906
0.25715720653533936
0.15288251638412476
0.010095578618347645
0.031323324888944626
0.16008174419403076
0.13646525144577026
0.03067806363105774
0.11717391014099121
0.13345327973365784
0.08594093471765518
0.13958480954170227
0.1908484250307083
0.24799148738384247
0.1456952542066574
0.1553296148777008
0.14503581821918488
0.07795879989862442
0.04397619143128395
0.035983551293611526
0.07080825418233871
0.04321988299489021
0.07056120783090591
0.08419843763113022
0.3471200466156006
0.2559831142425537
0.3491400182247162
0.0893910750746727
0.10699478536844254
0.3610466718673706
0.04633937031030655
0.027731196954846382
0.31431877613067627
0.19826336205005646
0.022776342928409576
0.037889719009399414
0.2797938287258148
0.16615018248558044
0.11300865560770035
0.14429521560668945
0.09286294132471085
0.11912401765584946
0.06804750859737396
0.049703530967235565
0.07394631952047348
0.16076968610286713
0.10684771090745926
0.06717097014188766
0.058329224586486816
0.06916142255067825
0.10015951842069626
0.07674465328454971
0.21022354066371918
0.09206293523311615
0.17682430148124695
0.40717992186546326
0.6077742576599121
0.6056637167930603
0.5341997146606445
0.4576846659183502
0.3024577498435974
0.09017565101385117
0.09660856425762177
0.08978352695703506
0.0676032304763794
0.12754590809345245
0.22786709666252136
0.2583487331867218
0.18401925265789032
0.14704713225364685
0.4408423602581024
0.4050036370754242
0.33256855607032776
0.3776642084121704
0.613111138343811
0.698114275932312
0.46517500281333923
0.2696942090988159
0.5158136487007141
0.4028710126876831
0.25969529151916504
0.6643069982528687
0.6559414267539978
0.6322301030158997
0.8070281147956848
0.7996242642402649
0.7503804564476013
0.7449865341186523
0.8207822442054749
0.473099023103714
0.47317564487457275
0.8499898910522461
0.6719038486480713
0.3845435678958893
0.7142599821090698
0.7213695645332336
0.5033445358276367
0.24686546623706818
0.5991500020027161
0.6157677173614502
0.2008969932794571
0.09719615429639816
0.40687084197998047
0.3973459303379059
0.069527767598629
0.1465543955564499
0.14423300325870514
0.14853857457637787
0.04970843344926834
0.20285888016223907
