0.1772741973400116
0.23387357592582703
0.44148263335227966
0.19443774223327637
0.35585659742355347
0.13732796907424927
0.2827673852443695
0.05596383288502693
0.14208859205245972
0.21589678525924683
0.13494789600372314
0.13072152435779572
0.034112583845853806
0.1283503621816635
0.04143669828772545
0.10991477966308594
0.054725173860788345
0.06235535815358162
0.01982402615249157
0.05604614317417145
0.04245995357632637
0.025059517472982407
0.0035110770259052515
0.0015673644375056028
0.002574965124949813
0.0056858668103814125
0.0072885421104729176
0.028934461995959282
0.04516996070742607
0.2440301924943924
0.1394745409488678
0.05242089554667473
0.06756456941366196
0.057467687875032425
0.2185596376657486
0.04641858488321304
0.049141716212034225
0.31052878499031067
0.1158781573176384
0.011898092925548553
0.0212472602725029
0.22738803923130035
0.11086617410182953
0.06366614252328873
0.04535410553216934
0.09693551063537598
0.07093410938978195
0.036839861422777176
0.04022755101323128
0.004643462132662535
0.029075171798467636
0.006867815274745226
0.016256367787718773
0.024325931444764137
0.06400426477193832
0.1173253208398819
0.033799972385168076
0.09423688054084778
0.05676831677556038
0.2179548740386963
0.024667086079716682
0.09860258549451828
0.24460932612419128
0.13054777681827545
0.3387049734592438
0.16316409409046173
0.3023412227630615
0.4174516201019287
0.08475343137979507
0.12657302618026733
0.2362537980079651
0.17493832111358643
0.36243876814842224
0.18794365227222443
0.0827278196811676
0.043357864022254944
0.1997958868741989
0.08928826451301575
0.012872018851339817
0.12367820739746094
0.14605945348739624
0.021315226331353188
0.0088758934289217
0.16678564250469208
0.08565966784954071
0.06383410841226578
0.039366018027067184
0.03441666066646576
0.06145826354622841
0.021414877846837044
0.0051378412172198296
0.011867006309330463
0.001202431507408619
0.0023434509057551622
0.0004602191038429737
0.007222240325063467
0.019649410620331764
0.11137745529413223
0.002685574581846595
0.0016507458640262485
0.024543987587094307
0.014390415512025356
0.0017385432729497552
0.034579385071992874
0.062069375067949295
0.009161161258816719
0.008982633240520954
0.09736661612987518
0.3650631308555603
0.09857472032308578
0.07755006849765778
0.1993790566921234
0.09255829453468323
0.030652033165097237
0.08272888511419296
0.06283985078334808
0.016979964450001717
0.010754517279565334
0.009741175919771194
0.005442081484943628
0.005327115301042795
0.006546289660036564
0.024989144876599312
0.05640845373272896
0.027665795758366585
0.20310047268867493
0.062180425971746445
0.12297666072845459
0.1506185084581375
0.22336217761039734
0.07053345441818237
0.3637189269065857
0.6589145660400391
0.3674564063549042
0.13618500530719757
0.48502323031425476
0.22195157408714294
0.11007287353277206
0.4187232255935669
0.35682952404022217
0.14580921828746796
0.2761969566345215
0.5294818878173828
0.5179784297943115
0.27411380410194397
0.4166858196258545
0.48113930225372314
0.2250755876302719
0.3699447214603424
0.3517250418663025
0.3767782747745514
0.42590758204460144
0.2007579803466797
0.2153160721063614
0.3117024898529053
0.5299967527389526
0.17316676676273346
0.2409249097108841
0.5466080904006958
0.603770911693573
0.5061618685722351
0.17630839347839355
0.24812276661396027
0.13605277240276337
0.07462611049413681
0.18495365977287292
0.2528788447380066
0.269090861082077
0.09884423017501831
0.08326849341392517
0.14082224667072296
0.10690288990736008
0.03936315327882767
0.13861140608787537
0.25980207324028015
0.07027516514062881
0.08070085197687149
0.14457900822162628
0.10652883350849152
0.1269666850566864
0.1312006264925003
0.4202638864517212
0.12020827829837799
0.09660621732473373
0.3065679967403412
0.2707347273826599
0.10109526664018631
0.17342300713062286
0.287648469209671
0.07498348504304886
0.12064085155725479
0.31936463713645935
0.26870182156562805
0.07134995609521866
0.13172388076782227
0.07272752374410629
0.23110035061836243
0.07316086441278458
0.060041267424821854
0.1008070781826973
0.07846061885356903
0.14584596455097198
0.1425299197435379
0.33407193422317505
0.23538973927497864
0.27246227860450745
0.5529581308364868
0.4716864228248596
0.6550626754760742
0.6365376710891724
0.6107834577560425
0.6199371814727783
0.4123601019382477
0.4631052613258362
0.7376121878623962
0.5743962526321411
0.552581250667572
0.19637054204940796
0.1510416716337204
0.22504006326198578
0.3637932538986206
0.17093555629253387
0.46015772223472595
0.1734040230512619
0.21295735239982605
0.09252096712589264
0.06088699400424957
0.12743617594242096
0.07569430023431778
0.16707128286361694
0.08562617748975754
0.07157126814126968
0.04190875217318535
0.017928246408700943
0.031455304473638535
0.026331787928938866
0.09343540668487549
0.113850437104702
0.03672539070248604
0.31234461069107056
0.17515340447425842
0.07721524685621262
0.06546846777200699
0.09931474179029465
0.12051345407962799
0.03286372497677803
0.1143571138381958
0.13788622617721558
0.18951308727264404
0.15167804062366486
0.2521604299545288
0.2257709503173828
0.11681236326694489
0.1023022010922432
0.31047502160072327
0.44499853253364563
0.29643189907073975
0.3320486843585968
0.26401063799858093
0.2699652314186096
0.39077314734458923
0.04584269970655441
0.15142302215099335
0.24262727797031403
0.02059168554842472
0.07154490798711777
0.04858143627643585
0.039497725665569305
0.008770376443862915
0.02971629984676838
0.07371979206800461
0.06499823182821274
0.03985975310206413
0.0820729061961174
0.2442520707845688
0.13796541094779968
0.027074921876192093
0.11693671345710754
0.3487582802772522
0.2727849781513214
0.04416731372475624
0.2914893627166748
0.36666685342788696
0.23994578421115875
0.1620224565267563
0.3093562424182892
0.5285107493400574
