0.07356604933738708
0.07478731870651245
0.029548443853855133
0.08510138839483261
0.058152344077825546
0.02711586281657219
0.011273746378719807
0.06298794597387314
0.05228262394666672
0.048760682344436646
0.03341912105679512
0.02591489814221859
0.10579710453748703
0.11333073675632477
0.09819730371236801
0.37683141231536865
0.3873647451400757
0.36565327644348145
0.2728970944881439
0.3020034432411194
0.16135598719120026
0.1858128160238266
0.39996424317359924
0.3989056944847107
0.21465924382209778
0.3014582693576813
0.46103033423423767
0.2128915637731552
0.20462696254253387
0.14808563888072968
0.45878008008003235
0.4001966714859009
0.2487976849079132
0.5375087261199951
0.3614479601383209
0.5885048508644104
0.1663142293691635
0.1118476390838623
0.04743233695626259
0.06647010147571564
0.007409637328237295
0.12006143480539322
0.034305181354284286
0.2154141366481781
0.09877358376979828
0.09483710676431656
0.08037860691547394
0.03048136457800865
0.01725790463387966
0.1784030646085739
0.04405660182237625
0.0055270143784582615
0.02777954377233982
0.14561915397644043
0.02401391975581646
0.010253855027258396
0.07333032041788101
0.04132138192653656
0.06242925673723221
0.0838530957698822
0.028595689684152603
0.10556042939424515
0.01656356081366539
0.03507573902606964
0.02254924364387989
0.15253889560699463
0.07563786953687668
0.058842044323682785
0.09969830513000488
0.3316502571105957
0.16496916115283966
0.2730756103992462
0.1313859522342682
0.08299951255321503
0.17322035133838654
0.06683117896318436
0.21464920043945312
0.07672014832496643
0.12404901534318924
0.3810778856277466
0.4721428453922272
0.19916276633739471
0.09409955143928528
0.02199472486972809
0.026821013540029526
0.008296129293739796
0.07609324902296066
0.060570936650037766
0.4297008216381073
0.5978089570999146
0.22115638852119446
0.28033187985420227
0.5389391779899597
0.21768683195114136
0.27615055441856384
0.23613980412483215
0.1555582731962204
0.15445630252361298
0.2679058015346527
0.25585582852363586
0.12804675102233887
0.03554654121398926
0.11618835479021072
0.04001869633793831
0.12090694904327393
0.029205773025751114
0.1260429173707962
0.08085612952709198
0.12309309095144272
0.14103440940380096
0.21852970123291016
0.15093207359313965
0.12341044098138809
0.2760959565639496
0.06433501839637756
0.13005484640598297
0.3447185754776001
0.21175117790699005
0.07628128677606583
0.30565014481544495
0.5791686773300171
0.3202489912509918
0.2303447425365448
0.20052045583724976
0.14120598137378693
0.07756293565034866
0.13526424765586853
0.09788260608911514
0.32356229424476624
0.32774868607521057
0.38117948174476624
0.29498523473739624
0.08940154314041138
0.10422211140394211
0.18397405743598938
0.08202479034662247
0.05168438330292702
0.05335373058915138
0.06766311824321747
0.10452473908662796
0.08933303505182266
0.08558525145053864
0.1703360676765442
0.06274733692407608
0.07466045767068863
0.2334030270576477
0.3174728751182556
0.449716717004776
0.2221958190202713
0.056284476071596146
0.09688268601894379
0.16966606676578522
0.28523844480514526
0.043473031371831894
0.10243647545576096
0.05054984241724014
0.054718103259801865
0.1300307959318161
0.09359737485647202
0.03893863782286644
0.13447976112365723
0.016537269577383995
0.015365627594292164
0.05589498579502106
0.028147995471954346
0.050434377044439316
0.10388541966676712
0.04020540788769722
0.15970562398433685
0.07244366407394409
0.23544536530971527
0.19426842033863068
0.12311335653066635
0.13861317932605743
0.02624063566327095
0.08911459147930145
0.12430691719055176
0.22090187668800354
0.13969166576862335
0.10243834555149078
0.13079379498958588
0.1859036237001419
0.07782390713691711
0.07098446786403656
0.40318459272384644
0.08274436742067337
0.15789756178855896
0.264503538608551
0.07406435906887054
0.06253877282142639
0.07466039806604385
0.18259795010089874
0.0769772082567215
0.0930933803319931
0.09918063133955002
0.06397417187690735
0.03477109968662262
0.05234241113066673
0.047087933868169785
0.019954172894358635
0.07154826074838638
0.01269491109997034
0.16329997777938843
0.04938369616866112
0.4106508791446686
0.30653396248817444
0.23477517068386078
0.2675045132637024
0.47823524475097656
0.3657248318195343
0.14405542612075806
0.05167076736688614
0.16481734812259674
0.19228476285934448
0.25398606061935425
0.2426724135875702
0.5253260731697083
0.2307574301958084
0.431090772151947
0.2587919235229492
0.29711729288101196
0.15017129480838776
0.05734388157725334
0.09306196123361588
0.07358048856258392
0.024526432156562805
0.045518215745687485
0.1256648600101471
0.022656669840216637
0.07538139820098877
0.12093380838632584
0.05003362149000168
0.1108415499329567
0.10330317169427872
0.13922014832496643
0.12061438709497452
0.051803361624479294
0.13570404052734375
0.290715754032135
0.16560669243335724
0.08685030788183212
0.30154433846473694
0.34919634461402893
0.39363035559654236
0.13829445838928223
0.36732128262519836
0.35907307267189026
0.6533350348472595
0.2543032467365265
0.37465140223503113
0.4588072597980499
0.9144214987754822
0.43367522954940796
0.5304778218269348
0.2103525847196579
0.43881916999816895
0.21354152262210846
0.21036756038665771
0.13112090528011322
0.5458961129188538
0.08263664692640305
0.15893355011940002
0.10811106860637665
0.6434651017189026
0.2691819667816162
0.19268792867660522
0.12220018357038498
0.1691768914461136
0.2743147313594818
0.05428009107708931
0.246621772646904
0.1445721685886383
0.11201179027557373
0.11367380619049072
0.21994023025035858
0.18372821807861328
0.12960441410541534
0.31921815872192383
0.3442213833332062
0.2523001730442047
0.19442935287952423
0.15870314836502075
0.3830362856388092
0.42223095893859863
0.3748089671134949
0.49526575207710266
0.48837369680404663
0.5143828988075256
0.5672601461410522
0.29306912422180176
0.3115914762020111
0.29912814497947693
0.1349414736032486
0.36966046690940857
0.23982752859592438
0.23124419152736664
0.2233470231294632
0.11530627310276031
0.20194347202777863
0.26278719305992126
0.24971896409988403
0.5371716022491455
0.1350310891866684
0.5658519864082336
0.38961657881736755
0.549242377281189
0.5722264647483826
0.11606136709451675
0.47477591037750244
0.1807439774274826
0.7195010781288147
0.7907708287239075
0.3685089647769928
0.26692938804626465
0.6122685074806213
0.4787520468235016
0.47267189621925354
0.2268075942993164
0.2542189061641693
0.25918447971343994
0.16609296202659607
0.14875483512878418
0.07235248386859894
0.06813028454780579
0.055148616433143616
0.05723729357123375
0.2558809518814087
0.1753307282924652
0.12404884397983551
0.25349098443984985
0.1170760914683342
0.1975494772195816
0.048649076372385025
0.06167695298790932
0.16519273817539215
0.07964357733726501
0.07139865309000015
0.02936622127890587
0.0408020094037056
0.08171647042036057
0.06864211708307266
0.073552206158638
0.13453754782676697
0.17258389294147491
0.09242699295282364
0.1174556165933609
0.26350167393684387
0.37808409333229065
0.4896603226661682
0.6001686453819275
0.6610099673271179
0.7436690330505371
0.3283611536026001
0.6559417247772217
0.2486284375190735
0.42376282811164856
0.22699986398220062
0.3260798752307892
0.0632530003786087
0.10586602240800858
0.03392666578292847
0.052619148045778275
0.23026598989963531
0.1133406013250351
0.02332299016416073
0.08750887960195541
0.04311555251479149
0.06901881843805313
0.12554194033145905
0.086989626288414
0.0790838822722435
0.07705623656511307
0.1598713994026184
0.21352627873420715
0.1293969452381134
0.15062829852104187
0.1906353235244751
0.1505792737007141
0.25139883160591125
0.21454833447933197
0.16114124655723572
0.11945414543151855
0.12258968502283096
0.05817970260977745
0.06529227644205093
0.039094723761081696
0.1696939319372177
0.04973796010017395
0.42550739645957947
0.178971529006958
0.5118030309677124
0.3741362988948822
0.7070791125297546
0.6206406950950623
0.6842291355133057
0.4805976450443268
0.45553499460220337
0.3552798330783844
0.3448351323604584
0.5122635364532471
0.5719103217124939
0.26043465733528137
0.47072818875312805
0.4463568925857544
0.20158196985721588
0.10395394265651703
0.4008934795856476
0.14243774116039276
0.07616560161113739
0.13629181683063507
0.24358193576335907
0.1162455603480339
0.0597580261528492
0.20616784691810608
0.32408779859542847
0.2834260165691376
0.22585459053516388
0.2698535919189453
0.3436029255390167
0.3032079041004181
0.19024845957756042
0.1755269467830658
0.1678658425807953
0.18400026857852936
0.20897911489009857
0.35677364468574524
0.2722359001636505
0.2526308298110962
0.16478849947452545
0.3017255365848541
0.24122698605060577
0.5346307158470154
0.42417722940444946
0.5221586227416992
0.2986581325531006
0.3053652048110962
0.5894021987915039
0.16535831987857819
0.10597316175699234
0.23804807662963867
0.24359175562858582
0.39394381642341614
0.13029669225215912
0.11371219158172607
0.1634688526391983
0.1757543832063675
0.13267505168914795
0.091155506670475
0.47199100255966187
0.03643661364912987
0.049241285771131516
0.06303250789642334
0.05161337926983833
0.01265315618366003
0.02754049189388752
0.10911783576011658
0.08106791973114014
0.01807011105120182
0.12447866052389145
0.061983220279216766
0.08010811358690262
0.05561727285385132
0.07230228185653687
0.18306587636470795
0.18425244092941284
0.3965226113796234
0.22775377333164215
0.12361203134059906
0.0565650649368763
0.2543097734451294
0.03902297094464302
0.13771091401576996
0.13318656384944916
