0.17981451749801636
0.12063680589199066
0.08246465027332306
0.023078657686710358
0.006743269506841898
0.01496016327291727
0.08655130118131638
0.06465344876050949
0.018685057759284973
0.022321531549096107
0.07030365616083145
0.09541340917348862
0.017957713454961777
0.0625692754983902
0.011158403009176254
0.04229496046900749
0.06145148724317551
0.07291979342699051
0.032409630715847015
0.015201875008642673
0.01395353488624096
0.07179906219244003
0.0609254315495491
0.03747512772679329
0.1792401820421219
0.09251858294010162
0.017317594960331917
0.11430738866329193
0.3572925627231598
0.39681747555732727
0.20575709640979767
0.508427619934082
0.32733261585235596
0.1996372640132904
0.19928772747516632
0.15250426530838013
0.0166891198605299
0.0402313657104969
0.013283771462738514
0.06447648257017136
0.04851721599698067
0.04785945266485214
0.17283834517002106
0.06478936225175858
0.3339053988456726
0.1217520534992218
0.21810705959796906
0.022234121337532997
0.25947853922843933
0.15732122957706451
0.45351389050483704
0.5072367191314697
0.2991001009941101
0.17404566705226898
0.4640333950519562
0.284894734621048
0.16684328019618988
0.3578283488750458
0.4653902053833008
0.20034267008304596
0.08172081410884857
0.08065220713615417
0.026831623166799545
0.03675729036331177
0.02461535669863224
0.029053756967186928
0.05584580451250076
0.06881329417228699
0.07142143696546555
0.07775381207466125
0.012849416583776474
0.07065621763467789
0.01471773162484169
0.08005130290985107
0.021918777376413345
0.040858205407857895
0.20243066549301147
0.22958612442016602
0.05329442396759987
0.06544920057058334
0.06283426284790039
0.02708282321691513
0.0418073795735836
0.08811026066541672
0.07513007521629333
0.06290934979915619
0.02816186659038067
0.026970364153385162
0.025388255715370178
0.01638762280344963
0.03373367339372635
0.02035820484161377
0.041256166994571686
0.029101060703396797
0.08209896087646484
0.06131657585501671
0.18232883512973785
0.2026420533657074
0.09718569368124008
0.20800304412841797
0.4809301197528839
0.21870237588882446
0.05293094366788864
0.0655108392238617
0.06410406529903412
0.16705594956874847
0.21196594834327698
0.4579598605632782
0.18432538211345673
0.5346617698669434
0.1721310019493103
0.15848109126091003
0.5518949627876282
0.290477991104126
0.6375453472137451
0.3441971242427826
0.6469519138336182
0.748329222202301
0.5485371947288513
0.5748453140258789
0.3937900960445404
0.27026546001434326
0.0870463028550148
0.04927483946084976
0.08019378036260605
0.00495039951056242
0.018527556210756302
0.014331772923469543
0.10164112597703934
0.09176009148359299
0.09831937402486801
0.1066257432103157
0.0508304126560688
0.21148423850536346
0.2694586217403412
0.14579088985919952
0.3259921073913574
0.31599780917167664
0.19558927416801453
0.1628865748643875
0.10193579643964767
0.025409189984202385
0.09279616922140121
0.16856928169727325
0.046272531151771545
0.3092935383319855
0.2908923625946045
0.32005202770233154
0.3543967008590698
0.3252306282520294
0.28331175446510315
0.5520201921463013
0.20019663870334625
0.423789918422699
0.653282105922699
0.40257441997528076
0.7337292432785034
0.49815845489501953
0.5779774785041809
0.35937920212745667
0.4614088237285614
0.2600947916507721
0.25920164585113525
0.16024623811244965
0.1491110622882843
0.17784777283668518
0.11363761872053146
0.08179736137390137
0.0970829501748085
0.04534902051091194
0.0332571342587471
0.0635271817445755
0.09861180931329727
0.07771001756191254
0.10562127083539963
0.0969267264008522
0.10196449607610703
0.24590285122394562
0.07768278568983078
0.038010966032743454
0.02063983865082264
0.027728049084544182
0.0036986672785133123
0.02604055032134056
0.006979628466069698
0.014461489394307137
0.01696035824716091
0.045918937772512436
0.032533809542655945
0.018147332593798637
0.022356631234288216
0.010729044675827026
0.03112601861357689
0.053868312388658524
0.05292766913771629
0.2734958827495575
0.012189407832920551
0.04257238656282425
0.01703179068863392
0.054856907576322556
0.05265047401189804
0.15215972065925598
0.15834607183933258
0.027111990377306938
0.01363095548003912
0.016294870525598526
0.06269127130508423
0.05019866302609444
0.3186551630496979
0.38549140095710754
0.17703679203987122
0.09796912223100662
0.08103377372026443
0.0846317782998085
0.11589279770851135
0.025006750598549843
0.029916223138570786
0.004866788629442453
0.027176761999726295
0.012964264489710331
0.022375717759132385
0.08330408483743668
0.00787053070962429
0.03223033621907234
0.05080729350447655
0.037129778414964676
0.0476195327937603
0.056894998997449875
0.28722599148750305
0.4409739077091217
0.11113973706960678
0.20368719100952148
0.2144421488046646
0.1968497931957245
0.15509440004825592
0.19283410906791687
0.0944599136710167
0.0790853351354599
0.014992167241871357
0.004863185808062553
0.005867926403880119
0.007778353989124298
0.03629547357559204
0.08965632319450378
0.18263347446918488
0.04273921996355057
0.10264965146780014
0.03136027976870537
0.05983678624033928
0.05328943207859993
0.014572996646165848
0.04711766913533211
0.07441811263561249
0.019576212391257286
0.0883694738149643
0.01325187087059021
0.10005242377519608
0.0906117781996727
0.06832883507013321
0.2715429961681366
0.16063807904720306
0.0478159599006176
0.008627560921013355
0.01546342670917511
0.022398734465241432
0.0590684674680233
0.0328461118042469
0.16161753237247467
0.22826333343982697
0.2300550639629364
0.4339964985847473
0.13377876579761505
0.1149246022105217
0.35548296570777893
0.22224651277065277
0.41153860092163086
0.4468329846858978
0.3730103671550751
0.6766338348388672
0.6751487851142883
0.6831740140914917
0.5821049213409424
0.5889835953712463
0.478899210691452
0.3705426752567291
0.693102240562439
0.5658301115036011
0.3252701163291931
0.39043107628822327
0.5435108542442322
0.5064821839332581
0.16999968886375427
0.33315110206604004
0.6858248114585876
0.3947974741458893
0.10599590092897415
0.46202051639556885
0.7593041658401489
0.3646252453327179
0.39900943636894226
0.45277854800224304
0.30265992879867554
0.466151624917984
0.518575131893158
0.3686986565589905
0.1691458523273468
0.03097110614180565
0.09548608213663101
0.048541802912950516
0.1268150359392166
0.025126896798610687
0.14645369350910187
0.12793608009815216
0.04868703708052635
0.13010035455226898
0.008281315676867962
0.13997356593608856
0.15377895534038544
0.09485868364572525
0.22635012865066528
0.20500251650810242
0.06154043227434158
0.029927551746368408
0.020072737708687782
0.03341640159487724
0.031946368515491486
0.20343199372291565
0.19706755876541138
0.06395109742879868
0.07741133868694305
0.15258237719535828
0.38373905420303345
0.11708434671163559
0.32702964544296265
0.03802555426955223
0.23323017358779907
0.2453441619873047
0.05742310732603073
0.21433991193771362
0.009283345192670822
0.11327775567770004
0.07940248399972916
0.06334446370601654
0.2217438966035843
0.30237066745758057
0.45554983615875244
0.5568608641624451
0.45539590716362
0.3850482106208801
0.5588614344596863
0.39447933435440063
0.7077652812004089
0.3444582521915436
0.2914981245994568
0.066606305539608
0.016781143844127655
0.017533235251903534
0.05987359583377838
0.054068975150585175
0.204055517911911
0.22912022471427917
0.13013233244419098
0.19777289032936096
0.36824291944503784
0.1381191909313202
0.38226404786109924
0.057669747620821
0.2676733732223511
0.33896592259407043
0.13479278981685638
0.1903945654630661
0.03581930324435234
0.08493637293577194
0.14844992756843567
0.057214319705963135
0.13722844421863556
0.11675771325826645
0.04035845771431923
0.048115503042936325
0.08952005207538605
0.04731791466474533
0.15378490090370178
0.3355410397052765
0.2079627960920334
0.13581790030002594
0.31956982612609863
0.28524380922317505
0.15644283592700958
0.5389207601547241
0.145156592130661
0.13701757788658142
0.3249450922012329
0.22554880380630493
0.23457837104797363
0.07718341797590256
0.29088184237480164
0.3977970480918884
0.15657784044742584
0.20335841178894043
0.24750927090644836
0.11958278715610504
0.07638353854417801
0.17401103675365448
0.1446978747844696
0.1966107338666916
0.37384510040283203
0.26045164465904236
0.3114856779575348
0.12753084301948547
0.26877084374427795
0.3078441619873047
0.3823549151420593
0.17783112823963165
0.30247414112091064
0.3025832772254944
0.23060809075832367
0.2748357951641083
0.08091754466295242
0.17483578622341156
0.19912736117839813
0.3830932080745697
0.3258780539035797
0.11035158485174179
0.11011844873428345
0.18004293739795685
0.26643067598342896
0.29593148827552795
0.2580096125602722
0.21455346047878265
0.120457224547863
0.10076018422842026
0.22295978665351868
0.1575576663017273
0.21509046852588654
0.2805754542350769
0.20790351927280426
0.19278885424137115
0.02604726515710354
0.10887163132429123
0.022398272529244423
0.12135026603937149
0.07466483861207962
0.26345589756965637
0.20832128822803497
0.5570821762084961
0.36800357699394226
0.274304062128067
0.6172755360603333
0.6392005681991577
0.6216185688972473
0.5285356640815735
0.2797802984714508
0.3706847131252289
0.19314540922641754
0.2977876663208008
0.58165442943573
0.51356041431427
0.5490072965621948
0.49921268224716187
0.21401651203632355
0.4249788820743561
0.4704696834087372
0.37900805473327637
0.31850379705429077
0.6580188870429993
0.39668750762939453
0.5725235342979431
0.22228015959262848
0.40845534205436707
0.09727992117404938
0.0379875972867012
0.11292990297079086
0.08594895899295807
0.18952631950378418
0.04141269251704216
0.18264393508434296
0.22281377017498016
0.15540586411952972
0.15827611088752747
0.011897197924554348
0.033832814544439316
0.01319339033216238
0.12659114599227905
0.14231760799884796
0.2074212282896042
0.14505089819431305
0.2065354734659195
0.13151273131370544
0.03913843631744385
0.017709318548440933
0.03749161586165428
0.07631868124008179
0.13362273573875427
0.0807652473449707
0.10835851728916168
0.1432018280029297
0.054565608501434326
0.030966732650995255
0.04458097741007805
0.05704273283481598
0.13916486501693726
0.07963056117296219
0.03625643625855446
0.07439195364713669
0.1682550460100174
0.10609458386898041
0.07583687454462051
0.11030249297618866
0.18942376971244812
0.1700410097837448
0.26339003443717957
0.4515509009361267
0.36450013518333435
0.4283972680568695
0.5226144790649414
0.21726398169994354
0.14975404739379883
0.3514685034751892
0.3439648449420929
0.27836960554122925
0.06438334286212921
0.09656289219856262
0.07455500215291977
0.024775708094239235
0.021414441987872124
0.2565998435020447
0.013397474773228168
0.10971728712320328
0.13247625529766083
0.05168507620692253
0.04717113450169563
0.018638454377651215
0.019652554765343666
0.01804131083190441
0.03377237543463707
0.011844071559607983
0.01636252924799919
0.01913485862314701
0.015241414308547974
0.022361405193805695
0.02728908695280552
0.03918202221393585
0.07279933989048004
0.17461471259593964
0.07117019593715668
0.059710338711738586
0.059296149760484695
0.05301002413034439
0.056864459067583084
0.05333133414387703
0.08075889945030212
0.08845692127943039
0.052696533501148224
0.20671793818473816
0.1768985390663147
0.25467875599861145
0.2597633898258209
0.29958590865135193
0.1724531501531601
0.17635208368301392
0.13532845675945282
0.23557765781879425
0.257721871137619
0.06849317252635956
0.1482982486486435
0.20186573266983032
0.14475561678409576
0.10560348629951477
0.15828335285186768
0.07428384572267532
0.07692292332649231
0.12931834161281586
0.13761784136295319
0.1696830838918686
0.27841049432754517
0.24593737721443176
0.23337407410144806
0.34627506136894226
0.2070670872926712
0.5536187291145325
0.40224820375442505
0.37128058075904846
0.25017672777175903
0.1806696206331253
0.39916375279426575
0.4081844985485077
0.29636189341545105
0.29682493209838867
0.3984285891056061
0.2566489279270172
0.3666103482246399
0.36113378405570984
0.10887692123651505
0.47024378180503845
0.1674952507019043
0.21420815587043762
0.32194429636001587
0.27731940150260925
0.30620327591896057
0.4632784128189087
0.5115631222724915
0.39033302664756775
0.4756377041339874
0.32155007123947144
0.23002460598945618
0.3701612949371338
0.3819599747657776
0.5508126616477966
0.554827094078064
0.32556992769241333
0.4589501917362213
0.6281343698501587
0.6982563734054565
0.6254532337188721
0.6117174029350281
0.4199780523777008
0.6971754431724548
0.5849916934967041
0.6402811408042908
0.48837265372276306
0.5094398260116577
0.3203050196170807
0.2787282466888428
0.3740184009075165
0.463524729013443
0.40035608410835266
0.7266274690628052
0.4528559148311615
0.362500935792923
0.1574554443359375
0.08233026415109634
0.24393725395202637
0.1332932859659195
0.2839578688144684
0.2256736010313034
0.30620038509368896
0.12135472893714905
0.26251164078712463
