0.2560696005821228
0.45683521032333374
0.5179146528244019
0.5801405310630798
0.4686640202999115
0.48977920413017273
0.6034785509109497
0.614920973777771
0.6291794776916504
0.5908311605453491
0.4557158052921295
0.3302716314792633
0.5479453802108765
0.23871414363384247
0.5392255783081055
0.45295822620391846
0.25072041153907776
0.4024924039840698
0.6385086178779602
0.4499082565307617
0.22592023015022278
0.15132619440555573
0.10234178602695465
0.0706317126750946
0.05511123314499855
0.024930184707045555
0.020313948392868042
0.09588644653558731
0.018305579200387
0.0797237977385521
0.0960993617773056
0.01896953582763672
0.19803206622600555
0.06543395668268204
0.0974775105714798
0.38660934567451477
0.28479647636413574
0.44315287470817566
0.5450142025947571
0.5164497494697571
0.37800249457359314
0.37913569808006287
0.5576425790786743
0.3049207031726837
0.34373411536216736
0.6020810604095459
0.674724817276001
0.6091611981391907
0.735431969165802
0.6500006914138794
0.733242392539978
0.8630768060684204
0.8382400274276733
0.3930567502975464
0.7497311234474182
0.7893127202987671
0.6460974812507629
0.5995422005653381
0.826968789100647
0.7809737324714661
0.4185626804828644
0.4988064169883728
0.5136553049087524
0.5709398984909058
0.3643137514591217
0.1883612722158432
0.341053307056427
0.24183718860149384
0.16197392344474792
0.38941705226898193
0.11963093280792236
0.1341933012008667
0.13091251254081726
0.12289079278707504
0.06271815299987793
0.03829403594136238
0.08267469704151154
0.1744157075881958
0.0819253921508789
0.014298132620751858
0.22878755629062653
0.2918058931827545
0.03612922504544258
0.08850373327732086
0.20202870666980743
0.5263426899909973
0.06948696821928024
0.49098682403564453
0.8586984276771545
0.8089792728424072
0.8361247181892395
0.23601695895195007
0.2351757436990738
0.12414835393428802
0.04056738689541817
0.005577600095421076
0.005839397199451923
0.0034421118907630444
0.03694338724017143
0.011805162765085697
0.01667652279138565
0.0286693312227726
0.11657451093196869
0.02754470519721508
0.04733665660023689
0.2284165471792221
0.25118935108184814
0.3566455543041229
0.16030406951904297
0.18462292850017548
0.0983239933848381
0.1438545286655426
0.13602299988269806
0.02280617691576481
0.009919831529259682
0.0015615725424140692
0.0032773290295153856
0.001240600598976016
0.035528190433979034
0.01466982252895832
0.0886068195104599
0.2516794204711914
0.27336210012435913
0.277005136013031
0.5128793716430664
0.2637339234352112
0.1902025192975998
0.42954352498054504
0.4614225924015045
0.3638370633125305
0.1638472080230713
0.14477135241031647
0.12069499492645264
0.22311531007289886
0.22573086619377136
0.3965279161930084
0.3944520354270935
0.3036286532878876
0.40820369124412537
0.48134538531303406
0.2684982120990753
0.3063919246196747
0.6121551394462585
0.8793420791625977
0.1315772980451584
0.337995707988739
0.8225759863853455
0.9023736119270325
0.04723002016544342
0.4709603488445282
0.9097296595573425
0.37035202980041504
0.03729504719376564
0.676829993724823
0.8096908330917358
0.11302541196346283
0.1815323829650879
0.5597934722900391
0.7008351683616638
0.017800090834498405
0.6019595265388489
0.49413007497787476
0.19905006885528564
0.13135237991809845
0.2448699027299881
0.2011415809392929
0.06900964677333832
0.39579254388809204
0.2568226456642151
0.21782547235488892
0.18484310805797577
0.34408822655677795
0.5423768758773804
0.3643478751182556
0.2376057356595993
0.22425194084644318
0.06481734663248062
0.04206119477748871
0.01720535196363926
0.007014447823166847
0.03357900679111481
0.002713194815441966
0.0010542533127591014
0.005178770516067743
0.00688427546992898
0.0017287969822064042
0.00943844486027956
0.01701514422893524
0.027957985177636147
0.09495867788791656
0.08164510875940323
0.10907657444477081
0.2099732607603073
0.14234578609466553
0.19399604201316833
0.034974802285432816
0.1846819669008255
0.10329627990722656
0.19955219328403473
0.3638787269592285
0.19163817167282104
0.5307844281196594
0.41203707456588745
0.09931764006614685
0.05007006227970123
0.07054485380649567
0.03721018135547638
0.031924955546855927
0.012679177336394787
0.01817123033106327
0.01925136148929596
0.015079832635819912
0.02754019759595394
0.11655693501234055
0.061589889228343964
0.014005056582391262
0.03283766657114029
0.027523035183548927
0.020670607686042786
0.08390121161937714
0.011761188507080078
0.030097126960754395
0.09335391223430634
0.06533154100179672
0.1541297435760498
0.16819246113300323
0.2312271147966385
0.12966401875019073
0.19017550349235535
0.1934720128774643
0.424492210149765
0.2690447270870209
0.6575246453285217
0.4224032759666443
0.19588199257850647
0.4422077238559723
0.6123596429824829
0.16925764083862305
0.46156173944473267
0.516864001750946
0.33948054909706116
0.23662859201431274
0.4437188506126404
0.25185897946357727
0.19494400918483734
0.7249882221221924
0.4055769443511963
0.3199046552181244
0.4779414236545563
0.5130665898323059
0.4760977327823639
0.491085946559906
0.7385553121566772
0.6504572629928589
0.5041317939758301
0.31635934114456177
0.3212708830833435
0.6068780422210693
0.3841901123523712
0.7287579774856567
0.7580947279930115
0.6990293264389038
0.6097877621650696
0.760162353515625
0.7132671475410461
0.5579156875610352
0.7834629416465759
0.6298307776451111
0.6539403796195984
0.8133214116096497
0.792249321937561
0.5483034253120422
0.60271817445755
0.5012130737304688
0.6134978532791138
0.6313237547874451
0.7051634192466736
0.8414525985717773
0.8297490477561951
0.7830445170402527
0.6741222739219666
0.7523835301399231
0.6356015205383301
0.6741319298744202
0.16379231214523315
0.44607916474342346
0.3160995841026306
0.2827487289905548
0.45998039841651917
0.4579293429851532
0.7258012890815735
0.24377281963825226
0.30008184909820557
0.09150165319442749
0.20271576941013336
0.08380533009767532
0.08890177309513092
0.0643223375082016
0.12836812436580658
0.12054390460252762
0.12368341535329819
0.2360123246908188
0.056457627564668655
0.07844716310501099
0.1982385814189911
0.2364855855703354
0.26312777400016785
0.3395322263240814
0.6211236119270325
0.5853031277656555
0.7557671070098877
0.7807814478874207
0.5165793895721436
0.4017159938812256
0.4838307201862335
0.7148569226264954
0.5084689259529114
0.745955765247345
0.6365700364112854
0.7362489104270935
0.856295108795166
0.8627594709396362
0.6984007954597473
0.6622956991195679
0.8697652220726013
0.8373637795448303
0.7091829180717468
0.8290122747421265
0.9227933883666992
0.86839759349823
0.7629241347312927
0.5248057246208191
0.6472543478012085
0.6526329517364502
0.4786704480648041
0.3841576874256134
0.35971906781196594
0.30793750286102295
0.3071743845939636
0.4207257330417633
0.21502722799777985
0.14018674194812775
0.09161996841430664
0.17066128551959991
0.06501886993646622
0.07037563621997833
0.09993769973516464
0.05432611703872681
0.041189298033714294
0.021187851205468178
0.13188041746616364
0.023779036477208138
0.03665504604578018
0.11405690759420395
0.21821923553943634
0.04360618069767952
0.34207192063331604
0.19474893808364868
0.6152119636535645
0.14735174179077148
0.6042737364768982
0.700793445110321
0.8305861353874207
0.6789620518684387
0.418981671333313
0.4735218584537506
0.38531598448753357
0.18123966455459595
0.04454955458641052
0.0666823610663414
0.04667843505740166
0.25168436765670776
0.06219193711876869
0.36707302927970886
0.5131028890609741
0.7391504645347595
0.32606106996536255
0.38912856578826904
0.6082409620285034
0.4289143979549408
0.2699117362499237
0.3306617736816406
0.4035190939903259
0.6023632884025574
0.6611642837524414
0.2808782160282135
0.6602314114570618
0.564797580242157
0.49796390533447266
0.5881872773170471
0.3180196285247803
0.4961804449558258
0.13443277776241302
0.08222007751464844
0.028126070275902748
0.00976503174751997
0.011536267586052418
0.00772639038041234
0.02555290423333645
0.07246150076389313
0.15838974714279175
0.7365429401397705
0.6565402150154114
0.6769696474075317
0.7800777554512024
0.7856321930885315
0.5977994203567505
0.5958280563354492
0.4615980386734009
0.3359392583370209
0.5311445593833923
0.5523603558540344
0.42241817712783813
0.5143944621086121
0.5011646151542664
0.5999274253845215
0.7178105115890503
0.5784563422203064
0.5708015561103821
0.75426185131073
0.7984152436256409
0.7796325087547302
0.7732527852058411
0.8458847999572754
0.23434072732925415
0.7665257453918457
0.8713834881782532
0.8936119079589844
0.1559886485338211
0.6276963353157043
0.9102603197097778
0.31653136014938354
0.07966087013483047
0.6956642270088196
0.8199217915534973
0.07998732477426529
0.2655085027217865
0.7421744465827942
0.6409943103790283
0.023891780525445938
0.7465720772743225
0.752585232257843
0.19695588946342468
0.14084714651107788
0.1824692189693451
0.1472601294517517
0.19174054265022278
0.5805023312568665
0.46803393959999084
0.5392404794692993
0.5167751908302307
0.8206263184547424
0.8359601497650146
0.8870370984077454
0.7328499555587769
0.7389549016952515
0.4602917730808258
0.6688663959503174
0.18969270586967468
0.44260701537132263
0.4497795104980469
0.023998549208045006
0.015873292461037636
0.2755398154258728
0.2494589239358902
0.029872898012399673
0.06131518632173538
0.13779005408287048
0.12581366300582886
0.3277146816253662
0.4143032133579254
0.3310554623603821
0.6124580502510071
0.3335686922073364
0.34550467133522034
0.8294125199317932
0.5052592158317566
0.3030429780483246
0.31803908944129944
0.3342684507369995
0.45357048511505127
0.5908071994781494
0.3842104971408844
0.206011101603508
0.32555273175239563
0.5532210469245911
0.20389895141124725
0.6089118123054504
0.18089176714420319
0.03058699518442154
0.05824769288301468
0.03661970794200897
0.09065648168325424
0.025325395166873932
0.06612227112054825
0.03485806658864021
0.07931200414896011
0.024558423087000847
0.2279324233531952
0.20840337872505188
0.2239295393228531
0.5279129147529602
0.2917042672634125
0.33422422409057617
0.5170163512229919
0.48365482687950134
0.5676043033599854
0.4952922463417053
0.737486720085144
0.7871134877204895
0.6586015820503235
0.5260441303253174
0.8253958821296692
0.7774970531463623
0.7137756943702698
0.8622748255729675
0.7423833012580872
0.4062871038913727
0.5354240536689758
0.8036032319068909
0.8022966384887695
0.6518387198448181
0.9000803828239441
0.8620374798774719
0.6360021233558655
0.34927111864089966
0.4195469915866852
0.37125951051712036
0.6974837183952332
0.4746065139770508
0.48705413937568665
0.3626043200492859
0.23412294685840607
0.2430906593799591
0.6370638608932495
0.6215324401855469
0.49590063095092773
0.7358057498931885
0.2822515070438385
0.5229427218437195
0.5360361337661743
0.5750055909156799
0.566673994064331
0.4296618402004242
0.5696893930435181
0.4018912613391876
0.6171054840087891
0.5581534504890442
0.34223854541778564
0.4967706501483917
0.8657984137535095
0.8229201436042786
0.42032328248023987
0.5635145306587219
0.6683056950569153
0.8223870992660522
0.8018456697463989
0.44818243384361267
0.5193377733230591
0.6108211874961853
0.6946511268615723
0.8523047566413879
0.7951295971870422
0.36946991086006165
0.5093236565589905
0.615911066532135
0.7091734409332275
0.29597845673561096
0.511731743812561
0.6624603867530823
0.41011568903923035
0.4651654064655304
0.5002022385597229
0.47476187348365784
0.24838434159755707
0.4381527006626129
0.5314972996711731
0.34568434953689575
0.400274395942688
0.5264880657196045
0.45674997568130493
0.4527195394039154
0.43273720145225525
0.3248195946216583
0.34323763847351074
0.47497162222862244
0.4428020119667053
0.5141847729682922
0.5818083882331848
0.6566073298454285
0.45613253116607666
0.5345385074615479
0.41426241397857666
0.5234430432319641
0.5032103657722473
0.5355074405670166
0.45544514060020447
0.5118851661682129
0.39898866415023804
0.5022293925285339
0.5455211997032166
0.677764892578125
0.6499026417732239
0.4226245582103729
0.30377674102783203
0.5087450742721558
0.6154491305351257
0.4825609028339386
0.7064235210418701
0.7316665649414062
0.413004070520401
0.731146514415741
0.5507628321647644
0.812926173210144
0.6159119009971619
0.5515914559364319
0.23147232830524445
0.406748503446579
0.48416867852211
0.7062094211578369
0.7697446346282959
0.4319106340408325
0.3694855868816376
0.09451518207788467
0.1476787030696869
0.5773938894271851
0.5055026412010193
0.8192408084869385
0.7797305583953857
0.6641488671302795
0.7015707492828369
0.5640074014663696
0.7867503762245178
0.8336566090583801
0.6952217221260071
0.614940345287323
0.6846001744270325
0.6537439823150635
0.7979081273078918
0.8571648597717285
0.5624046325683594
0.8219260573387146
0.7796768546104431
0.7337121367454529
0.5205093026161194
0.6748608350753784
0.7399035096168518
0.5591320991516113
0.628830075263977
0.4374952018260956
0.23694583773612976
0.17922940850257874
0.5411195755004883
0.467494398355484
0.6158255338668823
0.7578495144844055
0.4210815131664276
0.4017478823661804
0.3639528751373291
0.603812038898468
0.38413214683532715
0.32124271988868713
0.28417667746543884
0.34127551317214966
0.48079150915145874
0.5272766947746277
0.4218543469905853
0.4751323163509369
0.4639680087566376
0.5817728042602539
0.3938065469264984
0.4249192476272583
0.576653778553009
0.45947781205177307
0.3054807782173157
0.1514655351638794
0.4586457312107086
0.3595077097415924
0.27678218483924866
0.4258217215538025
0.3837990164756775
0.39283666014671326
0.24978657066822052
0.37319284677505493
0.18180735409259796
0.1814570128917694
0.12867869436740875
0.09062206745147705
0.15398377180099487
0.43407949805259705
0.136357381939888
0.32582250237464905
0.4536358416080475
0.2975441515445709
0.2318858802318573
0.3670411705970764
0.3775007426738739
0.2838473618030548
