0.06729894131422043
0.06463447958230972
0.03192617744207382
0.04012073948979378
0.005266598425805569
0.005577913485467434
0.025528015568852425
0.020309021696448326
0.16281957924365997
0.11673080921173096
0.10614587366580963
0.10351936519145966
0.19400621950626373
0.185804083943367
0.05547959730029106
0.04996782913804054
0.06871858984231949
0.14335589110851288
0.09229591488838196
0.029723184183239937
0.05718432739377022
0.15658585727214813
0.012845505960285664
0.002977987052872777
0.015219551511108875
0.03390592709183693
0.0028887782245874405
0.01591365598142147
0.0838504284620285
0.08016199618577957
0.10363374650478363
0.03683968260884285
0.020251896232366562
0.0054619088768959045
0.0012864894233644009
0.007036370690912008
0.010509897954761982
0.0635160282254219
0.04380549117922783
0.042999494820833206
0.09217438846826553
0.03865334764122963
0.07556807994842529
0.07439772039651871
0.04770289734005928
0.03413893282413483
0.024004613980650902
0.014296467415988445
0.04700606316328049
0.012300345115363598
0.011126008816063404
0.036746297031641006
0.023536458611488342
0.0033401837572455406
0.01231211144477129
0.01694532297551632
0.0171744953840971
0.007209934294223785
0.003501524217426777
0.002632432384416461
0.003209358314052224
0.007204518653452396
0.0034455228596925735
0.015379947610199451
0.013039883226156235
0.02008160948753357
0.021586744114756584
0.056641560047864914
0.11005435138940811
0.04325640946626663
0.005132293328642845
0.017549077048897743
0.006691751070320606
0.00975338276475668
0.01987386867403984
0.046475935727357864
0.041388146579265594
0.03704504296183586
0.0188292209059
0.020840918645262718
0.005846838932484388
0.009346779435873032
0.03160509094595909
0.003028889885172248
0.006072527263313532
0.012450512498617172
0.022084739059209824
0.003198452992364764
0.012656298466026783
0.03205423057079315
0.004079508129507303
0.001278635230846703
0.008885638788342476
0.020063992589712143
0.0007435923325829208
0.018040798604488373
0.017630986869335175
0.009477117098867893
0.01676725409924984
0.008468001149594784
0.04482537508010864
0.016568943858146667
0.001754237338900566
0.005984703078866005
0.018283111974596977
0.028099030256271362
0.0159812793135643
0.011610825546085835
0.02852516993880272
0.04307924211025238
0.2204854041337967
0.2549459636211395
0.8022320866584778
0.44260889291763306
0.7889766097068787
0.4165620505809784
0.44772857427597046
0.28729090094566345
0.17454363405704498
0.3230922222137451
0.05357174202799797
0.06379430741071701
0.1276688575744629
0.06503034383058548
0.03816140070557594
0.0056484476663172245
0.010732301510870457
0.015463446266949177
0.0030013909563422203
0.0026958186645060778
0.007792902644723654
0.010595709085464478
0.0009602888021618128
0.0021985650528222322
0.021079758182168007
0.015844905748963356
0.0021294199395924807
0.019226128235459328
0.022022316232323647
0.012135439552366734
0.015361973084509373
0.006109819281846285
0.013020159676671028
0.0015898904530331492
0.0037436564452946186
0.004550880286842585
0.011600906029343605
0.027302082628011703
0.25456875562667847
0.7213148474693298
0.8991338014602661
0.9244315028190613
0.38509219884872437
0.1491370052099228
0.41619765758514404
0.1267995834350586
0.10929334163665771
0.6664875745773315
0.5045158267021179
0.047700800001621246
0.36125418543815613
0.4992133677005768
0.008819895796477795
0.2048424929380417
0.34219270944595337
0.03132661059498787
0.01251308899372816
0.2077818214893341
0.09810012578964233
0.011825276538729668
0.020101159811019897
0.006190001964569092
0.10226163268089294
0.035380709916353226
0.004663226194679737
0.0255877822637558
0.005658892914652824
0.007054483983665705
0.02952873706817627
0.07201414555311203
0.18087950348854065
0.7170135378837585
0.445761114358902
0.3372460901737213
0.8885686993598938
0.9387644529342651
0.8746874332427979
0.7316494584083557
0.9599436521530151
0.9455702900886536
0.5194533467292786
0.5505439639091492
0.9231846928596497
0.34744349122047424
0.2022470235824585
0.8619711399078369
0.7590553760528564
0.16188901662826538
0.33292871713638306
0.23412132263183594
0.1694210320711136
0.028273919597268105
0.01649768464267254
0.011683850549161434
0.009168548509478569
0.016988007351756096
0.07949650287628174
0.3067775070667267
0.6815882325172424
0.8531433939933777
0.9383884072303772
0.8662613034248352
0.7078505754470825
0.9493350982666016
0.7651241421699524
0.8867979049682617
0.963835597038269
0.9180801510810852
0.9589589238166809
0.737838089466095
0.8687635064125061
0.7386662364006042
0.9004836678504944
0.7991905808448792
0.3771512508392334
0.5310683846473694
0.5847137570381165
0.33598393201828003
0.12244823575019836
0.2791127562522888
0.3738853335380554
0.35271215438842773
0.22501786053180695
0.20512039959430695
0.1546160727739334
0.09284012764692307
0.014973766170442104
0.023973476141691208
0.00488673523068428
0.03829731419682503
0.0927947610616684
0.34850171208381653
0.46659448742866516
0.3406320810317993
0.6689766049385071
0.6494963765144348
0.4591016173362732
0.39219775795936584
0.7124664783477783
0.7458743453025818
0.7078725695610046
0.6733937859535217
0.554771900177002
0.8441233038902283
0.6503598093986511
0.7555594444274902
0.8513244986534119
0.5783779621124268
0.9408261179924011
0.9557740092277527
0.9007353186607361
0.8618705868721008
0.7942717671394348
0.8732548356056213
0.8443462252616882
0.3906691372394562
0.32693639397621155
0.8415446281433105
0.619816243648529
0.09486739337444305
0.6585155725479126
0.9156723022460938
0.2952660620212555
0.24144724011421204
0.8194693922996521
0.9196147918701172
0.17309661209583282
0.3456921875476837
0.9338220953941345
0.5881641507148743
0.425311416387558
0.780976414680481
0.8413088321685791
0.21495279669761658
0.3735159933567047
0.8023495078086853
0.7268304228782654
0.13204176723957062
0.22620077431201935
0.6078572273254395
0.46828576922416687
0.10774146020412445
0.10439419746398926
0.19385764002799988
0.25824669003486633
0.085236094892025
0.07087989151477814
