0.07233770191669464
0.04789441451430321
0.05475141853094101
0.033026762306690216
0.011222745291888714
0.005561270285397768
0.0029348228126764297
0.0109938969835639
0.019708355888724327
0.18252722918987274
0.3437131643295288
0.46787193417549133
0.19351726770401
0.03047386184334755
0.017998961731791496
0.04097405821084976
0.02640116959810257
0.009774801321327686
0.03306364640593529
0.1014823466539383
0.035308998078107834
0.03965616971254349
0.04736080393195152
0.04300448298454285
0.07719879597425461
0.05327695980668068
0.1804133951663971
0.3231722116470337
0.5649048686027527
0.8001720309257507
0.902262806892395
0.968817412853241
0.9429522752761841
0.8684778809547424
0.5199285745620728
0.37931838631629944
0.10769303143024445
0.13040313124656677
0.025665244087576866
0.05688555911183357
0.05831350386142731
0.05589345470070839
0.04855475574731827
0.020726554095745087
0.03549820929765701
0.009612709283828735
0.024688461795449257
0.014470451511442661
0.04798104241490364
0.4467121362686157
0.398627907037735
0.9267516732215881
0.9339231848716736
0.6668804883956909
0.912225604057312
0.995310366153717
0.9480704069137573
0.3487159311771393
0.9812329411506653
0.9941878914833069
0.6941657662391663
0.26644396781921387
0.9847058057785034
0.9522809982299805
0.13939498364925385
0.4555399715900421
0.9873684644699097
0.918506920337677
0.7608906626701355
0.4053918123245239
0.18988418579101562
0.10135636478662491
0.030789412558078766
0.008736428804695606
0.006811548490077257
0.004278002772480249
0.005194950848817825
0.014268779195845127
0.14427746832370758
0.03631250932812691
0.022062968462705612
0.01443780679255724
0.030446834862232208
0.021003810688853264
0.08415291458368301
0.06445015966892242
0.013739132322371006
0.05279804393649101
0.1422840654850006
0.17426323890686035
0.016663242131471634
0.02821006067097187
0.05003678426146507
0.037696827203035355
0.08361076563596725
0.4196271002292633
0.4585190415382385
0.24031826853752136
0.5605026483535767
0.8893267512321472
0.827224612236023
0.9455631971359253
0.9055961966514587
0.9079352617263794
0.8564497828483582
0.8898341059684753
0.9280575513839722
0.9476295113563538
0.9242636561393738
0.8942841291427612
0.8022375106811523
0.8003139495849609
0.48931142687797546
0.7548325657844543
0.9060837626457214
0.9360387921333313
0.9596447348594666
0.877464771270752
0.9034721851348877
0.7698268890380859
0.7920699119567871
0.5902431607246399
0.7531530857086182
0.14435407519340515
0.0848131999373436
0.3154524564743042
0.15831942856311798
0.014485263265669346
0.07278219610452652
0.07106165587902069
0.03740205243229866
0.0037802259903401136
0.054858576506376266
0.06838216632604599
0.01699637435376644
0.015309846960008144
0.10169415920972824
0.0712142214179039
0.04356980696320534
0.09808122366666794
0.07545321434736252
0.03795308247208595
0.04504767060279846
0.15221072733402252
0.35834044218063354
0.25112786889076233
0.34561559557914734
0.16385610401630402
0.28066056966781616
0.5819283723831177
0.6822068095207214
0.9769248962402344
0.9787977933883667
0.9219947457313538
0.5107877850532532
0.652539849281311
0.3349110186100006
0.11778160184621811
0.626352846622467
0.8231074810028076
0.052111975848674774
0.07638522237539291
0.5317164659500122
0.31035810708999634
0.1888047158718109
0.3896690309047699
0.7868682742118835
0.7347878217697144
0.6136184334754944
0.05259384587407112
0.022759510204195976
0.025653207674622536
0.09126918762922287
0.3973321318626404
0.7353809475898743
0.30322709679603577
0.1933325231075287
0.7358816266059875
0.690345048904419
0.07971526682376862
0.15755008161067963
0.9501757025718689
0.8208644390106201
0.16105230152606964
0.8431767225265503
0.9822582602500916
0.9679239392280579
0.573746919631958
0.21707017719745636
0.13118813931941986
0.018267299979925156
0.009247276932001114
0.026254912838339806
0.008197333663702011
0.04469120875000954
0.05708593130111694
0.030692828819155693
0.07033481448888779
0.14097899198532104
0.09876690804958344
0.07130303978919983
0.21980389952659607
0.37491536140441895
0.4406563937664032
0.06776314973831177
0.43766501545906067
0.5596057176589966
0.13514892756938934
0.39758190512657166
0.5129414796829224
0.17238850891590118
0.3254443109035492
0.3176305592060089
0.2083670198917389
0.26829639077186584
0.051093410700559616
0.029254376888275146
0.05327652767300606
0.045917659997940063
0.010853458195924759
0.00706242211163044
0.04773113131523132
0.011085978709161282
0.007782404776662588
0.045630086213350296
0.020717019215226173
0.009652258828282356
0.012720641680061817
0.032782603055238724
0.04280469939112663
0.03587772324681282
