0.5828537344932556
0.6799712777137756
0.7327510714530945
0.8422664403915405
0.8645867109298706
0.9166092276573181
0.8578718304634094
0.8378887176513672
0.9152214527130127
0.8381648659706116
0.8779928088188171
0.8665068745613098
0.8660759329795837
0.9385702610015869
0.9487427473068237
0.9389431476593018
0.9453905820846558
0.9658366441726685
0.9446707963943481
0.9429861903190613
0.9393365979194641
0.9587302803993225
0.7583867907524109
0.7958505153656006
0.639750599861145
0.3395650088787079
0.24153085052967072
0.1843632608652115
0.16015022993087769
0.04928761348128319
0.10331576317548752
0.10953699052333832
0.28733932971954346
0.16903890669345856
0.16478438675403595
0.1853737235069275
0.4266955256462097
0.7362298369407654
0.7591466903686523
0.8646610379219055
0.9315385818481445
0.9580576419830322
0.8994286060333252
0.9751605987548828
0.9800864458084106
0.9389960169792175
0.9373866319656372
0.9760304689407349
0.9648150205612183
0.948409914970398
0.8968176245689392
0.8202059864997864
0.5746796727180481
0.7983580827713013
0.3894892930984497
0.7968104481697083
0.2658633887767792
0.6675594449043274
0.32002174854278564
0.2957392930984497
0.5414019823074341
0.16453512012958527
0.21138404309749603
0.05078502744436264
0.1097450852394104
0.05121089145541191
0.10050913691520691
0.1420964151620865
0.07562485337257385
0.0809846892952919
0.2684415876865387
0.18355661630630493
0.5360062718391418
0.3126896917819977
0.6122159361839294
0.6273421049118042
0.8654239773750305
0.8002107739448547
0.5438042283058167
0.47197771072387695
0.6433984041213989
0.3592425584793091
0.799214780330658
0.6733875870704651
0.2563939690589905
0.6100372076034546
0.8413888812065125
0.1940256953239441
0.25477010011672974
0.8159074783325195
0.6917571425437927
0.5511677861213684
0.12888559699058533
0.23822617530822754
0.11537965387105942
0.058945801109075546
0.11033127456903458
0.08524526655673981
0.0628494992852211
0.07035929709672928
0.10086333006620407
0.0961095541715622
0.046277813613414764
0.09869995713233948
0.04923303797841072
0.12684190273284912
0.11760225892066956
0.6542560458183289
0.6384263634681702
0.4963974952697754
0.9104938507080078
0.8572598099708557
0.3635455071926117
0.5536907315254211
0.23839445412158966
0.29889345169067383
0.5026642680168152
0.31115812063217163
0.438873291015625
0.38848063349723816
0.4569196105003357
0.6139958500862122
0.572121798992157
0.6667196154594421
0.8475119471549988
0.40798527002334595
0.3459101617336273
0.7054859399795532
0.3741377890110016
0.8802173137664795
0.9252777099609375
0.5770471692085266
0.93144690990448
0.7831143140792847
0.9229101538658142
0.8768060803413391
0.9063097834587097
0.8550055623054504
0.34767380356788635
0.8990192413330078
0.30738726258277893
0.7725658416748047
0.19265985488891602
0.8036978840827942
0.6968136429786682
0.8126909732818604
0.8281936645507812
0.9482985734939575
0.9352348446846008
0.9088912606239319
0.9011102318763733
0.8877342939376831
0.4650990068912506
0.5211648344993591
0.8276579976081848
0.5123762488365173
0.5803353786468506
0.8448513150215149
0.8973406553268433
0.7592331767082214
0.17670731246471405
0.4159665107727051
0.34688010811805725
0.18749269843101501
0.4087423086166382
0.3529626131057739
0.5467526912689209
0.6178310513496399
0.8520077466964722
0.8737158179283142
0.9282822012901306
0.9223418831825256
0.9484330415725708
0.9518824815750122
0.9673866629600525
0.8091539144515991
0.9049697518348694
0.7661287784576416
0.5532869696617126
0.46496519446372986
0.8521125912666321
0.6890673041343689
0.8996126651763916
0.7325182557106018
0.8809254169464111
0.7386824488639832
