0.3491019904613495
0.7285990118980408
0.3763108253479004
0.3505202829837799
0.12117557972669601
0.7718945741653442
0.09795188903808594
0.38091978430747986
0.14451761543750763
0.2573818862438202
0.7343589067459106
0.5029646158218384
0.8885928988456726
0.6346657872200012
0.17920856177806854
0.9045792818069458
0.912555992603302
0.35952332615852356
0.14579108357429504
0.877703845500946
0.736387312412262
0.11960077285766602
0.19004030525684357
0.7332292795181274
0.4303304851055145
0.08453366905450821
0.32278525829315186
0.36608022451400757
0.8997012376785278
0.8854920268058777
0.9248799085617065
0.9505875110626221
0.948785662651062
0.9652445912361145
0.9305947422981262
0.9669709801673889
0.9386558532714844
0.8732685446739197
0.916020929813385
0.9151005148887634
0.7036747336387634
0.6069554686546326
0.6392415165901184
0.7308204770088196
0.6908606290817261
0.6643743515014648
0.42887017130851746
0.8857758641242981
0.5079483985900879
0.85637366771698
0.6230114698410034
0.6750005483627319
0.336865097284317
0.7397899031639099
0.36111995577812195
0.1076173186302185
0.11237668991088867
0.13264653086662292
0.14066965878009796
0.08512613922357559
0.044574711471796036
0.11260467022657394
0.07211457192897797
0.36942747235298157
0.06236044690012932
0.163053959608078
0.2424193024635315
0.3082459270954132
0.3668549358844757
0.3266346752643585
0.1373501569032669
0.5262236595153809
0.4511113166809082
0.18644919991493225
0.572487473487854
0.497469961643219
0.67606121301651
0.5914261341094971
0.4859788715839386
0.8467679619789124
0.6943477988243103
0.6747695803642273
0.8377932906150818
0.7622089982032776
0.44650179147720337
0.4117443263530731
0.4998113214969635
0.1354060173034668
0.20847775042057037
0.10642586648464203
0.21894729137420654
0.12956422567367554
0.3054652214050293
0.716964602470398
0.915302574634552
0.6359528303146362
0.4602746069431305
0.9021590352058411
0.8702459931373596
0.43341782689094543
0.659135103225708
0.9570726752281189
0.5588808655738831
0.31795206665992737
0.9450275897979736
0.9354031682014465
0.7393071055412292
0.5718442797660828
0.9463398456573486
0.9059189558029175
0.5627434849739075
0.8464115262031555
0.9299068450927734
0.9179702401161194
0.7597746849060059
0.6587987542152405
0.79546719789505
0.44135722517967224
0.6353836059570312
0.6598541736602783
0.8468033075332642
0.7357633113861084
0.834100604057312
0.8794568181037903
0.6426510810852051
0.8579288125038147
0.6022533178329468
0.48802608251571655
0.5433430075645447
0.8006761074066162
0.23992854356765747
0.1156432256102562
0.7711933255195618
0.6943348050117493
0.11913570016622543
0.5403940081596375
0.841736376285553
0.5632921457290649
0.5253979563713074
0.9113326668739319
0.8901846408843994
0.9029030203819275
0.7381468415260315
0.25273704528808594
0.43062320351600647
0.10919491201639175
0.04026717692613602
0.08053676038980484
0.06268086284399033
0.09774120897054672
0.32007527351379395
0.6288307905197144
0.7112249732017517
0.27302220463752747
0.19532978534698486
0.20872823894023895
0.2822815775871277
0.06042632833123207
0.08071886748075485
0.0736246332526207
0.14827020466327667
0.040263764560222626
0.13972170650959015
0.26925769448280334
0.2284492701292038
0.4195583462715149
0.31631457805633545
0.5686770677566528
0.43238720297813416
0.3764437437057495
0.37026265263557434
0.1089339405298233
0.15144377946853638
0.1127861887216568
0.48265087604522705
0.6868226528167725
0.5781393051147461
0.8667629957199097
0.5266658067703247
0.394128680229187
0.14956773817539215
0.37020936608314514
0.5183601975440979
0.3225075304508209
0.2445143312215805
0.3721010684967041
0.3590257167816162
0.3281400799751282
0.581488311290741
0.9063389897346497
0.9333739876747131
0.7031877636909485
0.9384013414382935
0.9251781105995178
0.23839445412158966
0.2894979417324066
0.8824431896209717
0.8431892395019531
0.17505362629890442
0.43667182326316833
0.7616618871688843
0.5399585366249084
0.5319741368293762
0.5082127451896667
0.8406373858451843
0.7440224289894104
0.6727415323257446
0.9068742394447327
0.8715435266494751
0.7627162337303162
0.5808761715888977
0.7279584407806396
0.8377475738525391
0.7323129773139954
0.6026878952980042
0.4806642532348633
0.7370041012763977
0.5915215015411377
0.6797323226928711
