0.04044847562909126
0.10035315901041031
0.07198775559663773
0.13257411122322083
0.06831685453653336
0.046676959842443466
0.07938110828399658
0.02160976640880108
0.018282009288668633
0.030134158208966255
0.12629683315753937
0.07730124145746231
0.5836561918258667
0.21211998164653778
0.6219162940979004
0.7248088121414185
0.2692781984806061
0.07519286870956421
0.07370791584253311
0.023553604260087013
0.04211036115884781
0.0464806891977787
0.0058393171057105064
0.03194739297032356
0.01813502423465252
0.010811535641551018
0.021463928744196892
0.04714854061603546
0.036851316690444946
0.034714385867118835
0.028528518974781036
0.03647783026099205
0.024888932704925537
0.0059138089418411255
0.04039518162608147
0.027716049924492836
0.32356491684913635
0.6128776669502258
0.8173859119415283
0.9078329801559448
0.8624469637870789
0.5570136308670044
0.6611283421516418
0.5894759297370911
0.5737558007240295
0.39108186960220337
0.10289551317691803
0.2537180483341217
0.12080521136522293
0.043423935770988464
0.042992450296878815
0.11012127250432968
0.06705264002084732
0.005225202068686485
0.03991217166185379
0.043128371238708496
0.05850507318973541
0.030631834641098976
0.03722657635807991
0.037046030163764954
0.019426537677645683
0.031289152801036835
0.027315128594636917
0.26962992548942566
0.2888006567955017
0.8054415583610535
0.8680868148803711
0.7782962918281555
0.8347976803779602
0.511694073677063
0.6659947037696838
0.22381694614887238
0.743211567401886
0.264914333820343
0.10211069881916046
0.1608455628156662
0.06809201836585999
0.09938798099756241
0.09281007945537567
0.284990131855011
0.5247886776924133
0.6608743667602539
0.4977378249168396
0.7790342569351196
0.7320718169212341
0.536790668964386
0.8664115071296692
0.8449128270149231
0.8248950242996216
0.885459303855896
0.727642297744751
0.8095438480377197
0.8927438855171204
0.8622859120368958
0.8275920152664185
0.8958609700202942
0.8692465424537659
0.9068965911865234
0.8523515462875366
0.8400946259498596
0.9202515482902527
0.920573890209198
0.8431172966957092
0.8998332619667053
0.8283055424690247
0.8658222556114197
0.8561248183250427
0.6742692589759827
0.772662341594696
0.7276124954223633
0.6370582580566406
0.6671605110168457
0.6270803213119507
0.5866681933403015
0.5213610529899597
0.3257688283920288
0.2549820840358734
0.3456621468067169
0.34191012382507324
0.16348178684711456
0.528309166431427
0.2513178884983063
0.2561567425727844
0.3514655530452728
0.2509112060070038
0.19416941702365875
0.444699764251709
0.417843759059906
0.7262788414955139
0.7983453869819641
0.5509408712387085
0.8713384866714478
0.6572606563568115
0.39357510209083557
0.9331932067871094
0.9207782745361328
0.5199449062347412
0.8293469548225403
0.37189337611198425
0.8951284885406494
0.6672394871711731
0.890641987323761
0.9105026721954346
0.7856176495552063
0.4114355146884918
0.8627629280090332
0.9495115280151367
0.12164784967899323
0.41805192828178406
0.9730765223503113
0.9383769631385803
0.08495675772428513
0.8929030299186707
0.9725401401519775
0.417983740568161
0.2053813338279724
0.9141254425048828
0.9881676435470581
0.9327629804611206
0.7246535420417786
0.5565939545631409
0.18008136749267578
0.05744306370615959
0.03654705733060837
0.2266382873058319
0.028689244762063026
0.3114248812198639
0.32818934321403503
0.32376009225845337
0.49731817841529846
0.5417145490646362
0.409175843000412
0.15810486674308777
0.2648553252220154
0.202419251203537
0.22465425729751587
0.25649088621139526
0.025417575612664223
0.05249268189072609
0.3555680513381958
0.0726347342133522
0.1186564490199089
0.5168625116348267
0.7488306164741516
0.20996995270252228
0.378224641084671
0.40539324283599854
0.1387767642736435
0.0729621946811676
0.020461587235331535
0.04764058068394661
0.05173022300004959
0.07625894248485565
0.09519312530755997
0.10180698335170746
0.11441396176815033
0.12034358084201813
0.07738242298364639
0.14966344833374023
0.11486651003360748
0.10345403850078583
0.031056417152285576
0.11051014065742493
0.09998904168605804
0.02697254717350006
0.05942942202091217
0.1818031668663025
0.06797376275062561
0.01642765663564205
0.0454823262989521
0.024725647643208504
0.01706760935485363
0.08272838592529297
0.021587325260043144
0.13297192752361298
0.3231235444545746
0.03997056931257248
0.04600568860769272
0.4164034128189087
0.4322207570075989
0.14378312230110168
0.0536196194589138
0.057811252772808075
0.04805140569806099
0.03255549445748329
0.040293868631124496
0.0452105812728405
0.03654325008392334
0.029867345467209816
0.0701306164264679
0.075882188975811
