0.008469024673104286
0.005401805508881807
0.011283627711236477
0.009142418392002583
0.0063580963760614395
0.003108374075964093
0.007803540211170912
0.02153635211288929
0.0032941524405032396
0.001549844746477902
0.0011464899871498346
0.0013896925374865532
0.0015819348627701402
0.0005241630715318024
0.0008627887582406402
0.0005522214923985302
0.0010854480788111687
0.0005280510522425175
0.004683885257691145
0.0014968457398936152
0.008145391941070557
0.004896578378975391
0.022558176890015602
0.021940646693110466
0.015278337523341179
0.0751439556479454
0.027123836800456047
0.00399097939953208
0.013898389413952827
0.02004348486661911
0.00962413102388382
0.01978720724582672
0.0018312581814825535
0.004820062778890133
0.016792049631476402
0.002162483287975192
0.002814187901094556
0.004620883148163557
0.0062979054637253284
0.011113608255982399
0.0019864041823893785
0.006077386438846588
0.01342176366597414
0.00784562062472105
0.0041873520240187645
0.01929592154920101
0.011789793148636818
0.00575441075488925
0.013843683525919914
0.00936613604426384
0.00439852848649025
0.0047767069190740585
0.0032847558613866568
0.0020900655072182417
0.0005354972672648728
0.0008499830728396773
0.0008309492259286344
0.0010105635738000274
0.0009248739224858582
0.008979996666312218
0.011465776711702347
0.017525337636470795
0.00350365461781621
0.0008710191468708217
0.003795195370912552
0.018183499574661255
0.007049037609249353
0.03930461406707764
0.09977884590625763
0.27304044365882874
0.40295085310935974
0.11509961634874344
0.25576263666152954
0.430004358291626
0.34451839327812195
0.30029958486557007
0.4142380356788635
0.37628233432769775
0.32233378291130066
0.1783943474292755
0.4866448640823364
0.5332654714584351
0.328885942697525
0.18708647787570953
0.8333852291107178
0.5437484979629517
0.27616432309150696
0.14914129674434662
0.7081880569458008
0.18865059316158295
0.05400219187140465
0.3402272164821625
0.3886789381504059
0.03800775855779648
0.09209515154361725
0.6436811089515686
0.08834274858236313
0.016063371673226357
0.1588965505361557
0.2766691744327545
0.046852391213178635
0.02193685621023178
0.01778487116098404
0.008240086026489735
0.007160222623497248
0.0021349573507905006
0.0006474742549471557
0.0005491066258400679
0.0004674041992984712
0.002067027147859335
0.0015092202229425311
0.0061983573250472546
0.0011290771653875709
0.007130510173738003
0.008541987277567387
0.007620188873261213
0.0017767889657989144
0.008053507655858994
0.04598572850227356
0.0028629214502871037
0.004238641355186701
0.08924437314271927
0.06194506958127022
0.015294191427528858
0.12380991131067276
0.020745079964399338
0.02093704789876938
0.004631992895156145
0.005266024265438318
0.006393910385668278
0.004739053081721067
0.01043255440890789
0.07009101659059525
0.022559762001037598
0.008439297787845135
0.02104164846241474
0.005807789042592049
0.009356635622680187
0.03605223447084427
0.26409345865249634
0.12763608992099762
0.2641361951828003
0.7044196128845215
0.4258614182472229
0.19449476897716522
0.34233641624450684
0.2578640580177307
0.11485648155212402
0.13400331139564514
0.07019135355949402
0.08070226013660431
0.04535481706261635
0.07226236909627914
0.19855380058288574
0.28880682587623596
0.06410223990678787
0.13638362288475037
0.36096060276031494
0.15321572124958038
0.24992772936820984
0.09592857956886292
0.24204021692276
0.6617801785469055
0.3365437090396881
0.06793313473463058
0.43012136220932007
0.6107468605041504
0.18940691649913788
0.12258516252040863
0.2631203830242157
0.42697620391845703
0.5695078372955322
0.1728823184967041
0.19294680655002594
0.1910037249326706
0.024084363132715225
0.024142351001501083
0.0034029025118798018
0.011214804835617542
0.025207720696926117
0.003381523536518216
0.01916486956179142
0.033593446016311646
0.09541872143745422
0.09599272161722183
0.03197700157761574
0.006839925888925791
0.08369820564985275
0.016302842646837234
0.01639913208782673
0.011644304729998112
0.022399190813302994
0.01885993964970112
0.010853192768990993
0.012857158668339252
0.008874299004673958
0.0030674056615680456
0.005764786619693041
0.008510084822773933
0.008902624249458313
0.0007831577677279711
0.003706149058416486
0.008667325600981712
0.022762203589081764
0.0016606241697445512
0.00402291351929307
0.008842907845973969
0.024805955588817596
0.030329057946801186
0.021021723747253418
0.025842467322945595
0.04755125939846039
0.04261230304837227
0.0900418758392334
0.0164165161550045
0.007376492954790592
0.022072531282901764
0.11994613707065582
0.1291438490152359
0.25490614771842957
0.3383032977581024
0.2657405436038971
0.1850232481956482
0.4727839529514313
0.4472244679927826
0.4442559778690338
0.5059531927108765
0.30447980761528015
0.430829793214798
0.42381277680397034
0.2925691306591034
0.36427760124206543
0.4793762266635895
0.6703243851661682
0.48744672536849976
0.7663206458091736
0.6022958159446716
0.4813731610774994
0.662431538105011
0.8250303864479065
0.7704125046730042
0.5762199759483337
0.7757375240325928
0.735219419002533
0.6099904179573059
0.6235770583152771
0.5686982870101929
0.6071719527244568
0.3785833716392517
0.545367956161499
0.5076817870140076
0.5337511897087097
0.48996883630752563
0.46469926834106445
0.23609831929206848
0.3090844750404358
0.695450484752655
0.5903754830360413
0.6990616917610168
0.43029001355171204
0.5360321402549744
0.746472179889679
0.5566011071205139
0.28861191868782043
0.5180501937866211
0.806852400302887
0.26202791929244995
0.21709614992141724
0.6994558572769165
0.8270359039306641
0.2518094480037689
0.34475311636924744
0.7424503564834595
0.7581056356430054
0.7409108877182007
0.44256511330604553
0.6430397629737854
0.7489483952522278
0.17900218069553375
0.37517720460891724
0.8992429375648499
0.787513792514801
0.18226642906665802
0.4199402630329132
0.9207907915115356
0.6778787970542908
0.3101790249347687
0.5353950262069702
0.7406280040740967
0.404083788394928
0.31017225980758667
0.39946848154067993
0.3153431713581085
0.379995197057724
0.5102120637893677
0.24382178485393524
0.49329084157943726
0.21126671135425568
0.4824032187461853
0.42719027400016785
0.5181366205215454
0.2627262473106384
0.7230295538902283
0.521636962890625
0.7655441164970398
0.264225035905838
0.6659852862358093
0.7653051614761353
0.7158626914024353
0.369670033454895
0.6724486947059631
0.728270411491394
0.445882111787796
0.5763190388679504
0.2858043909072876
0.42171409726142883
0.19134756922721863
0.5216067433357239
0.4401332437992096
0.2667537331581116
0.2310062199831009
0.3778051435947418
0.060254503041505814
0.125261127948761
0.060435183346271515
0.0767023041844368
0.032691340893507004
0.0074918270111083984
0.0016654182691127062
0.003495640354231
0.011661780066788197
0.0069603812880814075
0.018463969230651855
0.03356968238949776
0.28750720620155334
0.0720650777220726
0.006894242484122515
0.037632185965776443
0.0340433344244957
0.018583226948976517
0.0045504202134907246
0.03605895861983299
0.1447552591562271
0.016348926350474358
0.007851646281778812
0.16949261724948883
0.15688081085681915
0.05563320219516754
0.08001957088708878
0.043050069361925125
0.007734936196357012
0.008112897165119648
0.004881144501268864
0.016744224354624748
0.014795069582760334
0.0992300882935524
0.05749686434864998
0.049550823867321014
0.040709011256694794
0.047223981469869614
0.004557500127702951
0.0059739467687904835
0.08570029586553574
0.014398357830941677
0.012484115548431873
0.006457455921918154
0.09274211525917053
0.005542713217437267
0.020788725465536118
0.04705802723765373
0.07432889193296432
0.02361896075308323
0.019443761557340622
0.07376519590616226
0.024927711114287376
0.05122336745262146
0.045026395469903946
0.19354887306690216
0.05513687804341316
0.10739807784557343
0.029277490451931953
0.0398050881922245
0.029228052124381065
0.026203077286481857
0.06327168643474579
0.015078923664987087
0.02700851857662201
0.025293981656432152
0.02278001420199871
0.031807947903871536
0.04377850145101547
0.053872499614953995
0.00798776838928461
0.02452973462641239
0.0328722819685936
0.027917230501770973
0.05264788120985031
0.04906144738197327
0.01856129616498947
0.030010780319571495
0.01977786049246788
0.00511970417574048
0.024281248450279236
0.012421267107129097
0.004798338282853365
0.018769914284348488
0.006836284417659044
0.0010057769250124693
0.0022896500304341316
0.0022482858039438725
0.003748321207240224
0.019833393394947052
0.08204479515552521
0.05526940897107124
0.023977138102054596
0.031007256358861923
0.005922185257077217
0.02404702641069889
0.006148322485387325
0.02115274965763092
0.02460840530693531
0.004920652601867914
0.015689248219132423
0.01060446072369814
0.021851293742656708
0.00328367599286139
0.022192174568772316
0.022605758160352707
0.016940096393227577
0.007544053252786398
0.01044063176959753
0.024848338216543198
0.032882120460271835
0.007846005260944366
0.005831864662468433
0.0020062618423253298
0.0016058299224823713
0.003257419215515256
0.014293302781879902
0.02742059901356697
0.21474313735961914
0.2706986963748932
0.1346655935049057
0.124855175614357
0.01913512870669365
0.04235926270484924
0.01926259510219097
0.011858459562063217
0.00414604926481843
0.02419797144830227
0.00680919922888279
0.013955561444163322
0.043258119374513626
0.04482574015855789
0.016499921679496765
0.0180280189961195
0.014782564714550972
0.0070164743810892105
0.006548193283379078
0.012945515103638172
0.007739316206425428
0.1283830851316452
0.03142973408102989
0.2731618881225586
0.3698566257953644
0.2840050756931305
0.07829421013593674
0.2129872739315033
0.5389248728752136
0.3163885176181793
0.4935397505760193
0.17578193545341492
0.0892777070403099
0.18464986979961395
0.038352567702531815
0.06829138100147247
0.06670168787240982
0.014328435063362122
0.09674505144357681
0.02335439622402191
0.011802375316619873
0.01381626632064581
0.04779060557484627
0.03568961098790169
0.004336148034781218
0.06251182407140732
0.05903540924191475
0.033187318593263626
0.006039040628820658
0.43456485867500305
0.11442993581295013
0.036615658551454544
0.03190832585096359
0.3541179597377777
0.2345011979341507
0.08806432038545609
0.2351832389831543
0.21888206899166107
0.36018210649490356
0.18493886291980743
0.27766624093055725
0.31373515725135803
0.09360994398593903
0.2657482624053955
0.12219510972499847
0.3320036828517914
0.4017266035079956
0.19376255571842194
0.1714673638343811
0.19825266301631927
0.1760966032743454
0.30430617928504944
0.22443453967571259
0.037319160997867584
0.1493983119726181
0.03990495204925537
0.02139105647802353
0.05950731039047241
0.05962659418582916
0.04883309826254845
0.036681149154901505
0.023375460878014565
0.05457461625337601
0.05831623822450638
0.03676380217075348
0.03304992616176605
0.012035258114337921
0.08236130326986313
0.006509094964712858
0.022345632314682007
0.0442931242287159
0.04232092574238777
0.3782089352607727
0.12306902557611465
0.10956060886383057
0.5059351921081543
0.5044476985931396
0.09878402203321457
0.06494923681020737
0.40145131945610046
0.3333490192890167
0.14033780992031097
0.30302542448043823
0.3927620053291321
0.8788941502571106
0.827995240688324
0.5368409752845764
0.19003386795520782
0.18076489865779877
0.5517430901527405
0.6804178357124329
0.22269068658351898
0.1812543272972107
0.7283751964569092
0.6863851547241211
0.3581804037094116
0.06885113567113876
0.25601547956466675
0.35174810886383057
0.04318983480334282
0.056118812412023544
0.17840448021888733
0.12716633081436157
0.024560825899243355
0.04169977828860283
0.07855382561683655
0.10260212421417236
0.08264802396297455
0.044188808649778366
0.06300629675388336
0.11814823746681213
0.07958414405584335
0.06249651685357094
0.1375434547662735
0.14521749317646027
0.11852500587701797
0.14147165417671204
0.2232665717601776
0.24267689883708954
0.10044337809085846
0.16306614875793457
0.2063176929950714
0.027815788984298706
0.062125761061906815
0.04502997547388077
0.03415002301335335
0.024147026240825653
0.04480419680476189
0.052840638905763626
0.019887426868081093
0.053401947021484375
0.03362589329481125
0.0470566526055336
0.09849610179662704
0.10967175662517548
0.06558777391910553
0.04071193188428879
0.313306599855423
0.4091927707195282
0.1947232037782669
0.05156905576586723
0.042448241263628006
0.018200883641839027
0.1306096613407135
0.10452399402856827
0.029521439224481583
0.11535660177469254
0.05589253455400467
0.09172583371400833
0.06994327902793884
0.13196401298046112
0.2973732650279999
0.06169486790895462
0.10024667531251907
0.09205903112888336
0.03507112339138985
0.0486321859061718
0.017975250259041786
0.016737569123506546
0.03146214038133621
0.02815183624625206
0.021184878423810005
0.020743852481245995
0.0266500785946846
0.004792853724211454
0.03151152655482292
0.04066462814807892
0.02294144406914711
0.11975816637277603
0.05751310661435127
0.12259062379598618
0.2693082392215729
0.19042550027370453
0.05274180695414543
0.03361156955361366
0.08763021975755692
0.05161888152360916
0.06214480474591255
0.00907234475016594
0.05833296850323677
0.028808478266000748
0.01603260077536106
0.018341751769185066
0.017476901412010193
0.03800474479794502
0.07616722583770752
0.015171748585999012
0.053933482617139816
0.20801964402198792
0.08317244052886963
0.21724975109100342
0.17897500097751617
0.45446836948394775
0.3421713411808014
0.1835276037454605
0.2583264708518982
0.7093806862831116
0.5523844957351685
0.4682413339614868
0.2927291691303253
0.4108886122703552
0.10417252779006958
0.1881365180015564
0.289429247379303
0.15999484062194824
0.08864925056695938
0.33597591519355774
0.5571697354316711
0.3085969090461731
0.2596356272697449
0.3488665521144867
0.2662687599658966
0.2576536238193512
0.757880687713623
0.5952510237693787
0.17751461267471313
0.13778038322925568
0.07439196854829788
0.023907704278826714
0.063680000603199
0.14946189522743225
0.10685224086046219
0.02820039540529251
0.21999375522136688
0.09148716181516647
0.1290707290172577
0.28697121143341064
0.21325801312923431
0.3406396210193634
0.2006288766860962
0.18323643505573273
0.30739453434944153
0.08257514983415604
0.20109622180461884
0.07811872661113739
0.04020895063877106
0.04236672446131706
0.05496635660529137
0.03508244454860687
0.1366504430770874
0.0344473160803318
0.1162911131978035
0.07154448330402374
0.03137725964188576
0.03421223908662796
0.06015243008732796
0.0753631517291069
0.13039326667785645
0.05217963084578514
0.14528200030326843
0.17836321890354156
0.02939290553331375
0.07610496133565903
0.08163586258888245
0.07442775368690491
0.08616576343774796
0.09706275165081024
0.05647720769047737
0.09822218865156174
0.1187300831079483
