0.17839156091213226
0.20878082513809204
0.23541566729545593
0.3024614751338959
0.18442268669605255
0.3653697073459625
0.47968927025794983
0.23555071651935577
0.30047911405563354
0.5519033074378967
0.4194920063018799
0.4481865167617798
0.2066553235054016
0.6127724051475525
0.3276929259300232
0.31098395586013794
0.27519381046295166
0.17929339408874512
0.1580733060836792
0.04625775292515755
0.19347068667411804
0.028085917234420776
0.1947079449892044
0.1765049546957016
0.10363680124282837
0.3175753951072693
0.18066783249378204
0.10019709914922714
0.16460393369197845
0.0364811085164547
0.17247232794761658
0.09729700535535812
0.1465080827474594
0.17355282604694366
0.14076486229896545
0.10224508494138718
0.2000282257795334
0.38625994324684143
0.4081036150455475
0.5937194228172302
0.5494487881660461
0.7117437720298767
0.6370217204093933
0.37294280529022217
0.584766685962677
0.442770779132843
0.26721513271331787
0.4400617182254791
0.1807130128145218
0.16141463816165924
0.053393129259347916
0.07309167832136154
0.08898621797561646
0.053246740251779556
0.17663808166980743
0.12684190273284912
0.336757093667984
0.5025284290313721
0.1701054871082306
0.5392597317695618
0.47481462359428406
0.35492005944252014
0.43827757239341736
0.21457798779010773
0.3167348802089691
0.16703292727470398
0.16199319064617157
0.18543711304664612
0.21462512016296387
0.1441705971956253
0.037916526198387146
0.1257845163345337
0.07201090455055237
0.04373162239789963
0.13918979465961456
0.08888532221317291
0.06831855326890945
0.11710719019174576
0.18007098138332367
0.1865808367729187
0.0689457580447197
0.16047127544879913
0.059042129665613174
0.19070598483085632
0.07697603851556778
0.1371762454509735
0.13924647867679596
0.3928319215774536
0.4622259736061096
0.3406999707221985
0.5215094685554504
0.23416757583618164
0.45665863156318665
0.3623461127281189
0.4118577539920807
0.22114713490009308
0.44389909505844116
0.34822821617126465
0.3543999195098877
0.14919328689575195
0.11102337390184402
0.4747121036052704
0.4404771029949188
0.2591610252857208
0.1194969192147255
0.6352177262306213
0.42053502798080444
0.08629638701677322
0.153524249792099
0.49885454773902893
0.523853600025177
0.1548263132572174
0.13298462331295013
0.22853095829486847
0.5547189712524414
0.5587512850761414
0.39785832166671753
0.38757243752479553
0.5887122750282288
0.7676895260810852
0.5101544857025146
0.5081824064254761
0.5320510268211365
0.491803377866745
0.31831738352775574
0.6910862922668457
0.5841788053512573
0.670518159866333
0.4567047357559204
0.2553417682647705
0.5019083619117737
0.22276727855205536
0.27582114934921265
0.0716128721833229
0.28516456484794617
0.2076888531446457
0.3075989782810211
0.22717700898647308
0.20271910727024078
0.11491111665964127
0.17055216431617737
0.13670705258846283
0.09898252040147781
0.20756320655345917
0.1285349726676941
0.15250882506370544
0.029014315456151962
0.15786103904247284
0.16878700256347656
0.24018709361553192
0.08526734262704849
0.22144825756549835
0.25980398058891296
0.25050121545791626
0.09880436956882477
0.3793430030345917
0.2828567922115326
0.15043142437934875
0.1486235111951828
0.2174086719751358
0.1485080122947693
0.31300097703933716
0.39397937059402466
0.6583765745162964
0.6558458805084229
0.6371372938156128
0.4839635491371155
0.6184117197990417
0.7548554539680481
0.5249280333518982
0.44011053442955017
0.1898481845855713
0.2771982252597809
0.18817393481731415
0.34569403529167175
0.5094393491744995
0.5461914539337158
0.7865383625030518
0.6211166977882385
0.6976491212844849
0.7417914271354675
0.43753987550735474
0.47509875893592834
0.32295548915863037
0.24757634103298187
0.2077154815196991
0.15442904829978943
0.2604523003101349
0.1411920040845871
0.04619613662362099
0.2202708125114441
0.2828878164291382
0.18022550642490387
0.17883248627185822
0.3417271077632904
0.10080049186944962
0.48171335458755493
0.3690771162509918
0.12288165092468262
0.2599960267543793
0.20787270367145538
0.24257726967334747
0.2797439694404602
0.3475053310394287
0.28998619318008423
0.5291560292243958
0.15702545642852783
0.28096702694892883
0.11703746765851974
0.28285300731658936
0.08658408373594284
0.28900855779647827
0.08746867626905441
0.46007850766181946
0.2672024369239807
0.32369211316108704
