0.0327337421476841
0.01392326969653368
0.04587628319859505
0.007089776452630758
0.08495882153511047
0.010944568552076817
0.07395842671394348
0.02949112094938755
0.06312690675258636
0.06743928045034409
0.29731285572052
0.1592424511909485
0.0341939814388752
0.06955558806657791
0.20051366090774536
0.14859478175640106
0.04424131661653519
0.1264035999774933
0.42144888639450073
0.10413641482591629
0.16175389289855957
0.02219810150563717
0.11150059849023819
0.03350292891263962
0.02812090888619423
0.053293779492378235
0.04892715439200401
0.06852786988019943
0.05020599439740181
0.23174510896205902
0.15145863592624664
0.10550996661186218
0.010008013807237148
0.04704368859529495
0.006790936924517155
0.023698844015598297
0.007012853864580393
0.057433512061834335
0.06543537974357605
0.07717758417129517
0.032409533858299255
0.04131050780415535
0.011871589347720146
0.024190714582800865
0.010149729438126087
0.0571739561855793
0.020202385261654854
0.07657521963119507
0.20078818500041962
0.17361073195934296
0.06900762021541595
0.07668092101812363
0.07018506526947021
0.04306967929005623
0.08222965151071548
0.032002322375774384
0.09227641671895981
0.05904054641723633
0.09095364809036255
0.10190502554178238
0.12695381045341492
0.25301042199134827
0.29425203800201416
0.12519939243793488
0.412415087223053
0.10633740574121475
0.08277987688779831
0.04884103685617447
0.10942157357931137
0.12322304397821426
0.020131150260567665
0.09650977700948715
0.06917145848274231
0.006589711178094149
0.011587892659008503
0.1716872900724411
0.060502905398607254
0.007334331050515175
0.08487633615732193
0.12946656346321106
0.0675828754901886
0.1567530632019043
0.04358312860131264
0.027856549248099327
0.013628332875669003
0.01549204159528017
0.013156453147530556
0.009641902521252632
0.05364527925848961
0.023253822699189186
0.07734941691160202
0.02437894605100155
0.05695159733295441
0.1168375164270401
0.39041849970817566
0.16996259987354279
0.2277776151895523
0.25391271710395813
0.12687110900878906
0.08826606720685959
0.07740650326013565
0.12939710915088654
0.06795237958431244
0.08074583858251572
0.11244457215070724
0.00874736811965704
0.003970840014517307
0.001985489157959819
0.008922250010073185
0.012112435884773731
0.004498480819165707
0.0019985504914075136
0.006598748732358217
0.017338454723358154
0.001959113869816065
0.0026401509530842304
0.007179646752774715
0.03392419219017029
0.006344080436974764
0.03606583550572395
0.04473721981048584
0.013248932547867298
0.05428832024335861
0.09143581986427307
0.1669965386390686
0.30295905470848083
0.34106290340423584
0.13663999736309052
0.054970670491456985
0.053489524871110916
0.2927338480949402
0.057257309556007385
0.01580825075507164
0.13210546970367432
0.3325180411338806
0.036542996764183044
0.09027906507253647
0.4334350526332855
0.6549206972122192
0.36167553067207336
0.17194972932338715
0.48407110571861267
0.4663844704627991
0.530262291431427
0.14063675701618195
0.20257771015167236
0.12177158892154694
0.0875750333070755
0.044554878026247025
0.019335776567459106
0.05317644774913788
0.023633582517504692
0.022017549723386765
0.07265059649944305
0.2671159505844116
0.11827383935451508
0.22377750277519226
0.22714100778102875
0.028807932510972023
0.05452759563922882
0.06065266206860542
0.06453566253185272
0.12432769685983658
0.018305916339159012
0.06425031274557114
0.04447019100189209
0.15326948463916779
0.29947859048843384
0.44340595602989197
0.43264225125312805
0.2982617914676666
0.33433857560157776
0.35423094034194946
0.1255253404378891
0.1842578947544098
0.061898961663246155
0.06961709260940552
0.11801493167877197
0.12511640787124634
0.09698504209518433
0.024145692586898804
0.04048755392432213
0.006878649815917015
0.005543186794966459
0.004421351011842489
0.03695206344127655
0.008759641088545322
0.015171666629612446
0.04680909588932991
0.34926000237464905
0.19755633175373077
0.3949577808380127
0.46686676144599915
0.13668127357959747
0.4551025927066803
0.45120832324028015
0.32910361886024475
0.32200929522514343
0.47510507702827454
0.48516252636909485
0.39286449551582336
0.32589665055274963
0.3958887457847595
0.21478305757045746
0.052462805062532425
0.25690406560897827
0.19346995651721954
0.020399615168571472
0.050448544323444366
0.20613299310207367
0.15379281342029572
0.08001601696014404
0.11629272997379303
0.08417405188083649
0.14005093276500702
0.08493449538946152
0.04014400765299797
0.20864801108837128
0.2227785587310791
0.10280749201774597
0.22359402477741241
0.30399638414382935
0.15142300724983215
0.13303296267986298
0.08952552080154419
0.2688572108745575
0.201651930809021
0.10030578076839447
0.3650950789451599
0.42140617966651917
0.4855843186378479
0.161492258310318
0.26075974106788635
0.26342523097991943
0.2132536768913269
0.047508616000413895
0.07309550791978836
0.05285940691828728
0.06550342589616776
0.05541474372148514
0.10206221044063568
0.014473211951553822
0.03805919364094734
0.07148686796426773
0.04067903757095337
0.045818228274583817
0.29853135347366333
0.06793592125177383
0.04154533892869949
0.24486203491687775
0.2139732390642166
0.10832872986793518
0.10794422030448914
0.385890930891037
0.2740412950515747
0.17710651457309723
0.21479950845241547
0.15034861862659454
0.4687792956829071
0.17088116705417633
0.10053098201751709
0.08588365465402603
0.3172077536582947
0.03510207310318947
0.04904458299279213
0.10341259837150574
0.08450350165367126
0.035078778862953186
0.08361910283565521
0.18732932209968567
0.06766977906227112
0.05638418719172478
0.06808105856180191
0.25526905059814453
0.18215228617191315
0.11754018813371658
0.42216235399246216
0.1427767276763916
0.0826340839266777
0.16329342126846313
0.18096153438091278
0.034267015755176544
0.025441717356443405
0.1148306131362915
0.0741531178355217
0.01264876313507557
0.05761725455522537
0.20003342628479004
0.09874657541513443
0.022419679909944534
0.28981518745422363
0.13795481622219086
0.1137319803237915
0.1835058182477951
0.06274733692407608
0.23509590327739716
0.05708053335547447
0.028427833691239357
0.11836940795183182
0.07945249229669571
0.08853558450937271
0.12256385385990143
0.16394662857055664
0.0736745297908783
0.21385666728019714
0.027653586119413376
0.016325978562235832
0.012343295849859715
0.0023213166277855635
0.027006372809410095
0.003824061481282115
0.04122430831193924
0.021033281460404396
0.05951942503452301
0.08363451063632965
0.12759120762348175
0.0716666504740715
0.012285331264138222
0.1636156588792801
0.10601584613323212
0.030595527961850166
0.019838539883494377
0.15359008312225342
0.09544531255960464
0.027935024350881577
0.0915360376238823
0.11644148826599121
0.06222420185804367
0.0734366849064827
0.16482894122600555
0.1391138732433319
0.23482176661491394
0.12353009730577469
0.26233118772506714
0.10884276777505875
0.22220951318740845
0.03797834739089012
0.20694871246814728
0.041478630155324936
0.09851186722517014
0.0715368241071701
0.037204716354608536
0.07145874202251434
0.02971465326845646
0.0932208001613617
0.16442328691482544
0.090431347489357
0.03249792009592056
0.054576605558395386
0.04986845329403877
