0.09224320948123932
0.2240162193775177
0.12960600852966309
0.05312593653798103
0.2870238423347473
0.18415728211402893
0.6977496147155762
0.3432542383670807
0.6609010696411133
0.7951709032058716
0.3670555055141449
0.6909253597259521
0.8494265079498291
0.7111297845840454
0.7586365938186646
0.6099011301994324
0.6870505213737488
0.692699670791626
0.44596561789512634
0.4154905378818512
0.7651510834693909
0.44961896538734436
0.29044243693351746
0.5111755132675171
0.5304242968559265
0.20388780534267426
0.1914128065109253
0.5219056010246277
0.3638674020767212
0.06676530092954636
0.46858206391334534
0.611238420009613
0.3060911297798157
0.14770255982875824
0.47791120409965515
0.5654820203781128
0.4965338110923767
0.38514962792396545
0.18830271065235138
0.13552197813987732
0.17002886533737183
0.26383399963378906
0.2069559246301651
0.14805014431476593
0.52532958984375
0.2762860953807831
0.517074465751648
0.538147509098053
0.5521300435066223
0.5382862091064453
0.07726088911294937
0.25695180892944336
0.043644875288009644
0.2045837789773941
0.06809094548225403
0.1543969362974167
0.11252579838037491
0.07554669678211212
0.40898561477661133
0.23707257211208344
0.06145620346069336
0.2271844893693924
0.5602452754974365
0.3370337188243866
0.20639623701572418
0.5948272943496704
0.6617902517318726
0.3808242976665497
0.5183558464050293
0.42251959443092346
0.2570408880710602
0.674869179725647
0.6036287546157837
0.22800393402576447
0.21338710188865662
0.20365877449512482
0.1294698417186737
0.19509057700634003
0.15098492801189423
0.08811666816473007
0.14685605466365814
0.0582273006439209
0.06803791970014572
0.09572864323854446
0.15592697262763977
0.07677707076072693
0.02276758849620819
0.06703925132751465
0.18839958310127258
0.11363574117422104
0.017671896144747734
0.06905921548604965
0.23529253900051117
0.1042269766330719
0.024962464347481728
0.14388413727283478
0.2080206274986267
0.07432468980550766
0.01633068174123764
0.07098565250635147
0.13210436701774597
0.05105915293097496
0.026236433535814285
0.0363641232252121
0.03410135582089424
0.07064618915319443
0.017215164378285408
0.040726348757743835
0.036780163645744324
0.23853659629821777
0.04216723516583443
0.2119251787662506
0.06445319950580597
0.479573518037796
0.23566599190235138
0.23617137968540192
0.19627957046031952
0.2200779914855957
0.16776323318481445
0.1506250649690628
0.12372337281703949
0.14606113731861115
0.2198856920003891
0.1723991185426712
0.40364959836006165
0.19788263738155365
0.019201496616005898
0.17193402349948883
0.25228098034858704
0.1374887228012085
0.017577674239873886
0.07785443216562271
0.275543749332428
0.07468567788600922
0.017296897247433662
0.21964028477668762
0.1665816605091095
0.09510157257318497
0.05573621764779091
0.0665220245718956
0.036682866513729095
0.0857783704996109
0.24579453468322754
0.16949620842933655
0.5182900428771973
0.40118205547332764
0.16327182948589325
0.16800129413604736
0.053901948034763336
0.04445140063762665
0.1971062272787094
0.026609575375914574
0.1251121461391449
0.050815388560295105
0.30073896050453186
0.06718740612268448
0.1965525895357132
0.2860795557498932
0.09789431095123291
0.14172811806201935
0.03608254715800285
0.20493967831134796
0.03438704460859299
0.30384233593940735
0.12176177650690079
0.3044392168521881
0.7181733250617981
0.6337531805038452
0.8023397326469421
0.5832588076591492
0.8262140154838562
0.6111937165260315
0.6271465420722961
0.6149037480354309
0.40550145506858826
0.41851839423179626
0.5443618893623352
0.6279585957527161
0.783184826374054
0.6189324855804443
0.6979370713233948
0.20985980331897736
0.20683012902736664
0.039923522621393204
0.09244446456432343
0.05952289327979088
0.18901191651821136
0.21590469777584076
0.25117361545562744
0.2619743347167969
0.06332217156887054
0.0938778966665268
0.24337072670459747
0.06191171705722809
0.052846040576696396
0.4719007909297943
0.7443795204162598
0.27129286527633667
0.3684529662132263
0.7117739915847778
0.8846468925476074
0.22303761541843414
0.4019826650619507
0.4804476201534271
0.18323566019535065
0.44196322560310364
0.116551972925663
0.0932370275259018
0.10103791207075119
0.19982536137104034
0.2435818463563919
0.44228458404541016
0.12672848999500275
0.2372197061777115
0.245562344789505
0.12108130007982254
0.16849999129772186
0.13353298604488373
0.1779308021068573
0.044143494218587875
0.4350711405277252
0.21237307786941528
0.10963399708271027
0.18469707667827606
0.37132078409194946
0.3535985052585602
0.24868376553058624
0.5476046204566956
0.6430514454841614
0.7337896823883057
0.45422929525375366
0.45494917035102844
0.4963740408420563
0.5251900553703308
0.8604567050933838
0.7034382820129395
0.8238295316696167
0.2934223711490631
0.5124285221099854
0.349654883146286
0.22900070250034332
0.5452943444252014
0.4271993041038513
0.47361189126968384
0.5778536796569824
0.66385418176651
0.18634739518165588
0.4639679193496704
0.6851275563240051
0.5541129112243652
0.25052499771118164
0.7959883809089661
0.8041588664054871
0.8457306623458862
0.6407891511917114
0.4106122553348541
0.7961230278015137
0.28525814414024353
0.13845334947109222
0.09130574017763138
0.16825911402702332
0.17713432013988495
0.2643775939941406
0.5994927883148193
0.6764347553253174
0.786493718624115
0.7226394414901733
0.8077266812324524
0.7415508031845093
0.5823031067848206
0.3038000166416168
0.725406289100647
0.6247928738594055
0.4220122694969177
0.590023934841156
0.7208884358406067
0.5163782238960266
0.3948115110397339
0.7741371989250183
0.7555505633354187
0.5823302865028381
0.4836012125015259
0.6732778549194336
0.6146906614303589
0.7860234379768372
0.42168399691581726
0.7798527479171753
0.579870343208313
0.4855348765850067
0.3763689696788788
0.7270757555961609
0.8957179188728333
0.8777523636817932
0.8258146643638611
0.5905144810676575
0.6631878018379211
0.8749244213104248
0.30450037121772766
0.29199373722076416
0.5070474147796631
0.5133876800537109
0.23868690431118011
0.28650346398353577
0.7194345593452454
0.3357131779193878
0.2028357833623886
0.16997595131397247
