0.43699631094932556
0.10731831938028336
0.020016402006149292
0.006765386089682579
0.009481018409132957
0.02313673496246338
0.0402623787522316
0.07546348124742508
0.04242260754108429
0.06808967143297195
0.06801749765872955
0.01218630000948906
0.02243833802640438
0.03700539469718933
0.02969573624432087
0.004454765003174543
0.02480706386268139
0.03497258946299553
0.012392745353281498
0.012005466967821121
0.02797755040228367
0.08494037389755249
0.0392865426838398
0.01002868264913559
0.03710690513253212
0.008096309378743172
0.0031792426016181707
0.019805291667580605
0.005197687074542046
0.03800581768155098
0.013621785677969456
0.04836652800440788
0.13550908863544464
0.06116796284914017
0.15395621955394745
0.089101642370224
0.0377819687128067
0.06678248196840286
0.060168493539094925
0.06658083200454712
0.056070972234010696
0.006919778883457184
0.027076242491602898
0.036010295152664185
0.017728814855217934
0.0030544621404260397
0.022797150537371635
0.01613018475472927
0.0007278926786966622
0.016512831673026085
0.01265498623251915
0.01283209677785635
0.014759295620024204
0.0072794705629348755
0.016539061442017555
0.0023072524927556515
0.0019920088816434145
0.0014112599892541766
0.004525407683104277
0.007595962379127741
0.061416395008563995
0.026005759835243225
0.08876868337392807
0.16916631162166595
0.15535128116607666
0.13128605484962463
0.05773366242647171
0.18477311730384827
0.0833105519413948
0.02462930977344513
0.07678500562906265
0.019775675609707832
0.021855028346180916
0.03052443265914917
0.03935621306300163
0.007568777538836002
0.008533907122910023
0.05543198063969612
0.034492962062358856
0.0048555973917245865
0.007238023914396763
0.04210121929645538
0.01427630614489317
0.0025580006185919046
0.010502067394554615
0.00987435132265091
0.001773121883161366
0.008951959200203419
0.019069481641054153
0.05951002612709999
0.1829739660024643
0.3094142973423004
0.12940575182437897
0.7063784003257751
0.32771316170692444
0.13265058398246765
0.2454400658607483
0.5830352902412415
0.26489803194999695
0.035189878195524216
0.2143702507019043
0.3943796157836914
0.07452844083309174
0.019344160333275795
0.318796306848526
0.18476849794387817
0.047324951738119125
0.08533744513988495
0.03125366196036339
0.061158645898103714
0.03647218644618988
0.015996182337403297
0.03326651081442833
0.019931938499212265
0.24484457075595856
0.1253264993429184
0.31175848841667175
0.5173166990280151
0.4872263967990875
0.5294445157051086
0.2586895227432251
0.5678216814994812
0.5413333177566528
0.7582823634147644
0.7728217244148254
0.6686800122261047
0.2109091728925705
0.6717712879180908
0.6519048810005188
0.32672592997550964
0.1986088901758194
0.6752371788024902
0.4942473769187927
0.05973275005817413
0.2912544310092926
0.6764781475067139
0.446848601102829
0.22995002567768097
0.10136804729700089
0.05883955955505371
0.054056186228990555
0.05868422985076904
0.04560724273324013
0.10888776928186417
0.10972008854150772
0.3918989300727844
0.19750946760177612
0.6033241748809814
0.743896484375
0.9593943357467651
0.8764235377311707
0.38462769985198975
0.6251294016838074
0.966630220413208
0.7842172384262085
0.19881244003772736
0.8759682178497314
0.9456348419189453
0.6155639886856079
0.24335141479969025
0.9334275126457214
0.8663643598556519
0.515649676322937
0.7395642399787903
0.4341171383857727
0.2770880460739136
0.16037358343601227
0.09106933325529099
0.20280541479587555
0.1703999638557434
0.09248252958059311
0.2536957859992981
0.34664416313171387
0.8954095840454102
0.8462506532669067
0.3751758933067322
0.884048342704773
0.9704689383506775
0.5276769399642944
0.716090977191925
0.9122277498245239
0.9454512000083923
0.5222637057304382
0.8728856444358826
0.9760552644729614
0.9296132326126099
0.5654333233833313
0.4157993793487549
0.2805125117301941
0.04518671706318855
0.17013849318027496
0.16365714371204376
0.04418763145804405
0.10839225351810455
0.05158509686589241
0.10185431689023972
0.17602787911891937
0.270730584859848
0.20773248374462128
0.3770129084587097
0.6400333046913147
0.46814578771591187
0.2934427261352539
0.620870053768158
0.39288049936294556
0.03363501653075218
0.1949061006307602
0.6390183568000793
0.20363323390483856
0.16756676137447357
0.710781455039978
0.9155545830726624
0.7020915150642395
0.6364627480506897
0.969700813293457
0.9819847941398621
0.921733021736145
0.9551924467086792
0.9197686314582825
