0.7128840088844299
0.6151589155197144
0.6448424458503723
0.6891177296638489
0.661246657371521
0.31717419624328613
0.09725316613912582
0.11195991188287735
0.22953812777996063
0.04898049309849739
0.0670056864619255
0.05531102791428566
0.2012147158384323
0.2032804936170578
0.14309844374656677
0.18787840008735657
0.1568831354379654
0.09895313531160355
0.07971420884132385
0.10548903048038483
0.12926240265369415
0.21927861869335175
0.38250723481178284
0.3653900623321533
0.2381313592195511
0.26543185114860535
0.17487911880016327
0.27985572814941406
0.29386916756629944
0.17741107940673828
0.40431681275367737
0.40441349148750305
0.6904785633087158
0.37846839427948
0.588927686214447
0.6470902562141418
0.5458040237426758
0.5667219758033752
0.47912800312042236
0.2969123423099518
0.335917204618454
0.3424316644668579
0.1191839948296547
0.03967186436057091
0.12921948730945587
0.6166363954544067
0.371483713388443
0.06130852922797203
0.22656811773777008
0.5007875561714172
0.25131040811538696
0.04869367554783821
0.11510153859853745
0.044887855648994446
0.0879860371351242
0.11448309570550919
0.21404103934764862
0.33380448818206787
0.15705831348896027
0.22392363846302032
0.62761390209198
0.13726115226745605
0.3929591178894043
0.5269286632537842
0.6240265369415283
0.8123783469200134
0.7873684167861938
0.7918444871902466
0.8453493714332581
0.7032192945480347
0.7399151921272278
0.6777375340461731
0.5305699706077576
0.5812013149261475
0.7568452954292297
0.4992181360721588
0.6825845241546631
0.5319230556488037
0.4489594101905823
0.34006467461586
0.3875333368778229
0.2914087474346161
0.2158917486667633
0.05994599312543869
0.04908929392695427
0.14870984852313995
0.15520480275154114
0.219011127948761
0.17054025828838348
0.12984909117221832
0.17136964201927185
0.11856716126203537
0.22026385366916656
0.15530577301979065
0.2503119707107544
0.7471545338630676
0.6320009231567383
0.16562603414058685
0.2719360888004303
0.20269116759300232
0.06241888552904129
0.24241314828395844
0.22505082190036774
0.2123698890209198
0.2366696000099182
0.10143180936574936
0.1929919272661209
0.16756202280521393
0.05770968645811081
0.16996683180332184
0.16705437004566193
0.284136027097702
0.1636916995048523
0.439518004655838
0.5568094253540039
0.48607370257377625
0.30803728103637695
0.19047901034355164
0.11427699029445648
0.2229442149400711
0.1305953711271286
0.038011353462934494
0.07801669836044312
0.378463476896286
0.028351059183478355
0.09685739129781723
0.12967650592327118
0.18328113853931427
0.05673915892839432
0.0779002457857132
0.22570374608039856
0.1756468564271927
0.10909182578325272
0.04243219643831253
