0.28881534934043884
0.2014475166797638
0.48154810070991516
0.16120855510234833
0.45493486523628235
0.03286215290427208
0.20515836775302887
0.12545351684093475
0.21767359972000122
0.31928807497024536
0.2566646933555603
0.179714173078537
0.08524415642023087
0.0733676627278328
0.1205110028386116
0.0987226665019989
0.3678480386734009
0.21932505071163177
0.5240399837493896
0.5207706689834595
0.5701213479042053
0.5780397653579712
0.49262502789497375
0.49823644757270813
0.2595357298851013
0.4688356816768646
0.28595811128616333
0.4810802638530731
0.37427818775177
0.24906420707702637
0.3246021866798401
0.37164923548698425
0.3847297132015228
0.31763118505477905
0.5317695736885071
0.2919197678565979
0.42180606722831726
0.0822763666510582
0.27685657143592834
0.04418322443962097
0.3920825123786926
0.06931241601705551
0.42669978737831116
0.2227078527212143
0.20589955151081085
0.38180533051490784
0.20188336074352264
0.36358246207237244
0.05493636429309845
0.2583979368209839
0.0886063426733017
0.3045831620693207
0.25661197304725647
0.19572274386882782
0.09459064155817032
0.09798752516508102
0.09575264900922775
0.13767316937446594
0.17013104259967804
0.024962812662124634
0.03174630180001259
0.005992608144879341
0.06992129236459732
0.0889408066868782
0.006554905790835619
0.016018811613321304
0.061344511806964874
0.12323465943336487
0.03292696550488472
0.09121710807085037
0.17664800584316254
0.13920380175113678
0.10278335958719254
0.10511325299739838
0.1599142849445343
0.15978527069091797
0.06847035884857178
0.1621752381324768
0.07367238402366638
0.1356130689382553
0.05829690024256706
0.302068293094635
0.038312558084726334
0.2730182111263275
0.09647304564714432
0.3561364412307739
0.2065308541059494
0.22126181423664093
0.23788005113601685
0.08391678333282471
0.09255238622426987
0.1321152299642563
0.14602379500865936
0.11533639580011368
0.06473668664693832
0.017250560224056244
0.014420360326766968
0.025341803207993507
0.005479605868458748
0.002971768146380782
0.02951560728251934
0.07066112011671066
0.0024839399848133326
0.010201473720371723
0.22164231538772583
0.09691133350133896
0.0095211211591959
0.03183862194418907
0.08588199317455292
0.05458784103393555
0.10507673770189285
0.15902183949947357
0.1338813602924347
0.08363892138004303
0.1367734968662262
0.17316117882728577
0.34236273169517517
0.34992992877960205
0.2374131977558136
0.06978930532932281
0.3060940206050873
0.2945650517940521
0.03978150337934494
0.016239028424024582
0.10299992561340332
0.20879125595092773
0.03329341858625412
0.04430993273854256
0.30427414178848267
0.16865359246730804
0.01055383775383234
0.06534449756145477
0.30530059337615967
0.08147542178630829
0.22158744931221008
0.5293528437614441
0.5398985147476196
0.7508009672164917
0.279226690530777
0.20820297300815582
0.5461686253547668
0.26322126388549805
0.7803200483322144
0.5081067085266113
0.4442683756351471
0.2457534521818161
0.4594849944114685
0.6623374819755554
0.3857254683971405
0.6838277578353882
0.6587223410606384
0.4865909218788147
0.4069643020629883
0.11722074449062347
0.2413773238658905
0.04859505966305733
0.06036587432026863
0.045454222708940506
0.031250182539224625
0.015238180756568909
0.0026783214416354895
0.01129608042538166
0.0027582270558923483
0.025243261829018593
0.01911773532629013
0.17858058214187622
0.1036415621638298
0.20416699349880219
0.03487105295062065
0.16458602249622345
0.21092090010643005
0.19556796550750732
0.21726752817630768
0.02080092951655388
0.2676258981227875
0.21452213823795319
0.09156189113855362
0.14786309003829956
0.37373086810112
0.41683506965637207
0.2971859276294708
0.15144546329975128
0.3565807640552521
0.24574489891529083
0.4302305281162262
0.5525621771812439
0.5003637075424194
0.3731933832168579
0.13298341631889343
0.5220878720283508
0.15099719166755676
0.18168118596076965
0.35008588433265686
0.36029982566833496
0.14715661108493805
0.041287872940301895
0.25466102361679077
0.129691481590271
0.05672425776720047
0.07316578924655914
0.11165782064199448
0.22581341862678528
0.05091556906700134
0.08577864617109299
0.09914537519216537
0.02000083029270172
0.10243157297372818
0.034438807517290115
0.01753690466284752
0.08155786991119385
0.030919509008526802
0.01466866210103035
0.05875490978360176
0.09359647333621979
0.12427014857530594
0.08396632969379425
0.18941695988178253
0.05080048739910126
0.02728915587067604
0.07172264903783798
0.08542988449335098
0.011416462250053883
0.08266667276620865
0.18321770429611206
0.14233966171741486
0.005306671839207411
0.24815352261066437
0.4034266471862793
0.13059081137180328
0.10546524822711945
0.1348404437303543
0.14186301827430725
0.044024188071489334
0.09039865434169769
0.05480519309639931
0.04801638424396515
0.033666856586933136
0.037394482642412186
0.019761357456445694
0.024791130796074867
0.032063547521829605
0.006937013473361731
0.08205527812242508
0.0034542682114988565
0.05492314323782921
0.023685384541749954
0.0679287239909172
0.022070981562137604
0.06233924627304077
0.09471588581800461
0.30615702271461487
0.039975233376026154
0.11002621799707413
0.27564889192581177
0.1822451800107956
0.029667304828763008
0.2655588984489441
0.4134689271450043
0.2749243378639221
0.05943628028035164
0.12063932418823242
0.1853169947862625
0.040108952671289444
0.11417169123888016
0.07381650060415268
0.08436817675828934
0.07121434062719345
0.051559560000896454
