0.25090402364730835
0.4349431097507477
0.28497907519340515
0.30381283164024353
0.29968228936195374
0.2514652907848358
0.10723105818033218
0.3120202124118805
0.3660891652107239
0.17962411046028137
0.17166373133659363
0.37604525685310364
0.20465967059135437
0.27798452973365784
0.4159657657146454
0.5471118688583374
0.3161405324935913
0.4778486490249634
0.7788611054420471
0.5438550114631653
0.446441113948822
0.5846965909004211
0.8447715044021606
0.799763023853302
0.5618689656257629
0.4504782259464264
0.29092100262641907
0.6639623641967773
0.8876846432685852
0.8175426721572876
0.9330910444259644
0.8690834045410156
0.9559100270271301
0.8960400819778442
0.6489678621292114
0.5973324775695801
0.6481461524963379
0.8857444524765015
0.39120110869407654
0.9597939252853394
0.6247299909591675
0.9651327133178711
0.7905736565589905
0.9413287043571472
0.6617922186851501
0.8600918054580688
0.6117461919784546
0.7795440554618835
0.8753742575645447
0.7417767643928528
0.6855104565620422
0.8216407895088196
0.7005491256713867
0.7496045231819153
0.8165208697319031
0.8157492876052856
0.3552536964416504
0.7917994260787964
0.5129942893981934
0.4948066771030426
0.09067271649837494
0.4740777611732483
0.5352306962013245
0.18311293423175812
0.08308795094490051
0.2303273230791092
0.38113462924957275
0.2468082159757614
0.05384822189807892
0.1300472468137741
0.40870997309684753
0.041428983211517334
0.049038514494895935
0.08141325414180756
0.14900706708431244
0.020442672073841095
0.06771933287382126
0.24703195691108704
0.09115035086870193
0.575011670589447
0.8750989437103271
0.092820905148983
0.9025915265083313
0.37426313757896423
0.8432028889656067
0.7724587917327881
0.8173905611038208
0.5738832950592041
0.5840304493904114
0.8284382224082947
0.7176533341407776
0.6691017746925354
0.7198657393455505
0.9207432866096497
0.6533459424972534
0.5462151765823364
0.6963874101638794
0.8226993083953857
0.6811683773994446
0.3516271710395813
0.8549251556396484
0.7543573975563049
0.22321531176567078
0.2588817775249481
0.6352728009223938
0.8304827809333801
0.2088581919670105
0.11603806167840958
0.5541684627532959
0.6544737815856934
0.3643004894256592
0.31788164377212524
0.15391138195991516
0.7210752964019775
0.7362087368965149
0.946984589099884
0.9113821387290955
0.9342208504676819
0.972295880317688
0.9551970362663269
0.8941155672073364
0.9155702590942383
0.7918606996536255
0.7773198485374451
0.8218598961830139
0.5602647662162781
0.6118032932281494
0.4619114100933075
0.8551473617553711
0.43217188119888306
0.9625107645988464
0.24155370891094208
0.8892172574996948
0.5051830410957336
0.625734269618988
0.12192971259355545
0.4404126703739166
0.10750686377286911
0.46204322576522827
0.03807655721902847
0.04621121659874916
0.12307952344417572
0.1748151183128357
0.02199375070631504
0.014576567336916924
0.10627678781747818
0.07560128718614578
0.022713836282491684
0.013768085278570652
0.014127491042017937
0.003319189650937915
0.017473168671131134
0.017959726974368095
0.02258722111582756
0.04027441889047623
0.046051084995269775
0.03366837278008461
0.011391820386052132
0.01562645472586155
0.034969545900821686
0.16926705837249756
0.020304610952734947
0.031244967132806778
0.33337000012397766
0.32353121042251587
0.13942651450634003
0.46206173300743103
0.8003165125846863
0.5178630948066711
0.6370733976364136
0.4493928551673889
0.5543703436851501
0.5795246958732605
0.49572664499282837
0.2493259459733963
0.5199381709098816
0.2880813181400299
0.17191000282764435
0.501425564289093
0.1924809366464615
0.04024774953722954
0.20363423228263855
0.5487621426582336
0.08758776634931564
0.12396629899740219
0.36580589413642883
0.5636433362960815
0.21614117920398712
0.6186695098876953
0.20366504788398743
0.1745990514755249
0.33862918615341187
0.2273249626159668
0.05070975795388222
0.031856194138526917
0.11781278997659683
0.03631475195288658
0.009159058332443237
0.03243619576096535
0.07257876545190811
0.040555961430072784
0.013804013840854168
0.04551028460264206
0.014418778009712696
0.017442448064684868
0.08530880510807037
0.049556344747543335
0.02302132546901703
0.08101092278957367
0.08603415638208389
0.013300417922437191
0.011456809006631374
0.006212245672941208
0.04597247391939163
0.030298912897706032
0.0021172212436795235
0.021816657856106758
0.15375511348247528
0.012087445706129074
0.005976279731839895
0.0720258504152298
0.17680872976779938
0.0126776322722435
0.025012725964188576
0.008557846769690514
0.01474850345402956
0.0035418616607785225
0.016100605949759483
0.003735072212293744
0.0516476146876812
0.05379174277186394
0.09070747345685959
0.05403225123882294
0.04051359370350838
0.07449817657470703
0.0891415998339653
0.04382335767149925
0.25666671991348267
0.08610522001981735
0.018856454640626907
0.1812044382095337
0.1738673448562622
0.06781535595655441
0.05355570837855339
0.18149018287658691
0.3505650758743286
0.3462488055229187
0.09351740032434464
0.163389652967453
0.12971557676792145
0.02577035315334797
0.07850823551416397
0.10687950998544693
0.03323163464665413
0.006134702358394861
0.01747893914580345
0.10956244170665741
0.02112380415201187
0.047337599098682404
0.14371512830257416
0.025642110034823418
0.0705321803689003
0.04571952670812607
0.006998731754720211
0.011780519038438797
0.0048085846938192844
0.004331780597567558
0.011417022906243801
0.03041538968682289
0.0940108448266983
0.06389673799276352
0.036241281777620316
0.11976128071546555
0.04795002564787865
0.29867660999298096
0.34469810128211975
0.15666043758392334
0.22192008793354034
0.058173537254333496
0.08552835136651993
0.06680526584386826
0.015141111798584461
0.01065349392592907
0.01934182085096836
0.006914707366377115
0.01693989522755146
0.04749450460076332
0.01413098443299532
0.025171475484967232
0.005819723475724459
0.004775213543325663
0.008120290003716946
0.01376286894083023
0.0589798241853714
0.034669604152441025
0.03935685753822327
0.0775141641497612
0.05013216286897659
0.08273177593946457
0.07714439183473587
0.15536299347877502
0.1483808010816574
0.4787890613079071
0.3227635622024536
0.6001055836677551
0.3198580741882324
