0.579411506652832
0.6326123476028442
0.7560785412788391
0.7176929712295532
0.8250452876091003
0.7190229892730713
0.7571346759796143
0.7485104203224182
0.848241925239563
0.8523738980293274
0.8899173736572266
0.8898171186447144
0.9164010286331177
0.8793349266052246
0.8763208389282227
0.9216542840003967
0.9158943295478821
0.9443817138671875
0.8758700489997864
0.9276884198188782
0.8668813705444336
0.6767470836639404
0.7492306232452393
0.7433581352233887
0.7468152642250061
0.7757380604743958
0.769353449344635
0.8498650789260864
0.8948385715484619
0.8365137577056885
0.8874958157539368
0.8825077414512634
0.7992708683013916
0.8355200886726379
0.700391411781311
0.8082228302955627
0.7070842385292053
0.8505524396896362
0.8089683055877686
0.6703394651412964
0.43331488966941833
0.705805242061615
0.702936589717865
0.6699346899986267
0.36192193627357483
0.2754055857658386
0.3608558773994446
0.37572818994522095
0.21533332765102386
0.2019803524017334
0.25650787353515625
0.08972436189651489
0.20054979622364044
0.11996465176343918
0.164513498544693
0.1756369024515152
0.1998540610074997
0.14689014852046967
0.3166971206665039
0.24956627190113068
0.05402436479926109
0.1427612602710724
0.0442361906170845
0.14607715606689453
0.06779137998819351
0.04542871564626694
0.2298486977815628
0.4880329668521881
0.285224586725235
0.3538627624511719
0.6018911600112915
0.4612981379032135
0.6374170780181885
0.6132504940032959
0.768886923789978
0.7558563351631165
0.6497907638549805
0.3554992973804474
0.7828223705291748
0.9066053032875061
0.1871267408132553
0.77177894115448
0.17794835567474365
0.6878124475479126
0.31231483817100525
0.5881102681159973
0.5576355457305908
0.7533846497535706
0.9363672733306885
0.87058424949646
0.9599294662475586
0.8453351855278015
0.9350746273994446
0.4988406002521515
0.670132577419281
0.6805376410484314
0.6566383838653564
0.3989364504814148
0.4465390741825104
0.2305811494588852
0.2991790771484375
0.4764607846736908
0.3623601496219635
0.42140474915504456
0.4628090262413025
0.2391040027141571
0.55943363904953
0.33012446761131287
0.45692580938339233
0.32303377985954285
0.24586404860019684
0.18130405247211456
0.6152145266532898
0.49493223428726196
0.04801401495933533
0.7029350996017456
0.21096307039260864
0.8246822357177734
0.40011081099510193
0.8779543042182922
0.8282168507575989
0.6484272480010986
0.5148701667785645
0.5429251790046692
0.3129133880138397
0.2554823160171509
0.17356452345848083
0.4095059633255005
