0.7047380805015564
0.7851921916007996
0.8499253988265991
0.8116684556007385
0.663057804107666
0.7457810044288635
0.8408980965614319
0.8463149666786194
0.7502409815788269
0.8631049990653992
0.7821846604347229
0.7440255284309387
0.7593753933906555
0.7601318359375
0.8471778035163879
0.7050433158874512
0.8221754431724548
0.7775536775588989
0.7967280149459839
0.757847011089325
0.8302010297775269
0.8252742886543274
0.794830322265625
0.7886119484901428
0.8901646733283997
0.9032531380653381
0.8141496777534485
0.7365937829017639
0.7714154124259949
0.8786213994026184
0.694709062576294
0.8422043919563293
0.6557545065879822
0.7116495966911316
0.7762522101402283
0.614817202091217
0.6569569706916809
0.6190839409828186
0.6233881711959839
0.34425535798072815
0.5653720498085022
0.6844182014465332
0.5698457360267639
0.6660534739494324
0.7956969141960144
0.8684479594230652
0.6463536024093628
0.6366398930549622
0.8833611607551575
0.8883374333381653
0.5692420601844788
0.7900500297546387
0.7578347325325012
0.8611751198768616
0.6800654530525208
0.6774336099624634
0.6650235652923584
0.6305330991744995
0.7020991444587708
0.7068444490432739
0.6206818222999573
0.771590530872345
0.7612074017524719
0.686489999294281
0.8787680864334106
0.9313835501670837
0.8642261624336243
0.8052811026573181
0.8795694708824158
0.9019630551338196
0.8902459740638733
0.872296929359436
0.9215764999389648
0.8034742474555969
0.892996072769165
0.6827298998832703
0.8012062907218933
0.7222228646278381
0.5698422789573669
0.5340827107429504
0.7971668839454651
0.6324474811553955
0.5309790968894958
0.8386632204055786
0.9282305836677551
0.6796716451644897
0.7189204692840576
0.8876913189888
0.673096776008606
0.568116307258606
0.6410538554191589
0.7992562055587769
0.7334693074226379
0.7657757997512817
0.6137823462486267
0.6023275852203369
0.6975066065788269
0.5896853804588318
0.7906440496444702
0.6396410465240479
0.7019443511962891
0.8202941417694092
0.5681828856468201
0.5825515985488892
0.8316619992256165
0.7636440396308899
0.734771192073822
0.8423200845718384
