0.6910209059715271
0.6894984245300293
0.7550314664840698
0.8901312947273254
0.8801876902580261
0.8534152507781982
0.8872897028923035
0.8226984739303589
0.7859494090080261
0.6113955974578857
0.6336813569068909
0.6404014229774475
0.39087799191474915
0.7155820727348328
0.6512086391448975
0.5695399641990662
0.558390736579895
0.7358196377754211
0.8151311874389648
0.5926675796508789
0.6363487839698792
0.8491994142532349
0.8154757618904114
0.7604172825813293
0.9450661540031433
0.9017937779426575
0.5906611680984497
0.8546379804611206
0.9764938354492188
0.8217841386795044
0.5846229791641235
0.9652455449104309
0.9060062766075134
0.5300168395042419
0.626723051071167
0.9710611701011658
0.8925862908363342
0.6625047326087952
0.9372512102127075
0.9512776136398315
0.9659553170204163
0.9316632151603699
0.8894173502922058
0.904161274433136
0.8431172370910645
0.8867725729942322
0.5729519724845886
0.4746922552585602
0.6766899228096008
0.7221142649650574
0.8216560482978821
0.5826554894447327
0.8887114524841309
0.7286373972892761
0.6039049625396729
0.7250202298164368
0.7162991762161255
0.638412356376648
0.6768943667411804
0.9307125210762024
0.6889184713363647
0.5372637510299683
0.800456166267395
0.9059246182441711
0.7787107229232788
0.48727068305015564
0.89243084192276
0.888657808303833
0.7728381752967834
0.5935521721839905
0.9270594120025635
0.9154544472694397
0.7908499836921692
0.6086418628692627
0.7133524417877197
0.9123170971870422
0.8488012552261353
0.9478691816329956
0.9636754989624023
0.9457545876502991
0.9644871950149536
0.9548885822296143
0.9423548579216003
0.9739843010902405
0.9114784598350525
0.9147942066192627
0.8825506567955017
0.9390486478805542
0.9196428656578064
0.8367083668708801
0.7025357484817505
0.7947404980659485
0.5989648699760437
0.7142747044563293
0.6930147409439087
0.46534791588783264
0.5090698599815369
0.7152898907661438
0.7067485451698303
0.49822473526000977
0.743549644947052
0.729576051235199
0.8603456616401672
0.6008857488632202
0.8993975520133972
0.8353543877601624
0.6669724583625793
0.8173912763595581
0.882559597492218
0.6832118630409241
0.7233688831329346
0.9604060053825378
0.8660690188407898
0.602060854434967
0.90204918384552
0.8470135927200317
0.7712677717208862
0.44186174869537354
0.9035863876342773
0.698057234287262
0.7142496705055237
0.8672760128974915
0.6587735414505005
0.9073355793952942
0.9436497092247009
0.7875083088874817
0.8671256303787231
0.9541091918945312
0.8934152722358704
0.7366770505905151
0.942031741142273
0.9106515049934387
0.8031026124954224
0.6849597692489624
0.9390036463737488
0.9201837182044983
0.6707062125205994
0.7301812767982483
0.9640936255455017
0.8364832997322083
0.7364972829818726
0.9061817526817322
0.9540899395942688
0.8819330930709839
0.6518670320510864
0.9363473057746887
0.9515536427497864
0.8681355118751526
0.8054090738296509
0.9522367119789124
0.9256208539009094
0.6409816741943359
0.8920605182647705
0.9761755466461182
0.9212631583213806
0.7954438328742981
0.8072896003723145
0.9041975736618042
0.8808864951133728
0.7518647313117981
0.8796461820602417
0.9670938849449158
0.8271029591560364
0.8541240692138672
0.9592487812042236
0.9506450295448303
0.81895911693573
0.7697041034698486
0.9393001198768616
0.9390739798545837
0.8854627013206482
0.7178514003753662
0.7679190635681152
0.7690354585647583
0.8088903427124023
