0.26357904076576233
0.4812932014465332
0.5622643828392029
0.29382961988449097
0.1199609711766243
0.26456791162490845
0.06209837645292282
0.1112041249871254
0.03944961354136467
0.10051815956830978
0.08369147777557373
0.1417674571275711
0.1474921852350235
0.024446118623018265
0.01951809972524643
0.07622070610523224
0.00895555317401886
0.05207705870270729
0.06811092048883438
0.18555627763271332
0.06945213675498962
0.2261248379945755
0.14585688710212708
0.20170551538467407
0.4103104770183563
0.3432529866695404
0.33681660890579224
0.14356820285320282
0.2685726583003998
0.35267454385757446
0.23411907255649567
0.15354464948177338
0.3437325060367584
0.21761055290699005
0.22471509873867035
0.16737599670886993
0.1502705216407776
0.15367308259010315
0.27800825238227844
0.33018097281455994
0.1561889350414276
0.07471342384815216
0.07450782507658005
0.073587566614151
0.019359761849045753
0.014442441053688526
0.019485941156744957
0.051740799099206924
0.09190362691879272
0.06271951645612717
0.10640451312065125
0.18373772501945496
0.7902888655662537
0.4347110092639923
0.6277666091918945
0.3269885182380676
0.18319901823997498
0.39915215969085693
0.5334165692329407
0.04287540540099144
0.17972655594348907
0.6641144156455994
0.41063204407691956
0.22402095794677734
0.6633800268173218
0.6574288010597229
0.5300194025039673
0.42118945717811584
0.21991665661334991
0.3143754303455353
0.06665355712175369
0.02419448271393776
0.1484801024198532
0.09133277833461761
0.3135013282299042
0.28392982482910156
0.06597980111837387
0.4021085202693939
0.3313087522983551
0.12461338192224503
0.2566562592983246
0.654479444026947
0.4359406530857086
0.6715484261512756
0.6578592658042908
0.7667694687843323
0.8639063239097595
0.6467521786689758
0.7339830994606018
0.5634549856185913
0.7730533480644226
0.7785776853561401
0.25901827216148376
0.6972585916519165
0.8496372103691101
0.6924170255661011
0.2979361414909363
0.2255854308605194
0.5204029083251953
0.42839112877845764
0.5554879307746887
0.7986285090446472
0.7727968692779541
0.5725023150444031
0.7539904713630676
0.9216645359992981
0.8322178721427917
0.5578559041023254
0.6794966459274292
0.8634201884269714
0.7990522384643555
0.3554441034793854
0.801483154296875
0.7385503053665161
0.5075984597206116
0.3705269694328308
0.7449861764907837
0.6057178974151611
0.07283705472946167
0.5294263362884521
0.432621031999588
0.12190259993076324
0.08244198560714722
0.09414280951023102
0.10332614928483963
0.0262320376932621
0.12303671985864639
0.024069517850875854
0.07342848181724548
0.06335673481225967
0.16701896488666534
0.12513478100299835
0.1288948655128479
0.12013399600982666
0.04509719833731651
0.015124831348657608
0.019061999395489693
0.010917292907834053
0.045222003012895584
0.06257905811071396
0.23404060304164886
0.3760763108730316
0.46699264645576477
0.5612384080886841
0.3253025412559509
0.23219966888427734
0.10895711183547974
0.2603064775466919
0.4686791002750397
0.4327777624130249
0.44803109765052795
0.6664408445358276
0.5395182371139526
0.7662200927734375
0.6713211536407471
0.7249335646629333
0.5410057902336121
0.1656913310289383
0.13689324259757996
0.7265386581420898
0.45208874344825745
0.7801787257194519
0.6946778893470764
0.5604142546653748
0.46566328406333923
0.678924560546875
0.5528082251548767
0.28111764788627625
0.6054492592811584
0.6715051531791687
0.49490949511528015
0.5638126730918884
0.5704219341278076
0.5028824806213379
0.3170906901359558
0.1480792611837387
0.2542182207107544
0.10887156426906586
0.06001343950629234
0.11781614273786545
0.13620121777057648
0.04209049791097641
0.037389107048511505
0.08800987154245377
0.0713731124997139
0.20337648689746857
0.5214409828186035
0.7632563710212708
0.6170642971992493
0.7718364000320435
0.687608540058136
0.53138267993927
0.570835530757904
0.45218250155448914
0.4487206041812897
0.3257729411125183
0.3663422167301178
0.20890039205551147
0.24620051681995392
0.33296090364456177
0.17584140598773956
0.3764101564884186
0.27475857734680176
0.29730579257011414
0.21810391545295715
0.64680415391922
0.8859060406684875
0.8427625298500061
0.656954824924469
0.6400721073150635
0.33873024582862854
0.39286649227142334
0.25246697664260864
0.2844816744327545
0.1840391904115677
0.07527051866054535
0.0637904554605484
0.1268293410539627
0.20252400636672974
0.1342163383960724
0.0626179501414299
