0.09779848903417587
0.08660624921321869
0.024710213765501976
0.01529849786311388
0.01762852817773819
0.05780060589313507
0.04421982541680336
0.11041805893182755
0.5174602270126343
0.16103002429008484
0.32245004177093506
0.35744374990463257
0.4424983561038971
0.6186773180961609
0.19261302053928375
0.0627838596701622
0.17425145208835602
0.403228759765625
0.09353086352348328
0.033596981316804886
0.5132507085800171
0.15701846778392792
0.15787138044834137
0.3137899935245514
0.4007631242275238
0.2871464788913727
0.1500224620103836
0.46485015749931335
0.5355796813964844
0.23548299074172974
0.19159634411334991
0.2021668255329132
0.16036897897720337
0.09854090213775635
0.09264636784791946
0.10916181653738022
0.04152991250157356
0.2554123103618622
0.1141805425286293
0.3197058141231537
0.14010010659694672
0.4412093758583069
0.6108271479606628
0.6399543285369873
0.7866353392601013
0.7905914783477783
0.6043327450752258
0.7809904217720032
0.7294042706489563
0.8180100321769714
0.745073139667511
0.561119019985199
0.6514123678207397
0.7135990262031555
0.7263564467430115
0.2839498817920685
0.38293665647506714
0.31272092461586
0.1567724496126175
0.30920544266700745
0.05450936034321785
0.16156424582004547
0.3158937394618988
0.17444245517253876
0.13233786821365356
0.23065635561943054
0.22611284255981445
0.028966937214136124
0.06395824998617172
0.20654194056987762
0.14892764389514923
0.024934852495789528
0.0625436007976532
0.0971859022974968
0.054318297654390335
0.09201142936944962
0.05814727768301964
0.0150881577283144
0.01541378814727068
0.011350265704095364
0.03558804467320442
0.07810043543577194
0.11831501871347427
0.13397617638111115
0.3923492431640625
0.7357251048088074
0.6681851148605347
0.2945408821105957
0.49307385087013245
0.5425746440887451
0.17479391396045685
0.10072489827871323
0.3490404486656189
0.21921709179878235
0.08215052634477615
0.11158400028944016
0.21344365179538727
0.11256089806556702
0.025163408368825912
0.018703248351812363
0.0771891176700592
0.03743381425738335
0.030743900686502457
0.06559953838586807
0.13272155821323395
0.17519208788871765
0.07869613915681839
0.29904797673225403
0.027879800647497177
0.054900653660297394
0.02589988522231579
0.11086400598287582
0.24525727331638336
0.42995765805244446
0.5426984429359436
0.5758522152900696
0.6341871619224548
0.6142285466194153
0.843617856502533
0.782537043094635
0.3922928273677826
0.7852056622505188
0.8391193747520447
0.5601126551628113
0.41577282547950745
0.21066705882549286
0.24904683232307434
0.44070494174957275
0.19774140417575836
0.04080330207943916
0.10621444880962372
0.22295498847961426
0.10174570232629776
0.07279745489358902
0.18920393288135529
0.09439792484045029
0.04382437840104103
0.11591177433729172
0.06627986580133438
0.1823415756225586
0.12471166253089905
0.4276702404022217
0.4278665781021118
0.1021735742688179
0.24758410453796387
0.2736309766769409
0.1696707010269165
0.26575011014938354
0.45018428564071655
0.3392573893070221
0.15936020016670227
0.26580214500427246
0.4752523601055145
0.39159178733825684
0.26610681414604187
0.14353340864181519
0.1752031296491623
0.22547441720962524
0.15484817326068878
0.12748494744300842
0.2989940345287323
0.2916485667228699
0.1770557016134262
0.11832123249769211
0.1304779201745987
0.07274669408798218
0.17513850331306458
0.19284066557884216
0.2624683082103729
0.3838917315006256
0.10732860863208771
0.37939706444740295
0.25540921092033386
0.1478889137506485
0.09752833843231201
0.1403602808713913
0.07629948109388351
0.25885796546936035
0.36793479323387146
0.1541845053434372
0.4941459894180298
0.6294683218002319
0.29787153005599976
0.504173755645752
0.7446287870407104
0.7422125339508057
0.4574388563632965
0.5155141353607178
0.34636279940605164
0.27090147137641907
0.20429886877536774
0.2527122497558594
0.2666966915130615
0.2208205908536911
0.22974112629890442
0.09088478237390518
0.18980911374092102
0.05846214294433594
0.03532501310110092
0.15646480023860931
0.049208927899599075
0.07393452525138855
0.12731191515922546
0.6547734141349792
0.1159730926156044
0.4624580442905426
0.511033833026886
0.6558788418769836
0.19638575613498688
0.07166166603565216
0.17890746891498566
0.47337961196899414
0.19293949007987976
0.02951141819357872
0.10900937020778656
0.11380643397569656
0.024568038061261177
0.030683627352118492
0.08131042867898941
0.06102607026696205
0.03458802029490471
0.04398971423506737
0.027240747585892677
0.062420886009931564
0.03531118482351303
0.034155964851379395
0.04958928003907204
0.033094510436058044
0.042518045753240585
0.12733815610408783
0.06523139029741287
0.05726287141442299
0.11536679416894913
0.20604686439037323
0.33499765396118164
0.5446717739105225
0.4398536682128906
0.3937968313694
0.173471137881279
0.1813090443611145
0.31084996461868286
0.21010944247245789
0.08034307509660721
0.2362605184316635
0.23439921438694
0.16835522651672363
0.13281230628490448
0.10607562214136124
0.1433127373456955
0.1655624359846115
0.18548879027366638
0.37130188941955566
0.23039431869983673
0.2359514981508255
0.43964192271232605
0.7149465680122375
0.40616342425346375
0.28328970074653625
0.3088829517364502
0.3515927195549011
0.22657887637615204
0.24490417540073395
0.34793007373809814
0.2627410590648651
0.16094675660133362
0.1578795462846756
0.11544855684041977
0.22466503083705902
0.09943129867315292
0.07619829475879669
0.16737447679042816
0.15918174386024475
0.3496493399143219
0.668607771396637
0.5563637018203735
0.7545651197433472
0.691270649433136
0.6061771512031555
0.5369851589202881
0.2559947073459625
0.5113847851753235
0.53310227394104
0.5066642165184021
0.22907310724258423
0.19068343937397003
0.24207241833209991
0.11491549015045166
0.10525697469711304
0.14674988389015198
0.043919943273067474
0.05815798044204712
0.027170712128281593
0.06081073358654976
0.11978570371866226
0.24331089854240417
0.4205118715763092
0.5066231489181519
0.4079490900039673
0.45258548855781555
0.37217777967453003
0.2081073671579361
0.11400537937879562
0.16727252304553986
0.11207374185323715
0.05624540150165558
0.2326425462961197
0.35782691836357117
0.10354099422693253
0.032618481665849686
0.09170147776603699
0.28161895275115967
0.06442532688379288
0.1289696991443634
0.25360116362571716
0.12188678234815598
0.19422325491905212
0.2027193009853363
0.1366259604692459
0.02994491718709469
0.02086605690419674
0.037113480269908905
0.06462834030389786
0.05199149250984192
0.1311965435743332
0.04415854439139366
0.033130988478660583
0.08376710116863251
0.10574041306972504
0.09470459073781967
0.08667212724685669
0.1012924537062645
0.3120977282524109
0.41809433698654175
0.11248089373111725
0.08197645097970963
0.12850329279899597
0.10088962316513062
0.05622565746307373
0.08569586277008057
0.1206262931227684
0.16918809711933136
0.2602218985557556
0.1014900952577591
0.15724892914295197
0.0814470499753952
0.0921558067202568
0.17970089614391327
0.055891361087560654
0.05511850118637085
0.16187788546085358
0.11172667890787125
0.09933513402938843
0.057140886783599854
0.08276764303445816
0.09704707562923431
0.047130096703767776
0.06373032182455063
0.12537579238414764
0.2479270100593567
0.07160965353250504
0.11302559822797775
0.14280745387077332
0.11687721312046051
0.13802620768547058
0.1598094254732132
0.1406581550836563
0.11234889179468155
0.0650024563074112
0.21681292355060577
0.27042803168296814
0.138794407248497
0.1993955820798874
0.23267868161201477
0.39739641547203064
0.4527878165245056
0.26426517963409424
0.1392536759376526
0.686957836151123
0.4935396611690521
0.20631253719329834
0.16138172149658203
0.534960925579071
0.3250773251056671
0.14221635460853577
0.09434393793344498
0.18829435110092163
0.1757649928331375
0.4811320900917053
0.5128241181373596
0.148855522274971
0.22124505043029785
0.5144632458686829
0.5230606198310852
0.27783358097076416
0.37039440870285034
0.42888665199279785
0.35546696186065674
0.2049548327922821
0.4047103226184845
0.4558338522911072
