0.11522264033555984
0.17109724879264832
0.11272604018449783
0.16892622411251068
0.18155953288078308
0.03486227989196777
0.06923351436853409
0.025805504992604256
0.0448586530983448
0.07468925416469574
0.19041652977466583
0.25750380754470825
0.8144727349281311
0.9511792063713074
0.9030401706695557
0.8186236619949341
0.8911622166633606
0.9301277995109558
0.6713352799415588
0.4760544002056122
0.21659652888774872
0.16510096192359924
0.19515003263950348
0.06856104731559753
0.027730105444788933
0.05060335248708725
0.03528503701090813
0.013730599544942379
0.02408212050795555
0.03252691775560379
0.016308434307575226
0.02725485898554325
0.02097153663635254
0.05434373393654823
0.040936652570962906
0.09384363144636154
0.0488305427134037
0.19270357489585876
0.021818630397319794
0.09196558594703674
0.04028596356511116
0.06805606186389923
0.3305281698703766
0.8148953318595886
0.9719207882881165
0.9809554219245911
0.7915064692497253
0.5723390579223633
0.9480875134468079
0.7607830762863159
0.11249228566884995
0.7068541646003723
0.7345004081726074
0.4126495122909546
0.16539761424064636
0.1393483579158783
0.04199010133743286
0.1221381202340126
0.08716803044080734
0.08268705010414124
0.309926837682724
0.3407577872276306
0.14152851700782776
0.3088691830635071
0.5835081934928894
0.5573816299438477
0.37213626503944397
0.8122666478157043
0.6440193057060242
0.8378744125366211
0.872772216796875
0.9474887847900391
0.9895170331001282
0.9803149104118347
0.9940327405929565
0.9667032957077026
0.9484856724739075
0.9395248889923096
0.6972845792770386
0.12148082256317139
0.783032238483429
0.9585028886795044
0.2740097641944885
0.5493535399436951
0.9612959027290344
0.9539009928703308
0.5639908909797668
0.31549975275993347
0.30100157856941223
0.20118607580661774
0.041737113147974014
0.05992596596479416
0.06739921867847443
0.0699687972664833
0.3125201165676117
0.372721791267395
0.7138016819953918
0.3452756106853485
0.2871122360229492
0.6137498021125793
0.9219458699226379
0.8670370578765869
0.3864559233188629
0.3302963674068451
0.261852890253067
0.08576495945453644
0.15591946244239807
0.23120443522930145
0.02246689237654209
0.016531599685549736
0.128768652677536
0.10591977089643478
0.004903195891529322
0.012421645224094391
0.06548207998275757
0.006761745549738407
0.013800548389554024
0.06445658951997757
0.12877511978149414
0.09405767172574997
0.060580987483263016
0.1668974757194519
0.03354080021381378
0.07906995713710785
0.038967158645391464
0.04389419034123421
0.05865516886115074
0.07578611373901367
0.13990342617034912
0.22733214497566223
0.4888145625591278
0.32127630710601807
0.1673165112733841
0.39452090859413147
0.50485759973526
0.39129525423049927
0.3967600166797638
0.46770593523979187
0.21590657532215118
0.32749301195144653
0.38523170351982117
0.16833053529262543
0.0479586236178875
0.20980465412139893
0.20585595071315765
0.10654974728822708
0.05483261123299599
0.11606738716363907
0.052912965416908264
0.009206158109009266
0.014244397170841694
0.10740542411804199
0.06753100454807281
0.04895086959004402
0.050043631345033646
0.10766144841909409
0.08897117525339127
0.02408900298178196
0.06044512242078781
0.1540818065404892
0.12197282910346985
0.047913990914821625
0.12334313988685608
0.019987378269433975
0.0665624812245369
0.05527709424495697
0.22564935684204102
0.20181412994861603
0.38492512702941895
0.553559422492981
0.23220089077949524
0.6306909322738647
0.6122347116470337
0.6806408166885376
0.6425716280937195
0.6836601495742798
0.2812020778656006
0.22086092829704285
0.2211863398551941
0.10524517297744751
0.3422515392303467
0.2585025429725647
0.02210167981684208
0.18655049800872803
0.41465893387794495
0.1400030553340912
0.06344804912805557
0.3599608242511749
0.3463839590549469
0.07014546543359756
0.2609719932079315
0.38190487027168274
0.30708417296409607
0.04038229584693909
0.14781443774700165
0.37847548723220825
0.3154967725276947
0.11934243142604828
0.07991120964288712
0.1727999746799469
0.21834564208984375
0.09181694686412811
0.06788281351327896
0.09694202989339828
0.1979539394378662
0.09537140280008316
0.19682666659355164
0.02809656597673893
0.08333118259906769
0.1393623799085617
0.14551019668579102
0.11820796132087708
0.18880701065063477
0.05751121789216995
0.05790138244628906
0.02952701598405838
0.10982814431190491
0.12839461863040924
0.023827238008379936
0.083110511302948
0.15469206869602203
0.0547851137816906
0.0912136361002922
0.23502598702907562
0.12906649708747864
0.4495992660522461
0.15345396101474762
0.0468982569873333
0.1092776507139206
0.053401198238134384
0.02396201528608799
0.1362251192331314
0.05585318058729172
0.1331755369901657
0.19226109981536865
0.05038022622466087
0.03197552636265755
0.1873592734336853
0.07056764513254166
0.06579746305942535
0.04411235824227333
0.026079930365085602
0.011761738918721676
0.032150670886039734
0.012229520827531815
0.015550820156931877
0.019006438553333282
0.026262976229190826
0.025643611326813698
0.04879871383309364
