0.50431889295578
0.6828539967536926
0.6606611609458923
0.6427396535873413
0.7082843780517578
0.8454388380050659
0.840178906917572
0.7578108906745911
0.7770332098007202
0.8255771994590759
0.8563593029975891
0.8197739720344543
0.8633106350898743
0.9051128029823303
0.8991125822067261
0.85271817445755
0.8656960725784302
0.9031681418418884
0.8403497338294983
0.789401113986969
0.7182993292808533
0.9095611572265625
0.8548970222473145
0.8839715123176575
0.8061875700950623
0.8802365064620972
0.7945274114608765
0.9360070824623108
0.8176016807556152
0.9125639796257019
0.8990998864173889
0.8944528698921204
0.9424059987068176
0.8790794014930725
0.8542181253433228
0.6372435092926025
0.23566852509975433
0.06579867005348206
0.2141699343919754
0.2598808705806732
0.060891974717378616
0.06701377779245377
0.09174612909555435
0.12022797018289566
0.041328541934490204
0.237152099609375
0.015085561200976372
0.0198503527790308
0.03252958133816719
0.0452922061085701
0.06350978463888168
0.083900585770607
0.021075133234262466
0.09479673951864243
0.11494704335927963
0.28866714239120483
0.36947202682495117
0.6302194595336914
0.6988710165023804
0.3954582214355469
0.6050165891647339
0.5873650312423706
0.427456259727478
0.2768458425998688
0.269282728433609
0.05831084027886391
0.010629521682858467
0.01862304098904133
0.051385652273893356
0.049969952553510666
0.014461689628660679
0.03817582502961159
0.03600866720080376
0.15397682785987854
0.0035521455574780703
0.03387933224439621
0.05124666169285774
0.013003428466618061
0.010682267136871815
0.026816170662641525
0.09230373054742813
0.02167237177491188
0.011311528272926807
0.0752241313457489
0.02157680131494999
0.006146661471575499
0.040562573820352554
0.005463107489049435
0.1430591195821762
0.04713999480009079
0.0675700455904007
0.05231321230530739
0.1747858077287674
0.13545554876327515
0.2039618194103241
0.16877156496047974
0.06995964050292969
0.2334861010313034
0.40288835763931274
0.4981459975242615
0.4937133193016052
0.08430762588977814
0.4106391966342926
0.12927988171577454
0.09872246533632278
0.1893673688173294
0.08405033499002457
0.15701277554035187
0.11235030740499496
0.023802991956472397
0.03588065132498741
0.018278153613209724
0.028461677953600883
0.06309530884027481
0.004497490357607603
0.004476672504097223
0.0736396312713623
0.02644670009613037
0.0044958340004086494
0.13097849488258362
0.0770525112748146
0.04483006149530411
0.014647932723164558
0.13778916001319885
0.14312241971492767
0.01893036812543869
0.24300654232501984
0.009926527738571167
0.015023310668766499
0.010373849421739578
0.15919709205627441
0.07036740332841873
0.15278013050556183
0.1878085732460022
0.35955920815467834
0.2807536721229553
0.15342599153518677
0.2253486067056656
0.46478572487831116
0.49527353048324585
0.1599966436624527
0.528742790222168
0.35211658477783203
0.21730047464370728
0.4159276783466339
0.47459807991981506
0.660936713218689
0.4391966462135315
0.5246588587760925
0.4303610622882843
0.5606220364570618
0.45830222964286804
0.46785593032836914
0.761420726776123
0.7839726209640503
0.5905796885490417
0.1498798131942749
0.45148685574531555
0.6718862652778625
0.5140506029129028
0.13861176371574402
0.24156801402568817
0.4448138475418091
0.18615944683551788
0.02145380713045597
0.17543968558311462
0.3106357157230377
0.07962990552186966
0.05327486991882324
0.47414344549179077
0.08207857608795166
0.07665390521287918
0.04612940922379494
0.21826933324337006
0.05086285620927811
0.028779050335288048
0.052975643426179886
0.06626752763986588
0.3488900065422058
0.39998379349708557
0.8266662359237671
0.5354469418525696
0.9144808650016785
0.6917088627815247
0.5967955589294434
0.1948300153017044
0.8791534304618835
0.6584118008613586
0.09028289467096329
0.5395416617393494
0.8366151452064514
0.29026085138320923
0.12988707423210144
0.6634113788604736
0.6836444139480591
0.35036584734916687
0.6154753565788269
0.34426966309547424
0.43947291374206543
0.7717589735984802
0.6853075623512268
0.22795476019382477
0.5404356122016907
0.07104127109050751
0.11637687683105469
0.05711482837796211
0.4317343533039093
0.37320923805236816
0.29811838269233704
0.6939579248428345
0.8684867024421692
0.8583011627197266
0.9042183756828308
0.9702194333076477
0.9347330927848816
0.9223267436027527
0.7747282981872559
0.5556114315986633
0.7920324802398682
0.8500308394432068
0.6649296879768372
0.28413066267967224
0.4196609556674957
0.630107045173645
0.4505191445350647
0.6359114050865173
0.6198100447654724
0.5221498608589172
0.5474764704704285
0.6981819868087769
0.7596443891525269
0.7654761672019958
0.919596254825592
0.8806134462356567
0.8902683258056641
0.8697269558906555
0.8907087445259094
0.924096941947937
0.9470070600509644
0.9783807396888733
0.8473559021949768
0.94951331615448
0.906815767288208
0.9527862668037415
0.2664414942264557
0.8914678692817688
0.9467333555221558
0.6670496463775635
0.09698478877544403
0.7628069519996643
0.8792883157730103
0.2762930393218994
0.23417547345161438
0.6576050519943237
0.6231446266174316
0.5348223447799683
0.07461946457624435
0.44297322630882263
0.1183817908167839
0.07010234892368317
0.11974505335092545
0.21289056539535522
0.47997772693634033
0.7498800754547119
0.6084385514259338
0.9570032954216003
0.978505551815033
0.9189627766609192
0.949784517288208
0.9816144108772278
0.5609629154205322
0.197610542178154
0.9471160173416138
0.7503384351730347
0.08857662975788116
0.32412615418434143
0.8456611037254333
0.5111851692199707
0.2355668544769287
0.643835723400116
0.6070483326911926
0.3938030004501343
0.4880026876926422
0.19278913736343384
0.1433846652507782
0.05439567193388939
0.4375060200691223
0.5054681897163391
0.6516734957695007
0.5544983744621277
0.6715474128723145
0.8215804696083069
0.7242100834846497
0.8297948837280273
0.9569507241249084
0.8353550434112549
0.8537711501121521
0.8864362835884094
0.8820159435272217
0.6896106600761414
0.8360786437988281
0.9322906136512756
0.9251770377159119
0.9519433975219727
0.8990602493286133
0.8712961077690125
0.7273428440093994
0.6578108072280884
0.9222415089607239
0.9322854280471802
0.4858895540237427
0.9261094331741333
0.986354649066925
0.8657384514808655
0.4050441384315491
0.9466179013252258
0.9188409447669983
0.5260584354400635
0.5002732276916504
0.9756931662559509
0.6708660125732422
0.39932551980018616
0.12943275272846222
0.6241226196289062
0.20350588858127594
0.08001424372196198
0.10481090098619461
0.15672540664672852
0.6928760409355164
0.493875652551651
0.05541615933179855
0.19283612072467804
0.5579930543899536
0.3304789066314697
0.03551335260272026
0.11522073298692703
0.6683622002601624
0.2049291878938675
0.22427061200141907
0.3258447051048279
0.4346450865268707
0.18900151550769806
