0.09407681971788406
0.16100935637950897
0.0466708205640316
0.007975648157298565
0.031775299459695816
0.012924774549901485
0.006823878735303879
0.04369547218084335
0.028526676818728447
0.07595789432525635
0.23884020745754242
0.15318520367145538
0.04512957111001015
0.07344499975442886
0.02961317077279091
0.2943381369113922
0.273078590631485
0.1440553367137909
0.011730990372598171
0.5814874768257141
0.3182183504104614
0.1853826940059662
0.5139256715774536
0.5257434248924255
0.3712103068828583
0.2825831472873688
0.7363297343254089
0.46758291125297546
0.4468178153038025
0.8587265014648438
0.6780151128768921
0.3462599813938141
0.3314606547355652
0.5896399617195129
0.6348589062690735
0.7977543473243713
0.7604065537452698
0.6339262127876282
0.6894670724868774
0.8612116575241089
0.8768692016601562
0.6392976641654968
0.7742626667022705
0.6503365635871887
0.603074312210083
0.45879098773002625
0.5895594954490662
0.5166592597961426
0.48840200901031494
0.6531755328178406
0.5930218696594238
0.6932706832885742
0.38865599036216736
0.5159223079681396
0.7468465566635132
0.6757334470748901
0.4715053141117096
0.44233477115631104
0.7828784584999084
0.30545246601104736
0.564376175403595
0.5685760378837585
0.8104346394538879
0.2774137556552887
0.4971938729286194
0.8013559579849243
0.8361074924468994
0.07541326433420181
0.6404104232788086
0.8899887204170227
0.7419992685317993
0.23049071431159973
0.8058673143386841
0.8431043028831482
0.6767627000808716
0.6706119179725647
0.7714037895202637
0.4835451543331146
0.5116651654243469
0.1343431919813156
0.08891282230615616
0.0528666190803051
0.023895058780908585
0.0415990836918354
0.21802550554275513
0.12585017085075378
0.07130230963230133
0.13721999526023865
0.16224710643291473
0.2557654082775116
0.3596095144748688
0.3595902919769287
0.10991758853197098
0.3027859628200531
0.22227446734905243
0.09036590158939362
0.11665744334459305
0.2585848569869995
0.2731793224811554
0.03292727470397949
0.2387259602546692
0.37740543484687805
0.4053649604320526
0.09218427538871765
0.12950605154037476
0.07201553881168365
0.03972852602601051
0.09062637388706207
0.11724970489740372
0.049371395260095596
0.15799713134765625
0.06793443113565445
0.22100339829921722
0.2307579070329666
0.26200151443481445
0.4723261892795563
0.24687102437019348
0.2943732440471649
0.20902234315872192
0.43465104699134827
0.3612585961818695
0.40202632546424866
0.3458928167819977
0.4495374858379364
0.446593701839447
0.5632094740867615
0.479299396276474
0.5456047058105469
0.6917693018913269
0.3439892530441284
0.5393787622451782
0.5802724361419678
0.5358332395553589
0.547231912612915
0.6398552656173706
0.2902670204639435
0.6060870289802551
0.46308183670043945
0.3028651773929596
0.33504724502563477
0.42546212673187256
0.19219696521759033
0.10681414604187012
0.2969321310520172
0.2826342284679413
0.19064931571483612
0.32794874906539917
0.3873020112514496
0.47503232955932617
0.4797342121601105
0.42910030484199524
0.583843469619751
0.6094179749488831
0.4579860270023346
0.33964529633522034
0.48613548278808594
0.5712968111038208
0.5220872759819031
0.6154406070709229
0.607366144657135
0.14776837825775146
0.25059378147125244
0.11678825318813324
0.1248474270105362
0.09698907285928726
0.1113671213388443
0.27767619490623474
0.24797780811786652
0.2549859285354614
0.1276409924030304
0.16001452505588531
0.5156058669090271
0.37802746891975403
0.270515114068985
0.30585265159606934
0.2735985815525055
0.2988665997982025
0.5207730531692505
0.6391552090644836
0.3122223913669586
0.22655163705348969
0.2877117097377777
0.16156043112277985
0.1293857991695404
0.20601487159729004
0.17522282898426056
0.19154579937458038
0.5200697183609009
0.524469792842865
0.5825452208518982
0.7584720849990845
0.907038152217865
0.4384026527404785
0.3143220543861389
0.8946688771247864
0.8900673985481262
0.20492468774318695
0.8181414604187012
0.9327564239501953
0.8546932935714722
0.504874050617218
0.8906320929527283
0.9190281629562378
0.6962463855743408
0.6826657056808472
0.615750253200531
0.22049260139465332
0.19704879820346832
0.06480908393859863
0.08789774030447006
0.13045048713684082
0.23907528817653656
0.39444246888160706
0.359430730342865
0.1585080623626709
0.1353452056646347
0.49329081177711487
0.6191714406013489
0.5966165661811829
0.42325082421302795
0.5021317601203918
0.5643173456192017
0.2823692262172699
0.24498234689235687
0.6634772419929504
0.41393354535102844
0.2243068516254425
0.11924978345632553
0.6403201222419739
0.35093796253204346
0.16907866299152374
0.09807363897562027
0.5465896725654602
0.40675655007362366
0.38564035296440125
0.21065284311771393
0.318816214799881
0.23806744813919067
0.7046411037445068
0.39700278639793396
0.8307988047599792
0.7412163019180298
0.5323299765586853
0.42302513122558594
0.317402184009552
0.32856276631355286
0.5699965357780457
0.2782754898071289
0.2743876874446869
0.3056606352329254
0.3903438448905945
0.3980875611305237
0.22140052914619446
0.2843603789806366
0.09657832235097885
0.1863645315170288
0.19224198162555695
0.08498480916023254
0.3636447489261627
0.5113416910171509
0.2620536983013153
0.224781334400177
0.7238517999649048
0.6484939455986023
0.7439385652542114
0.3713981807231903
0.46826738119125366
0.5318947434425354
0.7429059743881226
0.31459465622901917
0.28111353516578674
0.16152195632457733
0.5563746094703674
0.5253822803497314
0.06268548220396042
0.1892276406288147
0.0704524889588356
0.3339841067790985
0.4395933151245117
0.48816385865211487
0.2575131952762604
0.1723158359527588
0.3391871154308319
0.41528838872909546
0.16961342096328735
0.2404818832874298
0.8406499028205872
0.4692997336387634
0.4373917579650879
0.5270655155181885
0.4131452739238739
0.7824991345405579
0.48789533972740173
0.9102341532707214
0.8146132230758667
0.7048299908638
0.7064286470413208
0.805018424987793
0.5021985173225403
0.735842764377594
0.7431760430335999
