0.1536896675825119
0.20746439695358276
0.2308291345834732
0.10233654081821442
0.10580277442932129
0.07242599874734879
0.15151675045490265
0.21986116468906403
0.18146377801895142
0.081090547144413
0.2517651319503784
0.39278697967529297
0.13497163355350494
0.26452913880348206
0.25291821360588074
0.4157372713088989
0.1723351776599884
0.17050468921661377
0.1594468057155609
0.2389305979013443
0.05962030217051506
0.13041865825653076
0.2097398191690445
0.6394115686416626
0.8125505447387695
0.6737309694290161
0.9060204029083252
0.26001039147377014
0.31051331758499146
0.804131805896759
0.3173825144767761
0.19545432925224304
0.6753401756286621
0.7428380846977234
0.10148310661315918
0.172747403383255
0.803272545337677
0.5404976606369019
0.27694171667099
0.3458334505558014
0.29516422748565674
0.17164675891399384
0.48237696290016174
0.7133648991584778
0.3198463022708893
0.8607621192932129
0.4408613443374634
0.9251556396484375
0.8386194705963135
0.543346643447876
0.7406219840049744
0.2592979669570923
0.080348901450634
0.1168418899178505
0.489629328250885
0.06584008783102036
0.01590794324874878
0.10467367619276047
0.1315290480852127
0.11510295420885086
0.03381263092160225
0.4893503189086914
0.22295328974723816
0.15627935528755188
0.2464606761932373
0.36236312985420227
0.10431941598653793
0.03705485537648201
0.024209706112742424
0.011160585097968578
0.06651639938354492
0.04676034674048424
0.37376123666763306
0.36216479539871216
0.37221312522888184
0.916188657283783
0.3158123791217804
0.212389275431633
0.8761869668960571
0.7607203722000122
0.15365155041217804
0.8011482954025269
0.8962252140045166
0.2669190764427185
0.10815749317407608
0.8552910685539246
0.4400038719177246
0.09630149602890015
0.5587862133979797
0.8818347454071045
0.5782602429389954
0.7762174010276794
0.1887603998184204
0.07237446308135986
0.014992056414484978
0.030452603474259377
0.01007718313485384
0.02176629938185215
0.011434207670390606
0.06854017078876495
0.2839643061161041
0.3738841414451599
0.6678215265274048
0.5544887185096741
0.7840251326560974
0.8123633861541748
0.8120962381362915
0.8760975003242493
0.8982383012771606
0.8760367631912231
0.9024234414100647
0.9549217224121094
0.8984501957893372
0.8887369632720947
0.7852530479431152
0.8921770453453064
0.3467942774295807
0.7360637784004211
0.8875001072883606
0.7606223225593567
0.23826387524604797
0.8353228569030762
0.9152845740318298
0.649285614490509
0.41257327795028687
0.7822478413581848
0.760388195514679
0.4161527454853058
0.8696869015693665
0.7158488631248474
0.2941787838935852
0.7910206913948059
0.5796265602111816
0.3016614019870758
0.5808061957359314
0.841543972492218
0.2160361409187317
0.6164698004722595
0.9383819699287415
0.7086310386657715
0.4212741255760193
0.8470781445503235
0.9171209335327148
0.15514138340950012
0.5682557225227356
0.9387199878692627
0.7772744297981262
0.11732574552297592
0.6057552099227905
0.8565862774848938
0.7578304409980774
0.7356403470039368
0.21288983523845673
0.14721018075942993
0.12154359370470047
0.04169351980090141
0.11698838323354721
0.1365285962820053
0.10341111570596695
0.1892630010843277
0.1732216626405716
0.5042183995246887
0.16189463436603546
0.1337137371301651
0.5088661313056946
0.3002168834209442
0.19548918306827545
0.1620166152715683
0.23388910293579102
0.279104083776474
0.4365765154361725
0.3662751317024231
0.6361901760101318
0.5485060811042786
0.8557326197624207
0.8104336261749268
0.9276896715164185
0.7914844155311584
0.8655562400817871
0.8640678524971008
0.8038960099220276
0.8242515921592712
0.7622465491294861
0.7093183398246765
0.29858508706092834
0.2536844313144684
0.5796530246734619
0.15249891579151154
0.3925837278366089
0.39842915534973145
0.04445920139551163
0.23267537355422974
0.4768829345703125
0.0959969088435173
0.049803487956523895
0.25170278549194336
0.3512219190597534
0.048207346349954605
0.12348856031894684
0.2933802008628845
0.14397859573364258
0.23087435960769653
0.22880026698112488
0.06256081908941269
0.08151188492774963
0.04215247184038162
0.03040091134607792
0.012295429594814777
0.031668055802583694
0.22230665385723114
0.10419605672359467
0.024536313489079475
0.21242600679397583
0.1575465202331543
0.028981242328882217
0.2542933523654938
0.18235738575458527
0.02502155676484108
0.015927882865071297
0.12876154482364655
0.06334058195352554
0.017564108595252037
0.03368033841252327
0.028055228292942047
0.0460481233894825
0.045086443424224854
0.04447723552584648
0.058735139667987823
0.06263042986392975
0.03488276153802872
0.024356672540307045
0.1015060767531395
0.1284029632806778
0.5824082493782043
0.73152756690979
0.10021888464689255
0.19076961278915405
0.27040591835975647
0.14496785402297974
0.050693903118371964
0.08234749734401703
0.253008097410202
0.34294068813323975
0.2417755424976349
0.5089765191078186
0.14019057154655457
0.20608273148536682
0.04912303760647774
0.05882301554083824
0.19451387226581573
0.11880926042795181
0.2951107919216156
0.8607684373855591
0.600913941860199
0.21303562819957733
0.2004578411579132
0.2979108393192291
0.07116121798753738
0.03477298468351364
0.37368372082710266
0.4153328537940979
0.05073956400156021
0.1689336746931076
0.5635174512863159
0.3009011447429657
0.08060026168823242
0.2863531708717346
0.041756294667720795
0.04593455791473389
0.03690432384610176
0.06816189736127853
0.02446216344833374
0.06052247807383537
0.1784709095954895
0.7799344062805176
0.38765832781791687
0.8503709435462952
0.8966372013092041
0.8592445850372314
0.7758882641792297
0.603216290473938
0.47598573565483093
0.29738038778305054
0.5437347888946533
0.5586258769035339
0.2503676116466522
0.4548698663711548
0.2362043559551239
0.21873043477535248
0.31205692887306213
0.20020516216754913
0.21446649730205536
0.777285635471344
0.8328655362129211
0.8823249936103821
0.8941791653633118
0.7394415736198425
0.8341915607452393
0.7262256741523743
0.8413591384887695
0.8567910194396973
0.7048644423484802
0.8273231387138367
0.7431753873825073
0.8294816613197327
0.6107458472251892
0.7046555876731873
0.5161380767822266
0.7227251529693604
0.240390807390213
0.3215049207210541
0.06340538710355759
0.13871200382709503
0.11857524514198303
0.04855172336101532
0.024338064715266228
0.14505897462368011
0.05448915436863899
0.02007010206580162
0.04611649736762047
0.0663706436753273
0.06897250562906265
0.023511579260230064
0.06569904088973999
0.04324294254183769
0.021484527736902237
0.08505669981241226
0.07163850963115692
0.06574531644582748
0.04411362484097481
0.08365581929683685
0.06422696262598038
0.054014015942811966
0.0728621780872345
0.054136596620082855
0.09020861238241196
0.04798399284482002
0.08272294700145721
0.1238894984126091
0.08433752506971359
0.10624811798334122
0.10116718709468842
0.22061316668987274
0.12091464549303055
0.1650175303220749
0.2485647201538086
0.17571857571601868
0.1611545830965042
0.2582986652851105
0.0534687265753746
0.09640856087207794
0.049850430339574814
0.03084067814052105
0.11272066086530685
0.10200026631355286
0.08441411703824997
0.03566787391901016
0.04937664791941643
0.08306104689836502
0.13586218655109406
0.05704369768500328
0.027804352343082428
0.04867564141750336
0.09911639243364334
0.04626457765698433
0.02123984508216381
0.07019179314374924
0.1172034740447998
0.04628216102719307
0.024799516424536705
0.05094410479068756
0.07037927210330963
0.06535159796476364
0.04785051941871643
0.08029922842979431
0.02785862237215042
0.040333978831768036
0.13136403262615204
0.18734803795814514
0.4906599819660187
0.4114096760749817
0.36123350262641907
0.08111005276441574
0.3551405370235443
0.45074447989463806
0.2159128189086914
0.0801389217376709
0.25813817977905273
0.6437539458274841
0.17133156955242157
0.12975694239139557
0.20379972457885742
0.19848747551441193
0.12159214913845062
0.10805392265319824
0.14784780144691467
0.12907417118549347
0.29717928171157837
0.2764124870300293
0.3591823875904083
0.5335302948951721
0.5455062985420227
0.8848945498466492
0.8946980237960815
0.8385780453681946
0.9171416163444519
0.7997410297393799
0.6814522743225098
0.369710773229599
0.35113224387168884
0.04128517210483551
0.08976990729570389
0.133791983127594
0.24245575070381165
0.013971732929348946
0.11459702998399734
0.03795890510082245
0.05118122324347496
0.041781436651945114
0.13811084628105164
0.08253608644008636
0.06696872413158417
0.08950414508581161
0.11612418293952942
0.09271477162837982
0.08188137412071228
0.02011582814157009
0.016734614968299866
0.013377634808421135
0.03919133171439171
0.036666836589574814
0.16640909016132355
0.48305436968803406
0.5834740400314331
0.3190828263759613
0.4368535578250885
0.8290562629699707
0.8701180219650269
0.4876059591770172
0.8962571024894714
0.9260480999946594
0.23575063049793243
0.3765811622142792
0.9139553904533386
0.46648773550987244
0.15500850975513458
0.5776403546333313
0.8311347961425781
0.44393688440322876
0.3426949083805084
0.1193806454539299
0.07443893700838089
0.04379567131400108
0.05185281112790108
0.0476764477789402
0.029515475034713745
0.0364815779030323
0.10820385068655014
0.23852385580539703
0.2937592566013336
0.5849639177322388
0.5449457764625549
0.7305390238761902
0.47366344928741455
0.7605214715003967
0.7808703184127808
0.39310407638549805
0.7356513142585754
0.8688676953315735
0.629407525062561
0.6163225769996643
0.7031306028366089
0.6968331933021545
0.42537519335746765
0.878002405166626
0.8031730651855469
0.6486713290214539
0.9080765247344971
0.9069235324859619
0.76460862159729
0.8774757981300354
0.864130437374115
0.9187963604927063
0.6673837304115295
0.762604832649231
0.47595781087875366
0.36587631702423096
0.20257720351219177
0.7061939239501953
0.8472703099250793
0.134305939078331
0.6196509003639221
0.8825610280036926
0.821601152420044
0.6125170588493347
0.4744800925254822
0.3218834400177002
0.24732033908367157
0.19991534948349
0.4177848696708679
0.05476997792720795
0.2417445182800293
0.04827152565121651
0.02831035479903221
0.028854046016931534
0.07991237938404083
0.02050204761326313
0.07515385001897812
0.039620522409677505
0.030475927516818047
0.04448310658335686
0.08404116332530975
0.26492029428482056
0.06592635810375214
0.08766089379787445
0.06994882971048355
0.2584918141365051
0.1814965456724167
0.0909024178981781
0.12017083168029785
0.08887238800525665
0.13061220943927765
0.047189418226480484
0.10025335103273392
0.03578413650393486
0.15968334674835205
0.09535502642393112
0.17093998193740845
0.5435940027236938
0.3471989333629608
0.32100430130958557
0.7561954259872437
0.7566502690315247
0.8308857083320618
0.7628071904182434
0.4332873225212097
0.7875411510467529
0.8726632595062256
0.8170357942581177
0.8792272806167603
0.7097532749176025
0.7720039486885071
0.8376733064651489
0.8244757652282715
0.49620670080184937
0.8743818402290344
0.8126243352890015
0.7505472302436829
0.7050920128822327
0.8204854726791382
0.875737190246582
0.7853622436523438
0.49283456802368164
0.8729223012924194
0.8691179752349854
0.6157470345497131
0.6314855217933655
0.7622607350349426
0.6046307682991028
0.6170498728752136
0.7023087739944458
0.7205412983894348
0.6024787425994873
0.2839704155921936
0.639123260974884
0.6236132383346558
0.24878886342048645
0.08774290233850479
0.3760347068309784
0.7125697731971741
0.3846987783908844
0.22026307880878448
