0.295855849981308
0.5822269916534424
0.9003496170043945
0.5216596126556396
0.9193097352981567
0.3947841227054596
0.922367513179779
0.4940926134586334
0.8114407062530518
0.9029707312583923
0.8550686240196228
0.476811945438385
0.753470242023468
0.8408986330032349
0.452100545167923
0.16380643844604492
0.8529061675071716
0.6541194319725037
0.1180216372013092
0.3493455946445465
0.8333457112312317
0.6153285503387451
0.387818843126297
0.7719724774360657
0.6577633023262024
0.9388487339019775
0.9268766045570374
0.9205135703086853
0.9814488291740417
0.9546871185302734
0.9628586173057556
0.9676823019981384
0.9523988366127014
0.968023419380188
0.837028980255127
0.9666277766227722
0.9085417985916138
0.9657957553863525
0.8929486870765686
0.9021852612495422
0.8204733729362488
0.9019836783409119
0.8680241703987122
0.8972213864326477
0.9376280307769775
0.9581243991851807
0.9509336948394775
0.8886114954948425
0.8977656960487366
0.8958813548088074
0.9466080069541931
0.9061462879180908
0.9003700613975525
0.907512366771698
0.9492929577827454
0.9145119190216064
0.8977540135383606
0.8461736440658569
0.821178138256073
0.943324625492096
0.7002015113830566
0.9596977233886719
0.7144994139671326
0.9018604755401611
0.4884217083454132
0.618025004863739
0.6776914596557617
0.5140537619590759
0.5475645661354065
0.6314439177513123
0.5779987573623657
0.21450062096118927
0.16976282000541687
0.6947829127311707
0.38010939955711365
0.21184176206588745
0.19923779368400574
0.6097542643547058
0.3425401449203491
0.31900423765182495
0.3187379240989685
0.7467291951179504
0.7556473016738892
0.8428943157196045
0.8756548762321472
0.9359453320503235
0.8086922764778137
0.7599024772644043
0.8692887425422668
0.9704130291938782
0.8634163737297058
0.9706487655639648
0.872026264667511
0.9164345264434814
0.8529002070426941
0.8215773105621338
0.8421425223350525
0.8118218779563904
0.640834629535675
0.9036763310432434
0.905583918094635
0.9755266904830933
0.9803191423416138
0.9318810701370239
0.7947303652763367
0.8106129765510559
0.7212066650390625
0.634535551071167
0.5319315791130066
0.6608924865722656
0.46498361229896545
0.7773091793060303
