0.6293398141860962
0.7870770692825317
0.7983531951904297
0.5381022095680237
0.5882939100265503
0.5602275133132935
0.6358932256698608
0.5670235753059387
0.3723205029964447
0.6534997224807739
0.3722938895225525
0.5798153877258301
0.1823490411043167
0.17020948231220245
0.16106446087360382
0.11507672816514969
0.08415073156356812
0.07129345834255219
0.011538375169038773
0.11701720207929611
0.16521087288856506
0.056832391768693924
0.17811061441898346
0.02904411219060421
0.0119386101141572
0.022726483643054962
0.02899719960987568
0.022663144394755363
0.02495296485722065
0.02441912703216076
0.10938578844070435
0.10165830701589584
0.04506135731935501
0.04311919957399368
0.011337175033986568
0.020465705543756485
0.006906105671077967
0.0068387421779334545
0.004056023899465799
0.012844336219131947
0.05004429817199707
0.042081139981746674
0.14298243820667267
0.1278076469898224
0.11623738706111908
0.011874878779053688
0.04502633586525917
0.07281170785427094
0.18476010859012604
0.1996225267648697
0.14918601512908936
0.019186481833457947
0.20669864118099213
0.316818505525589
0.026560325175523758
0.04046609625220299
0.4566422700881958
0.3129176199436188
0.019169889390468597
0.2229255884885788
0.6792638301849365
0.3495689928531647
0.118478924036026
0.7990695834159851
0.8946126103401184
0.23017936944961548
0.5853765606880188
0.26795658469200134
0.1852995753288269
0.37721607089042664
0.08332209289073944
0.03381240367889404
0.04840431362390518
0.018859822303056717
0.011061817407608032
0.002170019084587693
0.010351798497140408
0.013553500175476074
0.04341219365596771
0.07885776460170746
0.005877076648175716
0.01124246884137392
0.013860974460840225
0.028225596994161606
0.059873972088098526
0.13366667926311493
0.11908136308193207
0.7188790440559387
0.4894569218158722
0.35914579033851624
0.7442686557769775
0.377264142036438
0.8170762062072754
0.8952475786209106
0.74146568775177
0.33259913325309753
0.2265314757823944
0.27917784452438354
0.2807609438896179
0.4822433292865753
0.5244420170783997
0.5128157734870911
0.6090012192726135
0.5114737153053284
0.514285147190094
0.9169567227363586
0.5810644626617432
0.623007595539093
0.9601995944976807
0.8550639748573303
0.2091693878173828
0.7395555973052979
0.9646572470664978
0.7383072376251221
0.41607481241226196
0.9291674494743347
0.8995963335037231
0.7449312806129456
0.8227394819259644
0.5415140986442566
0.7155114412307739
0.274833083152771
0.147710382938385
0.03399033471941948
0.0227187592536211
0.0073035904206335545
0.017495883628726006
0.017909323796629906
0.056521832942962646
0.019783297553658485
0.05650938302278519
0.17848137021064758
0.09075652807950974
0.026387758553028107
0.31826072931289673
0.5840820670127869
0.0667199045419693
0.2428276538848877
0.7297046780586243
0.6661379337310791
0.7117896676063538
0.9272507429122925
0.8319921493530273
0.5674970746040344
0.26496925950050354
0.06540515273809433
0.07283022254705429
0.09845531731843948
0.061678316444158554
0.07236487418413162
0.19659291207790375
0.09580501914024353
0.19413208961486816
0.6326654553413391
0.573781430721283
0.7245029807090759
0.963613748550415
0.9530168175697327
0.922806978225708
0.9388052821159363
0.9548466205596924
0.9840291142463684
0.9120379686355591
0.9740860462188721
0.969997227191925
0.9174697995185852
0.6491456627845764
0.8922255635261536
0.9726536870002747
0.9443991184234619
0.5210291743278503
0.8919091820716858
0.9786853790283203
0.9235720038414001
0.6209229230880737
0.875573456287384
0.984960675239563
0.9769081473350525
0.8108912706375122
0.6740893125534058
0.9847803115844727
0.9452398419380188
0.6923441290855408
0.925277054309845
0.9819701313972473
0.9593105316162109
0.853316605091095
0.9202553629875183
0.6434648036956787
0.62348473072052
0.27305668592453003
0.09007158875465393
0.38730698823928833
0.43928197026252747
0.18008072674274445
0.6810466647148132
0.5987266898155212
0.5809130072593689
0.7711191773414612
0.4629334509372711
0.5077837109565735
0.9247525334358215
0.7629324793815613
0.29481205344200134
0.16560161113739014
0.20042280852794647
0.07533599436283112
0.08530271053314209
0.16001513600349426
0.08047941327095032
0.2194877415895462
0.1369640827178955
0.24379093945026398
0.14972594380378723
0.15534470975399017
0.3070165812969208
0.8194013833999634
0.14079590141773224
0.26470014452934265
0.5876811146736145
0.8582695126533508
0.7150285840034485
0.6699146032333374
0.9472856521606445
0.9713747501373291
0.9206719994544983
0.9824989438056946
0.9645216464996338
0.9019697904586792
0.9336197376251221
0.9667018055915833
0.9638137817382812
0.8875074982643127
0.8762898445129395
0.9396811723709106
0.9564865231513977
0.8912968039512634
0.9036948084831238
0.9755499362945557
0.9616128206253052
0.9240453839302063
0.9255034327507019
0.9812840223312378
0.9440502524375916
0.7693609595298767
0.9487034678459167
0.9565190076828003
0.9209114909172058
0.9402299523353577
0.9212433695793152
0.9020388126373291
0.9386849999427795
0.9617485404014587
0.9650107622146606
0.9757852554321289
0.9823206067085266
0.9530915021896362
0.9670038223266602
0.9789713025093079
0.9115236401557922
0.6923583149909973
0.8000928163528442
0.7759275436401367
0.7528030872344971
0.38005197048187256
0.5750619173049927
0.8727866411209106
0.461013525724411
0.2231006622314453
0.7899150848388672
0.7270219922065735
0.47802630066871643
0.6365117430686951
0.6656147837638855
0.5747672319412231
0.48510876297950745
0.4498104155063629
0.7553444504737854
0.5393288731575012
0.5505805611610413
0.8104298710823059
0.8156007528305054
0.8586221933364868
0.8271158337593079
0.8814573287963867
