0.40091487765312195
0.4366846978664398
0.3916991651058197
0.4612049460411072
0.32926008105278015
0.4789082705974579
0.26700857281684875
0.1291237473487854
0.09250588715076447
0.012502016499638557
0.009335332550108433
0.004016398917883635
0.00998661294579506
0.01680390164256096
0.0617944598197937
0.04495755210518837
0.03132649138569832
0.01208819355815649
0.013837109319865704
0.0948995053768158
0.09950202703475952
0.01065648254007101
0.027414387091994286
0.1614304929971695
0.12029635906219482
0.025172961875796318
0.0739414393901825
0.3513137102127075
0.09937748312950134
0.17595617473125458
0.16987182199954987
0.23926803469657898
0.048851270228624344
0.02873190864920616
0.015597997233271599
0.03486913442611694
0.06297226250171661
0.5032547116279602
0.3939013183116913
0.7403423190116882
0.22268226742744446
0.5726087689399719
0.7396752238273621
0.20087295770645142
0.4403916001319885
0.2143336683511734
0.448201447725296
0.3637685775756836
0.1514231115579605
0.09119683504104614
0.03337860107421875
0.03032566048204899
0.02849709987640381
0.039453912526369095
0.03352481499314308
0.027771983295679092
0.06981686502695084
0.061068423092365265
0.03240400552749634
0.06125732138752937
0.053771328181028366
0.1338118016719818
0.03537960723042488
0.16255955398082733
0.2734883725643158
0.3821094334125519
0.14025163650512695
0.09239931404590607
0.19832055270671844
0.34218403697013855
0.19534017145633698
0.2512218952178955
0.3489384949207306
0.33593329787254333
0.19938084483146667
0.32150474190711975
0.33762937784194946
0.43197616934776306
0.42695531249046326
0.25360244512557983
0.41228264570236206
0.2356395721435547
0.429765522480011
0.25369685888290405
0.30416038632392883
0.23660683631896973
0.42451804876327515
0.09161728620529175
0.11201408505439758
0.2773897647857666
0.1267305165529251
0.03414285555481911
0.3695017397403717
0.537603497505188
0.10129748284816742
0.1754649579524994
0.795038104057312
0.8131130337715149
0.2799799144268036
0.7939874529838562
0.9352942705154419
0.6890743970870972
0.7954861521720886
0.4359706938266754
0.8515101671218872
0.505811870098114
0.3896245062351227
0.6868436932563782
0.24971243739128113
0.32745590806007385
0.5349492430686951
0.6228264570236206
0.3827506899833679
0.21218329668045044
0.23989316821098328
0.0600283145904541
0.280629426240921
0.1983468383550644
0.15369495749473572
0.12292186170816422
0.12742915749549866
0.1407661885023117
0.1610727608203888
0.18230609595775604
0.294604629278183
0.5171316266059875
0.25329142808914185
0.21743866801261902
0.32690930366516113
0.2288399487733841
0.07849636673927307
0.08648866415023804
0.0528981015086174
0.0550205297768116
0.019232923164963722
0.11718408018350601
0.13328464329242706
0.17626550793647766
0.09886379539966583
0.48667606711387634
0.08910128474235535
0.07028064876794815
0.6296766400337219
0.3522058427333832
0.10248279571533203
0.19605141878128052
0.9020510911941528
0.5652753114700317
0.11736664921045303
0.628746509552002
0.8836879134178162
0.4857485592365265
0.10125652700662613
0.7798252105712891
0.7532874345779419
0.38501158356666565
0.5545597672462463
0.14388979971408844
0.21040651202201843
0.20446449518203735
0.2932921350002289
0.3828308582305908
0.5929681062698364
0.4509068727493286
0.6660680174827576
0.20704880356788635
0.35110583901405334
0.15580473840236664
0.04422718659043312
0.053295671939849854
0.132130429148674
0.011698472313582897
0.06346102803945541
0.02397036738693714
0.0297332014888525
0.008827549405395985
0.006557440850883722
0.014965553767979145
0.016676753759384155
0.007681494113057852
0.08237631618976593
0.15166155993938446
0.5547598600387573
0.5635320544242859
0.6797602772712708
0.7844527363777161
0.7364174127578735
0.5520660281181335
0.6190459132194519
0.44631609320640564
0.3725740313529968
0.15369829535484314
0.09590019285678864
0.10137917846441269
0.014866928569972515
0.05069362744688988
0.009560398757457733
0.0030427509918808937
0.003193644108250737
0.0071087796241045
0.004901247564703226
0.09437534958124161
0.12951596081256866
0.20910944044589996
0.2665269076824188
0.3840186893939972
0.619439959526062
0.2269638329744339
0.2926768362522125
0.43579426407814026
0.5820119976997375
0.3710566759109497
0.33350351452827454
0.4359845221042633
0.6122229695320129
0.8651941418647766
0.6296101212501526
0.44077369570732117
0.35637131333351135
0.3099854588508606
0.4494244158267975
0.045326344668865204
0.2294100672006607
0.3115856349468231
0.09554611891508102
0.03253191336989403
0.3768291473388672
0.7667744159698486
0.1020638644695282
0.19495314359664917
0.16426867246627808
0.15455803275108337
0.24977336823940277
0.17766974866390228
0.23281317949295044
0.1962704360485077
0.35768669843673706
0.31493693590164185
0.4389941394329071
0.22282542288303375
0.20959734916687012
0.08984559774398804
0.08275330066680908
0.05803859233856201
0.029980463907122612
0.097324900329113
0.11220041662454605
0.3131352961063385
0.40313658118247986
0.09562040120363235
0.29560020565986633
0.1493673175573349
0.03298478201031685
0.09078260511159897
0.21571847796440125
0.04283958673477173
0.037242598831653595
0.12008314579725266
0.08334110677242279
0.18914934992790222
0.06566636264324188
0.022365817800164223
0.0796000137925148
0.014415047131478786
0.024819258600473404
0.017431586980819702
0.05308233201503754
0.12476412206888199
0.07673507928848267
0.15137596428394318
0.13214726746082306
0.05026637762784958
0.05195268616080284
0.15756812691688538
0.3278730809688568
0.30035558342933655
0.0500703826546669
0.3449797034263611
0.3491435647010803
0.12816672027111053
0.059410467743873596
0.03731474280357361
0.11326023191213608
0.07359917461872101
0.1445801705121994
0.2767023742198944
0.34301653504371643
0.20485664904117584
0.039878927171230316
0.08760572969913483
0.5951904654502869
0.1193208172917366
0.0391237698495388
0.28031161427497864
0.45565950870513916
0.06176413968205452
0.13327383995056152
0.7771633267402649
0.4223812222480774
0.09784231334924698
0.2155040204524994
0.04695727303624153
0.052762411534786224
0.18975625932216644
0.24442699551582336
0.5381377339363098
0.5785660743713379
0.19883723556995392
0.1509096622467041
0.09158740192651749
0.028365066275000572
0.03761081397533417
0.014985620975494385
0.07168436795473099
0.039649296551942825
0.1255156248807907
0.2784108519554138
0.14465190470218658
0.07122787833213806
0.2507644295692444
0.17935438454151154
0.1946069747209549
0.05257292464375496
0.25779083371162415
0.2336810678243637
0.25451311469078064
0.06305389851331711
0.3165326416492462
0.1709292083978653
0.06092764437198639
0.23516379296779633
0.5455793142318726
0.280988872051239
0.10547242313623428
0.5761632323265076
0.6857487559318542
0.5707491040229797
0.22876644134521484
0.8196030855178833
0.35231614112854004
0.28643330931663513
0.06506720930337906
0.17748518288135529
0.25630900263786316
0.27285853028297424
0.08139506727457047
0.046843111515045166
0.08077617734670639
0.012546365149319172
0.1031189039349556
0.08997400850057602
0.11213114857673645
0.09966059774160385
0.1839720904827118
0.3498580753803253
0.2818913459777832
0.21171976625919342
0.12036367505788803
0.07182234525680542
0.04368973523378372
0.11846092343330383
0.0679265633225441
0.2379908561706543
0.2547461986541748
0.05451712757349014
0.015530548058450222
0.0334814079105854
0.036876577883958817
0.22339418530464172
0.3117341101169586
0.3085865378379822
0.32402175664901733
0.4992193281650543
0.5014297366142273
0.3364185392856598
0.41696447134017944
0.3829900920391083
0.3198566734790802
0.10123171657323837
0.06075560301542282
0.019932487979531288
0.005032144952565432
0.008091255091130733
0.007338244002312422
0.0052365330047905445
0.003356404136866331
0.011279827915132046
0.128864586353302
0.035473331809043884
0.03461449593305588
0.18239586055278778
0.19104163348674774
0.311036616563797
0.21764475107192993
0.34370341897010803
0.2178509682416916
0.24108876287937164
0.2540799677371979
0.37981724739074707
0.22027583420276642
0.10978642851114273
0.06320393085479736
0.09021881967782974
0.12571687996387482
0.05286457762122154
0.03723054379224777
0.054332535713911057
0.014117487706243992
0.028736213222146034
0.04504816606640816
0.0438394658267498
0.004288444295525551
0.14604242146015167
0.03099079243838787
0.004421437159180641
0.010659445077180862
0.11710749566555023
0.0748496949672699
0.008867968805134296
0.04873756691813469
0.054822538048028946
0.009460676461458206
0.019827837124466896
0.03483818098902702
0.026091260835528374
0.01717224344611168
0.008172434754669666
0.024212857708334923
0.019710924476385117
0.043842773884534836
0.023105358704924583
0.016177214682102203
0.04384694620966911
0.15838642418384552
0.0787980854511261
0.03695313259959221
0.09341191500425339
0.20468109846115112
0.11321285367012024
0.09742092341184616
0.3051184117794037
0.24166962504386902
0.4260556399822235
0.4653649926185608
0.5002760887145996
0.387143075466156
0.5684052109718323
0.7156904339790344
0.4535199701786041
0.31334730982780457
0.6458906531333923
0.5032036304473877
0.33807802200317383
0.3774760067462921
0.6038786768913269
0.3577229976654053
0.7128127217292786
0.3212205767631531
0.19321255385875702
0.615314781665802
0.41251444816589355
0.17450550198554993
0.14711952209472656
0.4096268117427826
0.28256067633628845
0.09156177192926407
0.11056032031774521
0.5112539529800415
0.41571342945098877
0.12389865517616272
0.19629615545272827
0.49162259697914124
0.3036823272705078
0.6068724393844604
0.46896177530288696
0.45832735300064087
0.1687575876712799
0.21986600756645203
0.20795418322086334
0.1313149780035019
0.1656784862279892
0.17006225883960724
0.05065752938389778
0.2905202805995941
0.15218105912208557
0.1469557136297226
0.08558473736047745
0.370743066072464
0.14855003356933594
0.09669598937034607
0.5792672038078308
0.2901081144809723
0.2267870455980301
0.348050594329834
0.3777132034301758
0.2536137104034424
0.2266167253255844
0.44037163257598877
0.4815928041934967
0.654144287109375
0.7555683255195618
0.8247315287590027
0.8746493458747864
0.7971649765968323
0.8610274195671082
0.8954161405563354
0.7846153378486633
0.9087096452713013
0.7803763151168823
0.6901816129684448
0.7315703630447388
0.7723902463912964
0.530773937702179
0.5833801627159119
0.6806440949440002
0.3855293393135071
0.6693094372749329
0.5184914469718933
0.4220132529735565
0.34805941581726074
0.7096932530403137
0.4899492859840393
0.19319887459278107
0.5417410135269165
0.343129962682724
0.35935842990875244
0.16865770518779755
0.5382320880889893
0.22899770736694336
0.16883903741836548
0.4833061993122101
0.7807367444038391
0.5908672213554382
0.5942830443382263
0.4782143831253052
0.5278964638710022
0.5555179715156555
0.39910733699798584
0.3125545084476471
0.5807902216911316
0.5601031184196472
0.3431614637374878
0.590731680393219
0.6093114018440247
0.5316027402877808
0.6388793587684631
0.5414641499519348
0.5230286121368408
0.4323301911354065
0.5327965021133423
0.5748007297515869
0.5274850130081177
0.6037635207176208
0.6200302839279175
0.5753478407859802
0.3507440388202667
0.23769421875476837
0.2209291011095047
0.39301207661628723
0.4613305628299713
0.48339420557022095
0.37931686639785767
0.6074603199958801
0.6557468771934509
0.5148237347602844
0.4699791967868805
0.44284993410110474
0.7032701969146729
0.44650349020957947
0.5187832117080688
0.6130445003509521
0.47029930353164673
0.5577523112297058
0.6117936968803406
0.2935854494571686
0.7277721762657166
0.6786860227584839
0.7198956608772278
0.631568193435669
0.36815759539604187
0.44951173663139343
0.4961690902709961
0.4835130274295807
0.46158117055892944
0.5342445373535156
0.49255651235580444
0.39404818415641785
0.15755826234817505
