0.18477483093738556
0.17590303719043732
0.3011193573474884
0.0849853903055191
0.056963104754686356
0.027474865317344666
0.032976794987916946
0.06179320067167282
0.016668030992150307
0.019314730539917946
0.0042672064155340195
0.007842605002224445
0.0022082363720983267
0.03044711984694004
0.05017869547009468
0.01389882992953062
0.06753704696893692
0.08735769242048264
0.0988001823425293
0.09906232357025146
0.037758395075798035
0.2870919704437256
0.5148155689239502
0.04360469803214073
0.19674213230609894
0.045138169080019
0.3130234479904175
0.1897248774766922
0.1286950558423996
0.04927570000290871
0.07172314822673798
0.08487964421510696
0.015573782846331596
0.014026015996932983
0.032328322529792786
0.07564663887023926
0.005997094791382551
0.015330374240875244
0.04902078956365585
0.0037485200446099043
0.00797232799232006
0.029174262657761574
0.027555612847208977
0.009520831517875195
0.07485584169626236
0.029844297096133232
0.01678389683365822
0.016130952164530754
0.025744164362549782
0.053107354789972305
0.00723958620801568
0.04844852164387703
0.014439065009355545
0.017777899280190468
0.07029680907726288
0.315902978181839
0.31384751200675964
0.6260523200035095
0.6492698192596436
0.5821343064308167
0.7665404677391052
0.6819102168083191
0.8527332544326782
0.8325225710868835
0.8070982694625854
0.900955319404602
0.8236972689628601
0.8701688051223755
0.8466746211051941
0.8422236442565918
0.7254441976547241
0.6488903164863586
0.5949801206588745
0.6362380981445312
0.5842165350914001
0.4762019217014313
0.5637336373329163
0.5719175934791565
0.46815770864486694
0.34186413884162903
0.42634814977645874
0.18638728559017181
0.19069910049438477
0.39928627014160156
0.10599610954523087
0.054184094071388245
0.039496880024671555
0.11019963771104813
0.03480665385723114
0.020114634186029434
0.015736237168312073
0.03203250840306282
0.09021709114313126
0.18003791570663452
0.10235309600830078
0.03376864641904831
0.2699163556098938
0.2840211093425751
0.15588818490505219
0.6341617107391357
0.5063855648040771
0.8694940209388733
0.9355783462524414
0.9630986452102661
0.8674003481864929
0.4964900612831116
0.8450072407722473
0.9726240634918213
0.919265866279602
0.7798006534576416
0.9213459491729736
0.303363174200058
0.8946556448936462
0.9648658037185669
0.7273324131965637
0.2938758432865143
0.9602253437042236
0.962112307548523
0.6735082268714905
0.30684545636177063
0.3142859637737274
0.4469645917415619
0.1633181869983673
0.05016524717211723
0.05545360594987869
0.036926545202732086
0.009216146543622017
0.012389075011014938
0.08442524820566177
0.27511024475097656
0.23071973025798798
0.8048505783081055
0.8945431113243103
0.43101781606674194
0.17276418209075928
0.9200682044029236
0.9345008134841919
0.3028624951839447
0.40048694610595703
0.9884978532791138
0.9466550946235657
0.2885277569293976
0.9630193710327148
0.9935497641563416
0.9355025887489319
0.9085092544555664
0.817913293838501
0.7377609610557556
0.2792004346847534
0.1567860245704651
0.12837088108062744
0.01822342537343502
0.18365022540092468
0.16688719391822815
0.02465922199189663
0.08186860382556915
0.04938457906246185
0.06028888747096062
0.5448499917984009
0.4299740195274353
0.26517343521118164
0.5844289064407349
0.5703854560852051
0.10378310084342957
0.29728883504867554
0.8367908596992493
0.7022367715835571
0.40370455384254456
0.6964753270149231
0.9432336091995239
0.8953472971916199
0.5051203966140747
0.8991581797599792
0.9775609970092773
0.9239431023597717
0.471191942691803
0.6609328985214233
0.4935504198074341
0.39112284779548645
0.20148687064647675
0.04614575207233429
0.11291900277137756
0.18139351904392242
0.0421287938952446
0.06760679185390472
0.07937321811914444
0.039711348712444305
0.03437923267483711
