0.43331775069236755
0.41684502363204956
0.29019466042518616
0.2311255931854248
0.27847298979759216
0.19788695871829987
0.528018593788147
0.805913507938385
0.8870578408241272
0.8428639769554138
0.78265780210495
0.9612771272659302
0.929448127746582
0.9317805171012878
0.9140360355377197
0.9142195582389832
0.543891966342926
0.714154839515686
0.9498172402381897
0.8236641883850098
0.5168187022209167
0.9019153714179993
0.7895247340202332
0.3470773994922638
0.5466271042823792
0.8613507151603699
0.9321849942207336
0.8476950526237488
0.9201961159706116
0.8992863893508911
0.8591394424438477
0.8469658493995667
0.3971725404262543
0.6751838326454163
0.4851255416870117
0.6983873844146729
0.5392069220542908
0.40512529015541077
0.6491357088088989
0.3318132162094116
0.36598923802375793
0.142581969499588
0.504202663898468
0.4279560148715973
0.40738874673843384
0.29742729663848877
0.44942760467529297
0.4239805340766907
0.607456386089325
0.5167021751403809
0.588344395160675
0.6944708824157715
0.6950773000717163
0.38596537709236145
0.8344533443450928
0.8669682145118713
0.5282298922538757
0.8555507659912109
0.9359676837921143
0.9185692667961121
0.8496735692024231
0.9527443051338196
0.9116564989089966
0.8930872082710266
0.5533398985862732
0.48458343744277954
0.5266995429992676
0.6244219541549683
0.47588905692100525
0.5521804690361023
0.37295082211494446
0.33487075567245483
0.20469515025615692
0.3844130337238312
0.355664998292923
0.4219565987586975
0.18142415583133698
0.4691176414489746
0.2946343719959259
0.42063775658607483
0.6146226525306702
