0.014292997308075428
0.010148301720619202
0.0014492120826616883
0.0013000069884583354
0.0010877070017158985
0.0024921295698732138
0.0036237339954823256
0.010121597908437252
0.03188304975628853
0.7542306780815125
0.039242222905159
0.004917046520859003
0.021706754341721535
0.056354742497205734
0.01143745705485344
0.0017554209334775805
0.006341873202472925
0.054919008165597916
0.004951909184455872
0.004274571780115366
0.040780920535326004
0.08390834182500839
0.01165418978780508
0.011949241161346436
0.005743702407926321
0.0016851312248036265
0.003752532647922635
0.0007822027546353638
0.0033280302304774523
0.004491335246711969
0.1016538217663765
0.06857121735811234
0.04200116544961929
0.06787977367639542
0.04079737514257431
0.015383211895823479
0.02907775156199932
0.05816691368818283
0.017579814419150352
0.020576821640133858
0.04168706014752388
0.015744231641292572
0.07371825724840164
0.11826864629983902
0.15951693058013916
0.406326562166214
0.8622482419013977
0.4559522271156311
0.7294581532478333
0.3881104588508606
0.16120830178260803
0.13433942198753357
0.09380317479372025
0.0771825835108757
0.025430673733353615
0.02782527543604374
0.06405360996723175
0.005649416241794825
0.05026644468307495
0.04566432535648346
0.03165717050433159
0.035221684724092484
0.03487842157483101
0.00668590422719717
0.01715523935854435
0.014453657902777195
0.01734582893550396
0.03467102721333504
0.012666952796280384
0.014263186603784561
0.00495045306161046
0.0028242848347872496
0.0007551382295787334
0.0018529107328504324
0.005698970519006252
0.002891290932893753
0.0016072130529209971
0.005985600408166647
0.001451961463317275
0.0006468215142376721
0.0028435736894607544
0.0010205261642113328
0.0031246913131326437
0.005469838622957468
0.019150761887431145
0.05645482987165451
0.2078920602798462
0.3631243407726288
0.3221404552459717
0.5001922249794006
0.5344037413597107
0.6776415705680847
0.4064904749393463
0.19914336502552032
0.14204733073711395
0.09703115373849869
0.04574264958500862
0.05931319296360016
0.007779079023748636
0.06870904564857483
0.048291753977537155
0.0068022930063307285
0.004179714247584343
0.05192800238728523
0.015247061848640442
0.002519300440326333
0.002927298191934824
0.03814948722720146
0.0019093139562755823
0.00337180751375854
0.014932299964129925
0.009975654073059559
0.004482882563024759
0.006877826992422342
0.009469719603657722
0.015192223712801933
0.004968315362930298
0.00907678622752428
0.0005608166102319956
0.005005422979593277
0.004513570107519627
0.029631316661834717
0.03026423789560795
0.28061455488204956
0.20761659741401672
0.8037625551223755
0.7991341352462769
0.4152010679244995
0.11763805896043777
0.03534439578652382
0.19978195428848267
0.43788936734199524
0.06664180755615234
0.0020501301623880863
0.014733316376805305
0.07854532450437546
0.020053192973136902
0.0017766518285498023
0.013259852305054665
0.03445842117071152
0.013889048248529434
0.0031786691397428513
0.013782854191958904
0.005576337222009897
0.012969155795872211
0.00546177988871932
0.010092047974467278
0.009830966591835022
0.002533713588491082
0.0033854099456220865
0.0035675049293786287
0.008002896793186665
0.007443948183208704
0.08045422285795212
0.0504746250808239
0.2414907068014145
0.31830283999443054
0.8796422481536865
0.3515421450138092
0.8787677884101868
0.864357590675354
0.8264890313148499
0.7192880511283875
0.16536135971546173
0.3593367636203766
0.654289722442627
0.4607839584350586
0.18098951876163483
0.3045971095561981
0.5761925578117371
0.28585314750671387
0.8088983297348022
0.8254279494285583
0.10870546847581863
0.27711254358291626
0.043968766927719116
0.07816798985004425
0.0556856133043766
0.05418531969189644
0.04012686014175415
0.04555714502930641
0.026742981746792793
0.009941193275153637
0.00411214167252183
0.018542669713497162
0.014182612299919128
0.006379366852343082
0.028756137937307358
0.016138598322868347
0.011592580936849117
0.029975278303027153
0.04966863617300987
0.06015856936573982
0.10467561334371567
0.30963554978370667
0.2713051438331604
0.5525096654891968
0.15854512155056
0.7823903560638428
0.33018696308135986
0.8743415474891663
0.8214406371116638
0.1984807699918747
0.8147821426391602
0.8937172293663025
0.4605773985385895
0.44221100211143494
0.9527312517166138
0.9337997436523438
0.8362716436386108
0.9636412858963013
0.9707816243171692
0.9590585827827454
0.9684832096099854
0.9863957166671753
0.9860838651657104
0.9868336915969849
0.978922426700592
0.9668106436729431
0.9755107164382935
0.9783089756965637
0.9694085717201233
0.9515079855918884
0.9185906648635864
0.9758351445198059
0.8576695322990417
0.8445746302604675
0.8546308279037476
0.9258494973182678
0.7046225070953369
0.797763466835022
0.9474114179611206
0.8162804245948792
0.9370520710945129
0.8870052099227905
0.8966410160064697
0.9020103812217712
0.8436005711555481
0.9629267454147339
0.883456826210022
0.7960959076881409
0.9114930033683777
0.8795833587646484
0.8458601832389832
0.8944463729858398
0.8519985675811768
0.8983641862869263
0.8580472469329834
0.8680776357650757
0.9062417149543762
0.8717820644378662
0.8133924007415771
0.9106925129890442
0.8413267731666565
0.9633761644363403
0.8536264300346375
0.9247196316719055
0.9756146669387817
0.8176525235176086
0.7834392189979553
0.2909609079360962
0.32895389199256897
0.25137290358543396
0.7362562417984009
0.21940596401691437
0.19548866152763367
0.7025694847106934
0.7128588557243347
0.6160881519317627
0.4164794981479645
0.8148252367973328
0.7800981998443604
0.4766247570514679
0.894504964351654
0.8485918641090393
0.7560952305793762
0.7266854047775269
0.9310654401779175
0.8775515556335449
0.296537309885025
0.7694821357727051
0.9008340835571289
0.8703699111938477
0.8867718577384949
0.8297007083892822
0.9172182083129883
0.5822522044181824
0.9160709381103516
0.9411766529083252
0.8089596033096313
0.5405287146568298
0.8745976090431213
0.8208485841751099
0.7345903515815735
0.8329374194145203
0.7892425656318665
0.44260796904563904
0.42489296197891235
0.681513786315918
0.3064064383506775
0.17604748904705048
0.4134930372238159
0.4639793038368225
0.04809460788965225
0.28449153900146484
0.2738524377346039
0.09076455980539322
0.02460317872464657
0.07798366993665695
0.08913789689540863
0.04120168834924698
0.026998912915587425
0.01658564805984497
0.10495282709598541
0.013175253756344318
0.0019249817123636603
0.0015777944354340434
0.003200046019628644
0.004804632626473904
0.011477711610496044
0.03926346078515053
0.04326938837766647
0.2763599455356598
0.43789780139923096
0.131281778216362
0.20346522331237793
0.22943536937236786
0.1925082802772522
0.2844866216182709
0.23659692704677582
0.573735237121582
0.4482780992984772
0.19940237700939178
0.2299557328224182
0.03819264471530914
0.482383668422699
0.5822708606719971
0.05926897004246712
0.0932140201330185
0.8077486753463745
0.47183313965797424
0.08068042248487473
0.646003782749176
0.7748756408691406
0.5420964360237122
0.2436833381652832
0.137386754155159
0.11746421456336975
0.042890019714832306
0.012897069565951824
0.007545112632215023
0.016649946570396423
0.03013141267001629
0.14151045680046082
0.11923050880432129
0.08971104025840759
0.10004440695047379
0.40434321761131287
0.13868893682956696
0.2553238272666931
0.4829463064670563
0.6148276925086975
0.43743109703063965
0.5646372437477112
0.31817230582237244
0.4833073019981384
0.506050169467926
0.6819542646408081
0.2086159735918045
0.365581750869751
0.5587814450263977
0.7682865858078003
0.4057668149471283
0.5788019299507141
0.7283266186714172
0.2202167809009552
0.14203579723834991
0.31862273812294006
0.20100250840187073
0.07077773660421371
0.021736901253461838
0.08817441016435623
0.01679767109453678
0.009354766458272934
0.00891933310776949
0.013977084308862686
0.0008662081090733409
0.0030685055535286665
0.00818374939262867
0.006684499327093363
0.003991821315139532
0.007328209932893515
0.0025730449706315994
0.001514569390565157
0.002559306798502803
0.0024502051528543234
0.004534364212304354
0.029055321589112282
0.04366864636540413
0.06501071155071259
0.06952924281358719
0.028608249500393867
0.025234917178750038
0.026658641174435616
0.00709491828456521
0.0029585626907646656
0.010973364114761353
0.039519052952528
0.033997543156147
0.010492962785065174
0.029735049232840538
0.037847891449928284
0.019419800490140915
0.01645193062722683
0.025580771267414093
0.005004286300390959
0.01754326932132244
0.010255151428282261
0.034242961555719376
0.08917049318552017
0.1179342269897461
0.0650569498538971
0.039903316646814346
0.09103596955537796
0.06817317754030228
0.027917828410863876
0.024284210056066513
0.03132637217640877
0.038825199007987976
0.017810503020882607
0.011627055704593658
0.03359692543745041
0.0332123227417469
0.0816192701458931
0.2137056142091751
0.22370195388793945
