0.8114328980445862
0.8650915622711182
0.9224619269371033
0.8792514801025391
0.8738839626312256
0.7720092535018921
0.8086431622505188
0.8371716737747192
0.6680088639259338
0.10202280431985855
0.2568049132823944
0.1348303258419037
0.08139050751924515
0.19721858203411102
0.061645906418561935
0.07760997116565704
0.08898160606622696
0.20744673907756805
0.3045490086078644
0.3512134253978729
0.9502173662185669
0.9618061780929565
0.8171831965446472
0.8799887895584106
0.9288613200187683
0.5523207783699036
0.28167596459388733
0.6905288100242615
0.6458278894424438
0.21836741268634796
0.3916764557361603
0.6141999363899231
0.2521803081035614
0.07445225864648819
0.47768327593803406
0.6939803957939148
0.3497864007949829
0.22768153250217438
0.4373718798160553
0.8432181477546692
0.6519606709480286
0.22489826381206512
0.09902650862932205
0.25748685002326965
0.39985910058021545
0.3002599775791168
0.126906156539917
0.327146977186203
0.6068679690361023
0.7907136082649231
0.8188900947570801
0.9432160258293152
0.7692080140113831
0.9689555764198303
0.822246789932251
0.7824699878692627
0.9803504943847656
0.9572361707687378
0.4257252812385559
0.9255222678184509
0.9842545390129089
0.8002650141716003
0.21579109132289886
0.9124673008918762
0.9512970447540283
0.5229299664497375
0.167319193482399
0.8680580258369446
0.63445645570755
0.3357667028903961
0.3834233582019806
0.37956762313842773
0.18350999057292938
0.09871964901685715
0.19346636533737183
0.1052776575088501
0.107157401740551
0.2727600932121277
0.34600958228111267
0.20454324781894684
0.5094481110572815
0.7543323636054993
0.876972496509552
0.8225976824760437
0.8997020721435547
0.9445133209228516
0.9342123866081238
0.9549561738967896
0.934732973575592
0.950428307056427
0.9816082119941711
0.8964908719062805
0.9095895886421204
0.9693748950958252
0.9628227949142456
0.6827006936073303
0.9827200770378113
0.9825854897499084
0.7555516362190247
0.7976803779602051
0.9883692860603333
0.9733589887619019
0.47412148118019104
0.8349027037620544
0.9876988530158997
0.8926462531089783
0.687527596950531
0.8157495856285095
0.5845686793327332
0.7268573045730591
0.6995974779129028
0.6774095892906189
0.9788085222244263
0.6249780058860779
0.7384986877441406
0.563659131526947
0.9126190543174744
0.5613338947296143
0.900126576423645
0.8229619264602661
0.8891739249229431
0.705338180065155
0.6126953959465027
0.3443859815597534
0.7283321022987366
0.4778846204280853
0.5376794934272766
0.24783267080783844
0.45045846700668335
0.6569809913635254
0.7665905356407166
0.5777314901351929
0.4462958574295044
0.3091735243797302
0.6932586431503296
0.0987478643655777
0.5354604125022888
0.8543316721916199
0.28329554200172424
0.12104087322950363
0.8636841773986816
0.9109619855880737
0.1431334912776947
0.15491928160190582
0.8909156918525696
0.8951612114906311
0.18635611236095428
0.330258309841156
0.8854832053184509
0.7591174840927124
0.4681936502456665
0.6547322869300842
0.8972057700157166
0.4381204843521118
