0.29251518845558167
0.0973307266831398
0.03723226860165596
0.02729066088795662
0.027883294969797134
0.036881592124700546
0.030529068782925606
0.23518408834934235
0.27624765038490295
0.21935559809207916
0.32943350076675415
0.10188362002372742
0.45451512932777405
0.3880837559700012
0.19153551757335663
0.0935971736907959
0.8643205165863037
0.5657176375389099
0.15593552589416504
0.38737109303474426
0.7324488759040833
0.3768482804298401
0.5196771621704102
0.3853786885738373
0.21165688335895538
0.3934880495071411
0.29741722345352173
0.09748811274766922
0.09357476979494095
0.03549822419881821
0.027021683752536774
0.1400100588798523
0.06922616809606552
0.19571265578269958
0.20738351345062256
0.25732341408729553
0.20232100784778595
0.4132784605026245
0.80537348985672
0.5379831194877625
0.1509227454662323
0.3114979863166809
0.30706650018692017
0.15938706696033478
0.38645413517951965
0.13458672165870667
0.10760803520679474
0.1180223599076271
0.15009702742099762
0.10673946142196655
0.10678044706583023
0.065524622797966
0.07008685171604156
0.03763343766331673
0.021667663007974625
0.11998539417982101
0.14135247468948364
0.0188747625797987
0.0911201611161232
0.17182399332523346
0.1692436933517456
0.1776656210422516
0.04199666902422905
0.07098113000392914
0.06107543781399727
0.010186102241277695
0.06431000679731369
0.04811781272292137
0.06992653012275696
0.19381126761436462
0.1912250816822052
0.2232300490140915
0.049526017159223557
0.0268861074000597
0.10517127066850662
0.2159762978553772
0.022447511553764343
0.026964301243424416
0.030090564861893654
0.08565381914377213
0.04205789044499397
0.016228988766670227
0.120786152780056
0.09631703794002533
0.044795069843530655
0.09758485853672028
0.054281461983919144
0.10446134954690933
0.03886731341481209
0.17993265390396118
0.057849664241075516
0.08025655150413513
0.08964574337005615
0.0916183739900589
0.08854518085718155
0.032677166163921356
0.03278244286775589
0.13564132153987885
0.07659856230020523
0.09283152967691422
0.18193097412586212
0.11602775007486343
0.12568803131580353
0.09663510322570801
0.25772997736930847
0.03273811563849449
0.05677234008908272
0.11011118441820145
0.04834071919322014
0.02818159945309162
0.10918813943862915
0.1575251668691635
0.09239908307790756
0.11955322325229645
0.03194153308868408
0.055682580918073654
0.08837012201547623
0.11677195131778717
0.16857631504535675
0.07517904043197632
0.08735226094722748
0.038958821445703506
0.028200050815939903
0.10559359937906265
0.07135561853647232
0.050704047083854675
0.03124680183827877
0.059122342616319656
0.004284440074115992
0.028237568214535713
0.01893150620162487
0.06711770594120026
0.004544765222817659
0.02824356220662594
0.0408426932990551
0.06881140917539597
0.03680741786956787
0.051050782203674316
0.2197636365890503
0.047881919890642166
0.1239682212471962
0.03201999142765999
0.12162354588508606
0.07197738438844681
0.08156013488769531
0.09474346041679382
0.43371573090553284
0.23613092303276062
0.6680241823196411
0.4985971450805664
0.6115807890892029
0.1368710696697235
0.4504531919956207
0.17042134702205658
0.3700369894504547
0.035902246832847595
0.34091049432754517
0.11787743121385574
0.028719276189804077
0.05612492561340332
0.07845418155193329
0.011001021601259708
0.039825454354286194
0.046252939850091934
0.10119064897298813
0.01839262619614601
0.08102332800626755
0.10894342511892319
0.06894822418689728
0.045965809375047684
0.09773317724466324
0.15536892414093018
0.16153782606124878
0.17107908427715302
0.27931681275367737
0.1937982738018036
0.27574262022972107
0.10475976020097733
0.030397560447454453
0.11868710070848465
0.05780833959579468
0.02315043844282627
0.03571537137031555
0.02191131003201008
0.09831369668245316
0.18759500980377197
0.40493646264076233
0.21456120908260345
0.399938702583313
0.28715968132019043
0.2690572738647461
0.40874817967414856
0.07890796661376953
0.1362728625535965
0.059693124145269394
0.28596964478492737
0.11630444973707199
0.36725297570228577
0.06827569752931595
0.27323195338249207
0.1184200718998909
0.1899329125881195
0.4381202161312103
0.38431039452552795
0.5296370387077332
0.5803187489509583
0.6274845600128174
0.5744997262954712
0.5393561720848083
0.12637563049793243
0.3179560601711273
0.4524107575416565
0.5488624572753906
0.709522545337677
0.7591140866279602
0.4931577742099762
0.7046775221824646
0.5638551712036133
0.6119902729988098
0.6979749798774719
0.7287667989730835
0.5797049403190613
0.717894434928894
0.6030206084251404
0.4317711889743805
0.4267197549343109
0.3221506178379059
0.27715665102005005
0.15342412889003754
0.10657868534326553
0.3660556375980377
0.28576698899269104
0.4856168031692505
0.3822876214981079
0.46881023049354553
0.46616464853286743
0.27153530716896057
0.23215386271476746
0.4610986113548279
0.20029407739639282
0.13317151367664337
0.37388718128204346
0.3758890628814697
0.10934065282344818
0.01113820169121027
0.1510441154241562
0.17550523579120636
0.05068183317780495
0.01068513747304678
0.01776799187064171
0.1641351878643036
0.0348782017827034
0.017608681693673134
0.019181175157427788
0.09377171099185944
0.06608004868030548
0.06207180768251419
0.17213721573352814
0.16690894961357117
0.1810581237077713
0.1375066190958023
0.15368983149528503
0.14235013723373413
0.0559132844209671
0.1565435379743576
0.09960179030895233
0.25416338443756104
0.06819818168878555
0.1707068234682083
0.057535912841558456
0.04745040088891983
0.02149723470211029
0.10092966258525848
0.058264508843421936
0.16905276477336884
0.23347479104995728
0.14867033064365387
0.043237119913101196
0.031174778938293457
0.14911605417728424
0.020519843325018883
0.1698925495147705
0.2325553447008133
0.060294535011053085
0.17792364954948425
0.08551464229822159
0.3027511537075043
0.3769022822380066
0.23291440308094025
0.37227413058280945
0.13200810551643372
0.16636213660240173
0.1615751087665558
0.18237492442131042
0.21662747859954834
0.2732730209827423
0.543470561504364
0.409492164850235
0.3727908432483673
0.2561871409416199
0.22734594345092773
0.24006710946559906
0.2999660074710846
0.19663532078266144
0.11903590708971024
0.2890397012233734
0.16312390565872192
0.11938703060150146
0.17938704788684845
0.19299601018428802
0.19168603420257568
0.23901616036891937
0.3099672496318817
0.4646264612674713
0.45673513412475586
0.47440043091773987
0.2726292312145233
0.3184290826320648
0.3993696868419647
0.4076641798019409
0.4957750141620636
0.30836665630340576
0.2844673693180084
0.20364275574684143
0.06552121043205261
0.11478950083255768
0.09889768064022064
0.052993226796388626
0.05390535667538643
0.12354452162981033
0.050347279757261276
0.08583956211805344
0.021664157509803772
0.1665753871202469
0.15001726150512695
0.25837674736976624
0.3221184313297272
0.42692846059799194
0.23710604012012482
0.09664596617221832
0.054357245564460754
0.102086640894413
0.048910193145275116
0.035291124135255814
0.051770251244306564
0.04575100913643837
0.07383669167757034
0.14360493421554565
0.09193169325590134
0.30952131748199463
0.09551523625850677
0.3604719936847687
0.3619445562362671
0.6246058344841003
0.2398650348186493
0.24099291861057281
0.7985146641731262
0.25820815563201904
0.502404510974884
0.31175634264945984
0.10202646255493164
0.037506092339754105
0.03473426401615143
0.06005894020199776
0.1035323217511177
0.04218641296029091
0.042464300990104675
0.05014786496758461
0.04622558131814003
0.020150883123278618
0.01962873712182045
0.012712443247437477
0.04221716895699501
0.0383000373840332
0.05597686767578125
0.29691848158836365
0.03343398496508598
0.028867967426776886
0.09435849636793137
0.05669714882969856
0.14731286466121674
0.03633897006511688
0.2298264056444168
0.04808755964040756
0.170394167304039
0.11900780349969864
0.2335612028837204
0.16689665615558624
0.04668060317635536
0.02598779834806919
0.3795206844806671
0.25497856736183167
0.15495403110980988
0.04837490990757942
0.6275918483734131
0.19819623231887817
0.044906940311193466
0.25913897156715393
0.5032632946968079
0.3695562183856964
0.24537105858325958
0.39496156573295593
0.3532610535621643
0.3375966548919678
0.10650203377008438
0.08567557483911514
0.6093950867652893
0.4634597599506378
0.5577764511108398
0.8096113801002502
0.6846140027046204
0.3557756841182709
0.31634286046028137
0.5429673194885254
0.5568506717681885
0.23084574937820435
0.3422941267490387
0.3523401618003845
0.1387016624212265
0.13480551540851593
0.21925246715545654
0.2065878063440323
