0.2341887652873993
0.3892735242843628
0.41870591044425964
0.3899874985218048
0.5790975689888
0.823139488697052
0.7929061651229858
0.7958952188491821
0.8236018419265747
0.868114173412323
0.8714964389801025
0.8851713538169861
0.6862668991088867
0.65350741147995
0.9614537358283997
0.9354063868522644
0.6927048563957214
0.7763897776603699
0.898366391658783
0.6308526396751404
0.8094800710678101
0.8086794018745422
0.8166826367378235
0.8910506367683411
0.9292896389961243
0.8893133997917175
0.9132059812545776
0.970881462097168
0.9777337312698364
0.9372385144233704
0.9667726159095764
0.9719507694244385
0.9396802186965942
0.9905429482460022
0.9789107441902161
0.9872137904167175
0.9781829118728638
0.9500623345375061
0.9597041010856628
0.8961835503578186
0.8061171770095825
0.7497251629829407
0.8998964428901672
0.7544474005699158
0.6393455266952515
0.4719676971435547
0.7127428650856018
0.3714073598384857
0.5515606999397278
0.8901568651199341
0.6541849970817566
0.5935967564582825
0.5301281213760376
0.6007845997810364
0.7392505407333374
0.6481314897537231
0.8983044028282166
0.8813206553459167
0.9369495511054993
0.8761208653450012
0.9611744284629822
0.9218643307685852
0.8689109683036804
0.8114480972290039
0.8690934181213379
0.6798577904701233
0.5575545430183411
0.6001563668251038
0.7289195656776428
0.2774273157119751
0.24776525795459747
0.405973345041275
0.6967501044273376
0.19364039599895477
0.14590100944042206
0.5389531254768372
0.4929552674293518
0.1120554730296135
0.3078005313873291
0.205154687166214
0.3295348882675171
0.08674397319555283
0.09640973806381226
0.40951821208000183
0.24114929139614105
0.5273724794387817
0.7833917140960693
0.6955507397651672
0.19285453855991364
0.9160212278366089
0.6576218605041504
0.12630212306976318
0.2563670873641968
0.8908979892730713
0.6306747794151306
0.17617851495742798
0.1071772351861
0.9495394825935364
0.775844931602478
0.5303628444671631
0.3702011704444885
0.9207605719566345
0.6497986316680908
0.1497306078672409
0.08415624499320984
0.02216074801981449
0.010972840711474419
0.0035263830795884132
0.006828769575804472
0.010151216760277748
0.03161468729376793
0.0490991473197937
0.052091002464294434
0.7061579823493958
0.6910616755485535
0.9169217348098755
0.16424448788166046
0.37615862488746643
0.8314158320426941
0.8809224963188171
0.13329358398914337
0.39222291111946106
0.8469094634056091
0.8203642964363098
0.6402673125267029
0.2435978502035141
0.7886519432067871
0.8790092468261719
0.4463157653808594
0.2134009450674057
0.031010231003165245
0.17975035309791565
0.030537191778421402
0.14069685339927673
0.009577461518347263
0.023875702172517776
0.0023790765553712845
0.009977279230952263
0.009236344136297703
0.0053534978069365025
0.007203552406281233
0.00959291122853756
0.0035039905924350023
0.005265960935503244
0.009422242641448975
0.012505206279456615
0.004443253390491009
0.004709749482572079
0.010845385491847992
0.010193729773163795
0.010032052174210548
0.17225874960422516
0.017498215660452843
0.002150254789739847
0.013704102486371994
0.0023497934453189373
0.023517657071352005
0.006435657851397991
0.048644986003637314
0.024237031117081642
0.37589019536972046
0.3098675012588501
0.2275105118751526
0.08703335374593735
0.05331607162952423
0.018340451642870903
0.006876835133880377
0.0062324488535523415
0.0034419125877320766
0.016966456547379494
0.0034251611214131117
0.001009983941912651
0.007540399674326181
0.015523363836109638
0.005015355534851551
0.0031130833085626364
0.08211742341518402
0.0075732083059847355
0.007987109012901783
0.015227834694087505
0.0071957726031541824
0.15093804895877838
0.006041769403964281
0.009997916407883167
0.0034480802714824677
0.016645897179841995
0.02294939011335373
0.1144983246922493
0.2880994379520416
0.055859796702861786
0.21758253872394562
0.19471368193626404
0.3791557848453522
0.22818084061145782
0.063637875020504
0.30559131503105164
0.016647322103381157
0.09345579892396927
0.3068618178367615
0.02751127816736698
0.023445691913366318
0.013486269861459732
0.10566189140081406
0.08776990324258804
0.04236222803592682
0.03820357099175453
0.0832647755742073
0.3525363504886627
0.39987999200820923
0.82368004322052
0.7280612587928772
0.5180401802062988
0.35549911856651306
0.706767201423645
0.6263865828514099
0.9672897458076477
0.9618155360221863
0.9920557737350464
0.908798336982727
0.9593689441680908
0.2635430693626404
0.11733964085578918
0.06600985676050186
0.07489708065986633
0.05601256340742111
0.05886823683977127
0.10203009098768234
0.3321211040019989
0.25072163343429565
0.303234338760376
0.08974817395210266
0.45935535430908203
0.6359853148460388
0.1495242565870285
0.7139449715614319
0.8615773320198059
0.7638499736785889
0.5583956837654114
0.763481080532074
0.9561440348625183
0.9854910373687744
0.9642871022224426
0.9111860394477844
0.9397991895675659
0.8125386834144592
0.9599530100822449
0.7359975576400757
0.9443449378013611
0.873049259185791
0.9936851859092712
0.9279287457466125
0.5045167207717896
0.9520435333251953
0.9453606009483337
0.4855125844478607
0.8720846176147461
0.9871389865875244
0.7364590764045715
0.7534308433532715
0.9716777801513672
0.9365310668945312
0.46805334091186523
0.8215926289558411
0.9125048518180847
0.8037094473838806
0.2436070442199707
0.5308918952941895
0.49423927068710327
0.2244596779346466
0.09994296729564667
0.11960140615701675
0.04857802763581276
0.016852127388119698
0.14132492244243622
0.07220488041639328
0.011237205937504768
0.02282852865755558
0.0593457967042923
0.03001324087381363
0.01125071756541729
0.03770137205719948
0.040191054344177246
0.029607577249407768
0.019837623462080956
0.005888955667614937
0.019682755693793297
0.10658207535743713
0.1607428938150406
0.058439865708351135
0.18305015563964844
0.06942421942949295
0.044431764632463455
0.035610221326351166
0.0762370154261589
0.09120741486549377
0.07812992483377457
0.08558040857315063
0.1769663542509079
0.05111510306596756
0.05326410382986069
0.04242406412959099
0.025514882057905197
0.005284392274916172
0.07165519148111343
0.027753684669733047
0.023473532870411873
0.037800442427396774
0.13845686614513397
0.15401382744312286
0.046786170452833176
0.07960418611764908
0.13790827989578247
0.21801479160785675
0.02723296545445919
0.08139359951019287
0.019208446145057678
0.19887518882751465
0.027655581012368202
0.02639278769493103
0.06020630896091461
0.07271143049001694
0.5157273411750793
0.07179128378629684
0.0071090832352638245
0.09307969361543655
0.6879807710647583
0.056475479155778885
0.012044180184602737
0.4333657920360565
0.5485585331916809
0.03516523912549019
0.18089494109153748
0.6854464411735535
0.6450260281562805
0.5494764447212219
0.9376727342605591
0.9507800340652466
0.9355140328407288
0.9617712497711182
0.922195553779602
0.6804396510124207
0.5170074105262756
0.8036943078041077
0.866675853729248
0.9247798919677734
0.3976183533668518
0.705210268497467
0.40767601132392883
0.6289961934089661
0.39721357822418213
0.3006139397621155
0.239376038312912
0.5987237095832825
0.7766804099082947
0.7480595707893372
0.42443060874938965
0.7352705001831055
0.6792240142822266
0.48286905884742737
0.2320614904165268
0.10172230005264282
0.11250446736812592
0.285983681678772
0.16533717513084412
0.08621595054864883
0.12729793787002563
0.23586972057819366
0.2374434769153595
0.15583689510822296
0.16525797545909882
0.20888203382492065
0.04667093977332115
0.23451121151447296
0.13690485060214996
0.5553306937217712
0.12597794830799103
0.40880903601646423
0.09727231413125992
0.11568583548069
0.6241657137870789
0.5421913266181946
0.49389204382896423
0.03325694426894188
0.15080761909484863
0.21059675514698029
0.034495070576667786
0.029549891129136086
0.042617637664079666
0.08611683547496796
0.006089056376367807
0.009324673563241959
0.07531797140836716
0.004730470944195986
0.0037717365194112062
0.006737975869327784
0.009103280492126942
0.0026875974144786596
0.0034156765323132277
