0.17634272575378418
0.17383038997650146
0.04821612313389778
0.0943477600812912
0.02187126688659191
0.012646454386413097
0.007773166988044977
0.009821268729865551
0.012237419374287128
0.025857584550976753
0.03564821928739548
0.04012151062488556
0.019864695146679878
0.006966440472751856
0.017382601276040077
0.0754004716873169
0.012651022523641586
0.0135531947016716
0.05065710097551346
0.2655607759952545
0.02165219932794571
0.14365635812282562
0.46896421909332275
0.25043290853500366
0.14621500670909882
0.1068786010146141
0.11812806129455566
0.021275443956255913
0.053497228771448135
0.006578406319022179
0.021870173513889313
0.03132263198494911
0.22638876736164093
0.28380006551742554
0.18712382018566132
0.18959589302539825
0.39678406715393066
0.4294750988483429
0.11269328743219376
0.292229562997818
0.17694713175296783
0.37447452545166016
0.1255471259355545
0.3212272822856903
0.07672704756259918
0.04577583074569702
0.13163109123706818
0.07458493858575821
0.259933203458786
0.4681977331638336
0.30991581082344055
0.12145139276981354
0.11169491708278656
0.5945232510566711
0.3209798336029053
0.0670028105378151
0.4925300180912018
0.6599966883659363
0.13464605808258057
0.19420704245567322
0.09234217554330826
0.18499018251895905
0.29853248596191406
0.21968208253383636
0.03927351534366608
0.2942807078361511
0.262792706489563
0.14828374981880188
0.1157185360789299
0.13858255743980408
0.2689979672431946
0.1128564178943634
0.2937881648540497
0.08813237398862839
0.12639120221138
0.06880000233650208
0.18761245906352997
0.14247243106365204
0.39384934306144714
0.40577369928359985
0.188832625746727
0.39783206582069397
0.22627221047878265
0.5920767188072205
0.5568782091140747
0.26042652130126953
0.3344663679599762
0.12358234077692032
0.16925589740276337
0.6241119503974915
0.4819953739643097
0.26485198736190796
0.630023181438446
0.4682832360267639
0.4193700850009918
0.18366102874279022
0.17228658497333527
0.0886254832148552
0.03079446218907833
0.07358093559741974
0.039002325385808945
0.08107183873653412
0.09681034088134766
0.1504974365234375
0.031508561223745346
0.0536012202501297
0.23964664340019226
0.05155428871512413
0.031150102615356445
0.12454570829868317
0.2064359486103058
0.076897032558918
0.07226226478815079
0.2867409884929657
0.20580404996871948
0.20718730986118317
0.1772674024105072
0.08630792051553726
0.16950668394565582
0.07206703722476959
0.21586962044239044
0.267618328332901
0.3256487250328064
0.09116993099451065
0.264125257730484
0.24997541308403015
0.0589396171271801
0.1643066704273224
0.035160381346940994
0.10645002871751785
0.04281802847981453
0.050075940787792206
0.09917939454317093
0.03159471973776817
0.05829174071550369
0.16264139115810394
0.011799613013863564
0.046333473175764084
0.006585529074072838
0.08017945289611816
0.07966304570436478
0.1306770294904709
0.19203490018844604
0.2560451328754425
0.20272447168827057
0.26109910011291504
0.22462323307991028
0.24168188869953156
0.2138916254043579
0.05763867869973183
0.09841553121805191
0.02963854931294918
0.147766575217247
0.07851216942071915
0.029241735115647316
0.006912471726536751
0.008888158947229385
0.024366552010178566
0.12840992212295532
0.13589459657669067
0.7754094004631042
0.8459202647209167
0.1317329853773117
0.18737441301345825
0.02445461042225361
0.45097318291664124
0.5409662127494812
0.1395370066165924
0.22999650239944458
0.3288310468196869
0.4027688205242157
0.43357524275779724
0.4103945791721344
0.42195215821266174
0.6085512638092041
0.6902254223823547
0.7914249897003174
0.7126296162605286
0.8305595517158508
0.7845351696014404
0.6841326355934143
0.5890863537788391
0.3497181832790375
0.04157840833067894
0.218491330742836
0.03954156115651131
0.03706292435526848
0.02354993112385273
0.04018578305840492
0.010252289474010468
0.07876243442296982
0.03355822712182999
0.05437212064862251
0.024324769154191017
0.045638252049684525
0.058852117508649826
0.24616312980651855
0.11172592639923096
0.07476352900266647
0.048501450568437576
0.1953452229499817
0.03067929297685623
0.1224430650472641
0.06688900291919708
0.38074997067451477
0.27379363775253296
0.04028933122754097
0.06218178570270538
0.027012458071112633
0.06726787984371185
0.019118202850222588
0.04968499019742012
0.03158798813819885
0.04611404612660408
0.041904859244823456
0.11519205570220947
0.08297979086637497
0.04384143650531769
0.008443236351013184
0.052310772240161896
0.014096063561737537
0.09435031563043594
0.024783072993159294
0.13334009051322937
0.08456460386514664
0.31067678332328796
0.42282992601394653
0.23376648128032684
0.07101286947727203
0.14190854132175446
0.09305500984191895
0.23572643101215363
0.10150235891342163
0.07676130533218384
0.0794195681810379
0.04873707517981529
0.15510910749435425
0.14665324985980988
0.03462044894695282
0.06004984676837921
0.09317958354949951
0.10272110998630524
0.022219952195882797
0.08538715541362762
0.07805398851633072
0.050940509885549545
0.05121137201786041
0.10201612859964371
0.11730451136827469
0.13590823113918304
0.050623368471860886
0.03848180174827576
0.11858741194009781
0.08712870627641678
0.06441407650709152
0.11062988638877869
0.07514695823192596
0.07649222761392593
0.1976832151412964
0.06317750364542007
0.10761392116546631
0.24153633415699005
0.09647011756896973
0.22270467877388
0.14983277022838593
0.41910865902900696
0.7270163297653198
0.25411731004714966
0.5968016386032104
0.4094410240650177
0.3965952694416046
0.30998092889785767
0.31020358204841614
0.5027559399604797
0.39407530426979065
0.12993262708187103
0.1914099156856537
0.11426601558923721
0.09142288565635681
0.08991008251905441
0.03627914562821388
0.04795325547456741
0.05194157361984253
0.008386984467506409
0.042688556015491486
0.2463228702545166
0.08505439758300781
0.11862974613904953
0.22306008636951447
0.47495269775390625
0.3981385827064514
0.4436313509941101
0.6528338193893433
0.38340774178504944
0.45459747314453125
0.5831614136695862
0.5191127061843872
0.40437451004981995
0.13274067640304565
0.21087545156478882
0.2976170778274536
0.03809322044253349
0.1512506902217865
0.2269647866487503
0.0844414010643959
0.033241599798202515
0.3243826627731323
0.23681950569152832
0.07189742475748062
0.19360332190990448
0.6479243636131287
0.1264934241771698
0.07898131757974625
0.2755281329154968
0.17547491192817688
0.08277198672294617
0.2685527205467224
0.4816579818725586
0.3595665693283081
0.3150430917739868
0.2531225085258484
0.0879204198718071
0.28953343629837036
0.19103635847568512
0.125790074467659
0.35058191418647766
0.5344411730766296
0.20624685287475586
0.17006288468837738
0.5353081822395325
0.42602628469467163
0.11739303171634674
0.5487997531890869
0.8676249980926514
0.5746889710426331
0.42300286889076233
0.9030249714851379
0.8920180201530457
0.4420469403266907
0.6841555833816528
0.9539510011672974
0.7252506613731384
0.42872291803359985
0.8945045471191406
0.9114349484443665
0.6555169224739075
0.4590887129306793
0.8023668527603149
0.6573421359062195
0.38176771998405457
0.3308182656764984
0.5951427221298218
0.7347630262374878
0.41110458970069885
0.6525967717170715
0.5072959065437317
0.7100629806518555
0.7393729090690613
0.9297980070114136
0.7461574673652649
0.6483502388000488
0.8963354825973511
0.913573145866394
0.6384305357933044
0.6542943120002747
0.8836472034454346
0.8984154462814331
0.45634984970092773
0.8262997269630432
0.9403627514839172
0.8569440841674805
0.819210410118103
0.8055664896965027
0.8294368386268616
0.8445096611976624
0.8677184581756592
0.5477427244186401
0.5266682505607605
0.6035411953926086
0.8757392168045044
0.7478631734848022
0.25186726450920105
0.8003275990486145
0.7170777916908264
0.6346976161003113
0.43670836091041565
0.45393553376197815
0.8370557427406311
0.8602229356765747
0.7799510955810547
0.7279532551765442
0.7068876028060913
0.5041416883468628
0.541843056678772
