0.19679899513721466
0.19608984887599945
0.18640509247779846
0.33076488971710205
0.6141544580459595
0.3382180631160736
0.3465937674045563
0.6503521800041199
0.6915793418884277
0.7935386300086975
0.5900744199752808
0.6198729276657104
0.39798253774642944
0.29720568656921387
0.2096250057220459
0.31705617904663086
0.1390235275030136
0.29017460346221924
0.20078101754188538
0.1424431949853897
0.07689603418111801
0.12373287230730057
0.05140376836061478
0.05681237950921059
0.06293240934610367
0.12236639112234116
0.12794823944568634
0.25076502561569214
0.34611979126930237
0.37005558609962463
0.36869537830352783
0.0885288342833519
0.4913920760154724
0.4654679298400879
0.3542201519012451
0.2067943811416626
0.4840545058250427
0.18182997405529022
0.2770577371120453
0.43757566809654236
0.17297489941120148
0.46324434876441956
0.15872983634471893
0.36972784996032715
0.1621144711971283
0.12450294941663742
0.2203022837638855
0.2122945636510849
0.1682940423488617
0.2641069293022156
0.15193943679332733
0.4124659299850464
0.21907129883766174
0.17937669157981873
0.6183483004570007
0.37372589111328125
0.3557766079902649
0.28472450375556946
0.26936888694763184
0.2065969556570053
0.16741317510604858
0.15335722267627716
0.17528288066387177
0.0449911393225193
0.25941941142082214
0.11947647482156754
0.17104610800743103
0.18682898581027985
0.24180306494235992
0.41466543078422546
0.41755759716033936
0.5641072392463684
0.5023818016052246
0.1646467000246048
0.278425395488739
0.3947315216064453
0.3511846959590912
0.07271210104227066
0.26541921496391296
0.3122407793998718
0.20808368921279907
0.2829597294330597
0.2741257846355438
0.20668575167655945
0.427094042301178
0.45648983120918274
0.09549901634454727
0.11264688521623611
0.1143888533115387
0.20434501767158508
0.29674720764160156
0.12999828159809113
0.10483458638191223
0.08711763471364975
0.21305611729621887
0.1438702493906021
0.30774444341659546
0.19213663041591644
0.07740505039691925
0.20174241065979004
0.21768313646316528
0.20241627097129822
0.19660653173923492
0.13803453743457794
0.21871310472488403
0.4385567307472229
0.4375585913658142
0.30485987663269043
0.3040899336338043
0.2289738655090332
0.37014538049697876
0.15652300417423248
0.3524901568889618
0.10320073366165161
0.4931741952896118
0.4138089120388031
0.06574738025665283
0.33747598528862
0.21433301270008087
0.07862496376037598
0.058065447956323624
0.2834646701812744
0.08496787399053574
0.041113320738077164
0.05485788732767105
0.1211109459400177
0.07915087044239044
0.03769403323531151
0.2457166463136673
0.15760256350040436
0.1786482185125351
0.1781357377767563
0.1266111433506012
0.06252627074718475
0.5904754400253296
0.3138030469417572
0.20952275395393372
0.4374236762523651
0.3340432643890381
0.19276411831378937
0.2551614046096802
0.11408735811710358
0.16808421909809113
0.16247379779815674
0.267068475484848
0.26832500100135803
0.38568368554115295
0.16496999561786652
0.3536529541015625
0.4744332730770111
0.4684155285358429
0.6341449022293091
0.4009969234466553
0.5944263935089111
0.42369717359542847
0.6115728616714478
0.7563850283622742
0.6693719029426575
0.5610213279724121
0.681861400604248
0.5394954681396484
0.6116207242012024
0.6307362914085388
0.4838378131389618
0.6455071568489075
0.6604619026184082
0.5450047850608826
0.7847784161567688
0.8168972134590149
0.7945210933685303
0.7679256796836853
0.7047035694122314
0.4140748083591461
0.4320329427719116
0.5131872892379761
0.5011836290359497
0.47384241223335266
0.5599995851516724
0.5501516461372375
0.2835223972797394
0.5125308632850647
0.4204070568084717
0.08508184552192688
0.14046914875507355
0.45493975281715393
0.3215491473674774
0.19117453694343567
0.3974342346191406
0.331918865442276
0.25040116906166077
0.34082943201065063
0.403898686170578
0.2885945439338684
0.4700782001018524
0.43495887517929077
0.1906277984380722
0.45903053879737854
0.4308985769748688
0.26138874888420105
0.27908506989479065
0.14217422902584076
0.4477158784866333
0.18720793724060059
0.23404434323310852
0.7671931385993958
0.19213081896305084
0.11966819316148758
0.16208989918231964
0.05632876232266426
0.0674118772149086
0.0111394003033638
0.008334477432072163
0.00910749938338995
0.010559245012700558
0.018499791622161865
0.029182666912674904
0.04392749071121216
0.03426600247621536
0.04834110289812088
0.1466577649116516
0.16346262395381927
0.1492706835269928
0.10683075338602066
0.12859858572483063
0.15840202569961548
0.11700548231601715
0.1472255140542984
0.6585047841072083
0.7859463095664978
0.5261114239692688
0.4193296432495117
0.7260829210281372
0.673370361328125
0.5053272843360901
0.3512991666793823
0.3614753782749176
0.337607204914093
0.1352517157793045
0.19099096953868866
0.1549980193376541
0.10810736566781998
0.05260052531957626
0.13788050413131714
0.10690152645111084
0.07023154199123383
0.149410679936409
0.23555442690849304
0.15252184867858887
0.2295280545949936
0.1777341365814209
0.24140790104866028
0.33108270168304443
0.2438114434480667
0.47055476903915405
0.2859257757663727
0.34797295928001404
0.3629266321659088
0.30586710572242737
0.6236290335655212
0.35338443517684937
0.41612276434898376
0.2878943383693695
0.5181998014450073
0.7666968107223511
0.570435643196106
0.6179822087287903
0.1818353831768036
0.47021013498306274
0.6378380656242371
0.6477461457252502
0.5928254127502441
0.4766468107700348
0.39285287261009216
0.46763816475868225
0.2909897267818451
0.2670999765396118
0.07507475465536118
0.2397046685218811
0.2411937713623047
0.08574742823839188
0.13037367165088654
0.1633784919977188
0.2752789258956909
0.21050933003425598
0.18387313187122345
0.21583497524261475
0.1625123769044876
0.08925148844718933
0.1357090026140213
0.18525856733322144
0.28596231341362
0.45973730087280273
0.3095512092113495
0.36873751878738403
0.7572976350784302
0.6005164980888367
0.8144401907920837
0.557022750377655
0.8672068119049072
0.8254251480102539
0.7862260341644287
0.6362254619598389
0.6924822926521301
0.432158887386322
0.5475504398345947
0.5360729098320007
0.5176252126693726
0.6243636012077332
0.38231295347213745
0.273427814245224
0.5841605067253113
0.13657914102077484
0.1691371202468872
0.2521628439426422
0.3213972747325897
0.13118630647659302
0.15793845057487488
0.6030799150466919
0.07559677958488464
0.09019959717988968
0.20788484811782837
0.10411816090345383
0.1060662791132927
0.23843757808208466
0.2764941453933716
0.14493823051452637
0.2102801650762558
0.13055665791034698
0.2972777187824249
0.19051504135131836
0.17838843166828156
0.0927446186542511
0.09265397489070892
0.05172862485051155
0.017503008246421814
0.05968217924237251
0.05181041732430458
0.12228258699178696
0.05248128995299339
0.047089703381061554
0.15821297466754913
0.11367523670196533
0.11748941987752914
0.11339619755744934
0.20750567317008972
0.1836613565683365
0.17017467319965363
0.46020594239234924
0.5209173560142517
0.35405322909355164
0.5124615430831909
0.3551442623138428
0.7553218007087708
0.5809979438781738
0.08243007957935333
0.616692304611206
0.6743588447570801
0.10468129813671112
0.10288199782371521
0.7217013239860535
0.42092251777648926
0.0360543392598629
0.17063458263874054
0.6385935544967651
0.1709446758031845
0.0700637623667717
0.5384392142295837
0.46112388372421265
0.24861975014209747
0.4395538866519928
0.4431249499320984
0.34783586859703064
0.3205142021179199
0.35154998302459717
0.17907771468162537
0.19064201414585114
0.08068088442087173
0.04235314205288887
0.05420393496751785
0.06630994379520416
0.038336869329214096
0.01683672145009041
0.040059491991996765
0.04118921980261803
0.1387031525373459
0.13688558340072632
0.04795333743095398
0.03271535784006119
0.1495678722858429
0.14979787170886993
0.11701659113168716
0.06270019710063934
0.07499930262565613
0.06333822757005692
0.22714371979236603
0.09433955699205399
0.1366208791732788
0.08238910138607025
0.12859351933002472
0.08764193952083588
0.10651418566703796
0.06911321729421616
0.12698683142662048
0.10038340091705322
0.0780138447880745
0.05199505761265755
0.06876029074192047
0.06158764660358429
0.10163076967000961
0.07655377686023712
0.08368059247732162
0.14417284727096558
0.20883679389953613
0.08073027431964874
0.11117342859506607
0.18405681848526
0.32003918290138245
0.05943605676293373
0.10441897064447403
0.20770743489265442
0.18354249000549316
0.11208706349134445
0.22487564384937286
0.28549662232398987
0.07412148267030716
0.09331014007329941
0.4475964903831482
0.316751629114151
0.13270433247089386
0.5383210778236389
0.19095651805400848
0.4991069436073303
0.14105652272701263
0.10308364033699036
0.13658495247364044
0.29308876395225525
0.05075721815228462
0.038976963609457016
0.2993270456790924
0.11005832999944687
0.08252304047346115
0.061632588505744934
0.12152174860239029
0.06056666374206543
0.08692613989114761
0.1137009859085083
0.12377563118934631
0.2198345959186554
0.2597884237766266
0.3648475110530853
0.5030131936073303
0.4607897996902466
0.6094181537628174
0.5654380917549133
0.4130670130252838
0.31064701080322266
0.2887163460254669
0.24545656144618988
0.12447716295719147
0.13040412962436676
0.057053811848163605
