0.1297353059053421
0.2000712901353836
0.3754361569881439
0.24335795640945435
0.6560090184211731
0.23349960148334503
0.4859505891799927
0.28125807642936707
0.1867329180240631
0.2647278308868408
0.32242709398269653
0.1940990388393402
0.20283865928649902
0.4764101207256317
0.4400390088558197
0.4196533262729645
0.2773638963699341
0.06576164811849594
0.14392058551311493
0.07857472449541092
0.3381240665912628
0.48626989126205444
0.36632734537124634
0.3484119474887848
0.40772581100463867
0.21786542236804962
0.2752387821674347
0.5030326247215271
0.13866737484931946
0.35323280096054077
0.2059868723154068
0.09940069913864136
0.3069429099559784
0.26877856254577637
0.23879633843898773
0.2990902066230774
0.23776255548000336
0.09944117069244385
0.1784084141254425
0.07025114446878433
0.12618258595466614
0.23503395915031433
0.07923121750354767
0.11262541264295578
0.11239094287157059
0.1020154356956482
0.12030495703220367
0.032913871109485626
0.1072525829076767
0.08328848332166672
0.12525875866413116
0.07431073486804962
0.0957980528473854
0.10234727710485458
0.06197235360741615
0.3205971121788025
0.5313376188278198
0.19287681579589844
0.2254604548215866
0.35220959782600403
0.3260830044746399
0.26173463463783264
0.14698821306228638
0.0731796845793724
0.2764374017715454
0.2450481504201889
0.12542195618152618
0.07292089611291885
0.12891121208667755
0.19001153111457825
0.11911577731370926
0.19083444774150848
0.1266164481639862
0.059848275035619736
0.14019282162189484
0.07270080596208572
0.1792132407426834
0.2140163779258728
0.6009649634361267
0.31245359778404236
0.18714331090450287
0.15951792895793915
0.12231738120317459
0.13876114785671234
0.20242275297641754
0.13934092223644257
0.27187758684158325
0.21979708969593048
0.1745503842830658
0.1937309354543686
0.12278751283884048
0.07136807590723038
0.04008984565734863
0.230691596865654
0.14193207025527954
0.10174353420734406
0.2325471192598343
0.10507344454526901
0.01971486397087574
0.12821064889431
0.256070077419281
0.18550141155719757
0.13320454955101013
0.1943349391222
0.1268668919801712
0.18602031469345093
0.11894939839839935
0.3669142425060272
0.10175304859876633
0.31471553444862366
0.08013465255498886
0.16911448538303375
0.08344850689172745
0.08315689116716385
0.12858328223228455
0.45371219515800476
0.07076713442802429
0.11318042874336243
0.09465876966714859
0.2979245185852051
0.06601772457361221
0.07236237078905106
0.16291135549545288
0.21380744874477386
0.3727048933506012
0.41041746735572815
0.2995152473449707
0.8040364384651184
0.6394232511520386
0.3162042796611786
0.5035915374755859
0.3899836540222168
0.26443013548851013
0.48041385412216187
0.16603878140449524
0.24693860113620758
0.2710529863834381
0.4782680571079254
0.35017824172973633
0.20286014676094055
0.4555997848510742
0.47964128851890564
0.3954463303089142
0.5090401768684387
0.1863231658935547
0.6191112995147705
0.2607784569263458
0.5217030644416809
0.16062983870506287
0.27528631687164307
0.20042873919010162
0.21673592925071716
0.2459094524383545
0.33160412311553955
0.2917301058769226
0.2931345999240875
0.2898384630680084
0.5715954303741455
0.568926215171814
0.5085409879684448
0.5392102003097534
0.44640472531318665
0.4581524431705475
0.30968034267425537
0.3570716679096222
0.3843056261539459
0.6750482320785522
0.27731552720069885
0.2092687338590622
0.3577512800693512
0.19734877347946167
0.5543888807296753
0.32984012365341187
0.31175991892814636
0.39651405811309814
0.48777738213539124
0.19802983105182648
0.37185823917388916
0.20683994889259338
0.33256345987319946
0.3488010764122009
0.3606446385383606
0.23297198116779327
0.15203261375427246
0.2556232511997223
0.4619199335575104
0.30101701617240906
0.2032889574766159
0.23293215036392212
0.3823810815811157
0.3339625597000122
0.3319263458251953
