0.09707755595445633
0.17871476709842682
0.27923569083213806
0.368758887052536
0.3232668340206146
0.2951425611972809
0.7305658459663391
0.7255278825759888
0.6112759709358215
0.757318913936615
0.699665904045105
0.7914276123046875
0.39788734912872314
0.5360137224197388
0.5782032608985901
0.4888055622577667
0.29780176281929016
0.5800913572311401
0.4067002832889557
0.2879895269870758
0.6520140171051025
0.586051344871521
0.4495181441307068
0.6332687735557556
0.32368162274360657
0.3572160005569458
0.45232757925987244
0.23918689787387848
0.21607458591461182
0.26144853234291077
0.2805083096027374
0.10609627515077591
0.22000564634799957
0.26434314250946045
0.19201315939426422
0.14485982060432434
0.17904239892959595
0.1553441435098648
0.10187462717294693
0.09575726836919785
0.22453485429286957
0.13876427710056305
0.12253383547067642
0.11664264649152756
0.0651111975312233
0.1835775226354599
0.25386276841163635
0.18684612214565277
0.2828494906425476
0.42142245173454285
0.38731005787849426
0.08625663816928864
0.4361134469509125
0.3998657763004303
0.2346314638853073
0.15503676235675812
0.4040567874908447
0.159620463848114
0.11560475826263428
0.21242882311344147
0.31534504890441895
0.30526721477508545
0.22947533428668976
0.2968284487724304
0.06958469748497009
0.3228661119937897
0.09167662262916565
0.514999270439148
0.38195890188217163
0.15209580957889557
0.22716787457466125
0.04261570796370506
0.20967555046081543
0.015572143718600273
0.1259164661169052
0.04544863849878311
0.05113021656870842
0.08016713708639145
0.08823156356811523
0.09325875341892242
0.13109388947486877
0.0930158868432045
0.027850640937685966
0.032356470823287964
0.022365538403391838
0.004009963944554329
0.00143235397990793
0.002676710020750761
0.0038209876511245966
0.0008628967334516346
0.03945450484752655
0.015147585421800613
0.08763309568166733
0.053205203264951706
0.08386676758527756
0.03987930715084076
0.13171693682670593
0.08349116146564484
0.09974298626184464
0.06871906667947769
0.23817361891269684
0.049105871468782425
0.05450117588043213
0.1290428340435028
0.26432743668556213
0.07845816761255264
0.00438831839710474
0.15127934515476227
0.28372061252593994
0.024429526180028915
0.006570246070623398
0.24696633219718933
0.6394231915473938
0.02972128987312317
0.21873249113559723
0.06467727571725845
0.03176027536392212
0.0069427406415343285
0.00880119763314724
0.02013101801276207
0.012849846854805946
0.09836895018815994
0.05366723611950874
0.2709464430809021
0.23477774858474731
0.0814795196056366
0.24094226956367493
0.45719555020332336
0.15801827609539032
0.21809406578540802
0.13958711922168732
0.21875949203968048
0.27973681688308716
0.0556185320019722
0.0908336192369461
0.44916832447052
0.08400141447782516
0.004995345138013363
0.11223867535591125
0.1659722626209259
0.019216787070035934
0.01507340744137764
0.15694281458854675
0.20825956761837006
0.03743604198098183
0.06909598410129547
0.2171928882598877
0.16088658571243286
0.05168931558728218
0.1450849175453186
0.22361262142658234
0.18289075791835785
0.11161792278289795
0.05283840373158455
0.01974591612815857
0.023738916963338852
0.030079076066613197
0.026871632784605026
0.006776331923902035
0.00471260491758585
0.002424010541290045
0.001449761912226677
0.0006726210121996701
0.010275925509631634
0.008158182725310326
0.010257338173687458
0.0013495185412466526
0.0009783768327906728
0.027928855270147324
0.007295199669897556
0.0001607184240128845
0.01499857660382986
0.06026061251759529
0.006902364548295736
0.0232998039573431
0.12940116226673126
0.3377334177494049
0.047217320650815964
0.3366004228591919
0.3487507402896881
0.5400753021240234
0.24092470109462738
0.25721287727355957
0.13513880968093872
0.03583361580967903
0.03963015601038933
0.07145021855831146
0.0336371473968029
0.01808486320078373
0.009782489389181137
0.0022337858099490404
0.0028931577689945698
0.0020734595600515604
0.017292995005846024
0.00837536621838808
0.002772517502307892
0.012960212305188179
0.02624395489692688
0.053153518587350845
0.11101874709129333
0.3565797209739685
0.24852533638477325
0.12219468504190445
0.6668115854263306
0.213103249669075
0.1087426096200943
0.24335166811943054
0.46416154503822327
0.2864937484264374
0.11795450747013092
0.18477924168109894
0.6766039133071899
0.7147341966629028
0.3292037844657898
0.3846853971481323
0.19454355537891388
0.20276066660881042
0.23437844216823578
0.2993619740009308
0.2904258370399475
0.13063699007034302
0.1462036669254303
0.238328754901886
0.09214905649423599
0.0889454260468483
0.11325965076684952
0.11907938122749329
0.08756123483181
0.07646439969539642
0.22184550762176514
0.1566818803548813
0.13823069632053375
0.14026908576488495
0.055607106536626816
0.18179717659950256
0.1857244074344635
0.1448429673910141
0.25798824429512024
0.3570571839809418
0.09384070336818695
0.10038069635629654
0.04621525853872299
0.21455101668834686
0.30099642276763916
0.2385992705821991
0.16578739881515503
0.08955691754817963
0.1348058581352234
0.13898904621601105
0.11526799201965332
0.04519187659025192
0.06547677516937256
0.05603722110390663
0.01763221062719822
0.045208171010017395
0.02406129613518715
0.025573235005140305
0.052611373364925385
0.0675748959183693
0.6452126502990723
0.5090868473052979
0.12144139409065247
0.17507000267505646
0.044990796595811844
0.3849230706691742
0.36214423179626465
0.095673568546772
0.04277253895998001
0.8474793434143066
0.46409639716148376
0.06332822889089584
0.665208637714386
0.7496870756149292
0.23048989474773407
0.14918358623981476
0.5381034016609192
0.4041088819503784
0.25533121824264526
0.4185163080692291
0.1669299155473709
0.3335374593734741
0.2494172602891922
0.31726062297821045
0.6807900667190552
0.5139110684394836
0.6885174512863159
0.21339264512062073
0.6712954044342041
0.29301467537879944
0.17077307403087616
0.24693478643894196
0.20324458181858063
0.39202743768692017
0.10941669344902039
0.21235619485378265
0.29322317242622375
0.29655182361602783
0.3568283021450043
0.632244348526001
0.5789430141448975
0.306905061006546
0.7107020020484924
0.35268568992614746
0.1781327724456787
0.5375464558601379
0.5026738047599792
0.20631612837314606
0.2935466468334198
0.701934278011322
0.42163124680519104
0.05681709572672844
0.08240094780921936
0.39972954988479614
0.15363772213459015
0.024379247799515724
0.06935060769319534
0.22681617736816406
0.1997300386428833
0.061550337821245193
