0.2613924741744995
0.456723153591156
0.45535340905189514
0.5598320364952087
0.31520670652389526
0.43977323174476624
0.20922547578811646
0.42835095524787903
0.20657141506671906
0.6090613603591919
0.7098830938339233
0.6653773784637451
0.7590587735176086
0.6248661875724792
0.8839423060417175
0.8691094517707825
0.9619887471199036
0.9288124442100525
0.9660171866416931
0.8797212839126587
0.6384986042976379
0.7389811873435974
0.9664464592933655
0.9525904059410095
0.9434764981269836
0.8969888687133789
0.9459784626960754
0.8473432064056396
0.7733233571052551
0.8980252146720886
0.7117971777915955
0.6585144400596619
0.8446900844573975
0.7576783895492554
0.7069914937019348
0.7137874960899353
0.7534251809120178
0.7393454909324646
0.8482134938240051
0.7612984776496887
0.8790830969810486
0.6983268857002258
0.6813252568244934
0.32738813757896423
0.2662758231163025
0.4833090007305145
0.5684328079223633
0.7451826930046082
0.4189712703227997
0.5815116763114929
0.38090890645980835
0.5372041463851929
0.6132938861846924
0.6680914163589478
0.5573318600654602
0.23394417762756348
0.3629719018936157
0.1408793032169342
0.6637648940086365
0.48904410004615784
0.8816152215003967
0.9319345951080322
0.5105648636817932
0.705799400806427
0.6387848258018494
0.3690929412841797
0.502863347530365
0.44523927569389343
0.6970723867416382
0.7535025477409363
0.3818483054637909
0.4582798182964325
0.330532044172287
0.3790067434310913
0.8192428946495056
0.4593818485736847
0.6791213750839233
0.898101806640625
0.8716004490852356
0.7317132949829102
0.8272557258605957
0.9434040188789368
0.9517752528190613
0.9677225947380066
0.9618714451789856
0.9666969776153564
0.9444978833198547
0.9792725443840027
0.9737545847892761
0.9758694767951965
0.979790985584259
0.9323656558990479
0.9319596886634827
0.7092612981796265
0.8440293669700623
0.8846518993377686
0.4798843562602997
0.25569167733192444
0.5341160297393799
0.6082814335823059
0.07995656877756119
0.16060884296894073
0.6766813397407532
0.2750430405139923
0.15710335969924927
0.19872979819774628
0.48743173480033875
0.31053102016448975
0.4882356822490692
0.7463968992233276
0.7757360339164734
0.6359606981277466
0.9472320675849915
0.6201139092445374
0.6460472345352173
0.8861100077629089
0.6647260785102844
0.20856308937072754
0.7629478573799133
0.8605313301086426
0.17001378536224365
0.1750006377696991
0.8279018402099609
0.7691948413848877
0.18441493809223175
0.3463774621486664
0.9715865254402161
0.7894080877304077
0.10461556911468506
0.8457416296005249
0.8638353943824768
0.8280431628227234
0.37544766068458557
0.5295451283454895
0.3763635456562042
0.36398881673812866
0.20312871038913727
0.13972505927085876
0.030846701934933662
0.08814080059528351
0.04405193775892258
0.14733490347862244
0.09665338695049286
0.048924874514341354
0.6149528622627258
0.2096056342124939
0.604941189289093
0.9363896250724792
0.7979354858398438
0.8461270332336426
0.5283167958259583
0.524450421333313
0.669866144657135
0.4769872725009918
0.6908432841300964
0.5327226519584656
0.4586164057254791
0.7990365624427795
0.5566566586494446
0.5982264876365662
0.4974649250507355
0.6386928558349609
0.7639051675796509
0.2628030776977539
0.7812326550483704
0.592135488986969
0.7925808429718018
0.8879885673522949
0.9227316379547119
0.8359598517417908
0.7171122431755066
0.8782591819763184
0.7594502568244934
0.6463112235069275
0.791948139667511
0.4074224531650543
0.5933226346969604
0.6305168867111206
0.34832683205604553
0.3565995395183563
0.30398866534233093
0.15217776596546173
0.12722323834896088
0.03682443127036095
0.06287757307291031
0.0827324166893959
0.04254201799631119
0.1390172690153122
0.21255692839622498
0.014908106997609138
0.05333258584141731
0.22404368221759796
0.14761927723884583
0.0338052399456501
0.20189586281776428
0.33372369408607483
0.4390886723995209
0.03055039420723915
0.10382793843746185
0.2545749247074127
0.0643325001001358
0.07096435129642487
0.050681330263614655
0.007712637539952993
0.010150264017283916
0.004062165506184101
0.017704300582408905
0.009952133521437645
0.033579129725694656
0.05380168929696083
0.06453064829111099
0.35906171798706055
0.1411929577589035
0.09100309759378433
0.06531748920679092
0.03846900910139084
0.10658777505159378
0.044357091188430786
0.06295538693666458
0.1475718766450882
0.04423480108380318
0.03125813975930214
0.016400940716266632
0.07969186455011368
0.008388670161366463
0.0035540100652724504
0.16910168528556824
0.04769434407353401
0.023871684446930885
0.025187470018863678
0.2504981756210327
0.16249077022075653
0.17262713611125946
0.1422228366136551
0.04401358589529991
0.2128046602010727
0.03461411967873573
0.028463009744882584
0.011391906067728996
0.01775060035288334
0.014803383499383926
0.08466896414756775
0.13578282296657562
0.02438068576157093
0.03760788217186928
0.0598461888730526
0.14046695828437805
0.011068674735724926
0.051211316138505936
0.14844714105129242
0.1877765655517578
0.04181674122810364
0.01785423792898655
0.044149305671453476
0.05490376055240631
0.26564034819602966
0.1354629397392273
0.2067197561264038
0.03623395785689354
0.3809926509857178
0.15960420668125153
0.1342768371105194
0.12557296454906464
0.05728868022561073
0.03605067357420921
0.1617300808429718
0.1914314329624176
0.7303319573402405
0.22853800654411316
0.45526552200317383
0.4344642460346222
0.639776885509491
0.9023357033729553
0.9536250233650208
0.9750449061393738
0.6269391179084778
0.25566402077674866
0.3021785616874695
0.5333870053291321
0.44348040223121643
0.3215877115726471
0.7475473880767822
0.7805802226066589
0.7325121164321899
0.7421281933784485
0.7597463726997375
0.8525745272636414
0.8183708786964417
0.8725417256355286
0.9222226738929749
0.9502118229866028
0.9225507378578186
0.8690740466117859
0.9446911215782166
0.9105238318443298
0.9839718341827393
0.923888623714447
0.9715158939361572
0.9514506459236145
0.9833195209503174
0.972950279712677
0.9294630885124207
0.6776286959648132
0.886362612247467
0.8826055526733398
0.8716300129890442
0.8143938779830933
0.4441620409488678
0.5470259189605713
0.38673803210258484
0.13990412652492523
0.12139544636011124
0.11428587883710861
0.08743972331285477
0.10643304139375687
0.13690276443958282
0.23099610209465027
0.06947969645261765
0.06417670845985413
0.0411536768078804
0.02812362089753151
0.03412527218461037
0.08283165842294693
0.03590260073542595
0.038244303315877914
0.05111508443951607
0.08648689836263657
0.009231573902070522
0.03816463053226471
0.0036904572043567896
0.01636854186654091
0.02279669977724552
0.0035481888335198164
0.010749571956694126
0.01793367974460125
0.011056927032768726
0.003006194019690156
0.004216655623167753
0.02140536904335022
0.007161635439842939
0.005115261767059565
0.009229399263858795
0.01216177362948656
0.025772610679268837
0.01720849797129631
0.045176923274993896
0.048344936221838
0.03863420709967613
0.04688599333167076
0.0156953576952219
0.057912085205316544
0.09049595147371292
0.05795884132385254
0.07907919585704803
0.029216447845101357
0.04091079533100128
0.021639442071318626
0.047391701489686966
0.12257189303636551
0.14400844275951385
0.049753326922655106
0.07078373432159424
0.06726683676242828
0.08072971552610397
0.09976183623075485
0.03588790073990822
0.06888315826654434
0.019100604578852654
0.13744956254959106
0.11775700002908707
0.02686300314962864
0.07979933172464371
0.4026964604854584
0.08270245045423508
0.07188454270362854
0.1831410825252533
0.6328891515731812
0.32334962487220764
0.04733725264668465
0.3829980790615082
0.3112969696521759
0.07721523195505142
0.04325209930539131
0.6526443958282471
0.472755491733551
0.023476041853427887
0.041097987443208694
0.38374343514442444
0.27798107266426086
0.10828166455030441
0.26822200417518616
0.16392530500888824
0.6987019777297974
0.3264186978340149
0.5862140655517578
0.7249924540519714
0.6549797654151917
0.44949743151664734
0.6539918184280396
0.5907595753669739
0.30348020792007446
0.12116517126560211
0.427074670791626
0.07250847667455673
0.16719000041484833
0.3490348756313324
0.42179957032203674
0.20546777546405792
0.12084587663412094
0.06452150642871857
0.05516523867845535
0.04955500736832619
0.007755085825920105
0.010740987956523895
0.07475704699754715
0.01315335649996996
0.007697953376919031
0.017711369320750237
0.04283485561609268
0.004664015490561724
0.007602810859680176
0.02535106986761093
0.020261641591787338
0.0065544708631932735
0.007038133218884468
0.021238496527075768
0.01504490990191698
0.016348371282219887
0.034119367599487305
0.04001385718584061
