0.16822636127471924
0.5214497447013855
0.22711269557476044
0.37024304270744324
0.5852792263031006
0.4854348599910736
0.546352744102478
0.7574701309204102
0.32752105593681335
0.5170239210128784
0.7539128661155701
0.7454392313957214
0.6664198040962219
0.2720224857330322
0.24575015902519226
0.610032856464386
0.6746091842651367
0.581707775592804
0.3106655776500702
0.6358785629272461
0.5437465310096741
0.5635188817977905
0.4996299743652344
0.4964090585708618
0.48661699891090393
0.566719114780426
0.4497108459472656
0.2988012433052063
0.1898600459098816
0.14791662991046906
0.6324146389961243
0.356283575296402
0.10205645859241486
0.24336256086826324
0.4373529255390167
0.12448738515377045
0.059537485241889954
0.19814006984233856
0.25156256556510925
0.03046157956123352
0.06227666139602661
0.08345376700162888
0.11085948348045349
0.07941827923059464
0.10536990314722061
0.318689227104187
0.17374396324157715
0.07419183850288391
0.3042809069156647
0.24782879650592804
0.09323810786008835
0.09327012300491333
0.15604430437088013
0.1022714376449585
0.14380568265914917
0.3231166899204254
0.23300978541374207
0.14904482662677765
0.27644625306129456
0.6039347648620605
0.39796459674835205
0.2072455883026123
0.18856002390384674
0.5224465131759644
0.20509229600429535
0.18843930959701538
0.35393771529197693
0.34363415837287903
0.5793704986572266
0.4598347842693329
0.6466973423957825
0.45933055877685547
0.3193527162075043
0.36632204055786133
0.5883436799049377
0.21694068610668182
0.3764820992946625
0.22485218942165375
0.642267107963562
0.2697710692882538
0.13058198988437653
0.21962197124958038
0.2808639109134674
0.10070931166410446
0.1084597036242485
0.4655241370201111
0.025538336485624313
0.17625005543231964
0.061829838901758194
0.19117233157157898
0.08371596038341522
0.06466515362262726
0.07109472900629044
0.051613207906484604
0.11603612452745438
0.07964836061000824
0.0550544299185276
0.07307744771242142
0.0990067720413208
0.03605290502309799
0.07239029556512833
0.058462414890527725
0.044886477291584015
0.07353096455335617
0.0904737040400505
0.06155697628855705
0.07714030146598816
0.10934191942214966
0.05085234344005585
0.0999264344573021
0.12029013782739639
0.25018465518951416
0.21735626459121704
0.14055967330932617
0.1289842277765274
0.15666425228118896
0.058149293065071106
0.07009527832269669
0.22921748459339142
0.278465211391449
0.16284926235675812
0.0956595242023468
0.2151251584291458
0.225518599152565
0.2448449730873108
0.1097114235162735
0.09353528916835785
0.27182698249816895
0.18972247838974
0.1811046004295349
0.08773776143789291
0.3315432071685791
0.2022690325975418
0.1627720445394516
0.22869467735290527
0.3774537742137909
0.5550966858863831
0.36706727743148804
0.2619745433330536
0.614346981048584
0.44170260429382324
0.6278193593025208
0.4573781192302704
0.3712352514266968
0.41382724046707153
0.2419116497039795
0.24149151146411896
0.32642292976379395
0.34153497219085693
0.4429795742034912
0.06862827390432358
0.31907567381858826
0.4652394652366638
0.12032636255025864
0.128789022564888
0.3652634918689728
0.305124431848526
0.10921154916286469
0.15722334384918213
0.3775145709514618
0.4916292428970337
0.13542065024375916
0.47898903489112854
0.5100542902946472
0.08331453800201416
0.28452223539352417
0.4678787589073181
0.5543813109397888
0.4307795464992523
0.4130634367465973
0.47208988666534424
0.40048426389694214
0.2089443951845169
0.34304022789001465
0.11189577728509903
0.160641148686409
0.1705779731273651
0.19011850655078888
0.12305164337158203
0.2226049154996872
0.277089923620224
0.11472197622060776
0.20531998574733734
0.1748804748058319
0.20325298607349396
0.29038459062576294
0.22318792343139648
0.49314171075820923
0.4106772243976593
0.3978334069252014
0.543584406375885
0.7134697437286377
0.7541150450706482
0.33130836486816406
0.19376467168331146
0.7493540048599243
0.4590936303138733
0.20297284424304962
0.44187062978744507
0.8460679650306702
0.442859411239624
0.1696256697177887
0.27058205008506775
0.30255571007728577
0.19896143674850464
0.21470578014850616
0.6641066074371338
0.4561255872249603
0.1377502828836441
0.46329498291015625
0.6891604661941528
0.20492389798164368
0.3667795956134796
0.5133959650993347
0.6506794691085815
0.23620110750198364
0.5369283556938171
0.5492869019508362
0.6504533886909485
0.6309247016906738
0.4875134825706482
0.3572912812232971
0.5256656408309937
0.2446104735136032
0.5193862318992615
0.5273733139038086
0.30961865186691284
0.4957629442214966
0.1667441725730896
0.12673918902873993
0.12250223755836487
0.020701421424746513
0.030014408752322197
0.04669113829731941
0.062304604798555374
0.03342646360397339
0.011782885529100895
0.003935862332582474
0.003800394246354699
0.012245801277458668
0.034745361655950546
0.07766865938901901
0.11187263578176498
0.550275444984436
0.2965143918991089
0.49562036991119385
0.19946368038654327
0.04832993820309639
0.04734616354107857
0.043099626898765564
0.0315108485519886
0.013377106748521328
0.0416547991335392
0.03628259524703026
0.01182845700532198
0.004434265196323395
0.05243760347366333
0.053243402391672134
0.016828663647174835
0.0188759732991457
0.007274100556969643
0.018214069306850433
0.009002435021102428
0.0242947768419981
0.024584729224443436
0.052389390766620636
0.10105054825544357
0.5327973961830139
0.1307768076658249
0.34324386715888977
0.3880835473537445
0.30586951971054077
0.26283887028694153
0.25362658500671387
0.47787243127822876
0.6040455102920532
0.3672398030757904
0.2167959362268448
0.5030327439308167
0.3933015763759613
0.1360180526971817
0.17603780329227448
0.07473445683717728
0.0841563269495964
0.10553488880395889
0.10299895703792572
0.10506748408079147
0.05249330401420593
0.13400129973888397
0.2633466124534607
0.2774483859539032
0.628501296043396
0.6799245476722717
0.5176075100898743
0.30812516808509827
0.33680203557014465
0.3127328157424927
0.10328362137079239
0.09975919872522354
0.1353374570608139
0.05967874825000763
0.01599307730793953
0.029227158054709435
0.0037004733458161354
0.005882998928427696
0.010762291960418224
0.008734126575291157
0.06252393126487732
0.09723985195159912
0.23524382710456848
0.31757670640945435
0.4437246322631836
0.4397300183773041
0.5614879727363586
0.664434552192688
0.4071539342403412
0.6043956279754639
0.5754768252372742
0.5356152653694153
0.21504804491996765
0.34571462869644165
0.2799849808216095
0.3837309777736664
0.2539161145687103
0.08988207578659058
0.11887603253126144
0.028120674192905426
0.11689797043800354
0.1053796038031578
0.18672232329845428
0.43024009466171265
0.20583190023899078
0.145054891705513
0.3884682059288025
0.604496955871582
0.5239537358283997
0.24282217025756836
0.12300332635641098
0.44159016013145447
0.026795459911227226
0.16525621712207794
0.336379736661911
0.12171374261379242
0.08596453070640564
0.09939954429864883
0.054454173892736435
0.050764765590429306
0.026057304814457893
0.03543555364012718
0.05966602638363838
0.011135175824165344
0.014986991882324219
0.01512437779456377
0.003875854192301631
0.00622459826990962
0.002942242193967104
0.015465921722352505
0.002557168249040842
0.009975598193705082
0.013774956576526165
0.01663121208548546
0.02525217831134796
0.012655858881771564
0.015128848142921925
0.04100782424211502
0.03524722158908844
0.12922963500022888
0.08294747769832611
0.11532153189182281
0.1266360878944397
0.25254231691360474
0.31619107723236084
0.47713974118232727
0.215072900056839
0.11350495368242264
0.31104373931884766
0.17441526055335999
0.4559495747089386
0.3714517652988434
0.15139146149158478
0.08649180829524994
0.21733124554157257
0.19782841205596924
0.13945172727108002
0.03903905674815178
0.0872306078672409
0.05533675104379654
0.0329161211848259
0.02895345352590084
0.023580431938171387
0.015242923982441425
0.041880156844854355
0.05611778050661087
0.03489171341061592
0.02446935698390007
0.023779060691595078
0.0189251359552145
0.08249633014202118
0.05174780637025833
0.07001128047704697
0.02230626717209816
0.063151516020298
0.09809250384569168
0.15893450379371643
0.3000253140926361
0.3980042040348053
0.3310770094394684
0.40251287817955017
0.8587773442268372
0.7216377854347229
0.8547806143760681
0.6734254360198975
0.626311182975769
0.6642652153968811
0.3818832039833069
0.28470438718795776
0.43947380781173706
0.4358418881893158
0.06084646284580231
0.0698341429233551
0.4724813997745514
0.3322218954563141
0.11010124534368515
0.12187768518924713
0.27845174074172974
0.11044846475124359
0.08378300815820694
0.15172481536865234
0.06687647104263306
0.1168341115117073
0.13729548454284668
0.16545970737934113
0.20943625271320343
0.38188880681991577
0.22443877160549164
0.4264882802963257
0.5040320754051208
0.5012825727462769
0.3217436373233795
0.43876656889915466
0.4943200349807739
0.5299891233444214
0.536082923412323
0.35463374853134155
0.36277320981025696
0.2877395451068878
0.0724097266793251
0.12803851068019867
0.2617817521095276
0.12091699987649918
0.3681938350200653
0.32024669647216797
0.13530214130878448
0.33274707198143005
0.21288122236728668
0.15753185749053955
0.21053677797317505
0.5808508992195129
0.6095870137214661
0.6332442164421082
0.38605138659477234
0.5720641016960144
0.6731285452842712
0.2924158275127411
0.4083361327648163
0.6303327083587646
0.651697039604187
0.18337979912757874
0.2153087705373764
0.713642418384552
0.2462533861398697
0.03121773712337017
0.1874459832906723
0.20567838847637177
0.08228931576013565
0.1230878010392189
0.08001265674829483
0.16161929070949554
0.29928499460220337
0.25592806935310364
0.4031691253185272
0.37158530950546265
0.2158861756324768
0.11313475668430328
0.1938793957233429
0.09564576297998428
0.055362213402986526
0.18544337153434753
0.09414807707071304
0.2241939753293991
0.2672805190086365
0.668883204460144
0.5454415678977966
0.4390249252319336
0.3892405331134796
0.621341347694397
0.4145449995994568
0.6399872303009033
0.2706108093261719
0.5179088711738586
0.3939818739891052
0.5405112504959106
0.4391040503978729
0.4564637243747711
0.5482190847396851
0.7040660977363586
0.8760604858398438
0.5127120614051819
0.3475954532623291
0.4080022871494293
0.13398873805999756
0.1662372499704361
0.15724308788776398
0.3295598030090332
0.27298009395599365
0.5960410237312317
0.6999362111091614
0.7007209658622742
0.7703613042831421
0.6280117630958557
0.7398244142532349
0.5866191983222961
0.5598971247673035
0.7029862403869629
0.6556684970855713
0.3915843963623047
0.49760109186172485
0.5130308866500854
0.7054875493049622
0.6259177327156067
0.4937087297439575
0.6784077882766724
0.7580874562263489
0.47688028216362
0.28705182671546936
0.313708633184433
0.2651734948158264
0.6533057689666748
0.4393608272075653
0.352923721075058
0.43761196732521057
0.21222904324531555
0.250969797372818
0.13994894921779633
0.09038975834846497
0.07645273208618164
0.04452459141612053
0.024693021550774574
0.031467460095882416
0.05941249802708626
0.08307261019945145
0.09360871464014053
0.13191847503185272
