0.58381587266922
0.6726791858673096
0.7782673835754395
0.743196427822113
0.6466002464294434
0.6294493079185486
0.3024023473262787
0.4349103569984436
0.4338209927082062
0.12247880548238754
0.09389578551054001
0.22280555963516235
0.4492320120334625
0.29514867067337036
0.21728791296482086
0.18602930009365082
0.2439659684896469
0.13024888932704926
0.2110862284898758
0.14455576241016388
0.13865189254283905
0.04625393822789192
0.06448215246200562
0.14058084785938263
0.10236790776252747
0.03910920396447182
0.25540509819984436
0.3072924315929413
0.302499920129776
0.39030972123146057
0.5693483948707581
0.6876208186149597
0.522001326084137
0.7400622963905334
0.506720244884491
0.3692838251590729
0.35614943504333496
0.07938425987958908
0.10141538083553314
0.06137325242161751
0.07532525807619095
0.38035693764686584
0.08264585584402084
0.12896591424942017
0.12640993297100067
0.06806030124425888
0.2996929883956909
0.3648446798324585
0.5029342770576477
0.2324562668800354
0.3152464032173157
0.31389573216438293
0.45695051550865173
0.4424968659877777
0.15237611532211304
0.5478717088699341
0.6639615297317505
0.4226694107055664
0.25597110390663147
0.31557831168174744
0.22077175974845886
0.495926171541214
0.47474178671836853
0.1313958615064621
0.13642269372940063
0.26662570238113403
0.3994976282119751
0.14047086238861084
0.16085310280323029
0.23361431062221527
0.2061995267868042
0.18312223255634308
0.18310095369815826
0.13471098244190216
0.08649604767560959
0.19016487896442413
0.17233486473560333
0.11670330911874771
0.22696402668952942
0.15695326030254364
0.23026615381240845
0.0879763588309288
0.33273670077323914
0.14503644406795502
0.11554513871669769
0.2684771418571472
0.5804541110992432
0.5340538024902344
0.26608261466026306
0.6503534317016602
0.35937145352363586
0.2137506902217865
0.3935076892375946
0.22444875538349152
0.5074844360351562
0.36472126841545105
0.2198828160762787
0.17092998325824738
0.08607367426156998
0.08674111217260361
0.02937936782836914
0.14127972722053528
0.04046258330345154
0.04409075528383255
0.2511729896068573
0.4652876853942871
0.18475817143917084
0.19639374315738678
0.5785180926322937
0.36308303475379944
0.42211464047431946
0.1643098145723343
0.33261826634407043
0.04145340994000435
0.1234738677740097
0.017650237306952477
0.05652690678834915
0.14847347140312195
0.7106519937515259
0.5248717665672302
0.6799185872077942
0.598318874835968
0.27469608187675476
0.20371995866298676
0.4375987648963928
0.37933334708213806
0.04157998785376549
0.28975844383239746
0.3164930045604706
0.21931681036949158
0.12297996133565903
0.4546380639076233
0.4266691207885742
0.27403390407562256
0.48460283875465393
0.4562864303588867
0.1277468502521515
0.5643995404243469
0.1265498548746109
0.5452145338058472
0.5976033210754395
0.5960944890975952
0.706926167011261
0.16413865983486176
0.4779321253299713
0.6376269459724426
0.23347081243991852
0.17160342633724213
0.6752350330352783
0.7158697843551636
0.7325804233551025
0.6542508602142334
0.8080130815505981
0.7035103440284729
0.8584579825401306
0.6173799633979797
0.8513191342353821
0.6943559646606445
0.2680390775203705
0.08250540494918823
0.08355826884508133
0.03893216326832771
0.04764416068792343
0.17944245040416718
0.20932947099208832
0.5822118520736694
0.49595919251441956
0.6350303292274475
0.6815273761749268
0.5528249740600586
0.3726174831390381
0.28878676891326904
0.506799042224884
0.29564234614372253
0.3284986615180969
0.13784167170524597
0.11734994500875473
0.3078230917453766
0.2407054901123047
0.10567646473646164
0.14734835922718048
0.49480384588241577
0.18749937415122986
0.5059963464736938
0.6622989773750305
0.8085691928863525
0.7050057649612427
0.6473461389541626
0.8386723399162292
0.37151265144348145
0.24629820883274078
0.1274532973766327
0.03506599739193916
0.0415562205016613
0.24415209889411926
0.388180673122406
0.431478887796402
0.36835968494415283
0.3892383873462677
0.45966020226478577
0.6884624361991882
0.386016845703125
0.3381616771221161
0.45542797446250916
0.5924354195594788
0.38290929794311523
0.1525210589170456
0.42524585127830505
0.4061775803565979
0.2039392590522766
0.13873596489429474
0.4440420866012573
0.30950769782066345
0.2770906984806061
0.27097955346107483
0.31322577595710754
0.5922549962997437
0.5528975129127502
0.2163897305727005
0.31380677223205566
0.42676952481269836
0.2746105492115021
0.5871027112007141
0.3652594983577728
0.3944622278213501
0.6236599087715149
0.7032625675201416
0.5937201976776123
0.5099520683288574
0.37857094407081604
0.508902370929718
0.7229995131492615
0.700091540813446
0.570949137210846
0.7387585043907166
0.5593723654747009
0.25525540113449097
0.28598105907440186
0.15138427913188934
0.08107224851846695
0.09743434935808182
0.1173880398273468
0.08975568413734436
0.5681658387184143
0.34771057963371277
0.3564608693122864
0.792073130607605
0.49325934052467346
0.24450547993183136
0.5189874768257141
0.39763742685317993
0.19367220997810364
0.22006051242351532
0.575893223285675
0.22754666209220886
0.13250911235809326
0.3867412209510803
0.6120451092720032
0.2577042281627655
0.1866523176431656
0.4443988800048828
0.3986494243144989
0.2846178710460663
0.4043225049972534
0.4159018099308014
0.5637241005897522
0.6405217051506042
0.5609153509140015
0.6254818439483643
0.5924648642539978
0.7906981110572815
0.4649406671524048
0.6754032969474792
0.5898097157478333
0.7951362133026123
0.8323686718940735
0.4441567063331604
0.3267441987991333
0.6207170486450195
0.6537740230560303
