0.22101682424545288
0.3317432403564453
0.5092656016349792
0.4233810007572174
0.28768959641456604
0.568386435508728
0.5739718675613403
0.46367019414901733
0.5091344714164734
0.42129549384117126
0.22071941196918488
0.19765909016132355
0.07964484393596649
0.04162725433707237
0.06612777709960938
0.026761086657643318
0.10448399931192398
0.09931622445583344
0.11632294207811356
0.3115350604057312
0.15662960708141327
0.17469249665737152
0.10387489944696426
0.08851895481348038
0.3353249728679657
0.10219334065914154
0.5812978148460388
0.23244094848632812
0.05388639494776726
0.19740290939807892
0.23857808113098145
0.08555811643600464
0.05675384774804115
0.1061563640832901
0.2632288336753845
0.08099182695150375
0.0879431962966919
0.0808132067322731
0.12258367985486984
0.07774024456739426
0.12140563875436783
0.25125667452812195
0.2903687059879303
0.11103031784296036
0.2626413404941559
0.08911937475204468
0.3492267429828644
0.45455020666122437
0.1552010327577591
0.2371736615896225
0.6595281958580017
0.5688643455505371
0.27736133337020874
0.500027596950531
0.15782000124454498
0.2665611207485199
0.15428811311721802
0.1178898960351944
0.1365535706281662
0.12539194524288177
0.10220703482627869
0.052629224956035614
0.12601563334465027
0.3608991503715515
0.26651301980018616
0.09125055372714996
0.18410415947437286
0.13521769642829895
0.119480200111866
0.1422034204006195
0.13131213188171387
0.232295960187912
0.17785000801086426
0.16315709054470062
0.06149142235517502
0.09411817789077759
0.10517412424087524
0.10218384116888046
0.056682150810956955
0.027144987136125565
0.0886949747800827
0.03519062697887421
0.04414672031998634
0.19064582884311676
0.17701353132724762
0.06982417404651642
0.05504491925239563
0.3142305910587311
0.5187873244285583
0.1417308747768402
0.5319874882698059
0.36044448614120483
0.3073009252548218
0.5388392210006714
0.19569653272628784
0.07380954176187515
0.12245700508356094
0.4744327962398529
0.2318115234375
0.03970225155353546
0.17280861735343933
0.23977933824062347
0.07371791452169418
0.06399021297693253
0.1567830741405487
0.13849501311779022
0.0724799707531929
0.07812032848596573
0.09781709313392639
0.08424893021583557
0.0954999029636383
0.04556359723210335
0.025356072932481766
0.05063505470752716
0.06797049194574356
0.0865342989563942
0.16070488095283508
0.03500647097826004
0.24639810621738434
0.09780058264732361
0.12690430879592896
0.034345924854278564
0.1397068053483963
0.19352200627326965
0.13237205147743225
0.09535267949104309
0.1409452110528946
0.2409372329711914
0.23125341534614563
0.2716248631477356
0.11144781112670898
0.11270993202924728
0.16705410182476044
0.07006438821554184
0.22477476298809052
0.09794292598962784
0.14530424773693085
0.09722919017076492
0.062308430671691895
0.08358027040958405
0.44412797689437866
0.28496408462524414
0.12002059072256088
0.28866812586784363
0.17617525160312653
0.07002604752779007
0.09703371673822403
0.17994394898414612
0.12758801877498627
0.07121560722589493
0.07010827958583832
0.020973162725567818
0.03841901570558548
0.06865357607603073
0.09050992876291275
0.016558265313506126
0.04916776716709137
0.06245235726237297
0.08206489682197571
0.0499269962310791
0.07244127243757248
0.07225439697504044
0.06105605140328407
0.09672132879495621
0.07624836266040802
0.14547917246818542
0.1449386179447174
0.06790371239185333
0.08022879809141159
0.12627406418323517
0.13164405524730682
0.055279526859521866
0.1371086835861206
0.07601699978113174
0.21209032833576202
0.037415940314531326
0.22723327577114105
0.17259745299816132
0.2570402920246124
0.21375924348831177
0.40346717834472656
0.13305725157260895
0.04859819635748863
0.06978892534971237
0.18285878002643585
0.024962754920125008
0.04765444993972778
0.3618990480899811
0.2128753662109375
0.04268328472971916
0.10608644038438797
0.09475690871477127
0.36672908067703247
0.10739699751138687
0.18907305598258972
0.08350341022014618
0.2348937690258026
0.21956519782543182
0.4605056941509247
0.5686574578285217
0.6639140248298645
0.45984628796577454
0.2354680448770523
0.3495144844055176
0.5021141171455383
0.11421843618154526
0.24352844059467316
0.3000366687774658
0.4549933075904846
0.25302794575691223
0.1347862035036087
0.22548958659172058
0.2595768868923187
0.09857918322086334
0.22393520176410675
0.5451759696006775
0.3895491361618042
0.3252541422843933
0.6374592781066895
0.23936131596565247
0.47437742352485657
0.4760734736919403
0.24606697261333466
0.2765268385410309
0.30160295963287354
0.2125868797302246
0.1506837159395218
0.13218271732330322
0.13029694557189941
0.17750346660614014
0.13051441311836243
0.09391868859529495
0.1224663257598877
0.3067339360713959
0.24450069665908813
0.3548814356327057
0.238636314868927
0.4713102877140045
0.3513941466808319
0.32506099343299866
0.2868730127811432
0.33518093824386597
0.1445721685886383
0.35278239846229553
0.2591543197631836
0.299620121717453
0.22547782957553864
0.4183453917503357
0.2378254234790802
0.36907175183296204
