0.14980022609233856
0.26451346278190613
0.5990015864372253
0.821898341178894
0.5620777606964111
0.1984357237815857
0.2683946192264557
0.12394722551107407
0.08583983778953552
0.05285436287522316
0.05558313429355621
0.08303769677877426
0.15503527224063873
0.4023541510105133
0.2818864583969116
0.4754038453102112
0.421565443277359
0.2706264555454254
0.4909631311893463
0.934918224811554
0.8290401697158813
0.6248651742935181
0.3928561508655548
0.40088334679603577
0.7754433155059814
0.6708911657333374
0.6694097518920898
0.6638922095298767
0.27004995942115784
0.5532945990562439
0.8112282156944275
0.15593034029006958
0.0380781814455986
0.5536378026008606
0.36866495013237
0.029106024652719498
0.04137561842799187
0.3248904049396515
0.08028248697519302
0.018605444580316544
0.03500402346253395
0.09007400274276733
0.14925910532474518
0.07480695098638535
0.12228807061910629
0.05567454174160957
0.050157833844423294
0.1769203543663025
0.35542282462120056
0.0999147891998291
0.18614915013313293
0.4213716685771942
0.3609980642795563
0.2562459409236908
0.2760846018791199
0.12697412073612213
0.2220737487077713
0.584666907787323
0.8683908581733704
0.9007071256637573
0.9573966264724731
0.804222583770752
0.8709133267402649
0.9676944017410278
0.9212023615837097
0.7424972057342529
0.982600212097168
0.9714649319648743
0.5014447569847107
0.3413383960723877
0.9557160139083862
0.8824996948242188
0.21086832880973816
0.44187963008880615
0.9414040446281433
0.9198471903800964
0.18958278000354767
0.43499627709388733
0.5263074040412903
0.7101407647132874
0.9242120385169983
0.8788400888442993
0.737594723701477
0.9192596077919006
0.6813540458679199
0.903667688369751
0.788372278213501
0.703973114490509
0.9618856906890869
0.9515326619148254
0.9162028431892395
0.487604558467865
0.492289274930954
0.3364364206790924
0.058899350464344025
0.36463475227355957
0.8689532279968262
0.22553487122058868
0.2502554953098297
0.8798158168792725
0.8921873569488525
0.10958743840456009
0.7906045913696289
0.9610311985015869
0.7777687311172485
0.32971349358558655
0.8838241100311279
0.9319637417793274
0.7680419087409973
0.9253776669502258
0.4290018379688263
0.31042972207069397
0.06274382770061493
0.2107926458120346
0.059665143489837646
0.07691843807697296
0.04040922597050667
0.052272818982601166
0.16832661628723145
0.3189799189567566
0.4613594114780426
0.7309753894805908
0.8313156962394714
0.9170477986335754
0.8887925744056702
0.9762905240058899
0.9835169911384583
0.9703139066696167
0.9704458713531494
0.9776366353034973
0.9521206617355347
0.9763988852500916
0.9897064566612244
0.9857379198074341
0.9729772210121155
0.976318359375
0.9810289740562439
0.9902511239051819
0.9692219495773315
0.9519055485725403
0.950923502445221
0.9513429999351501
0.9541292190551758
0.9802578091621399
0.9546894431114197
0.9676747918128967
0.9499287009239197
0.9526587724685669
0.9657768607139587
0.9564612507820129
0.9572939276695251
0.966842532157898
0.934942364692688
0.7882179021835327
0.9553446173667908
0.9390903115272522
0.841120719909668
0.9146910905838013
0.8058851361274719
0.8523734211921692
0.6829974055290222
0.27628999948501587
0.5904043316841125
0.24950698018074036
0.0413673035800457
0.19707255065441132
0.33867835998535156
0.06433834135532379
0.02259652130305767
0.2466249167919159
0.3807929456233978
0.1743098795413971
0.1776304841041565
0.045377809554338455
0.12201840430498123
0.2549975514411926
0.09321309626102448
0.09278544038534164
0.027679717168211937
0.05232435092329979
0.09068457782268524
0.12931406497955322
0.07830742746591568
0.09135408699512482
0.24519869685173035
0.11370783299207687
0.15030580759048462
0.1315869390964508
0.24601073563098907
0.2038225680589676
0.12165292352437973
0.1125834658741951
0.10868940502405167
0.25278276205062866
0.200901597738266
0.2288149744272232
0.2425706684589386
0.4064773619174957
0.5237331390380859
0.5462483763694763
0.6367058753967285
0.43912798166275024
0.5833237171173096
0.22459734976291656
0.42076751589775085
0.2639625370502472
0.3048878312110901
0.2050001174211502
0.23595592379570007
0.19338996708393097
0.37266412377357483
0.3567827343940735
0.1799006313085556
0.18589335680007935
0.22864535450935364
0.34994572401046753
0.2542823851108551
0.3021973669528961
0.6572346091270447
0.5223577618598938
0.6606593728065491
0.5543819665908813
0.3328108489513397
0.7307500243186951
0.2556135356426239
0.49464648962020874
0.2260780930519104
0.1875661015510559
0.1006552204489708
0.11294636875391006
0.30683159828186035
0.05435021594166756
0.0812108963727951
0.24383039772510529
0.2772464156150818
0.41398292779922485
0.2224501222372055
0.5692732930183411
0.6034624576568604
0.30869531631469727
0.37178701162338257
0.2696036398410797
0.16466012597084045
0.04566965997219086
0.1045219823718071
0.15047341585159302
0.4807058870792389
0.25388461351394653
0.12442614138126373
0.3331477642059326
0.3074773848056793
0.3877643048763275
0.7464817762374878
0.3561054766178131
0.28661999106407166
0.17035754024982452
0.07986138761043549
0.04144815355539322
0.012021687813103199
0.026862332597374916
0.015079104341566563
0.09519470483064651
0.07249443233013153
0.05112990364432335
0.2562144696712494
0.137240469455719
0.02978331781923771
0.03462304174900055
0.0933598205447197
0.130522683262825
0.0862961933016777
0.1315339207649231
0.04058840870857239
0.16310341656208038
0.26240694522857666
0.3771311342716217
0.15550753474235535
0.42635342478752136
0.4517889618873596
0.19893017411231995
0.35833001136779785
0.8553174734115601
0.44255390763282776
0.9072855710983276
0.6315937638282776
0.7825359106063843
0.5399773716926575
0.7605975866317749
0.5695978403091431
0.6779957413673401
0.28790774941444397
0.2906356453895569
0.14014087617397308
0.2096274346113205
0.11597609519958496
0.06346037238836288
0.17597611248493195
0.4275558292865753
0.0321681834757328
0.03790415823459625
0.09319768100976944
0.09713009744882584
0.03090195544064045
0.05445427447557449
0.16889306902885437
0.3814319670200348
0.08023301512002945
0.0453358069062233
0.09037329256534576
0.035047538578510284
0.041619814932346344
0.08017338812351227
0.07606162130832672
0.0306723490357399
0.07228952646255493
0.029779518023133278
0.017865072935819626
0.04074987769126892
0.01755707897245884
0.09608668088912964
0.06683448702096939
0.10582039505243301
0.16998861730098724
0.0345410592854023
0.035429563373327255
0.08597152680158615
0.0823492780327797
0.04922924563288689
0.06666763871908188
0.02690672129392624
0.10120223462581635
0.12575720250606537
0.14430348575115204
0.09148898720741272
0.08313992619514465
0.052907127887010574
0.08515160530805588
0.1546442061662674
0.11023727059364319
0.09203637391328812
0.051559824496507645
0.11864417046308517
0.255928635597229
0.3229343593120575
0.16169629991054535
0.11251841485500336
0.10634132474660873
0.25120532512664795
0.1569838523864746
0.35682931542396545
0.19342570006847382
0.36050912737846375
0.3302667438983917
0.7957481145858765
0.28352710604667664
0.16496478021144867
0.2174239456653595
0.057924535125494
0.05254976078867912
0.4286882281303406
0.12187086045742035
0.03730242699384689
0.14550483226776123
0.354190468788147
0.047332048416137695
0.16216333210468292
0.5218924880027771
0.33313217759132385
0.039993900805711746
0.37147292494773865
0.41303330659866333
0.34724944829940796
0.08485487848520279
0.06093394011259079
0.11931207776069641
0.06139744073152542
0.012712431140244007
0.01266753114759922
0.009493165649473667
0.027984777465462685
0.1050453782081604
0.2986823618412018
0.44323253631591797
0.6554011106491089
0.7678688168525696
0.4398152530193329
0.6160563230514526
0.21121612191200256
0.3881368041038513
0.0419265478849411
0.18388736248016357
0.06364337354898453
0.05550309643149376
0.23212295770645142
0.10673005878925323
0.2748554050922394
0.18525047600269318
