0.07355034351348877
0.061382804065942764
0.08086655288934708
0.11863255500793457
0.2356436848640442
0.17711003124713898
0.42190849781036377
0.07524172216653824
0.24130116403102875
0.1754835993051529
0.3407984972000122
0.25219833850860596
0.040075842291116714
0.04930468276143074
0.1306043565273285
0.09811604768037796
0.06346838921308517
0.01625504530966282
0.04290105774998665
0.07376318424940109
0.05226439982652664
0.03237101063132286
0.055299852043390274
0.04122743383049965
0.06670423597097397
0.09756708145141602
0.06749283522367477
0.1097993403673172
0.2070447951555252
0.12119632214307785
0.37741819024086
0.2385839968919754
0.08896130323410034
0.07916661351919174
0.06601684540510178
0.03358437493443489
0.23465906083583832
0.10586994141340256
0.27351516485214233
0.4741303026676178
0.8018449544906616
0.9017666578292847
0.6948700547218323
0.18800006806850433
0.23784621059894562
0.3214923143386841
0.39672911167144775
0.31103193759918213
0.07945761829614639
0.11691509187221527
0.4417693316936493
0.034297652542591095
0.032580602914094925
0.08393959701061249
0.3356876075267792
0.09830164909362793
0.12599234282970428
0.23155651986598969
0.38256797194480896
0.4496600925922394
0.5975538492202759
0.7909656167030334
0.5195482969284058
0.8842671513557434
0.8480665683746338
0.7759793400764465
0.8706734776496887
0.9613233208656311
0.9384133219718933
0.8616649508476257
0.8695969581604004
0.8791449666023254
0.9028589725494385
0.6774296760559082
0.5669456124305725
0.10460493713617325
0.16193169355392456
0.1420731097459793
0.1373891979455948
0.1530860811471939
0.13709229230880737
0.41132745146751404
0.40081658959388733
0.4134921133518219
0.3353773355484009
0.352689653635025
0.8625669479370117
0.9222638010978699
0.6880114078521729
0.7704555988311768
0.6767791509628296
0.48542654514312744
0.7237693667411804
0.7754619717597961
0.4125365912914276
0.7202873826026917
0.8496635556221008
0.8165717720985413
0.6729318499565125
0.5280392169952393
0.7631568908691406
0.7784261703491211
0.6797918677330017
0.39328399300575256
0.431604266166687
0.22282011806964874
0.097184918820858
0.054112713783979416
0.07213596254587173
0.07345898449420929
0.05434630066156387
0.10408202558755875
0.2639746069908142
0.5341947674751282
0.2729703187942505
0.6454423666000366
0.6160527467727661
0.41289153695106506
0.5809375643730164
0.5462548136711121
0.5852565765380859
0.4876723885536194
0.501136064529419
0.42137351632118225
0.11912991106510162
0.08385451883077621
0.027776481583714485
0.060286734253168106
0.0790199413895607
0.11776848882436752
0.07784564048051834
0.32268017530441284
0.585542619228363
0.3441855311393738
0.3785201609134674
0.36903873085975647
0.1597764492034912
0.17426857352256775
0.23436607420444489
0.033136215060949326
0.10220223665237427
0.03190679848194122
0.07837524265050888
0.01601063646376133
0.18867775797843933
0.08456022292375565
0.07088492810726166
0.09442626684904099
0.025718191638588905
0.0693875402212143
0.05391820892691612
0.025123104453086853
0.023329680785536766
0.030553365126252174
0.03059414029121399
0.06011419743299484
0.0842135101556778
0.05542885512113571
