0.8446623682975769
0.9016011357307434
0.7713444828987122
0.7500691413879395
0.24764493107795715
0.5539653897285461
0.1537296175956726
0.34042659401893616
0.5959538221359253
0.7930245995521545
0.9087831974029541
0.8310391306877136
0.8670992851257324
0.9220183491706848
0.9349454045295715
0.9436268210411072
0.8373066782951355
0.539371907711029
0.9411423206329346
0.9693573117256165
0.4002656042575836
0.9034194946289062
0.9726757407188416
0.8525226712226868
0.5005509257316589
0.9560008645057678
0.978481113910675
0.8184294104576111
0.8819016218185425
0.9761539101600647
0.9733025431632996
0.7776250243186951
0.9075775146484375
0.8422155976295471
0.6928825974464417
0.33529549837112427
0.23889295756816864
0.1632511466741562
0.18650004267692566
0.343788743019104
0.7074265480041504
0.8551028370857239
0.3785797953605652
0.4283908009529114
0.8580948114395142
0.7068851590156555
0.3634255826473236
0.7190945744514465
0.7187101244926453
0.7155465483665466
0.6662068963050842
0.7891557216644287
0.554296612739563
0.8125706911087036
0.7508456707000732
0.8941468000411987
0.9180965423583984
0.6998597383499146
0.9536837339401245
0.8050422072410583
0.7839555740356445
0.5146192312240601
0.8673015832901001
0.9053047895431519
0.5134259462356567
0.8980189561843872
0.9513247609138489
0.6411054730415344
0.7323774099349976
0.9710464477539062
0.9501936435699463
0.8681471347808838
0.6652791500091553
0.7121265530586243
0.4792381525039673
0.19600635766983032
0.13433481752872467
0.09841189533472061
0.14030249416828156
0.11528750509023666
0.29790180921554565
0.3336471617221832
0.2724093198776245
0.49143245816230774
0.7901179194450378
0.9053958058357239
0.6539705395698547
0.57112717628479
0.47627320885658264
0.2936341166496277
0.4221740961074829
0.5013008713722229
0.7217550277709961
0.47306135296821594
0.6418747305870056
0.41895970702171326
0.6341040730476379
0.34052547812461853
0.42669859528541565
0.2908439636230469
0.20610618591308594
0.22942164540290833
0.2656079828739166
0.3378530442714691
0.13335245847702026
0.10553345084190369
0.6377056241035461
0.4540201425552368
0.25699761509895325
0.6479119658470154
0.7342077493667603
0.6518385410308838
0.732352077960968
0.8660066723823547
0.8443474173545837
0.8216999173164368
0.8577173948287964
0.8856865763664246
0.8141437768936157
