0.17053036391735077
0.4347180128097534
0.22994637489318848
0.20155280828475952
0.21396467089653015
0.30804553627967834
0.07246936857700348
0.03125268965959549
0.05484353005886078
0.1649535745382309
0.14158162474632263
0.10174691677093506
0.12923571467399597
0.08449754118919373
0.1675049066543579
0.1681268960237503
0.1886039525270462
0.09575507789850235
0.06783999502658844
0.17054390907287598
0.12034784257411957
0.03824444115161896
0.2540222704410553
0.31843113899230957
0.09938729554414749
0.11144471168518066
0.13878822326660156
0.10819688439369202
0.0701131522655487
0.13792499899864197
0.06333379447460175
0.0410393662750721
0.07400937378406525
0.05945226177573204
0.02747209742665291
0.08060065656900406
0.04043768718838692
0.12221186608076096
0.0552353635430336
0.040308255702257156
0.18327681720256805
0.228229358792305
0.19901715219020844
0.21504780650138855
0.26122942566871643
0.3428383767604828
0.719679594039917
0.566280722618103
0.571917712688446
0.7516697645187378
0.7804033756256104
0.42352771759033203
0.6227575540542603
0.47466400265693665
0.6693518757820129
0.3768124580383301
0.4094441831111908
0.5478834509849548
0.46747520565986633
0.6314118504524231
0.653419017791748
0.6979433298110962
0.16199584305286407
0.10497832298278809
0.14897839725017548
0.16270104050636292
0.1887260228395462
0.4779774844646454
0.76723313331604
0.8712687492370605
0.9133691787719727
0.81056809425354
0.836109459400177
0.5920200347900391
0.6164315342903137
0.8144046068191528
0.7788317799568176
0.3140479624271393
0.6070936322212219
0.9514175057411194
0.5025941729545593
0.17816628515720367
0.9190805554389954
0.9232209324836731
0.7991373538970947
0.40762075781822205
0.9042735695838928
0.9261265993118286
0.8764843940734863
0.8454262614250183
0.7183766961097717
0.930033266544342
0.749485433101654
0.8770330548286438
0.8952030539512634
0.8734452724456787
0.8998411297798157
0.26697778701782227
0.7351296544075012
0.2973296642303467
0.5523155331611633
0.1918303668498993
0.5326331257820129
0.775299072265625
0.09011265635490417
0.4500805139541626
0.8818767070770264
0.7580678462982178
0.2467488795518875
0.8049018979072571
0.9499908089637756
0.5703506469726562
0.6772326827049255
0.8918808698654175
0.9524511694908142
0.7276602983474731
0.49280261993408203
0.427014023065567
0.051244787871837616
0.012839233502745628
0.010056492872536182
0.019078651443123817
0.06668311357498169
0.031635940074920654
0.05095059797167778
0.04018544405698776
0.026834992691874504
0.029788514599204063
0.047639671713113785
0.06336591392755508
0.04794986918568611
0.04433713108301163
0.04207957908511162
0.1863545924425125
0.04654122143983841
0.11055857688188553
0.15974032878875732
0.2684379518032074
0.4596646726131439
0.2725538909435272
0.14427858591079712
0.04381031543016434
0.01743047870695591
0.010524255223572254
0.024746978655457497
0.08158586174249649
0.0456477589905262
0.037998493760824203
0.03473295643925667
0.07193221151828766
0.09667888283729553
0.2675662040710449
0.13108287751674652
0.062103021889925
0.17797286808490753
0.10341151803731918
0.11445893347263336
0.29481858015060425
0.2316638082265854
0.09577646851539612
0.04691214859485626
0.03475705534219742
0.10404036194086075
0.02342742122709751
0.0025939338374882936
0.06475464254617691
0.1856548935174942
0.061574943363666534
0.03743364289402962
0.10606200993061066
0.19592086970806122
0.03882496431469917
0.07340621203184128
0.14434731006622314
0.08669017255306244
0.041879117488861084
0.09713683277368546
0.09768889099359512
0.04441486671566963
0.018161680549383163
0.018368013203144073
0.012411744333803654
0.0028949028346687555
0.01245248131453991
0.013607458211481571
0.06272674351930618
0.05302463099360466
0.09275869280099869
0.06082605570554733
0.039218734949827194
0.05782472342252731
0.017238225787878036
0.06766755878925323
0.031437523663043976
0.021295124664902687
0.014409833587706089
0.03292800858616829
0.03365795314311981
0.008514877408742905
0.029917551204562187
0.06754027307033539
0.08378563821315765
0.03136894106864929
0.04573850706219673
0.10161484032869339
0.09599034488201141
0.08892128616571426
0.09374166280031204
0.10064554214477539
0.04663941636681557
0.09629135578870773
0.04937346279621124
0.07392089068889618
0.04970881715416908
0.04970880597829819
0.0410076379776001
0.02846781723201275
0.07530737668275833
0.023678475990891457
0.2892366945743561
0.2881873548030853
0.4860711097717285
0.8564234375953674
0.6904548406600952
0.06998853385448456
0.018636643886566162
0.5843848586082458
0.15231403708457947
0.010098845697939396
0.0316166952252388
0.10430730134248734
0.0404668003320694
0.027862561866641045
0.07100144773721695
0.04677821695804596
0.03681037947535515
0.02681085467338562
0.03200133517384529
0.06663929671049118
0.055882494896650314
0.11827851831912994
0.02600204572081566
0.010516658425331116
0.01432719361037016
0.011756821535527706
0.01855536177754402
0.05545405298471451
0.18232348561286926
0.4128725528717041
0.033632658421993256
0.06109235808253288
0.8667286038398743
0.23989540338516235
0.0412495993077755
0.6641586422920227
0.936919093132019
0.19067393243312836
0.03696643188595772
0.8682758212089539
0.7193585634231567
0.4417453408241272
0.3906109035015106
0.3291541635990143
0.3097513020038605
0.19864389300346375
0.2413797676563263
0.3106578588485718
0.17776206135749817
0.11573708057403564
0.0771905705332756
0.15944328904151917
0.043773699551820755
0.016170550137758255
0.04541083425283432
0.17329517006874084
0.2731431722640991
0.3244951069355011
0.9312660694122314
0.8093218207359314
0.39250481128692627
0.8925724029541016
0.9681617021560669
0.9238797426223755
0.9787383675575256
0.8394818902015686
0.8110951781272888
0.34505316615104675
0.20663322508335114
0.09646649658679962
0.06902311742305756
0.25838765501976013
0.34924188256263733
0.4642171263694763
0.5705447793006897
0.9137663245201111
0.8375856280326843
0.19107691943645477
0.09002778679132462
0.7799084186553955
0.7191633582115173
0.05619185045361519
0.33308425545692444
0.9123232364654541
0.5010720491409302
0.10354968160390854
0.6494474411010742
0.5842245221138
0.3958112299442291
0.3955526649951935
0.6274288296699524
0.48570626974105835
0.6051909923553467
0.5624064803123474
0.5451849699020386
0.6839678883552551
0.5809683799743652
0.43352803587913513
0.4261549413204193
0.5865751504898071
0.6097239851951599
0.5968984365463257
0.6598290801048279
0.21419650316238403
0.6677200794219971
0.28981906175613403
0.6390760540962219
0.636812686920166
0.7153383493423462
0.7116763591766357
0.16263271868228912
0.13034045696258545
0.10278887301683426
