0.04418547451496124
0.02881687507033348
0.03510979562997818
0.017276423051953316
0.07663381099700928
0.015116572380065918
0.013817929662764072
0.017761925235390663
0.016273340210318565
0.06170036271214485
0.09478005766868591
0.4369299113750458
0.25773802399635315
0.2550402283668518
0.06756105273962021
0.22142824530601501
0.7210818529129028
0.09279672056436539
0.13653044402599335
0.8032629489898682
0.3566187024116516
0.03060486912727356
0.25698670744895935
0.3726855516433716
0.1267271786928177
0.05662216246128082
0.2406497597694397
0.45479997992515564
0.062464118003845215
0.07276160269975662
0.05067402496933937
0.11446460336446762
0.035922665148973465
0.19588357210159302
0.11202829331159592
0.10353603959083557
0.12564373016357422
0.056309349834918976
0.06549082696437836
0.08717672526836395
0.12233585864305496
0.14888612926006317
0.7309483885765076
0.11770015209913254
0.5892403721809387
0.23235948383808136
0.34489455819129944
0.13059662282466888
0.2843630015850067
0.1467847377061844
0.08107784390449524
0.14574122428894043
0.06898808479309082
0.07857169210910797
0.07017482817173004
0.10639326274394989
0.07037440687417984
0.013001716695725918
0.13029642403125763
0.09839872270822525
0.006882317829877138
0.06510055810213089
0.22359254956245422
0.06526783108711243
0.00638074055314064
0.11810970306396484
0.23994451761245728
0.04341559857130051
0.08108854293823242
0.08539076894521713
0.04876888170838356
0.03183538094162941
0.03850489482283592
0.024360494688153267
0.015848074108362198
0.00713628763332963
0.011666160076856613
0.00401235232129693
0.03734105825424194
0.0414624959230423
0.1663728505373001
0.016580495983362198
0.020352454856038094
0.14529310166835785
0.01793602854013443
0.004688323941081762
0.0133195286616683
0.04676944389939308
0.0038658997509628534
0.0025349867064505816
0.040406484156847
0.12959380447864532
0.034241389483213425
0.010949896648526192
0.023254768922924995
0.024732189252972603
0.008939214050769806
0.024004165083169937
0.00940365344285965
0.006129709538072348
0.007403659168630838
0.011254845187067986
0.025985831394791603
0.02989278919994831
0.06256047636270523
0.095049187541008
0.0468890517950058
0.07990985363721848
0.11769536137580872
0.12735390663146973
0.2830902934074402
0.4175683856010437
0.2608436644077301
0.10782913118600845
0.14569488167762756
0.3652099668979645
0.13521189987659454
0.17187444865703583
0.3154456615447998
0.18299706280231476
0.20893506705760956
0.3678349554538727
0.349052369594574
0.12968206405639648
0.30539125204086304
0.4834154546260834
0.5907143950462341
0.5197468996047974
0.5525022149085999
0.5575293302536011
0.3191654682159424
0.6334693431854248
0.7756907343864441
0.691663920879364
0.4673570692539215
0.33992165327072144
0.282064288854599
0.08228835463523865
0.3651827871799469
0.22241288423538208
0.19894921779632568
0.14559094607830048
0.40455248951911926
0.1250724196434021
0.47007498145103455
0.21969790756702423
0.2660071849822998
0.4525543749332428
0.3486970067024231
0.09531829506158829
0.3643842339515686
0.27223092317581177
0.10728365182876587
0.08706855028867722
0.18474435806274414
0.36137962341308594
0.13964922726154327
0.17411231994628906
0.09543580561876297
0.12463922053575516
0.2677218019962311
0.1271701157093048
0.41698959469795227
0.36729708313941956
0.47996070981025696
0.23666824400424957
0.18863041698932648
0.5081316232681274
0.6271415948867798
0.22861044108867645
0.6391744017601013
0.779326319694519
0.7343138456344604
0.4695858061313629
0.5771365761756897
0.38418400287628174
0.1963699907064438
0.15447473526000977
0.39564278721809387
0.17516092956066132
0.29022422432899475
0.3864465355873108
0.15397100150585175
0.10856600850820541
0.2963279187679291
0.3707774877548218
0.13065223395824432
0.4640314280986786
0.18822427093982697
0.04754428192973137
0.03737650811672211
0.1052650511264801
0.102471262216568
0.00846532266587019
0.02340801991522312
0.011465112678706646
0.018578996881842613
0.014389735646545887
0.0552854984998703
0.044784825295209885
0.03962401673197746
0.03169870376586914
0.031101729720830917
0.1034228727221489
0.036211710423231125
0.21421276032924652
0.20894204080104828
0.08929914236068726
0.2356923371553421
0.2549802362918854
0.14103363454341888
0.21721374988555908
0.22839117050170898
0.36213043332099915
0.1859588474035263
0.07725778967142105
0.42980965971946716
0.4119225740432739
0.10063869506120682
0.2618267238140106
0.29856887459754944
0.3078553080558777
0.22349384427070618
0.39358964562416077
0.18353119492530823
0.27320608496665955
0.25023290514945984
0.33947381377220154
0.47923406958580017
0.5154550671577454
0.18317651748657227
0.555010974407196
0.18186451494693756
0.1343265026807785
0.06024125590920448
0.10555899143218994
0.13487054407596588
0.049704410135746
0.1518193483352661
0.20163288712501526
0.12239105254411697
0.08054521679878235
0.1202743723988533
0.22645916044712067
0.23091159760951996
0.025032326579093933
0.04723167046904564
0.2876622676849365
0.33609750866889954
0.06571482867002487
0.1316906213760376
0.2592147886753082
0.044398628175258636
0.018174603581428528
0.08624248206615448
0.09094781428575516
0.09189052879810333
0.019217604771256447
