0.16086749732494354
0.2608187794685364
0.11152700334787369
0.04124341905117035
0.06685850769281387
0.01567969284951687
0.018006153404712677
0.01604069583117962
0.024751704186201096
0.010395770892500877
0.017403719946742058
0.01786830462515354
0.010882895439863205
0.010814130306243896
0.044150516390800476
0.025465557351708412
0.06937496364116669
0.057309508323669434
0.13052883744239807
0.2860685884952545
0.4180583953857422
0.30505794286727905
0.4759417772293091
0.2768695652484894
0.2707730233669281
0.7491986155509949
0.263852596282959
0.5107579231262207
0.3000516891479492
0.04749574884772301
0.13470079004764557
0.2809741199016571
0.126430943608284
0.33647146821022034
0.42388227581977844
0.34761670231819153
0.20393268764019012
0.41621309518814087
0.4433985650539398
0.36702588200569153
0.3741089403629303
0.15173788368701935
0.1176215186715126
0.18821437656879425
0.23601552844047546
0.11293692141771317
0.09609857946634293
0.02373718097805977
0.07580924779176712
0.35810351371765137
0.18705430626869202
0.42639485001564026
0.08562804013490677
0.06926599889993668
0.13542194664478302
0.006745437625795603
0.02336130477488041
0.035538386553525925
0.00588584179058671
0.005346809048205614
0.04475494846701622
0.043054260313510895
0.009060367941856384
0.01467667892575264
0.21650131046772003
0.04167761281132698
0.08084261417388916
0.15537819266319275
0.40771985054016113
0.19073881208896637
0.10086420923471451
0.22543536126613617
0.26634135842323303
0.23292827606201172
0.444961816072464
0.42646005749702454
0.6174769401550293
0.6103225350379944
0.2691975235939026
0.5571496486663818
0.7136767506599426
0.28431421518325806
0.14991216361522675
0.1844424307346344
0.48750412464141846
0.1667942851781845
0.055050987750291824
0.5862944722175598
0.5592895150184631
0.23099006712436676
0.44626984000205994
0.6885181069374084
0.3390394151210785
0.39053723216056824
0.723599910736084
0.5812224745750427
0.42328014969825745
0.6545271277427673
0.45758381485939026
0.4102385342121124
0.6331048011779785
0.3762945234775543
0.1152535006403923
0.66866534948349
0.8025497198104858
0.4441104829311371
0.2915460765361786
0.7638380527496338
0.7949891686439514
0.28052234649658203
0.7223308682441711
0.4830283224582672
0.7401193380355835
0.8029406666755676
0.8673307299613953
0.7660648822784424
0.6275647282600403
0.5207265019416809
0.7775087952613831
0.41202354431152344
0.6834064722061157
0.40417954325675964
0.4332157075405121
0.5481669306755066
0.7539863586425781
0.25185665488243103
0.12341047823429108
0.08572471886873245
0.02515331469476223
0.005570278503000736
0.0010373529512435198
0.00036982237361371517
0.000982392579317093
0.004686271771788597
0.0002900880645029247
0.0023249750956892967
0.0020373575389385223
0.006547375116497278
0.007180347107350826
0.0214692410081625
0.07339942455291748
0.05529496446251869
0.08563915640115738
0.22441329061985016
0.6839426755905151
0.4844493865966797
0.12086425721645355
0.4283563196659088
0.4875101149082184
0.16269317269325256
0.03539063036441803
0.11330971866846085
0.4058646559715271
0.12274067848920822
0.004495445638895035
0.08439508825540543
0.563946545124054
0.03716713935136795
0.011716517619788647
0.570703387260437
0.11866479367017746
0.0962572768330574
0.06580493599176407
0.3259168267250061
0.23460009694099426
0.0975753515958786
0.08371315896511078
0.0060576037503778934
0.1235111802816391
0.035555582493543625
0.00420265132561326
0.0009914240799844265
0.012983734719455242
0.002872564597055316
0.0007861388148739934
0.0018052688101306558
0.03382730856537819
0.011150223203003407
0.005702853202819824
0.05711681395769119
0.18310651183128357
0.060715749859809875
0.13778860867023468
0.36750736832618713
0.3405187427997589
0.2946195602416992
0.22150446474552155
0.12194065004587173
0.18957555294036865
0.21113644540309906
0.12685361504554749
0.092997245490551
0.2062794268131256
0.08334754407405853
0.05446434020996094
0.14427612721920013
0.3574155867099762
0.15459159016609192
0.07897178083658218
0.2553408145904541
0.35324642062187195
0.08721575886011124
0.22164280712604523
0.3856291174888611
0.5075653791427612
0.250326007604599
0.38005679845809937
0.5653069019317627
0.48328897356987
0.5118184685707092
0.7174519896507263
0.5200497508049011
0.40330445766448975
0.4858180284500122
0.4069822132587433
0.31617164611816406
0.3782597482204437
0.5553186535835266
0.5415299534797668
0.4043859541416168
0.4280671179294586
0.6286213994026184
0.12329398095607758
0.21433545649051666
0.31037259101867676
0.3116162419319153
0.11720725148916245
0.2184838205575943
0.39745035767555237
0.23726780712604523
0.07898896187543869
0.35509273409843445
0.4470122158527374
0.2995389699935913
0.1364928036928177
0.1337047517299652
0.2306690514087677
0.35118934512138367
0.1884751319885254
0.38236746191978455
0.24603676795959473
0.4494669735431671
0.18643860518932343
0.3110569417476654
0.46481063961982727
0.3772716820240021
0.507440984249115
0.3978729248046875
0.3312465250492096
0.13117200136184692
0.2015669047832489
0.15269920229911804
0.16065950691699982
0.1746588945388794
0.12913215160369873
0.3599197268486023
0.31673240661621094
0.22369591891765594
0.3082321584224701
0.5628170371055603
0.3435136377811432
0.31175586581230164
0.7483699917793274
0.7543773055076599
0.5668846964836121
0.5973016619682312
0.06604106724262238
0.04428993910551071
0.21312229335308075
0.0726884976029396
0.012817642651498318
0.13973744213581085
0.03942058980464935
0.002611020812764764
0.004378167912364006
0.09139715135097504
0.03452311083674431
0.000787228811532259
0.07457111030817032
0.16122905910015106
0.03578296676278114
0.03686182200908661
0.25760436058044434
0.3286255896091461
0.0754992738366127
0.08491358906030655
0.13744725286960602
0.1012672409415245
0.05796194076538086
0.19231340289115906
0.27032744884490967
0.020822403952479362
0.057685840874910355
0.4187852144241333
0.22752781212329865
0.013441783376038074
0.06157030537724495
0.22997784614562988
0.1464730054140091
0.20525822043418884
0.17181332409381866
0.09785521030426025
0.07713329792022705
0.043038953095674515
0.01675957627594471
0.012946171686053276
0.0014502478297799826
0.011219647713005543
0.003858353244140744
0.0007109888247214258
0.0033005152363330126
0.0035509110894054174
0.005145281553268433
0.011890290305018425
0.009010111913084984
0.03703262656927109
0.07167232036590576
0.042751096189022064
0.022453734651207924
0.17371264100074768
0.1563262939453125
0.04943988099694252
0.0981585830450058
0.09124188870191574
0.10432162135839462
0.046272408217191696
0.037537675350904465
0.07465049624443054
0.13665616512298584
0.1670963168144226
0.041548777371644974
0.2205234169960022
0.2545621395111084
0.17399920523166656
0.31004732847213745
0.3961007297039032
0.04599529132246971
0.22088541090488434
0.2641834318637848
0.0983998253941536
0.029359323903918266
0.31676965951919556
0.1708795428276062
0.04345995932817459
0.1773669272661209
0.2021583765745163
0.16050472855567932
0.07621166855096817
0.1975991278886795
0.20318907499313354
0.2109270989894867
0.09769723564386368
0.185515359044075
0.1960812509059906
0.406649649143219
0.3362421989440918
0.51609867811203
