0.604671061038971
0.5858028531074524
0.3723808825016022
0.2686084508895874
0.2943313717842102
0.18573828041553497
0.2425776571035385
0.2132009118795395
0.333882212638855
0.44239217042922974
0.1993633359670639
0.35923904180526733
0.36806777119636536
0.2614564895629883
0.29639437794685364
0.24417074024677277
0.17407134175300598
0.15156733989715576
0.1613130122423172
0.2013135552406311
0.07935115694999695
0.08988254517316818
0.243682861328125
0.24153243005275726
0.08716689795255661
0.3064436912536621
0.3199733793735504
0.2809632420539856
0.26327428221702576
0.6158496737480164
0.550624668598175
0.28149938583374023
0.39282557368278503
0.2517337501049042
0.3366295397281647
0.2861705422401428
0.29047146439552307
0.3269628882408142
0.4844297766685486
0.29689842462539673
0.40746620297431946
0.33228644728660583
0.3343202471733093
0.246810644865036
0.5573262572288513
0.29862114787101746
0.3962166905403137
0.5290238857269287
0.5001632571220398
0.6189492344856262
0.6444184184074402
0.4774852395057678
0.4510979652404785
0.7597249150276184
0.4756460189819336
0.7520632147789001
0.5547552108764648
0.7754624485969543
0.4797441065311432
0.7122734189033508
0.39639225602149963
0.6992003321647644
0.5706936717033386
0.6970533728599548
0.27886688709259033
0.4964308738708496
0.24158234894275665
0.35701391100883484
0.6299346089363098
0.5804250836372375
0.5529482960700989
0.3531520962715149
0.5800699591636658
0.7465885877609253
0.7412931323051453
0.568381130695343
0.26289939880371094
0.23612482845783234
0.6906755566596985
0.5184847116470337
0.11685428768396378
0.16708305478096008
0.8340994715690613
0.6771879196166992
0.25629058480262756
0.2941293716430664
0.6730716228485107
0.24958552420139313
0.30119460821151733
0.519604504108429
0.5334728956222534
0.844237744808197
0.8251684308052063
0.7602093815803528
0.8957139253616333
0.8488049507141113
0.5761234164237976
0.7060672044754028
0.6579084992408752
0.6190083026885986
0.5843075513839722
0.47181907296180725
0.5166698098182678
0.4235769510269165
0.4346260726451874
0.6841591000556946
0.6735808253288269
0.5171847939491272
0.5940130352973938
0.7311962246894836
0.716507077217102
0.548508882522583
0.6587398648262024
0.5975784063339233
0.3509441614151001
0.5096318125724792
0.2764614522457123
0.4278370440006256
0.5143529772758484
0.5771650671958923
0.2506427764892578
0.48331302404403687
0.6075766682624817
0.8069970011711121
0.20361973345279694
0.531326413154602
0.6726791858673096
0.7356372475624084
0.45558834075927734
0.69435054063797
0.8291217088699341
0.6517305970191956
