0.40672677755355835
0.47736263275146484
0.5107289552688599
0.46166419982910156
0.7952955365180969
0.8227848410606384
0.5800235867500305
0.757101833820343
0.7494513392448425
0.6909527778625488
0.5068991184234619
0.5545450448989868
0.779955267906189
0.6993585228919983
0.647571861743927
0.7858288288116455
0.6379473805427551
0.731457531452179
0.5354693531990051
0.6288681626319885
0.32756340503692627
0.744036853313446
0.5691434144973755
0.49163955450057983
0.4602755606174469
0.7013483047485352
0.3685874044895172
0.8102909326553345
0.8695201873779297
0.4064430296421051
0.5399413704872131
0.4219783544540405
0.37450429797172546
0.4289391338825226
0.6087148189544678
0.19641436636447906
0.7813742756843567
0.6729286909103394
0.5616567730903625
0.5310400128364563
0.6692557334899902
0.3440054953098297
0.3797508478164673
0.22265031933784485
0.6276597380638123
0.2653641104698181
0.20380637049674988
0.5696131587028503
0.48946046829223633
0.07936450839042664
0.566798210144043
0.7068094611167908
0.2987995147705078
0.14428842067718506
0.6454213261604309
0.7549813389778137
0.485956609249115
0.25002938508987427
0.6926608681678772
0.7135045528411865
0.34660282731056213
0.35245832800865173
0.7623515129089355
0.49300140142440796
0.6983458995819092
0.7429741024971008
0.6920957565307617
0.5156341791152954
0.7510972023010254
0.17479217052459717
0.6620946526527405
0.48115411400794983
0.36580726504325867
0.5627313852310181
0.3737034499645233
0.6701067090034485
0.5563509464263916
0.6377388834953308
0.7966459393501282
0.7467762231826782
0.6935646533966064
0.7951088547706604
0.77024906873703
0.6939075589179993
0.6670992970466614
0.5442946553230286
0.565190851688385
0.35109132528305054
0.5793555378913879
0.4549175798892975
0.5594707131385803
0.41878628730773926
0.2583085000514984
0.29658475518226624
0.3246692717075348
0.6778398156166077
0.2859766483306885
0.36199507117271423
0.5029761791229248
0.4048900008201599
0.37729161977767944
0.3069014847278595
0.41041022539138794
0.3063896894454956
0.43534886837005615
0.17681759595870972
0.4048236012458801
0.4304567575454712
0.3415988087654114
0.449826180934906
0.6533197164535522
0.5538763403892517
0.3883667290210724
0.1395183950662613
0.5471251606941223
0.6140954494476318
0.15265393257141113
0.2376142144203186
0.693629801273346
0.5944563150405884
0.1797112375497818
0.3543976843357086
0.802422821521759
0.6494324803352356
0.44281455874443054
0.7836892604827881
0.6347063779830933
0.8297675251960754
0.5568440556526184
0.8261769413948059
0.6563622355461121
0.6842204332351685
0.6845282912254333
0.672443687915802
0.6401854753494263
0.4571932852268219
0.5714670419692993
0.5117714405059814
0.5559482574462891
0.26676589250564575
0.39418983459472656
