0.49092403054237366
0.5958841443061829
0.7734466791152954
0.7788470983505249
0.8646886348724365
0.8684594631195068
0.8989450931549072
0.9045048952102661
0.9052250385284424
0.9733648300170898
0.9624302983283997
0.9337042570114136
0.9141203761100769
0.8953071236610413
0.8986951112747192
0.7528819441795349
0.9528636932373047
0.9495624899864197
0.6826801300048828
0.9148992896080017
0.6124232411384583
0.8229341506958008
0.8086374998092651
0.8515394330024719
0.5682218670845032
0.4393952786922455
0.6371414661407471
0.7355875372886658
0.8575038313865662
0.33348679542541504
0.6374527812004089
0.9357761740684509
0.881689727306366
0.6601116061210632
0.5401335954666138
0.5862181186676025
0.3736579716205597
0.3843289315700531
0.4133169651031494
0.3619820773601532
0.6278746724128723
0.6269514560699463
0.9143164753913879
0.5952511429786682
0.9275497794151306
0.7630588412284851
0.9179030656814575
0.94947350025177
0.9156684875488281
0.983953058719635
0.8704473972320557
0.7316954135894775
0.9850514531135559
0.95647132396698
0.4072740375995636
0.8029407262802124
0.9764940738677979
0.7163271307945251
0.2075318992137909
0.9373565316200256
0.9183368682861328
0.4565202295780182
0.44224298000335693
0.7532098889350891
0.42236948013305664
0.8647463917732239
0.9377669095993042
0.9054089784622192
0.9711837768554688
0.9576762318611145
0.964941143989563
0.9871991276741028
0.9920714497566223
0.9697174429893494
0.8403964638710022
0.8866426944732666
0.5490325689315796
0.805338442325592
0.3837175965309143
0.628932535648346
0.28345605731010437
0.6267845630645752
0.7932106852531433
0.6010371446609497
0.23193760216236115
0.20396508276462555
0.7090834379196167
0.5407029986381531
0.0847465842962265
0.590894877910614
0.5231868028640747
0.510865330696106
0.381639689207077
0.4958283007144928
0.6508616209030151
0.6109751462936401
0.6052702069282532
0.5853370428085327
0.9051744937896729
0.9403486251831055
0.896414577960968
0.8980715274810791
0.8144739270210266
0.9018251895904541
0.8349202275276184
0.8765963912010193
0.8835548162460327
0.7326633334159851
0.8560100793838501
0.7283985018730164
0.7381608486175537
