0.3080950975418091
0.43821752071380615
0.5335625410079956
0.2600223124027252
0.47108450531959534
0.20251603424549103
0.4095117151737213
0.26754167675971985
0.6318842172622681
0.6926528811454773
0.6965752243995667
0.553310215473175
0.7814971208572388
0.6310343146324158
0.719311535358429
0.5793390870094299
0.6691307425498962
0.6921970844268799
0.5250771045684814
0.43825390934944153
0.6501816511154175
0.4737626612186432
0.3733050525188446
0.723563015460968
0.7789351344108582
0.6499418616294861
0.6925370097160339
0.42092934250831604
0.7837255597114563
0.7712958455085754
0.7399747967720032
0.7166663408279419
0.6462982296943665
0.64271479845047
0.6502958536148071
0.6165487170219421
0.4805193543434143
0.5750131607055664
0.5504316687583923
0.6577062010765076
0.802750825881958
0.864351749420166
0.5916045308113098
0.7940690517425537
0.7721769213676453
0.6798691749572754
0.4752775728702545
0.8517530560493469
0.8252313733100891
0.4324968457221985
0.6566975712776184
0.840356707572937
0.6098408699035645
0.5668461322784424
0.6994226574897766
0.6516547799110413
0.4599262773990631
0.46980592608451843
0.3877761662006378
0.3948081135749817
