0.01743275672197342
0.010982087813317776
0.017091240733861923
0.01897709257900715
0.030632879585027695
0.019004715606570244
0.1859573870897293
0.018720293417572975
0.3495244085788727
0.1095280647277832
0.060576796531677246
0.06873134523630142
0.08187088370323181
0.05579876899719238
0.3865070641040802
0.6790823936462402
0.6019335389137268
0.24229277670383453
0.2674950063228607
0.033537063747644424
0.022325865924358368
0.010617469437420368
0.04908868297934532
0.006292543839663267
0.0011490228353068233
0.00414299825206399
0.024118615314364433
0.009801660664379597
0.002270875032991171
0.027613626793026924
0.09658315777778625
0.007363820914179087
0.02133765257894993
0.061432793736457825
0.03746148198843002
0.017625322565436363
0.014429441653192043
0.018707677721977234
0.0061606718227267265
0.0016975475009530783
0.018550729379057884
0.0029486536514014006
0.01992894522845745
0.036984968930482864
0.028169376775622368
0.061462510377168655
0.1475224792957306
0.19730179011821747
0.7701631188392639
0.5721638798713684
0.5266874432563782
0.324760764837265
0.0994175374507904
0.22106581926345825
0.20173244178295135
0.14686115086078644
0.23872824013233185
0.2711620628833771
0.18763752281665802
0.40718623995780945
0.21034406125545502
0.08304504305124283
0.1854763627052307
0.30310845375061035
0.46334946155548096
0.08610039949417114
0.0905160903930664
0.14704327285289764
0.15507496893405914
0.10825475305318832
0.017202094197273254
0.00824360828846693
0.07635144144296646
0.01738930493593216
0.0009240892832167447
0.0035352197010070086
0.025843923911452293
0.0030812460463494062
0.0010934522142633796
0.01903950795531273
0.020284583792090416
0.007991509512066841
0.007163102272897959
0.004792788531631231
0.01008689682930708
0.0005834600306116045
0.0019337559351697564
0.003740577260032296
0.0017963685095310211
0.004905360750854015
0.010995501652359962
0.017121680080890656
0.20546406507492065
0.13684090971946716
0.08307038247585297
0.1005607321858406
0.5061874985694885
0.5149149894714355
0.10685856640338898
0.23916096985340118
0.0598485991358757
0.12150435894727707
0.34260863065719604
0.10390574485063553
0.021310437470674515
0.18343742191791534
0.131267711520195
0.05137572064995766
0.03236975148320198
0.061390746384859085
0.08336535841226578
0.024800121784210205
0.04750901088118553
0.05264049768447876
0.02940347231924534
0.024871082976460457
0.10715120285749435
0.13879287242889404
0.07841602712869644
0.1844736635684967
0.2616053819656372
0.209341898560524
0.08887892216444016
0.1715938299894333
0.18559284508228302
0.25711050629615784
0.25865766406059265
0.5514891147613525
0.6300047039985657
0.7630883455276489
0.8496466279029846
0.7466326355934143
0.5667816996574402
0.6144090890884399
0.45106273889541626
0.34232282638549805
0.18194745481014252
0.3819228410720825
0.4206292927265167
0.333932101726532
0.3698083162307739
0.17009983956813812
0.07584214210510254
0.10980585962533951
0.13532593846321106
0.14578057825565338
0.20046932995319366
0.1066678836941719
0.4546706974506378
0.5172551274299622
0.2712945342063904
0.5065301060676575
0.6811313033103943
0.17267031967639923
0.11102738976478577
0.11224685609340668
0.05585777759552002
0.06801161170005798
0.1504364162683487
0.24447409808635712
0.0970335379242897
0.1900739222764969
0.11715298146009445
0.04341118410229683
0.1584608256816864
0.13139140605926514
0.18027010560035706
0.03544200211763382
0.07738035917282104
0.1467858999967575
0.0816899985074997
0.005450983997434378
0.04959249868988991
0.16007080674171448
0.016152793541550636
0.028407759964466095
0.12442771345376968
0.07184778153896332
0.012240982614457607
0.009207791648805141
0.00805055070668459
0.0028367650229483843
0.004586268216371536
0.018088702112436295
0.011395103298127651
0.03808007016777992
0.08332596719264984
0.02186683751642704
0.3079867362976074
0.45783573389053345
0.05212264508008957
0.224807471036911
0.42052578926086426
0.28915056586265564
0.3969057500362396
0.25753626227378845
0.21245615184307098
0.09831497818231583
0.2072439044713974
0.3001580238342285
0.05818367749452591
0.02204842120409012
0.20086127519607544
0.22674039006233215
0.02810571901500225
0.048407234251499176
0.1619245707988739
0.23723986744880676
0.07529250532388687
0.23296509683132172
0.03321269154548645
0.03922342136502266
0.014418532140552998
0.020271752029657364
0.016285153105854988
0.11848453432321548
0.19866377115249634
0.7813618779182434
0.5064487457275391
0.6294320225715637
0.3655693531036377
0.5406463742256165
0.3501695692539215
0.26854097843170166
0.3402993679046631
0.34214165806770325
0.15296630561351776
0.11432308703660965
0.5028585195541382
0.11358784139156342
0.04576043412089348
0.13256508111953735
0.09589864313602448
0.09326869994401932
0.16111786663532257
0.21551163494586945
0.7234914898872375
0.4592909812927246
0.0883617177605629
0.23524604737758636
0.7278438806533813
0.2874728739261627
0.18091067671775818
0.43254151940345764
0.5736003518104553
0.26698774099349976
0.3709990084171295
0.6427993774414062
0.5815811157226562
0.454287588596344
0.3074873089790344
0.13730236887931824
0.4454890787601471
0.3742981553077698
0.1883384734392166
0.27804699540138245
0.38619133830070496
0.10838281363248825
0.19291074573993683
0.42905041575431824
0.3916947543621063
0.13280634582042694
0.16394779086112976
0.4174286425113678
0.3142082095146179
0.19894446432590485
0.36977675557136536
0.30998238921165466
0.20011287927627563
0.07424576580524445
0.10498402267694473
0.056251160800457
0.1696910411119461
0.04253874719142914
0.08345334976911545
0.23542939126491547
0.22227483987808228
0.5797972083091736
0.6098341941833496
0.3647599518299103
0.14075443148612976
0.12750084698200226
0.23542043566703796
0.28556475043296814
0.6248987317085266
0.8015496730804443
0.6679792404174805
0.4664759635925293
0.5840926766395569
0.46942615509033203
0.21435177326202393
0.25251972675323486
0.427533894777298
0.11142267286777496
0.0672549158334732
0.24849626421928406
0.11792964488267899
0.01316531840711832
0.07020781934261322
0.19002088904380798
0.07604113221168518
0.04025416448712349
0.2597339451313019
0.18916861712932587
0.14415211975574493
0.08920630812644958
0.1730731576681137
0.020671766251325607
0.07976081222295761
0.019055455923080444
0.04650750383734703
0.1441175490617752
0.03030306100845337
0.010676228441298008
0.023684093728661537
0.04420112073421478
0.06427846848964691
0.07082254439592361
0.20474515855312347
0.14088459312915802
0.4877096712589264
0.4782704710960388
0.6343995332717896
0.6858265995979309
0.7421423196792603
0.5721065402030945
0.48528560996055603
0.41865983605384827
0.2870806157588959
0.1687946915626526
0.28500041365623474
0.16454559564590454
0.16007287800312042
0.16593194007873535
0.07290561497211456
0.1551971435546875
0.1626763939857483
0.11080895364284515
0.2479439526796341
0.16255299746990204
0.5456750392913818
0.4218827188014984
0.5827202796936035
0.13768170773983002
0.21199460327625275
0.08485281467437744
0.3960779011249542
0.4659777879714966
0.4941854476928711
0.6319096684455872
0.22440052032470703
0.2527124583721161
0.37440505623817444
0.05731240287423134
0.09360755234956741
0.21672935783863068
0.5411961674690247
0.12301519513130188
0.11520586907863617
0.09062358736991882
0.0441083200275898
0.1012108251452446
0.1560005247592926
0.08092955499887466
0.028971964493393898
0.11456024646759033
0.16420912742614746
0.10802581906318665
0.14138741791248322
0.1301695555448532
0.0314239002764225
0.012822999618947506
0.023704076185822487
0.01640457473695278
0.04170098900794983
0.0018106949282810092
0.05220518633723259
0.009237455204129219
0.034077953547239304
0.009408715181052685
0.05234358832240105
0.09711876511573792
0.05267638340592384
0.04640067741274834
0.07959948480129242
0.0900762602686882
0.061821144074201584
0.09127969294786453
0.0662459060549736
0.08218345791101456
0.2234545797109604
0.07748249918222427
0.16586053371429443
0.1684979945421219
0.22348015010356903
0.3671337068080902
0.2978319823741913
0.14033028483390808
0.3196956217288971
0.19459111988544464
0.2618688642978668
0.131325826048851
0.04740193858742714
0.08036700636148453
0.024256298318505287
0.20785339176654816
0.11911606788635254
0.049446262419223785
0.1439186930656433
0.11057516932487488
0.1722448617219925
0.10351178795099258
0.09130247682332993
0.06383329629898071
0.15670041739940643
0.05947722867131233
0.1239851862192154
0.011451471596956253
0.17183572053909302
0.031857073307037354
0.19671836495399475
0.17130179703235626
0.19280558824539185
0.20145507156848907
0.10832303762435913
0.09278438985347748
0.13723048567771912
0.0632082000374794
0.14194321632385254
0.10550803691148758
0.08617910742759705
0.14093922078609467
0.041817862540483475
0.14112518727779388
0.14761295914649963
0.27895432710647583
0.08730210363864899
0.1527593433856964
0.08131585270166397
0.2034386545419693
0.12403234094381332
