0.10134399682283401
0.18790371716022491
0.02947866916656494
0.16739259660243988
0.1403113305568695
0.40232810378074646
0.37899500131607056
0.6977010369300842
0.4917100965976715
0.35783877968788147
0.33977845311164856
0.41082826256752014
0.24879758059978485
0.24099212884902954
0.13771139085292816
0.427895724773407
0.1283872127532959
0.43567419052124023
0.4727102816104889
0.6436614990234375
0.5870611667633057
0.5607738494873047
0.14569546282291412
0.38842105865478516
0.7214576601982117
0.11436613649129868
0.09575450420379639
0.8635847568511963
0.6657265424728394
0.5157424211502075
0.6509412527084351
0.46246200799942017
0.6786628365516663
0.7597560286521912
0.5667036175727844
0.8841432929039001
0.7994997501373291
0.9476860761642456
0.9212153553962708
0.9311489462852478
0.8804218769073486
0.9564887285232544
0.8729888796806335
0.936753511428833
0.8016829490661621
0.7349239587783813
0.8125064969062805
0.48279115557670593
0.5439578890800476
0.4507252275943756
0.62766033411026
0.2548309564590454
0.3064593970775604
0.25048667192459106
0.2578398883342743
0.37736502289772034
0.31538039445877075
0.35665827989578247
0.48487240076065063
0.5773919224739075
0.6920678615570068
0.5310046076774597
0.6104733347892761
0.7564492225646973
0.756485641002655
0.8880341053009033
0.6382753252983093
0.5347132682800293
0.899283230304718
0.8864232897758484
0.5383011102676392
0.866682231426239
0.9355419278144836
0.6062652468681335
0.8068857789039612
0.7312642931938171
0.5603581666946411
0.540264904499054
0.4982290267944336
0.2770427465438843
0.2867846190929413
0.3144764304161072
0.5607365965843201
0.6363658905029297
0.3177628517150879
0.5019266605377197
0.7519405484199524
0.44026979804039
0.7425035238265991
0.10759968310594559
0.3981873095035553
0.4148639440536499
0.5240609049797058
0.19852988421916962
0.31804195046424866
0.15175023674964905
0.14289095997810364
0.1939663141965866
0.16079965233802795
0.529172420501709
0.4400985538959503
0.6556711196899414
0.7136192321777344
0.8530657887458801
0.6321207284927368
0.8528984189033508
