0.5164206027984619
0.53875333070755
0.620090126991272
0.6506006717681885
0.7043083310127258
0.8055513501167297
0.4955027401447296
0.3451412618160248
0.4090237021446228
0.3954562246799469
0.47664445638656616
0.6259050369262695
0.36443832516670227
0.2698768675327301
0.45976829528808594
0.4717988073825836
0.7250062227249146
0.2207990437746048
0.6499365568161011
0.23611696064472198
0.40796247124671936
0.4705406725406647
0.44775962829589844
0.5303114652633667
0.3730291426181793
0.7263543009757996
0.8952032923698425
0.6310892105102539
0.8522929549217224
0.7896712422370911
0.6628373265266418
0.8623145818710327
0.6386410593986511
0.7197397947311401
0.8237696886062622
0.7161409854888916
0.5238268375396729
0.20931093394756317
0.2768459618091583
0.4528067409992218
0.3086584508419037
0.6018120050430298
0.4801904261112213
0.23109181225299835
0.3679848313331604
0.13342344760894775
0.45200464129447937
0.3558558523654938
0.3078671991825104
0.2786945700645447
0.2175060212612152
0.5295470952987671
0.5783440470695496
0.8691907525062561
0.7661679983139038
0.8755519986152649
0.6605583429336548
0.7698138356208801
0.6966425776481628
0.7440212368965149
0.8653128743171692
0.7132561206817627
0.5201897621154785
0.87501460313797
0.6499048471450806
0.6803085207939148
0.761613130569458
0.5213002562522888
0.457145631313324
0.6199561357498169
0.8953710198402405
0.3605210483074188
0.7439870238304138
0.318685919046402
0.5467019081115723
0.1421402394771576
0.3864170014858246
0.2958832085132599
0.05025085434317589
0.18228936195373535
0.10272097587585449
0.20854248106479645
0.33109235763549805
0.1617046743631363
0.23952998220920563
0.44445446133613586
0.20419763028621674
0.40162894129753113
0.49105104804039
0.5117598176002502
0.3953178822994232
0.213357612490654
0.17413824796676636
0.4350923001766205
0.3705002963542938
0.3139928877353668
0.3647412061691284
0.38144397735595703
0.23980140686035156
0.50905442237854
0.5618595480918884
0.6275637149810791
0.6718262434005737
0.46573638916015625
0.4783366620540619
0.4016048014163971
0.2749844193458557
0.24291594326496124
0.4400765299797058
0.32549428939819336
0.43611517548561096
0.14779996871948242
0.16461743414402008
0.2417517453432083
0.12044039368629456
0.09608937799930573
0.011422623880207539
0.011083804070949554
0.06834043562412262
0.0807264968752861
0.042508602142333984
0.025373348966240883
0.05739133432507515
0.1293262243270874
0.0648294985294342
0.16085202991962433
0.3419296443462372
0.07916034013032913
0.15678751468658447
0.24854938685894012
0.3770287036895752
0.4160131514072418
0.09947771579027176
0.250174343585968
0.10144856572151184
0.05876176804304123
0.025602784007787704
0.038428496569395065
0.040080588310956955
0.061113350093364716
0.12838466465473175
0.25761082768440247
0.29777106642723083
0.5190921425819397
0.1762794405221939
0.41946616768836975
0.6046269536018372
0.17606452107429504
0.18838484585285187
0.08293023705482483
0.12085352838039398
0.24938586354255676
0.15633612871170044
0.28633585572242737
0.14595970511436462
0.051383212208747864
0.05549260228872299
0.19154644012451172
0.26141977310180664
0.017668215557932854
0.027710003778338432
0.2511337101459503
0.15710730850696564
0.07652927935123444
0.10443294793367386
0.20437897741794586
0.21523018181324005
0.32730206847190857
0.1388842612504959
0.2532079219818115
0.4359079599380493
0.36952832341194153
0.4180904030799866
0.6794827580451965
0.7141538262367249
0.4788144528865814
0.3480846881866455
0.17236517369747162
0.16872790455818176
0.19419904053211212
0.2515123188495636
0.053168389946222305
0.03461998701095581
0.04578828066587448
0.08752047270536423
0.026212790980935097
0.10303079336881638
0.039673540741205215
0.10819289833307266
0.04027171805500984
0.3690697252750397
0.5705669522285461
0.22959457337856293
0.12630362808704376
0.22202758491039276
0.35246387124061584
0.2635416090488434
0.3918136656284332
0.3797817826271057
0.3244130313396454
0.2624998688697815
0.2454654425382614
0.24252115190029144
0.1880103349685669
0.06834407150745392
0.1337958723306656
0.23521466553211212
0.30064573884010315
0.05691280588507652
0.16447880864143372
0.03294338658452034
0.016123805195093155
0.019952405244112015
0.03558545559644699
0.03412286192178726
0.12454348057508469
0.16594672203063965
0.558029055595398
0.5267598628997803
0.8721420764923096
0.853787899017334
0.8468207120895386
0.8134092688560486
0.554796040058136
0.792116641998291
0.7728291153907776
0.40823042392730713
0.5973737835884094
0.9356520175933838
0.7193921208381653
0.48512426018714905
0.8733933568000793
0.7938166856765747
0.6778834462165833
0.5138025879859924
0.7666560411453247
0.5187997221946716
0.09992533177137375
0.5260481238365173
0.48213720321655273
0.22099971771240234
0.19298993051052094
0.19244422018527985
0.2067435383796692
0.11135461926460266
0.04820761829614639
0.06359544396400452
0.04587719216942787
0.2707403898239136
0.4474869966506958
0.6794332265853882
0.7830467224121094
0.6490492820739746
0.9051190614700317
0.5909249186515808
0.39507439732551575
0.9234376549720764
0.9513764977455139
0.8252894878387451
0.44640806317329407
0.7036102414131165
0.5319837331771851
0.6427303552627563
0.1930895894765854
0.49340927600860596
0.13617292046546936
0.37486734986305237
0.3845437467098236
0.2949191927909851
0.07772217690944672
0.10645189881324768
0.16761107742786407
0.023331016302108765
0.011950310319662094
0.004457357805222273
0.027727046981453896
0.012564621865749359
0.007444210350513458
0.00333501142449677
0.04838509112596512
0.02539246156811714
0.005000167991966009
0.017268851399421692
0.03314940258860588
0.08460824936628342
0.03971392288804054
0.033166252076625824
0.04352948069572449
0.04863918945193291
0.05970064923167229
0.0855119526386261
0.046635329723358154
0.029518892988562584
0.06594262272119522
0.06820360571146011
0.04932820051908493
0.03311851620674133
0.0820726603269577
0.052480924874544144
0.038495808839797974
0.16563419997692108
0.28034260869026184
0.04249529168009758
0.01926700957119465
0.06704089045524597
0.08897067606449127
0.02125992625951767
0.046523403376340866
0.024801159277558327
0.1254345029592514
0.16904693841934204
0.1613258570432663
0.16094443202018738
0.11001764982938766
0.047152046114206314
0.023325851187109947
0.06402182579040527
0.06873265653848648
0.18702298402786255
0.07103465497493744
0.007979598827660084
0.13109402358531952
0.15026380121707916
0.1457241177558899
0.05885734781622887
0.20602209866046906
0.14292429387569427
0.22410212457180023
0.08339999616146088
0.42866915464401245
0.3303651809692383
0.06594712287187576
0.1505151391029358
0.1626213639974594
0.09731010347604752
0.026443742215633392
0.19130952656269073
0.14479203522205353
0.055821068584918976
0.04149162024259567
0.1101892963051796
0.17747098207473755
0.13770589232444763
0.07020280510187149
0.18131719529628754
0.05042649805545807
0.028899921104311943
0.02997937798500061
0.06982967257499695
0.18089687824249268
0.35685858130455017
0.08036306500434875
0.09204649925231934
0.6313296556472778
0.17247503995895386
0.3983873426914215
0.24604476988315582
0.3264307379722595
0.7424998879432678
0.2813848853111267
0.30773496627807617
0.352634072303772
0.150117889046669
0.2885902523994446
0.15994390845298767
0.08291180431842804
0.09410301595926285
0.1837630420923233
0.0059216637164354324
0.03491510823369026
0.030493514612317085
0.0022853806149214506
0.0022992452140897512
0.01805228739976883
0.008867367170751095
0.00822312943637371
0.03298621252179146
0.013816931284964085
0.014572192914783955
0.012997671961784363
0.06767545640468597
0.15946552157402039
0.08911703526973724
0.06085560843348503
0.06492642313241959
0.07030042260885239
0.2263409048318863
0.10207424312829971
0.2618118226528168
0.3179347813129425
0.32833534479141235
0.20633967220783234
0.4213648736476898
0.3287963271141052
0.3276595175266266
0.31673043966293335
0.4754840135574341
0.545734703540802
0.37982165813446045
0.7734134793281555
0.4098479747772217
0.5522735118865967
0.2249540537595749
0.5733544826507568
0.18978384137153625
0.31237632036209106
0.13306137919425964
0.1445147544145584
0.17933869361877441
0.19099202752113342
0.28312742710113525
0.26362693309783936
0.7605419158935547
0.7407907843589783
0.5863499641418457
0.4702102243900299
0.5539916157722473
0.5643659830093384
0.7615345120429993
0.8192608952522278
0.7680343985557556
0.5022559762001038
0.5450352430343628
0.9177402853965759
0.7671183943748474
0.38180169463157654
0.6546589732170105
0.7642602920532227
0.7644346356391907
0.8043344616889954
0.6905086636543274
0.540238618850708
0.8124324083328247
0.600122332572937
0.2994956076145172
0.6583694219589233
0.3381652534008026
0.6622555255889893
0.37870869040489197
0.34619617462158203
0.5693992972373962
0.5064716935157776
0.4749164581298828
0.1383451372385025
0.08010943233966827
0.23701170086860657
0.09907174855470657
0.10064667463302612
0.27973708510398865
0.4025349020957947
0.3031891882419586
0.03743975982069969
0.12657812237739563
0.2643539309501648
0.016516203060746193
0.022969253361225128
0.18162576854228973
0.12527267634868622
0.044326961040496826
0.12501871585845947
0.15639716386795044
0.28138843178749084
0.15539990365505219
0.21164458990097046
0.0823635682463646
0.26837849617004395
0.18431420624256134
0.5830520987510681
0.10004463791847229
0.20059113204479218
0.12223996222019196
0.07809611409902573
0.04715203493833542
0.1621723175048828
0.14382855594158173
0.11993328481912613
0.2815104126930237
0.2804540693759918
0.356786847114563
0.14506056904792786
0.07015647739171982
0.044122397899627686
0.03790564462542534
0.036855049431324005
0.1736449897289276
0.18506522476673126
0.13915856182575226
0.07527102530002594
0.07920745760202408
0.04843573272228241
0.16501875221729279
0.03967541083693504
0.02682514116168022
0.03169698640704155
0.024542197585105896
0.03461919352412224
0.07575429230928421
0.12412334978580475
0.2163694053888321
0.25153228640556335
0.3601449131965637
0.2996072471141815
0.4296933710575104
0.5228214263916016
0.3657328486442566
0.3864695429801941
0.3690146505832672
0.667205274105072
0.48368141055107117
0.2965630292892456
0.3103474974632263
0.45582348108291626
0.0870329961180687
0.2816901206970215
0.353740394115448
0.2837672233581543
0.41905033588409424
0.14576749503612518
0.09400612860918045
0.5297097563743591
0.1498095691204071
0.07139897346496582
0.0614066980779171
0.05012694373726845
0.06382694095373154
0.08873987942934036
0.42228591442108154
0.47330671548843384
0.4967038929462433
0.3389533758163452
0.3039304316043854
0.20270122587680817
0.2819252014160156
0.42568767070770264
0.3978548049926758
0.1742647886276245
0.2961878776550293
0.06917877495288849
0.07017362117767334
0.05479123070836067
0.0967518612742424
0.1026601567864418
0.20237401127815247
0.35157284140586853
0.45940738916397095
0.45150986313819885
0.315508097410202
0.4189922511577606
0.5510492920875549
0.24097926914691925
0.2691318094730377
0.5218695998191833
0.614138126373291
0.7460532784461975
0.5861242413520813
0.44853776693344116
0.630734384059906
0.5018545985221863
0.5319957733154297
0.8517544865608215
0.7131769061088562
0.5134767293930054
0.5617935061454773
0.5673441290855408
0.6656864285469055
0.6169019341468811
0.5076707005500793
0.5746710300445557
0.5863741040229797
0.5970140099525452
0.3405614495277405
0.28780755400657654
0.23340170085430145
0.21265415847301483
0.3768153488636017
0.3406234085559845
0.5899253487586975
0.5594437122344971
0.3362896144390106
0.4761769473552704
0.5540245175361633
0.29034534096717834
0.44352659583091736
0.4530450105667114
0.3222164213657379
0.1252293735742569
0.23393593728542328
0.13281352818012238
0.11797461658716202
0.1515491008758545
0.2706787586212158
0.03908570110797882
0.05375773087143898
0.1421729028224945
0.05994253605604172
0.014629711396992207
0.008354773744940758
0.0561177060008049
0.03290458023548126
0.04085944592952728
0.0759165808558464
0.06517808884382248
0.04861992225050926
0.20350728929042816
0.2131187915802002
0.11585680395364761
0.1221100464463234
0.47277137637138367
0.3151995539665222
0.3105413019657135
0.3977731168270111
0.14761830866336823
0.4055289328098297
0.22681798040866852
0.13265404105186462
0.04994996264576912
0.18373824656009674
0.4601766765117645
0.20258601009845734
0.1080850139260292
0.30274608731269836
0.37790849804878235
0.2654533088207245
0.37574541568756104
0.1197940781712532
0.3534676730632782
0.4498489797115326
0.3955148756504059
0.2546251118183136
0.21764107048511505
0.193486288189888
0.2339528203010559
0.14435291290283203
0.05798530578613281
0.35316088795661926
0.31457632780075073
0.33321529626846313
0.2247762680053711
0.35067641735076904
0.22733762860298157
0.2573055326938629
0.22174076735973358
0.4877757132053375
0.28700414299964905
0.3594518005847931
0.36306139826774597
0.52359539270401
0.4323568642139435
0.4506208598613739
0.5039695501327515
0.21391065418720245
0.3043774664402008
0.1325179785490036
0.0928645208477974
0.12406090646982193
0.06183437630534172
0.06436310708522797
0.0340040847659111
0.17085282504558563
0.07844090461730957
0.21810244023799896
0.1416848748922348
0.08570478111505508
0.22048203647136688
0.16906976699829102
0.38329997658729553
0.2317543625831604
0.6942837834358215
0.08057186752557755
0.03472702577710152
0.2764526307582855
0.32192128896713257
0.27859723567962646
0.058767590671777725
0.08949437737464905
0.2818082869052887
0.33420872688293457
0.18148593604564667
0.08104278147220612
0.022225921973586082
0.03774077072739601
0.02531200647354126
0.02332904376089573
0.13382484018802643
0.10952950268983841
0.03862481191754341
0.06436017155647278
0.017358019948005676
0.03513293340802193
0.034853190183639526
0.18940086662769318
0.08609049022197723
0.16985267400741577
0.1004076823592186
0.30303874611854553
0.3698139190673828
0.4843616485595703
0.47629159688949585
0.6134265065193176
0.7893583178520203
0.8282701373100281
0.8431715369224548
0.7539770007133484
0.88209068775177
0.5215039253234863
0.889877438545227
0.553148627281189
0.44107213616371155
0.4434186518192291
0.3576299846172333
0.2207547128200531
0.17816780507564545
0.3145570456981659
0.2724725008010864
0.37706834077835083
0.37828710675239563
0.20220905542373657
0.6868628263473511
0.1937132179737091
0.09962156414985657
0.23612485826015472
0.2823317050933838
0.357867956161499
0.10653254389762878
0.36858421564102173
0.15097172558307648
0.08288194239139557
0.17804180085659027
0.24425914883613586
0.06952408701181412
0.18462204933166504
0.047586698085069656
0.0443730354309082
0.04806613549590111
0.2029605507850647
0.2651597559452057
0.5905131697654724
0.9030877351760864
0.7300360798835754
0.9408714771270752
0.7712649703025818
0.5810259580612183
0.7167004942893982
0.5997795462608337
0.5203719735145569
0.5828055739402771
0.33305683732032776
0.33966806530952454
0.2381499856710434
0.2756485044956207
0.7908425331115723
0.24841462075710297
0.8315070271492004
0.19667202234268188
0.34369421005249023
0.7717127799987793
0.6884716153144836
0.7270376682281494
0.7391738891601562
0.42945361137390137
0.31431689858436584
0.37727728486061096
0.5961621403694153
0.5771939754486084
0.7093759775161743
0.7304027080535889
0.8205660581588745
0.6036611795425415
0.4057265520095825
0.5820487141609192
0.32891401648521423
0.0819191113114357
0.47102388739585876
0.1784350574016571
0.36788588762283325
0.42914125323295593
0.5047698616981506
0.17541854083538055
0.048983488231897354
0.19592468440532684
0.158982053399086
0.2674769163131714
0.09620202332735062
0.03004697896540165
0.13904908299446106
0.37716880440711975
0.1918860375881195
0.09514421224594116
0.30025842785835266
0.05195191502571106
0.14551416039466858
0.05560361593961716
0.1896277219057083
0.13033099472522736
0.677657425403595
0.6660679578781128
0.23691898584365845
0.22427041828632355
0.15217746794223785
0.30241313576698303
0.10802584886550903
0.20115433633327484
0.02918575145304203
0.4562726616859436
0.30691298842430115
0.672014057636261
0.840595543384552
0.8055258393287659
0.4748810827732086
0.7545554637908936
0.7383512854576111
0.23964349925518036
0.15867885947227478
0.09426108747720718
0.3573192059993744
0.2971560060977936
0.8117294907569885
0.6943742036819458
0.45905229449272156
0.45692315697669983
0.35577234625816345
0.5360453724861145
0.7309349179267883
0.8540475964546204
0.5854430794715881
0.5826210379600525
0.44980955123901367
0.6500440239906311
0.603890061378479
0.3520112931728363
0.39367491006851196
0.28758248686790466
0.24299386143684387
0.32846948504447937
0.698842465877533
0.39660564064979553
0.32587578892707825
0.2934637665748596
0.15245480835437775
0.24222466349601746
0.40673279762268066
0.07900266349315643
0.19708095490932465
0.4758066236972809
0.6604223847389221
0.8913310170173645
0.6498860716819763
0.4697627127170563
0.5280117988586426
0.8588911890983582
0.5938550233840942
0.26095524430274963
0.28547197580337524
0.4691169559955597
0.5157003998756409
0.2754541039466858
0.39923468232154846
0.5235445499420166
0.19099099934101105
0.06994932144880295
0.04639151319861412
0.010737849399447441
0.09951804578304291
0.028336921706795692
0.2515782415866852
0.13706745207309723
0.34905529022216797
0.2659552991390228
0.3037358522415161
0.37989693880081177
0.39378872513771057
0.33588072657585144
0.37626418471336365
0.543495237827301
0.8140881061553955
