0.4644148647785187
0.5239979028701782
0.17951975762844086
0.3618018925189972
0.6686620116233826
0.8056215643882751
0.8164508938789368
0.8671377301216125
0.9290004372596741
0.9476882219314575
0.845592737197876
0.8222948312759399
0.7743433713912964
0.6649135947227478
0.6949793100357056
0.6888845562934875
0.45409345626831055
0.6858227849006653
0.6673792004585266
0.6052049994468689
0.5708088874816895
0.6669643521308899
0.4152092933654785
0.1780281811952591
0.27726346254348755
0.4789030849933624
0.5028108954429626
0.8494184017181396
0.8333266377449036
0.901728093624115
0.9116905331611633
0.9122377038002014
0.9243602752685547
0.9330321550369263
0.941961407661438
0.8474005460739136
0.8839845657348633
0.8692511916160583
0.6867912411689758
0.7177863121032715
0.53098064661026
0.44141238927841187
0.4581288695335388
0.6124526858329773
0.6922382712364197
0.712720513343811
0.6171637773513794
0.766726553440094
0.757138192653656
0.7488124966621399
0.8041978478431702
0.8992593884468079
0.8980430960655212
0.6688845157623291
0.7992202639579773
0.6557695865631104
0.7536218762397766
0.53840571641922
0.650234580039978
0.6858933568000793
0.6569578647613525
0.5888757109642029
0.579581618309021
0.5817335247993469
0.3283924460411072
0.6221011877059937
