0.08380798995494843
0.2463463395833969
0.1189558133482933
0.36188963055610657
0.4538538157939911
0.5777767300605774
0.5583304166793823
0.5691021680831909
0.6530688405036926
0.33681878447532654
0.17054574191570282
0.5026940703392029
0.28123557567596436
0.1708524227142334
0.3310694992542267
0.03380162641406059
0.04150446131825447
0.010036478750407696
0.009478159248828888
0.01228188257664442
0.009723271243274212
0.002278614789247513
0.004153001122176647
0.005772431846708059
0.005640521179884672
0.013769890181720257
0.13377003371715546
0.0970056802034378
0.6016772985458374
0.3522339463233948
0.13617423176765442
0.11423712223768234
0.08395598828792572
0.3766483962535858
0.1359695941209793
0.0639365017414093
0.33879148960113525
0.28395983576774597
0.07936477661132812
0.029853403568267822
0.22313059866428375
0.15398763120174408
0.0741746574640274
0.024230193346738815
0.1414574831724167
0.07008103281259537
0.029875265434384346
0.024020249024033546
0.007244345266371965
0.014330478385090828
0.01922430470585823
0.04329017549753189
0.11182480305433273
0.31655165553092957
0.14731431007385254
0.16312964260578156
0.05578919127583504
0.24310319125652313
0.09551873058080673
0.08035358041524887
0.33363077044487
0.24151311814785004
0.1897614300251007
0.030578408390283585
0.17395803332328796
0.5165994763374329
0.33610525727272034
0.1979515105485916
0.4690318703651428
0.35358428955078125
0.5780771970748901
0.13135631382465363
0.1667071431875229
0.2588963210582733
0.27858319878578186
0.10599895566701889
0.01628871262073517
0.23511116206645966
0.3573039174079895
0.03072466142475605
0.02473980002105236
0.055698003619909286
0.16060537099838257
0.006489811930805445
0.04134640842676163
0.10406813770532608
0.03593248128890991
0.01296280324459076
0.04946143180131912
0.020352909341454506
0.011109733022749424
0.02698236145079136
0.009127532131969929
0.00957190990447998
0.006050520110875368
0.05951225757598877
0.03936414793133736
0.1005633994936943
0.013346885330975056
0.014741784892976284
0.03884138539433479
0.03289860486984253
0.0018844292499125004
0.033022746443748474
0.28185802698135376
0.036107249557971954
0.023550165817141533
0.15616431832313538
0.32538753747940063
0.1709240972995758
0.17949777841567993
0.1601022481918335
0.057256024330854416
0.08587007224559784
0.042436208575963974
0.027525413781404495
0.038455817848443985
0.016618553549051285
0.02911636233329773
0.02649104781448841
0.01931917294859886
0.036281295120716095
0.05328056588768959
0.279764860868454
0.442238986492157
0.5566583275794983
0.5479536652565002
0.564628541469574
0.6445215344429016
0.6515986919403076
0.4917444586753845
0.7693443298339844
0.8065415024757385
0.6733101010322571
0.7788800001144409
0.7367069721221924
0.7641696333885193
0.743859589099884
0.8030431270599365
0.748521625995636
0.5141754150390625
0.7097159028053284
0.7364814877510071
0.4047333300113678
0.8158726096153259
0.6294516324996948
0.34210848808288574
0.34310123324394226
0.348175048828125
0.5112891793251038
0.4134907126426697
0.6755873560905457
0.6502812504768372
0.4839863181114197
0.6053990721702576
0.3890397250652313
0.4601116180419922
0.3305605947971344
0.4602464735507965
0.6470659971237183
0.3183668851852417
0.40241819620132446
0.3879762887954712
0.683583676815033
0.5675199031829834
0.4710526466369629
0.6961567997932434
0.7679900527000427
0.3737195134162903
0.4595077335834503
0.5663158297538757
0.7176530361175537
0.1500629186630249
0.1855282187461853
0.37811335921287537
0.5367567539215088
0.07572475075721741
0.22904951870441437
0.12533006072044373
0.16143397986888885
0.055461443960666656
0.09880617260932922
0.0861368179321289
0.03868692368268967
0.09017477184534073
0.07425475120544434
0.14496023952960968
0.03076825849711895
0.10147817432880402
0.025011880323290825
0.04810747876763344
0.024127766489982605
0.08447754383087158
0.3198658227920532
0.5054362416267395
0.20687562227249146
0.7562273740768433
0.5256931781768799
0.13239914178848267
0.2633470892906189
0.22134345769882202
0.1102573499083519
0.060751307755708694
0.04376562312245369
0.14532698690891266
0.1428421139717102
0.03967558220028877
0.3492027819156647
0.29021206498146057
0.07657991349697113
0.06883649528026581
0.1372838169336319
0.05586516112089157
0.342272013425827
0.3638685643672943
0.20848248898983002
0.5163792371749878
0.32009080052375793
0.25043609738349915
0.2962292730808258
0.081362284719944
0.5358876585960388
0.5492002367973328
0.19250424206256866
0.35927748680114746
0.29576537013053894
0.22941327095031738
0.061446718871593475
0.16405928134918213
0.30030694603919983
0.14673884212970734
0.5807235836982727
0.19541336596012115
0.26132240891456604
0.3475126326084137
0.29327312111854553
0.10428279638290405
0.21041853725910187
0.35332003235816956
0.4690910875797272
0.0845293179154396
0.177981436252594
0.2774879038333893
0.22599604725837708
0.10626988857984543
0.11107657104730606
0.334982305765152
0.3544389605522156
0.06726401299238205
0.15043455362319946
