0.575768768787384
0.7177380323410034
0.6065243482589722
0.7410405278205872
0.7656163573265076
0.5846453309059143
0.669159471988678
0.5996518135070801
0.4731316566467285
0.4995775818824768
0.4679546356201172
0.4067620635032654
0.5752598643302917
0.6190322637557983
0.6453452110290527
0.6973007917404175
0.686950147151947
0.8069522380828857
0.5986860394477844
0.7170772552490234
0.8014635443687439
0.5961130261421204
0.3855375051498413
0.5700110793113708
0.6697590351104736
0.3154442608356476
0.1549057513475418
0.7913911938667297
0.7351654767990112
0.4056970775127411
0.6602857112884521
0.8864927887916565
0.8399428129196167
0.6441068649291992
0.6804377436637878
0.9266712665557861
0.9421836137771606
0.7730614542961121
0.7716001272201538
0.9102756977081299
0.8573798537254333
0.37290993332862854
0.7595240473747253
0.6740884780883789
0.9247061610221863
0.8735566735267639
0.7168839573860168
0.8461054563522339
0.8024816513061523
0.6776252388954163
0.5911450386047363
0.5788106322288513
0.2994927763938904
0.5056579113006592
0.5431643128395081
0.327570378780365
0.3028005063533783
0.3617491126060486
0.6077856421470642
0.25028958916664124
0.4453883767127991
0.4357438087463379
0.29904118180274963
0.308955579996109
0.29764795303344727
0.19702385365962982
0.3690721094608307
0.35364896059036255
0.15620268881320953
0.21677005290985107
0.31176742911338806
0.32709065079689026
0.41927966475486755
0.32041609287261963
0.2959582805633545
0.2866261899471283
0.20535710453987122
0.3137732446193695
0.44833242893218994
0.7120111584663391
0.6611117720603943
0.40363264083862305
0.7833951115608215
0.5631304979324341
0.4645474851131439
0.6114218831062317
0.21748170256614685
0.6412861943244934
0.7503383755683899
0.6322439908981323
0.45559820532798767
0.1615155041217804
0.4766319692134857
0.4347020983695984
0.2641336917877197
0.39645588397979736
0.6709277033805847
0.7926516532897949
0.7238755226135254
0.836771547794342
0.8485752940177917
0.4351981282234192
0.8070032596588135
0.7416907548904419
0.5394938588142395
0.4580465853214264
0.6840221285820007
0.5753999948501587
0.27580130100250244
0.23866894841194153
0.6258522868156433
0.26720765233039856
0.15492761135101318
0.22876620292663574
0.40772882103919983
0.5688855051994324
0.38295161724090576
0.6653976440429688
0.6414005160331726
0.6169888973236084
0.5226252675056458
0.7348268628120422
0.8466971516609192
0.8077877163887024
0.6414448022842407
0.7633878588676453
0.8000902533531189
0.5283858180046082
0.4059174060821533
