0.2840835154056549
0.6179065704345703
0.701951801776886
0.6353903412818909
0.8483327031135559
0.8702899217605591
0.858974277973175
0.8841927647590637
0.8684755563735962
0.9192652106285095
0.9230559468269348
0.8509455919265747
0.7936723828315735
0.6799091696739197
0.5295525789260864
0.5435851812362671
0.20389524102210999
0.17945596575737
0.06386569887399673
0.08503120392560959
0.03197994455695152
0.12492833286523819
0.03721395879983902
0.07441440969705582
0.186016246676445
0.5569385290145874
0.4640597403049469
0.4137120842933655
0.40297555923461914
0.14175957441329956
0.2561664879322052
0.34274712204933167
0.1074785590171814
0.15564589202404022
0.1996370404958725
0.09238490462303162
0.2125900536775589
0.6107046604156494
0.5510063171386719
0.4618920385837555
0.12581630051136017
0.2519799470901489
0.10624849051237106
0.1896326094865799
0.16099295020103455
0.09628930687904358
0.0566377118229866
0.016207318753004074
0.03298017755150795
0.019417233765125275
0.06120087206363678
0.037439703941345215
0.10246473550796509
0.14660467207431793
0.05713385343551636
0.15158973634243011
0.21535420417785645
0.2521292269229889
0.12009493261575699
0.2969111502170563
0.10586438328027725
0.05475127696990967
0.1365688145160675
0.09482279419898987
0.3350672125816345
0.09355323761701584
0.6326645612716675
0.29671555757522583
0.6917697191238403
0.6555505394935608
0.5492166876792908
0.8444725275039673
0.8719717860221863
0.9600146412849426
0.9147549867630005
0.6663813591003418
0.6391353607177734
0.43298858404159546
0.2709105610847473
0.233346626162529
0.05101807788014412
0.12689128518104553
0.07418110221624374
0.10631491988897324
0.05033119395375252
0.1174105778336525
0.13464516401290894
0.13747534155845642
0.07518031448125839
0.10723795741796494
0.07901980727910995
0.056215550750494
0.10230281949043274
0.054113760590553284
0.05000046640634537
0.1074008122086525
0.0653117448091507
0.26217490434646606
0.3715558648109436
0.3560781478881836
0.28415271639823914
0.13229194283485413
0.1721605360507965
0.10641884058713913
0.1664440929889679
0.06446502357721329
0.2225698083639145
0.30439838767051697
0.35998621582984924
0.6762993335723877
0.24959063529968262
0.7265512347221375
0.6203621029853821
0.673327624797821
0.5673854351043701
0.6226783990859985
0.4453370273113251
0.26470810174942017
0.3372706472873688
0.20913545787334442
0.10821157693862915
0.27177995443344116
0.1800183802843094
0.6433237195014954
0.5618690252304077
0.5608746409416199
0.484835147857666
0.20704765617847443
0.34416866302490234
0.17252519726753235
0.5922143459320068
0.14645548164844513
0.5401010513305664
0.04092878848314285
0.3505263030529022
0.03498554602265358
0.46500539779663086
0.07247142493724823
0.14081597328186035
0.2989128530025482
0.3067105710506439
0.1784212738275528
0.17011922597885132
0.26509708166122437
0.5892539620399475
0.5701411366462708
0.6014057993888855
0.44816818833351135
0.6762624382972717
0.5669230222702026
0.7331753969192505
0.5505616068840027
0.919071614742279
0.9007757306098938
0.2144259214401245
0.8266491293907166
0.927449107170105
0.5069108009338379
0.5432450771331787
0.9128934144973755
0.7892047762870789
0.4165121912956238
0.3366886377334595
0.34432312846183777
0.12811070680618286
0.45487797260284424
0.1692669689655304
0.678473711013794
0.26893219351768494
0.5169447660446167
0.14187881350517273
0.25277915596961975
0.15823569893836975
0.26861611008644104
0.20526458323001862
0.5146291851997375
