0.07409733533859253
0.0628521516919136
0.15370602905750275
0.16802139580249786
0.11260370165109634
0.18519434332847595
0.020749077200889587
0.0076316967606544495
0.005585760343819857
0.005540134850889444
0.008345424197614193
0.019723890349268913
0.09561895579099655
0.10393621772527695
0.08977143466472626
0.0699106827378273
0.06254023313522339
0.06597788631916046
0.44866594672203064
0.13260012865066528
0.03356372192502022
0.07069035619497299
0.03305744379758835
0.08507241308689117
0.04349607601761818
0.09607169777154922
0.17717933654785156
0.1803898811340332
0.2584477961063385
0.21709643304347992
0.16347837448120117
0.2226312756538391
0.1112394705414772
0.21220602095127106
0.05360039323568344
0.12035246938467026
0.015330693684518337
0.029901087284088135
0.028747715055942535
0.024102389812469482
0.05818416178226471
0.22412922978401184
0.08128074556589127
0.15608331561088562
0.1754801869392395
0.36228474974632263
0.6124664545059204
0.3551613986492157
0.5006712079048157
0.5360987186431885
0.5721480846405029
0.7618880867958069
0.5195299386978149
0.304125040769577
0.4303525984287262
0.20516102015972137
0.18637023866176605
0.1871877908706665
0.32542312145233154
0.38321760296821594
0.46530628204345703
0.37186673283576965
0.5958684086799622
0.15962471067905426
0.31803813576698303
0.7250386476516724
0.7577329874038696
0.2434600442647934
0.7078209519386292
0.7089927792549133
0.3649524450302124
0.1480657309293747
0.6546559929847717
0.5864551663398743
0.0883428156375885
0.13353343307971954
0.7025397419929504
0.26027968525886536
0.12392726540565491
0.2759018540382385
0.18668407201766968
0.3972072899341583
0.471181184053421
0.37353724241256714
0.27815619111061096
0.5020732879638672
0.09600692987442017
0.23144149780273438
0.45682960748672485
0.5058983564376831
0.40211206674575806
0.3760250508785248
0.18983031809329987
0.24974733591079712
0.128250390291214
0.11217790096998215
0.12175500392913818
0.6184305548667908
0.6347428560256958
0.532301127910614
0.33350124955177307
0.4095083773136139
0.3789685368537903
0.3061392903327942
0.3784274458885193
0.2702998220920563
0.36865469813346863
0.1821271777153015
0.06468801200389862
0.3405074179172516
0.3518906235694885
0.3576681315898895
0.4823964536190033
0.6098610758781433
0.6309797763824463
0.5472657084465027
0.13340221345424652
0.3846448063850403
0.1651679277420044
0.24434688687324524
0.028653012588620186
0.14349423348903656
0.43840017914772034
0.16368836164474487
0.03193242847919464
0.2236318588256836
0.42867210507392883
0.18717001378536224
0.334438294172287
0.09240229427814484
0.1528017818927765
0.056906454265117645
0.009455365128815174
0.022578878328204155
0.00766142038628459
0.042073510587215424
0.15977898240089417
0.5048384070396423
0.40295279026031494
0.09982699155807495
0.167277991771698
0.5512769818305969
0.3725809156894684
0.32575100660324097
0.26778045296669006
0.04932837560772896
0.07473311573266983
0.2552994191646576
0.2714657187461853
0.008970261551439762
0.18221533298492432
0.49890926480293274
0.10781459510326385
0.01097874715924263
0.42800042033195496
0.5463573932647705
0.04604192450642586
0.11445319652557373
0.5048844218254089
0.27151748538017273
0.0711030587553978
0.0852232351899147
0.5016117095947266
0.3230685889720917
0.22944514453411102
0.26360344886779785
0.3074471056461334
0.4008289873600006
0.4998309314250946
0.379335880279541
0.4382575452327728
0.3358485996723175
0.2938017249107361
0.19888202846050262
0.375283420085907
0.3422759175300598
0.09951440244913101
0.24500873684883118
0.11421411484479904
0.09904436767101288
0.1038634404540062
0.18944115936756134
0.10240472108125687
0.1643226146697998
0.47622671723365784
0.14821010828018188
0.3803796172142029
0.479513555765152
0.3979288339614868
0.4934142529964447
0.6302523016929626
0.682161271572113
0.4263973534107208
0.5281574130058289
0.8129666447639465
0.5911989212036133
0.5063989758491516
0.7819870114326477
0.6477423310279846
0.5388038754463196
0.2499457150697708
0.36798667907714844
0.5949910283088684
0.6850447654724121
0.7405617833137512
0.5843589901924133
0.7323896288871765
0.6999381184577942
0.6225807070732117
0.7747952938079834
0.5121801495552063
0.7161505818367004
0.7538583874702454
0.574582576751709
0.5335187911987305
0.6270149350166321
0.27643781900405884
0.34052345156669617
0.40797334909439087
0.4270070195198059
0.5055100917816162
0.29141250252723694
0.19592081010341644
0.3244950771331787
0.10901427268981934
0.1365537941455841
0.10643915086984634
0.3440052568912506
0.11372869461774826
0.2940138876438141
0.5154809355735779
0.532792866230011
0.09657101333141327
0.5323445796966553
0.4047408998012543
0.18733370304107666
0.16438712179660797
0.5034801959991455
0.3836628198623657
0.10444028675556183
0.2607899606227875
0.4491305351257324
0.30797913670539856
0.22356541454792023
0.5599263906478882
0.22410345077514648
0.38455331325531006
0.2390102595090866
0.5838007926940918
0.4676612913608551
0.2927514314651489
0.6500222682952881
0.593164324760437
0.43462783098220825
0.7046778798103333
0.2548977732658386
0.40535226464271545
0.392317533493042
0.8022997379302979
0.7666711807250977
0.8068265318870544
0.6085504293441772
0.7234824299812317
0.3167342245578766
0.6562983989715576
0.47396817803382874
0.5086260437965393
0.6563297510147095
0.21700993180274963
0.5103453397750854
0.1974949836730957
0.35482361912727356
0.14096513390541077
0.2842434346675873
0.364369660615921
0.29565465450286865
0.3248555660247803
0.5048666000366211
0.5174655914306641
0.24170131981372833
0.14187543094158173
0.23480169475078583
0.22379358112812042
0.23557980358600616
0.40696093440055847
0.3142300844192505
0.19939616322517395
0.18784795701503754
0.08370979130268097
0.14314581453800201
0.19792160391807556
0.19837532937526703
0.08277634531259537
0.06288956105709076
0.17378003895282745
0.2694830298423767
0.27030450105667114
0.14547960460186005
0.1188654750585556
0.0698152408003807
0.06385775655508041
0.06867080926895142
0.09242609143257141
