0.1488264501094818
0.22047750651836395
0.34348922967910767
0.5015021562576294
0.22125451266765594
0.1265193670988083
0.6495028138160706
0.4236699342727661
0.6424994468688965
0.6361506581306458
0.26441681385040283
0.6887766718864441
0.5170882940292358
0.2393513321876526
0.23710907995700836
0.0922648087143898
0.06753724813461304
0.11432120949029922
0.1245562881231308
0.057858604937791824
0.09493928402662277
0.19184523820877075
0.1031198650598526
0.13287265598773956
0.2831687033176422
0.25131458044052124
0.2884243130683899
0.25257107615470886
0.1684887409210205
0.18873058259487152
0.08437664806842804
0.1760910302400589
0.42830008268356323
0.28027310967445374
0.2079349309206009
0.48051267862319946
0.09488920867443085
0.4519519805908203
0.34104013442993164
0.5016430020332336
0.3913592994213104
0.39449915289878845
0.42171016335487366
0.23168084025382996
0.34741368889808655
0.2532266676425934
0.3130439221858978
0.13526569306850433
0.2310112565755844
0.12249239534139633
0.17167425155639648
0.21133024990558624
0.2989155352115631
0.45237526297569275
0.1519063413143158
0.7145107984542847
0.6606932282447815
0.6196753978729248
0.83231121301651
0.7495785355567932
0.731015145778656
0.7721511721611023
0.7003739476203918
0.7510544061660767
0.8364246487617493
0.7775214314460754
0.8869746923446655
0.7858818173408508
0.8800001740455627
0.880388081073761
0.7946706414222717
0.6408290266990662
0.3611757159233093
0.38062918186187744
0.4566941261291504
0.7609972953796387
0.8017145991325378
0.36025336384773254
0.3203829228878021
0.7824509739875793
0.8936890363693237
0.35038864612579346
0.3130128085613251
0.9544638395309448
0.8472498655319214
0.6454885005950928
0.5211477279663086
0.629591703414917
0.3539235293865204
0.7577495574951172
0.5935598015785217
0.3060777485370636
0.07471264153718948
0.36444446444511414
0.05826842039823532
0.46671995520591736
0.21822674572467804
0.179276242852211
0.04452292248606682
0.365368515253067
0.04153396561741829
0.30603569746017456
0.15912573039531708
0.21552643179893494
0.3104744255542755
0.6824968457221985
0.2389460653066635
0.1472160965204239
0.6600008606910706
0.823348343372345
0.26920902729034424
0.26209038496017456
0.8743879795074463
0.7114167809486389
0.2799193263053894
0.5139283537864685
0.9228959679603577
0.5959957242012024
0.5084467530250549
0.939434289932251
0.9282467365264893
0.6412312388420105
0.9182135462760925
0.978422999382019
0.9277828335762024
0.8628065586090088
0.975922167301178
0.9853898286819458
0.948206901550293
0.9683223366737366
0.9871989488601685
0.9761790037155151
0.9262023568153381
0.9501897096633911
0.9728569388389587
0.8927716016769409
0.9005008339881897
0.9718152284622192
0.9444822669029236
0.8590728044509888
0.9576084613800049
0.9714199900627136
0.9628161191940308
0.8509149551391602
0.8850253820419312
0.6734369397163391
0.47667381167411804
0.25117066502571106
0.8050607442855835
0.1638006567955017
0.25994089245796204
0.697710394859314
0.7775816321372986
0.27458086609840393
0.3917907476425171
0.8357866406440735
0.5077158212661743
0.22777870297431946
0.6774674654006958
0.8184905648231506
0.7679069638252258
0.3780478537082672
0.31125929951667786
0.39739832282066345
0.1888662725687027
0.16429607570171356
0.1405276507139206
0.1286071538925171
0.25019460916519165
0.2981147766113281
0.15572327375411987
0.28475895524024963
0.3743878901004791
0.5628357529640198
0.5561255216598511
0.4916490614414215
0.34002700448036194
0.524431586265564
0.6192427277565002
0.29426974058151245
0.1750737428665161
0.6625475287437439
0.8398395776748657
0.644392192363739
0.7918626070022583
0.6908989548683167
0.5604782104492188
0.5297906994819641
0.6071818470954895
0.5796036720275879
0.18243570625782013
0.4105657637119293
0.5226346254348755
0.35908475518226624
0.336273729801178
0.4120900332927704
0.4215961694717407
0.3203977942466736
0.2239505499601364
0.35281744599342346
0.47718191146850586
0.14514616131782532
0.27327314019203186
0.09726700931787491
0.2746104300022125
0.389769583940506
0.275482177734375
0.24139727652072906
0.34229201078414917
0.12007534503936768
0.08690861612558365
0.1270732432603836
0.041794367134571075
0.15769481658935547
0.23686623573303223
0.19954288005828857
0.2621212899684906
0.347535103559494
0.10006497800350189
0.34548893570899963
0.4721178114414215
0.5994588732719421
0.2958686351776123
0.7552629709243774
