0.06786208599805832
0.12165448814630508
0.14404776692390442
0.17770464718341827
0.30608993768692017
0.0682428851723671
0.22998033463954926
0.08275049179792404
0.30331555008888245
0.43730616569519043
0.4401407837867737
0.8678693175315857
0.9239341020584106
0.7718790769577026
0.6431609988212585
0.9160099029541016
0.4077889323234558
0.5845195055007935
0.8878857493400574
0.9301204681396484
0.8970980048179626
0.834702730178833
0.7932560443878174
0.8709964752197266
0.9187226891517639
0.7181946039199829
0.617545485496521
0.3885015845298767
0.26332616806030273
0.3486618995666504
0.3566799461841583
0.16527335345745087
0.15282700955867767
0.18684826791286469
0.0589187890291214
0.1801975667476654
0.036646876484155655
0.07096847891807556
0.14167743921279907
0.2372056394815445
0.017382241785526276
0.038722969591617584
0.11049988865852356
0.14953450858592987
0.08154521137475967
0.04165581613779068
0.1287442147731781
0.0642988309264183
0.31007111072540283
0.17994904518127441
0.7362259030342102
0.7705658674240112
0.7605385780334473
0.9412719011306763
0.8931914567947388
0.940228283405304
0.9416458606719971
0.7840216755867004
0.357380747795105
0.9092900156974792
0.8715065121650696
0.5427557229995728
0.2994571626186371
0.9232503175735474
0.623769998550415
0.22471261024475098
0.6300283074378967
0.84009850025177
0.4544302225112915
0.5709735155105591
0.43796685338020325
0.4133650064468384
0.18795867264270782
0.19928531348705292
0.26845821738243103
0.6319988965988159
0.3452080488204956
0.7572920322418213
0.8744215369224548
0.9078867435455322
0.7335672974586487
0.9137141108512878
0.9643027186393738
0.77992182970047
0.9790725708007812
0.9476892948150635
0.5515446662902832
0.9352705478668213
0.9825509190559387
0.748423159122467
0.3531877100467682
0.9236189723014832
0.9389888048171997
0.5943363308906555
0.7170172333717346
0.6833969354629517
0.7227367162704468
0.4965454339981079
0.5333123803138733
0.7026837468147278
0.7077265381813049
0.9000280499458313
0.8831712007522583
0.8801966309547424
0.931656002998352
0.8252812027931213
0.9394257068634033
0.8437243700027466
0.8704273104667664
0.8608406186103821
0.8580411076545715
0.9341281056404114
0.8843219876289368
0.8947107791900635
0.9380501508712769
0.9144442677497864
0.9555773138999939
0.6625778675079346
0.9109205603599548
0.9630274176597595
0.9309189915657043
0.6856892704963684
0.9155880808830261
0.8941332697868347
0.9488428235054016
0.9142301678657532
0.933953583240509
0.9246842265129089
0.9834954142570496
0.8092592358589172
0.6536779403686523
0.9783127307891846
0.8797801733016968
0.5158710479736328
0.7244687080383301
0.980444610118866
0.5757209062576294
0.050881486386060715
0.886120617389679
0.9740480780601501
0.4771842062473297
0.3174411654472351
0.8192327618598938
0.9163124561309814
0.43503978848457336
0.36854222416877747
0.4342421591281891
