0.3327256739139557
0.3823292553424835
0.25253188610076904
0.30690574645996094
0.40603014826774597
0.3178042769432068
0.253107488155365
0.17998890578746796
0.5076077580451965
0.30784690380096436
0.19105848670005798
0.23266178369522095
0.4942990839481354
0.2358238399028778
0.16794893145561218
0.2806812524795532
0.38755089044570923
0.4091738760471344
0.2893132269382477
0.3564284145832062
0.44925737380981445
0.5631799697875977
0.4032270312309265
0.46019724011421204
0.5202646255493164
0.6183780431747437
0.32899966835975647
0.3795855939388275
0.3438878655433655
0.20582474768161774
0.3148775100708008
0.3264380991458893
0.2445792704820633
0.49939700961112976
0.39516016840934753
0.47033798694610596
0.4135977625846863
0.3053894340991974
0.4545722007751465
0.3677895963191986
0.5082929134368896
0.1959293633699417
0.3035610020160675
0.1412515938282013
0.25370070338249207
0.27859941124916077
0.5804165005683899
0.49990367889404297
0.3755965232849121
0.33698970079421997
0.20912030339241028
0.4981420934200287
0.5031076669692993
0.4797269403934479
0.6094744205474854
0.490987092256546
0.5668372511863708
0.4121709167957306
0.44819968938827515
0.4916432797908783
0.17992542684078217
0.4154990017414093
0.2937764525413513
0.3016275465488434
0.2980937957763672
0.2927601635456085
0.42622342705726624
0.5124581456184387
0.2751506268978119
0.5379652380943298
0.5985390543937683
0.25102946162223816
0.3533286154270172
0.6106349229812622
0.5701403021812439
0.7431357502937317
0.5951045155525208
0.40480461716651917
0.3571431636810303
0.3922085464000702
0.33339816331863403
0.24176502227783203
0.14200180768966675
0.5671010613441467
0.6402583718299866
0.4411112666130066
0.5982602834701538
0.34894683957099915
0.24900765717029572
0.7099140882492065
0.6628161668777466
0.6438620686531067
0.7769607901573181
0.7237371802330017
0.6936461925506592
0.5110002756118774
0.4093860685825348
0.3200453817844391
0.4867286682128906
0.46748220920562744
0.32980015873908997
0.28586092591285706
0.407518595457077
0.44273841381073
0.4834859073162079
