0.13003727793693542
0.0713295117020607
0.0817587748169899
0.0652085542678833
0.06497062742710114
0.035057444125413895
0.033941712230443954
0.06166034936904907
0.05134566128253937
0.040069833397865295
0.07579585909843445
0.07090891152620316
0.2974897623062134
0.10898350924253464
0.14346300065517426
0.1310446560382843
0.36067646741867065
0.20687197148799896
0.05798613280057907
0.17980436980724335
0.09894439578056335
0.12289343774318695
0.4256228804588318
0.5527926683425903
0.36577215790748596
0.23470823466777802
0.4257352650165558
0.16969402134418488
0.04920148104429245
0.0883687362074852
0.10009085386991501
0.13437697291374207
0.06859661638736725
0.10828512161970139
0.23547008633613586
0.053288329392671585
0.04311779513955116
0.02250959724187851
0.026028508320450783
0.020392699167132378
0.09401721507310867
0.050418753176927567
0.10073207318782806
0.09610361605882645
0.2724379897117615
0.3262154161930084
0.18097522854804993
0.13778074085712433
0.047849226742982864
0.016827795654535294
0.02147555910050869
0.02639826573431492
0.020974650979042053
0.03349948301911354
0.1731882244348526
0.08159330487251282
0.031037533655762672
0.5636089444160461
0.30011191964149475
0.057438116520643234
0.4719294607639313
0.65355384349823
0.398174911737442
0.5200397968292236
0.5602239370346069
0.16231247782707214
0.09475044161081314
0.23392462730407715
0.2757290005683899
0.47710976004600525
0.24199917912483215
0.433040976524353
0.4213843047618866
0.31367364525794983
0.3534989356994629
0.567374050617218
0.3014504313468933
0.2568053603172302
0.21572786569595337
0.5853554010391235
0.29538092017173767
0.21411742269992828
0.5473828911781311
0.3460240960121155
0.2245597541332245
0.16631029546260834
0.6755916476249695
0.34753015637397766
0.3305252194404602
0.43214038014411926
0.6360800862312317
0.592612087726593
0.41705387830734253
0.364348441362381
0.7297049760818481
0.19411055743694305
0.21626272797584534
0.6675737500190735
0.3647612929344177
0.10884884744882584
0.1698303371667862
0.7657496333122253
0.5087586641311646
0.15089647471904755
0.363740473985672
0.6886048913002014
0.8164260387420654
0.8196579813957214
0.5184294581413269
0.40708181262016296
0.499576210975647
0.4630207121372223
0.31761908531188965
0.32520559430122375
0.31733381748199463
0.420820951461792
0.06348391622304916
0.18464769423007965
0.20010724663734436
0.1493467539548874
0.006293501704931259
0.10143900662660599
0.1909111589193344
0.040664006024599075
0.009918791241943836
0.03786158561706543
0.02486271783709526
0.015478555113077164
0.0385812409222126
0.031455907970666885
0.17803870141506195
0.023356860503554344
0.08788874000310898
0.12247684597969055
0.35125160217285156
0.05084003508090973
0.18803073465824127
0.46291568875312805
0.2148151993751526
0.03867068141698837
0.05282662808895111
0.5339369177818298
0.5037215352058411
0.04395943507552147
0.128168523311615
0.2963765859603882
0.512718677520752
0.19369371235370636
0.5736150741577148
0.4420621693134308
0.5577603578567505
0.39299261569976807
0.23342330753803253
0.3933733105659485
0.23006831109523773
0.5212196707725525
0.7514150738716125
0.5521838068962097
0.31870245933532715
0.7221816182136536
0.40646204352378845
0.3108607828617096
0.24697910249233246
0.6856207251548767
0.15618698298931122
0.0882117822766304
0.15742212533950806
0.26660576462745667
0.0820455253124237
0.3359939455986023
0.21911178529262543
0.22547435760498047
0.21987970173358917
0.16283780336380005
0.16733747720718384
0.11222191900014877
0.07114525139331818
0.08283112198114395
0.12709064781665802
0.22728711366653442
0.09657153487205505
0.13444797694683075
0.28995010256767273
0.16838879883289337
0.1016569510102272
0.05289306864142418
0.21068930625915527
0.14606836438179016
0.11997953057289124
0.01892464980483055
0.07954519242048264
0.10046128183603287
0.040080759674310684
0.012769052758812904
0.06249511241912842
0.06271321326494217
0.031685374677181244
0.039764393121004105
0.03790787607431412
0.055542632937431335
0.044374193996191025
0.056576430797576904
0.3545277416706085
0.09050849825143814
0.14133283495903015
0.06229350343346596
0.01630592904984951
0.21284860372543335
0.11510197073221207
0.0532139427959919
0.13042579591274261
0.27657437324523926
0.33115074038505554
0.18170006573200226
0.31502264738082886
0.33405861258506775
0.4435897767543793
0.2249453365802765
0.32269755005836487
0.2858371138572693
0.19843535125255585
0.4895590841770172
0.39720842242240906
0.0753648579120636
0.19684860110282898
0.4945732653141022
0.1047937348484993
0.06728633493185043
0.28317418694496155
0.3848908543586731
0.4530504643917084
0.24505925178527832
0.4077003598213196
0.6321407556533813
0.47266408801078796
0.3039471209049225
0.2979816496372223
0.3434280753135681
0.07116928696632385
0.10207773745059967
0.13209658861160278
0.03254657983779907
0.009147603996098042
0.023725198581814766
0.1210302785038948
0.006131923291832209
0.012306463904678822
0.09236250072717667
0.07401660084724426
0.004629725590348244
0.026977472007274628
0.1954130232334137
0.045822180807590485
0.029708819463849068
0.025903422385454178
0.03377123549580574
0.019818831235170364
0.03779638558626175
0.03911430388689041
0.031994130462408066
0.056814227253198624
0.052953772246837616
0.07727903872728348
0.12205256521701813
0.22186049818992615
0.1376037746667862
0.04106525704264641
0.18896980583667755
0.14069755375385284
0.04652882739901543
0.03574495390057564
0.1313571035861969
0.0824689194560051
0.02237347699701786
0.08998319506645203
0.15635502338409424
0.18581829965114594
0.12485173344612122
0.15725058317184448
0.24525590240955353
0.44441938400268555
0.33558905124664307
0.481607586145401
0.27048709988594055
0.23946131765842438
0.376234233379364
0.01913275569677353
0.3538985252380371
0.14714238047599792
0.11806163936853409
0.029661426320672035
0.11105460673570633
0.03842104598879814
0.029746294021606445
0.03326789289712906
0.026778466999530792
0.034169282764196396
0.023659158498048782
0.13345950841903687
0.1753314882516861
0.1743350476026535
0.08738794922828674
0.1835264414548874
0.014224790968000889
0.20596849918365479
0.05131996050477028
0.12948046624660492
0.09596014767885208
0.12543579936027527
0.03548812121152878
0.07946141064167023
0.04621795564889908
0.11579889804124832
0.03828684985637665
0.12793956696987152
0.17815659940242767
0.06087672710418701
0.12806135416030884
0.12732915580272675
0.09171312302350998
0.044541697949171066
0.2370561808347702
0.08640088886022568
0.08641964942216873
0.10405943542718887
0.05021712929010391
0.14737018942832947
0.13085973262786865
0.20283882319927216
0.08611086755990982
0.40329667925834656
0.424507737159729
0.7677789330482483
0.3715578615665436
0.2764448821544647
0.3029462397098541
0.26593735814094543
0.5621721148490906
0.535541832447052
0.7528178095817566
0.7871382832527161
0.8019779920578003
0.7838125228881836
0.9054675698280334
0.7221631407737732
0.574195146560669
0.3352508544921875
0.32760313153266907
0.346871554851532
0.2461092472076416
0.04657958447933197
0.426244854927063
0.1848410964012146
0.07150906324386597
0.007493926677852869
0.07166095077991486
0.035244278609752655
0.003848698455840349
0.005948404315859079
0.0636897087097168
0.017922261729836464
0.00913882628083229
0.019088003784418106
0.0388035923242569
0.025145962834358215
0.015408570878207684
0.0544155053794384
0.03360943868756294
0.01363742258399725
0.02092871442437172
0.06776843219995499
0.06756682693958282
0.1318458467721939
0.23270051181316376
0.2846318185329437
0.20527894794940948
0.22886456549167633
0.3970102369785309
0.18123295903205872
0.19680577516555786
0.11224021017551422
0.15704889595508575
0.4169735014438629
0.2206527292728424
0.264619380235672
0.26175376772880554
0.14285673201084137
0.4273522198200226
0.3133036196231842
0.0854964330792427
0.05012955889105797
0.017016243189573288
0.06312407553195953
0.014554477296769619
0.15813755989074707
0.04642947390675545
