0.07625366747379303
0.06702730804681778
0.14714224636554718
0.1286270171403885
0.15185779333114624
0.12038642913103104
0.27465206384658813
0.45025941729545593
0.21684110164642334
0.2517530024051666
0.09745853394269943
0.07471022754907608
0.053858865052461624
0.04885465279221535
0.06677745282649994
0.025034060701727867
0.031183024868369102
0.02108079195022583
0.03341829776763916
0.027514006942510605
0.03541348874568939
0.027354435995221138
0.02095920406281948
0.03046421892940998
0.03546883538365364
0.06618092209100723
0.03850621357560158
0.08342418819665909
0.08536775410175323
0.04163061082363129
0.09470091015100479
0.07617998123168945
0.0841708555817604
0.18021292984485626
0.07752808183431625
0.0432218573987484
0.19102981686592102
0.1616917997598648
0.0177774541079998
0.17172235250473022
0.20998504757881165
0.056820519268512726
0.022669361904263496
0.18045790493488312
0.2779584527015686
0.04254107549786568
0.16729426383972168
0.3629899024963379
0.31636756658554077
0.12985488772392273
0.33430179953575134
0.19045758247375488
0.2185179889202118
0.2192196398973465
0.46307051181793213
0.21975214779376984
0.18280145525932312
0.5704502463340759
0.305189847946167
0.3551214039325714
0.1712045967578888
0.25301745533943176
0.22405415773391724
0.2553754448890686
0.22716566920280457
0.31744804978370667
0.2085830718278885
0.2762482166290283
0.3431984782218933
0.1951906532049179
0.17326126992702484
0.25008153915405273
0.1553504467010498
0.369005024433136
0.33798494935035706
0.2501274049282074
0.25755932927131653
0.3158525824546814
0.28176349401474
0.09281602501869202
0.379788339138031
0.12966887652873993
0.1085728257894516
0.04206916689872742
0.21645116806030273
0.0646197646856308
0.05845236778259277
0.10902930051088333
0.10756376385688782
0.1502288430929184
0.08316579461097717
0.1791525036096573
0.3019312918186188
0.10422567278146744
0.10982222110033035
0.21047678589820862
0.14369426667690277
0.05549235641956329
0.11123467981815338
0.11449946463108063
0.26123443245887756
0.15981890261173248
0.18082012236118317
0.08512530475854874
0.19320327043533325
0.21703346073627472
0.36762261390686035
0.42019760608673096
0.2011059671640396
0.29145723581314087
0.3942343294620514
0.260164350271225
0.13199523091316223
0.24592290818691254
0.38377347588539124
0.06581512838602066
0.16709540784358978
0.14444048702716827
0.16760772466659546
0.21466714143753052
0.20110951364040375
0.1391586810350418
0.15222811698913574
0.16232751309871674
0.2836155593395233
0.17423661053180695
0.08800487220287323
0.2734953761100769
0.16377846896648407
0.05501745268702507
0.3126666247844696
0.24584685266017914
0.15229256451129913
0.2591145932674408
0.3524923324584961
0.27262911200523376
0.0908731073141098
0.3284139633178711
0.36868801712989807
0.18820218741893768
0.1742844581604004
0.3332524299621582
0.41665369272232056
0.21557244658470154
0.33550742268562317
0.2927089333534241
0.3349737226963043
0.14533297717571259
0.35855719447135925
0.10388287156820297
0.29848185181617737
0.19856412708759308
0.2781222462654114
0.2681606709957123
0.32414355874061584
0.27691683173179626
0.19189083576202393
0.18752428889274597
0.43104052543640137
0.3554668724536896
0.29134273529052734
0.12546682357788086
0.5340107083320618
0.49556541442871094
0.24697358906269073
0.23404836654663086
0.3610171377658844
0.25331977009773254
0.4560791552066803
0.5348052978515625
0.5779861211776733
0.4401828646659851
0.19110698997974396
0.19498232007026672
0.3949633538722992
0.35896894335746765
0.05510886758565903
0.19857795536518097
0.3874005973339081
0.09589915722608566
0.296044260263443
0.21502803266048431
0.2270602136850357
0.12289643287658691
0.1567547470331192
0.22989733517169952
0.17614422738552094
0.12857453525066376
0.25450459122657776
0.4393700361251831
0.2576543688774109
0.16437767446041107
0.4547037184238434
0.3215867280960083
0.09222324192523956
0.3431662321090698
0.42834943532943726
0.187534898519516
0.11576978117227554
0.16559872031211853
0.26455560326576233
0.06245405972003937
0.2042490690946579
0.10388819873332977
0.11223524063825607
0.05791051685810089
0.031025446951389313
0.2565944790840149
0.18921008706092834
0.16720496118068695
0.24599790573120117
0.2852838635444641
0.3841051161289215
0.15222716331481934
0.14112502336502075
0.24947050213813782
0.34179338812828064
0.10036768019199371
0.12207473814487457
0.4714723825454712
0.12339276820421219
0.44167888164520264
0.3297431766986847
0.24617508053779602
0.3395739197731018
0.32914087176322937
0.3128323554992676
0.5018647313117981
0.39146390557289124
0.29076918959617615
0.2978600859642029
0.15947723388671875
0.10603003203868866
0.1698416769504547
0.10534379631280899
0.0444137342274189
0.09906518459320068
0.054808299988508224
0.024873513728380203
0.011123628355562687
0.07325272262096405
0.0318586602807045
0.03378278762102127
0.010718150995671749
0.06404642760753632
0.08454416692256927
0.04060276597738266
0.03901277855038643
0.13085775077342987
0.12041042000055313
0.10775697976350784
0.2407377064228058
0.08813214302062988
0.17774973809719086
0.18661071360111237
0.21158620715141296
0.08295071870088577
0.21631816029548645
0.2839187681674957
0.1734798550605774
0.3432997763156891
0.3333231806755066
0.29704123735427856
0.23642243444919586
0.24431578814983368
0.2992219924926758
0.3110245168209076
0.337722510099411
0.5335690975189209
0.5413039326667786
0.35860154032707214
0.37533101439476013
0.2048373967409134
0.29614993929862976
0.37712398171424866
0.17056800425052643
0.1988847553730011
0.07971416413784027
0.37760210037231445
0.09463349729776382
0.15354056656360626
0.14663687348365784
0.19785591959953308
0.09169954806566238
0.1878933310508728
0.20122504234313965
0.022015344351530075
0.06655356287956238
0.04997323825955391
0.07522459328174591
0.009020889177918434
0.04822048917412758
0.07031521946191788
0.01458279974758625
0.014368373900651932
0.03651055321097374
0.07872860133647919
0.06918507069349289
0.06161240115761757
0.04682043939828873
0.03933905437588692
0.01165861263871193
0.009654087014496326
0.04470027610659599
0.011969155631959438
0.014567095786333084
0.04573093727231026
0.06511179357767105
0.01045242790132761
0.07574990391731262
0.05578797310590744
0.022843947634100914
0.07560859620571136
0.04897304251790047
0.04587283357977867
0.21841609477996826
0.08502358198165894
0.2435184121131897
0.21039816737174988
0.4116336703300476
0.3424215614795685
0.16668525338172913
0.14732451736927032
0.20318648219108582
0.29841843247413635
0.3533916473388672
0.20512352883815765
0.512665867805481
0.07473012804985046
0.36930525302886963
0.42926567792892456
0.24318228662014008
0.3778025805950165
0.5600288510322571
0.35770881175994873
0.34367743134498596
0.08554162830114365
0.029031194746494293
0.13816985487937927
0.014179734513163567
0.1111261174082756
0.03039265051484108
0.1666313111782074
0.15404130518436432
0.34513059258461
0.28335699439048767
0.4319559633731842
0.32194510102272034
0.3473185896873474
0.13505412638187408
0.10156355053186417
0.4912547469139099
0.1966143548488617
0.036802228540182114
0.03942253068089485
0.13818034529685974
0.08583482354879379
0.01451030746102333
0.019477086141705513
0.11410675942897797
0.022383086383342743
0.013705609366297722
0.054654158651828766
0.05926491692662239
0.049967437982559204
0.026070354506373405
0.09451504051685333
0.24545066058635712
0.3923703730106354
0.37270256876945496
0.5006146430969238
0.3993358314037323
0.3930068910121918
0.5684874653816223
0.2267318069934845
0.2631717920303345
0.4491478502750397
0.2872561812400818
0.24933208525180817
0.31761255860328674
0.16986528038978577
0.1317274421453476
0.11603699624538422
0.12236877530813217
0.03236055374145508
0.057292092591524124
0.04090447723865509
0.06277192384004593
0.04675862565636635
0.024611085653305054
0.13975496590137482
0.22308403253555298
0.16101734340190887
0.06896120309829712
0.37357446551322937
0.34548747539520264
0.10949986428022385
0.0700916051864624
0.12220631539821625
0.03726295754313469
0.05231199786067009
0.04260740056633949
0.061037514358758926
0.08699041604995728
0.053195927292108536
0.027035163715481758
0.1514252871274948
0.1451113224029541
0.24070753157138824
0.33199673891067505
0.21603307127952576
0.4841247797012329
0.3850351870059967
0.14999701082706451
0.07838470488786697
0.45163387060165405
0.0972561165690422
0.03986762836575508
0.14337556064128876
0.18359410762786865
0.08212932199239731
0.02360699512064457
0.18324503302574158
0.04423078894615173
0.03230801224708557
0.014817128889262676
0.07824134081602097
0.1409159153699875
0.1464117169380188
0.09508100152015686
0.2593099772930145
0.38517722487449646
0.10175567865371704
0.18924589455127716
0.2752646505832672
0.5193856358528137
0.15377478301525116
0.2601805329322815
0.5305630564689636
0.36135944724082947
0.46020063757896423
0.41620510816574097
0.26425090432167053
0.20870505273342133
0.41461700201034546
0.15344472229480743
0.15695632994174957
0.0808623880147934
0.13396520912647247
0.2434629648923874
0.07794712483882904
0.05240974575281143
0.11825152486562729
0.21898427605628967
0.11840629577636719
0.03965624049305916
0.08476410061120987
0.2405875027179718
0.1539190411567688
0.19970384240150452
0.21315598487854004
0.15029054880142212
0.25669923424720764
0.26748406887054443
0.12308936566114426
0.31678512692451477
0.13723012804985046
0.0784388929605484
0.15909092128276825
0.380612313747406
0.058587703853845596
0.08897975087165833
0.2903438210487366
0.3254086375236511
0.33550646901130676
0.5418338775634766
0.37522217631340027
0.5617326498031616
0.41653889417648315
0.27124500274658203
0.3229749798774719
0.5870662331581116
0.4487413465976715
0.33322644233703613
0.3357658088207245
0.44037967920303345
0.13010361790657043
0.1408102661371231
0.13254110515117645
0.1964295357465744
0.034719228744506836
0.05830160900950432
0.015101373195648193
0.04969959333539009
0.011446000076830387
0.008564400486648083
0.013747494667768478
0.05000019818544388
0.09217115491628647
0.030026474967598915
0.12065998464822769
0.08449003845453262
0.08438584953546524
0.09393177181482315
0.4334372878074646
0.09926148504018784
0.10927961766719818
0.27031323313713074
0.0750860720872879
0.0605226494371891
0.039630595594644547
0.1423090547323227
0.08203016221523285
0.06256629526615143
0.1044861376285553
0.07273996621370316
0.051931966096162796
0.07969563454389572
0.07485504448413849
0.17169080674648285
0.13829344511032104
0.13608016073703766
0.22359135746955872
0.35716354846954346
0.254958838224411
0.24968944489955902
0.12063239514827728
0.10007813572883606
0.1787225753068924
0.08255402743816376
0.0175158828496933
0.10674615204334259
0.08065619319677353
0.014745134860277176
0.05234508961439133
0.0328967459499836
0.029522541910409927
0.027077490463852882
0.018369918689131737
0.09517759829759598
0.04911269247531891
0.06431976705789566
0.023622069507837296
0.013974991627037525
0.0140322744846344
0.04393168166279793
0.12024484574794769
0.08207931369543076
0.01245398260653019
0.01718776859343052
0.1933787614107132
0.08696011453866959
0.06974641233682632
0.09148547798395157
0.4590131938457489
0.07150844484567642
0.12185914069414139
0.25239554047584534
0.23910890519618988
0.18911953270435333
0.04911451414227486
0.13295720517635345
0.16413797438144684
0.07802299410104752
