0.9584992527961731
0.9064810872077942
0.9897326231002808
0.9122551679611206
0.9919355511665344
0.9445593357086182
0.9778194427490234
0.9372042417526245
0.9468154907226562
0.8058317303657532
0.8766359090805054
0.935429036617279
0.8767756819725037
0.909183919429779
0.8912865519523621
0.8932286500930786
0.9461857676506042
0.9658793210983276
0.8816402554512024
0.8512059450149536
0.9736770987510681
0.9349138736724854
0.9430525898933411
0.9449539184570312
0.9390912652015686
0.8537994623184204
0.9299457669258118
0.7715307474136353
0.7061427235603333
0.9025686979293823
0.9614107608795166
0.9420436024665833
0.8504093289375305
0.886439859867096
0.8793862462043762
0.9529110789299011
0.9682598114013672
0.9705318808555603
0.8936876654624939
0.9894779920578003
0.9572879076004028
0.9900864362716675
0.9563257694244385
0.9804072976112366
0.9354685544967651
0.9284287691116333
0.8153716325759888
0.782196044921875
0.8096271753311157
0.9389859437942505
0.9451168775558472
0.9154343008995056
0.9538354873657227
0.9548274278640747
0.9378951191902161
0.8659067153930664
0.8480175733566284
0.8266088962554932
0.735572099685669
0.7237540483474731
0.7605933547019958
0.6276906132698059
0.625607967376709
0.6301053166389465
