0.690024733543396
0.772797703742981
0.9159751534461975
0.9436588287353516
0.8086869716644287
0.9380263090133667
0.9077050089836121
0.8093144297599792
0.8400697112083435
0.7785118818283081
0.87667316198349
0.6777717471122742
0.7266994118690491
0.28464749455451965
0.358053594827652
0.1941349357366562
0.10587456822395325
0.1659105122089386
0.45070070028305054
0.4728511869907379
0.9106618165969849
0.9021136164665222
0.9215357303619385
0.9278888702392578
0.6551730632781982
0.9173258543014526
0.9635996222496033
0.5192126035690308
0.6359447240829468
0.9503898620605469
0.9133221507072449
0.3418166935443878
0.9084652066230774
0.959570050239563
0.7150555849075317
0.3005980849266052
0.7434740662574768
0.7782548069953918
0.18621982634067535
0.2822955250740051
0.03424917533993721
0.024358350783586502
0.11758078634738922
0.19031505286693573
0.3084229826927185
0.9056189656257629
0.7447593212127686
0.744395911693573
0.5818905234336853
0.889734148979187
0.9407776594161987
0.8901693820953369
0.8097096085548401
0.43159952759742737
0.3890015184879303
0.66217041015625
0.20872482657432556
0.18286296725273132
0.36327943205833435
0.4562682509422302
0.02747691608965397
0.11218690872192383
0.518186092376709
0.07288571447134018
0.08680962771177292
0.15821288526058197
0.5969282388687134
0.08921275287866592
0.04316404461860657
0.045229747891426086
0.01134625542908907
0.02593279629945755
0.050564929842948914
0.08252070844173431
0.11935079097747803
0.44923269748687744
0.4481410086154938
0.2902882993221283
0.4706442654132843
0.9088367819786072
0.4690641462802887
0.5053885579109192
0.8343666195869446
0.8349228501319885
0.4577501714229584
0.6951044201850891
0.28143540024757385
0.10713361203670502
0.3743380606174469
0.2128971368074417
0.02401801198720932
0.04574628546833992
0.27160513401031494
0.020266469568014145
0.026565393432974815
0.07146511971950531
0.12008390575647354
0.022411376237869263
0.04078420251607895
0.02900606393814087
0.006570494268089533
0.006250465754419565
0.06520386040210724
0.02165304683148861
0.17814664542675018
0.4234653413295746
0.2691919803619385
0.7779284119606018
0.7072352766990662
0.7601712346076965
0.5935116410255432
0.42514339089393616
0.1485394537448883
0.14252601563930511
0.41544389724731445
0.18258292973041534
0.06588785350322723
0.11390189081430435
0.048388201743364334
0.013389026746153831
0.06539777666330338
0.24829483032226562
0.010943260043859482
0.0330464132130146
0.05416317656636238
0.06899640709161758
0.046833038330078125
0.03697200492024422
0.03205011039972305
0.007574973162263632
0.022212767973542213
0.00949813798069954
0.11970529705286026
0.05957202985882759
0.09740322828292847
0.2383202165365219
0.622412383556366
0.5490167737007141
0.2190454751253128
0.366883248090744
0.3769412040710449
0.05800897628068924
0.2599927484989166
0.47896432876586914
0.29182806611061096
0.15021534264087677
0.1192932277917862
0.112060546875
0.12930764257907867
0.1017625704407692
0.03782553970813751
0.10930772125720978
0.11715226620435715
0.0074801393784582615
0.0339386872947216
0.0972970649600029
0.02315336838364601
0.021525800228118896
0.08016782253980637
0.051592711359262466
0.03993900865316391
0.009283669292926788
0.05521373450756073
0.06953145563602448
0.007807678077369928
0.09629494696855545
0.05115525797009468
0.1580759435892105
0.08489836752414703
0.5713332295417786
0.7294883728027344
0.41885894536972046
0.11585315316915512
0.3373887240886688
0.1137179434299469
0.16376450657844543
0.09754538536071777
0.2552231550216675
0.2662276327610016
0.25969424843788147
0.2541082203388214
0.4134993553161621
0.11331231147050858
0.639923095703125
0.570855438709259
0.22803299129009247
0.7242445349693298
0.3055644929409027
0.17292556166648865
0.28053316473960876
0.3925715684890747
0.12596388161182404
0.039902519434690475
0.16906854510307312
0.2210284024477005
0.07724853605031967
0.04625703766942024
0.04784742370247841
0.11622170358896255
0.15647819638252258
0.04844953492283821
0.039671797305345535
0.06776463240385056
0.1051982119679451
0.11606702953577042
0.2669771909713745
0.3232138454914093
0.5900480151176453
0.9042945504188538
0.8683269619941711
0.431863933801651
0.5767365097999573
0.8785218000411987
0.8657865524291992
0.5046594738960266
0.5596884489059448
0.9473455548286438
0.8437581062316895
0.6087252497673035
0.6960566639900208
0.6948367953300476
0.4213288426399231
0.1986352950334549
0.1934477835893631
0.2485913783311844
0.14701630175113678
0.2613489329814911
0.31551694869995117
0.6953845024108887
0.8569039702415466
0.9435919523239136
0.7954277992248535
0.5394284725189209
0.9504714608192444
0.8861993551254272
0.702752947807312
0.8042228817939758
0.8967235684394836
0.753494918346405
0.7382743954658508
0.926291286945343
0.7773082256317139
0.9408369064331055
0.928473711013794
0.950782060623169
0.9300121665000916
0.6347015500068665
0.960404098033905
0.9287674427032471
0.8764446973800659
0.6458292603492737
