0.8027282953262329
0.5599510073661804
0.41401055455207825
0.455698162317276
0.7986262440681458
0.7684208750724792
0.7454140782356262
0.7454673647880554
0.5192593932151794
0.7536715269088745
0.5203233361244202
0.5275988578796387
0.40271851420402527
0.5787592530250549
0.6261703372001648
0.3337382972240448
0.74741530418396
0.6780843138694763
0.7022273540496826
0.7642624974250793
0.5356233716011047
0.6038036346435547
0.39359092712402344
0.5504868626594543
0.6684993505477905
0.8224831819534302
0.7430585026741028
0.94743812084198
0.9042531251907349
0.9624691009521484
0.8611069321632385
0.9285655617713928
0.4694211781024933
0.940032422542572
0.8008909225463867
0.5006845593452454
0.762194037437439
0.8448823094367981
0.5030224919319153
0.8019681572914124
0.9093321561813354
0.33791473507881165
0.6415169835090637
0.876605212688446
0.8389188051223755
0.7041483521461487
0.49335595965385437
0.6700569987297058
0.7515525221824646
0.795798122882843
0.7965263724327087
0.8944061994552612
0.7921338081359863
0.6653370261192322
0.9455491304397583
0.8801003694534302
0.6527037024497986
0.7814527153968811
0.6301136612892151
