0.27603599429130554
0.0966864749789238
0.11152742803096771
0.33246535062789917
0.15510667860507965
0.08981719613075256
0.09028536081314087
0.215603768825531
0.12055019289255142
0.10892574489116669
0.08705401420593262
0.11899374425411224
0.1914091855287552
0.11692551523447037
0.07658132910728455
0.17558346688747406
0.40832704305648804
0.2923949360847473
0.26188287138938904
0.09778010845184326
0.14315375685691833
0.18060332536697388
0.13224852085113525
0.14324472844600677
0.2854363024234772
0.2608560621738434
0.22491802275180817
0.48085784912109375
0.3537692129611969
0.5205953121185303
0.5030623078346252
0.6947946548461914
0.6701863408088684
0.6472258567810059
0.7480093240737915
0.8399384021759033
0.8074274063110352
0.7349203824996948
0.3602685034275055
0.6833984851837158
0.383243590593338
0.5108058452606201
0.6132428646087646
0.5960554480552673
0.6093676686286926
0.20474344491958618
0.2970035672187805
0.17382857203483582
0.5250323414802551
0.17585697770118713
0.30926644802093506
0.41912171244621277
0.3975406587123871
0.437155157327652
0.2259596437215805
0.1944340616464615
0.5914477109909058
0.5393138527870178
0.22308747470378876
0.17791718244552612
0.5235742926597595
0.38983267545700073
0.11871037632226944
0.32730939984321594
0.6349236369132996
0.5986987948417664
0.13341815769672394
0.15894566476345062
0.7906291484832764
0.4264572262763977
0.07924845069646835
0.1889072060585022
0.4721137285232544
0.3066307306289673
0.3417312204837799
0.47821590304374695
0.3996391296386719
0.7225030660629272
0.7171977162361145
0.7663143277168274
0.6783612370491028
0.6882675886154175
0.5655941963195801
0.3414343297481537
0.8520190119743347
0.6900404691696167
0.55769282579422
0.6164771914482117
0.7895854115486145
0.7727060317993164
0.652275025844574
0.731349766254425
0.7782764434814453
0.6382738351821899
0.7181400060653687
0.884781539440155
0.699824333190918
0.4607486128807068
0.8721762299537659
0.8755325078964233
0.5244960784912109
0.5620644688606262
0.8948541283607483
0.7411839365959167
0.3947911262512207
0.6634915471076965
0.838335394859314
0.5992387533187866
0.3772282302379608
0.5261898040771484
