0.042604632675647736
0.05320003256201744
0.062038615345954895
0.05831548199057579
0.06976345926523209
0.21599681675434113
0.18992125988006592
0.1733449101448059
0.06141448765993118
0.04455986246466637
0.023783612996339798
0.0500560887157917
0.06581766158342361
0.21983551979064941
0.07659647613763809
0.08832007646560669
0.04320548102259636
0.01631307043135166
0.029651397839188576
0.027512643486261368
0.006706954445689917
0.008558397181332111
0.03136840835213661
0.05731638893485069
0.019903430715203285
0.02035519853234291
0.044885020703077316
0.05847453325986862
0.18732745945453644
0.2465478628873825
0.5000044703483582
0.7748563885688782
0.47333812713623047
0.7703366279602051
0.7450006604194641
0.616647481918335
0.5878759026527405
0.276163250207901
0.3565692603588104
0.4905069172382355
0.6399324536323547
0.5123083591461182
0.5219742059707642
0.47858142852783203
0.6478718519210815
0.6054276823997498
0.46627452969551086
0.24996572732925415
0.21119999885559082
0.3843364715576172
0.22522081434726715
0.15607669949531555
0.4843825697898865
0.3221432864665985
0.0820353776216507
0.11458255350589752
0.20661063492298126
0.10731048882007599
0.07910801470279694
0.1401316225528717
0.30193278193473816
0.23370690643787384
0.07873407751321793
0.02829822525382042
0.01190292090177536
0.01035715639591217
0.02568296529352665
0.16205890476703644
0.49674665927886963
0.5230273604393005
0.843176543712616
0.7017545700073242
0.828206479549408
0.44705310463905334
0.21800346672534943
0.7093068361282349
0.6359113454818726
0.07816614210605621
0.2793979048728943
0.7708995938301086
0.8246952891349792
0.07405070960521698
0.2287871539592743
0.39546218514442444
0.08161681890487671
0.12074640393257141
0.2012978345155716
0.4562542140483856
0.1930551528930664
0.1555197685956955
0.29241830110549927
0.05605331435799599
0.17769326269626617
0.32412534952163696
0.09112215042114258
0.07925156503915787
0.09815362095832825
0.1134977862238884
0.054083697497844696
0.015265909023582935
0.040405888110399246
0.018877249211072922
0.04058161377906799
0.05984724313020706
0.03336942940950394
0.03615779057145119
0.10448595136404037
0.10268686711788177
0.1761080026626587
0.34806740283966064
0.13665249943733215
0.5062968730926514
0.2489231675863266
0.4249555170536041
0.11802329123020172
0.5288876891136169
0.33291223645210266
0.4656572937965393
0.6034253239631653
0.6028728485107422
0.5891255140304565
0.30611586570739746
0.10918185859918594
0.27547603845596313
0.1257203370332718
0.17217354476451874
0.08718030899763107
0.03316021338105202
0.03241095691919327
0.06765566021203995
0.0510958656668663
0.12204994261264801
0.07678049057722092
0.024370042607188225
0.03412244841456413
0.0178992822766304
0.055685773491859436
0.19314275681972504
0.2327583134174347
0.15323588252067566
0.10528165102005005
0.07586495578289032
0.04144793003797531
0.047260574996471405
0.033626481890678406
0.09365099668502808
0.17646698653697968
0.2539156973361969
0.4603322446346283
0.641973614692688
0.5931265950202942
0.35172536969184875
0.39258062839508057
0.248080313205719
0.06636080890893936
0.02732326276600361
0.060645680874586105
0.06823286414146423
0.08303159475326538
0.038724616169929504
0.040711600333452225
0.19837090373039246
0.21267171204090118
0.28612321615219116
0.3577052354812622
0.7770360112190247
0.8662757277488708
0.6720595955848694
0.6611763834953308
0.9572729468345642
0.8396637439727783
0.8273206949234009
0.835931658744812
0.6701725721359253
0.6290039420127869
0.3647964298725128
0.45892155170440674
0.7728980183601379
0.2203286737203598
0.15528078377246857
0.0849204882979393
0.23415105044841766
0.3523881137371063
0.2591390311717987
0.09181088209152222
0.16387516260147095
0.0679374411702156
0.03830423578619957
0.026378056034445763
0.13507035374641418
0.11183999478816986
0.3559611141681671
0.2501307725906372
0.43388572335243225
0.6905227899551392
0.6091596484184265
0.18688079714775085
0.81465083360672
0.7169581651687622
0.09958890080451965
0.5079605579376221
0.9241421222686768
0.8614505529403687
0.15779487788677216
0.9270980954170227
0.9559650421142578
0.7028063535690308
0.653579831123352
0.25211015343666077
0.4907471239566803
0.19175326824188232
0.16602928936481476
0.2984265685081482
0.21395185589790344
0.506390392780304
0.2414502054452896
0.16377197206020355
0.12638111412525177
0.40272918343544006
0.23484249413013458
0.12376789003610611
0.1642218381166458
0.41524162888526917
0.29996368288993835
0.14709316194057465
0.17607654631137848
0.08657409250736237
0.05463511124253273
0.058336928486824036
0.06936334073543549
