0.24001558125019073
0.34054774045944214
0.025811081752181053
0.04468487575650215
0.011930344626307487
0.012354569509625435
0.017109226435422897
0.016056466847658157
0.04893739894032478
0.5346359610557556
0.34904059767723083
0.554167628288269
0.3426714837551117
0.13000285625457764
0.3212621510028839
0.23366771638393402
0.038599491119384766
0.051146600395441055
0.31019559502601624
0.10980168730020523
0.019251883029937744
0.29730117321014404
0.14206364750862122
0.058819785714149475
0.13442930579185486
0.3961608409881592
0.23131217062473297
0.06378518790006638
0.17717280983924866
0.16775134205818176
0.24579177796840668
0.07090585678815842
0.29454654455184937
0.06089700013399124
0.05694921687245369
0.05317162349820137
0.09455006569623947
0.02645178698003292
0.16604140400886536
0.1532992273569107
0.08081445097923279
0.16505539417266846
0.12125448137521744
0.07145783305168152
0.1970033049583435
0.286856085062027
0.34513795375823975
0.15354149043560028
0.06568390876054764
0.2373642474412918
0.17724862694740295
0.04707980901002884
0.10651832073926926
0.24388548731803894
0.22582030296325684
0.16121695935726166
0.15550708770751953
0.04058072343468666
0.17105688154697418
0.08913534879684448
0.05885295942425728
0.1433403342962265
0.14700134098529816
0.5609691143035889
0.9225301742553711
0.8283389210700989
0.3471846878528595
0.40682902932167053
0.7542787194252014
0.5724499821662903
0.7439254522323608
0.6816189289093018
0.45858410000801086
0.3237091898918152
0.38863497972488403
0.053883958607912064
0.02220095694065094
0.042906951159238815
0.07227581739425659
0.03494284674525261
0.12128593027591705
0.36050841212272644
0.5532510280609131
0.9357513785362244
0.9160435795783997
0.6410928964614868
0.7470560669898987
0.8168831467628479
0.8406770825386047
0.9751790165901184
0.5218309760093689
0.7361405491828918
0.972187876701355
0.9807248711585999
0.4364992678165436
0.967274010181427
0.9936009645462036
0.9518337249755859
0.8985308408737183
0.8455155491828918
0.4820536673069
0.4538992941379547
0.22046613693237305
0.24820221960544586
0.44039925932884216
0.6320546865463257
0.9335039258003235
0.984359085559845
0.4285747706890106
0.6069410443305969
0.9330919981002808
0.8982639312744141
0.47601786255836487
0.9099704027175903
0.8753297924995422
0.4476459324359894
0.7223008275032043
0.9678722023963928
0.3186989724636078
0.2734069526195526
0.9325201511383057
0.8989745378494263
0.13052070140838623
0.36213231086730957
0.9226498007774353
0.5310326218605042
0.27221494913101196
0.13322807848453522
0.040257859975099564
0.071196548640728
0.03882967308163643
0.04263399541378021
0.2699240744113922
0.1916181892156601
0.4965023994445801
0.11686664074659348
0.843756914138794
0.45109522342681885
0.18951421976089478
0.17076712846755981
0.10783625394105911
0.03358171880245209
0.07618335634469986
0.02381596714258194
0.07899779081344604
0.06191512569785118
0.07068377733230591
0.060158371925354004
0.07531588524580002
0.013288591988384724
0.08306369930505753
0.021987147629261017
0.17450004816055298
0.18161071836948395
0.39183133840560913
0.8895406723022461
0.6724663376808167
0.6256815195083618
0.3986889123916626
0.32414746284484863
0.6319951415061951
0.2310769259929657
0.3546898365020752
0.16422921419143677
0.19186140596866608
0.025863109156489372
0.14488263428211212
0.11822451651096344
0.06716864556074142
0.12875838577747345
0.15578904747962952
0.018754510208964348
0.15525513887405396
0.2079109251499176
0.05313776060938835
0.04324420168995857
0.30548667907714844
0.4808295667171478
0.028933847323060036
0.24977180361747742
0.7778670787811279
0.7003480195999146
0.4884876608848572
0.5068418383598328
0.5210537910461426
0.048123590648174286
0.04475364089012146
0.00584161514416337
0.044378507882356644
0.020013799890875816
0.04403720423579216
0.04538276419043541
0.04467277228832245
0.07633049041032791
0.06651998311281204
0.06917313486337662
0.06318698078393936
0.008070743642747402
0.028881574049592018
0.005807213485240936
0.015653088688850403
0.023041700944304466
0.24409320950508118
0.2055654525756836
0.5550563931465149
0.7117857933044434
0.6504599452018738
0.3400186598300934
0.49561411142349243
0.10993526875972748
0.13464823365211487
0.10786803811788559
0.03852887079119682
0.03216659277677536
0.05210280418395996
0.035622939467430115
0.11637584120035172
0.10112413018941879
0.1928284913301468
0.10653702169656754
0.1585548222064972
0.25913089513778687
0.23857879638671875
0.23288314044475555
0.4846874475479126
0.3505536615848541
0.08971866965293884
0.3591754734516144
0.6256985068321228
0.32832759618759155
0.5100841522216797
0.25336045026779175
0.175653874874115
0.10447072982788086
0.15517108142375946
0.14895807206630707
0.08710390329360962
0.09135794639587402
0.17350350320339203
0.055043116211891174
0.20292659103870392
0.1193971261382103
0.22095103561878204
0.255382776260376
0.09313589334487915
0.0532493032515049
0.13481998443603516
0.28448250889778137
0.09536734968423843
0.02769167348742485
0.10079803317785263
0.23847150802612305
0.0414603091776371
0.010080806910991669
0.15828171372413635
0.4810570776462555
0.05493881553411484
0.31107521057128906
0.7306540012359619
0.5740773677825928
0.621404230594635
0.6210213303565979
0.15542633831501007
0.591648519039154
0.1589629203081131
0.40218403935432434
0.07411080598831177
0.06395043432712555
0.012522267177700996
0.023658178746700287
0.008838978596031666
0.01885990798473358
0.01880282163619995
0.010671410709619522
0.051008354872465134
0.02527797594666481
0.029705233871936798
0.01712452620267868
0.027295928448438644
0.0026854791212826967
0.03427727892994881
0.39778581261634827
0.04961707815527916
0.43625250458717346
0.3994089365005493
0.42366042733192444
0.23222224414348602
0.12427246570587158
0.3001720607280731
0.2323765754699707
0.2323557585477829
0.4426584839820862
0.11513103544712067
0.09478500485420227
0.03751596063375473
0.04770206660032272
0.19378803670406342
0.03915902227163315
0.05800953879952431
0.13588814437389374
0.12464380264282227
0.2600809633731842
0.2725610136985779
0.14010430872440338
0.13663364946842194
0.21699358522891998
0.15491066873073578
0.16905084252357483
0.1569143831729889
0.05729202553629875
0.335775762796402
0.4950871467590332
0.2534808814525604
0.09137746691703796
0.33940133452415466
0.36629340052604675
0.19209977984428406
0.585168719291687
0.6458898186683655
