0.6198709607124329
0.7415275573730469
0.5909038782119751
0.5938679575920105
0.8527378439903259
0.8166773915290833
0.7269372344017029
0.690104067325592
0.8330069780349731
0.7446763515472412
0.6135351657867432
0.5387112498283386
0.7725443840026855
0.6399617791175842
0.8228486180305481
0.5084656476974487
0.8451985716819763
0.7700037360191345
0.6990807056427002
0.6647413969039917
0.7310360074043274
0.7958404421806335
0.8222330808639526
0.8439019322395325
0.8730530738830566
0.7218596935272217
0.8037159442901611
0.8290851712226868
0.7375407814979553
0.8165289759635925
0.8400958180427551
0.9349040985107422
0.8328241109848022
0.9269664883613586
0.8778072595596313
0.6701589226722717
0.8123936057090759
0.7272779941558838
0.7275598049163818
0.8265363574028015
0.8526777625083923
0.9117057919502258
0.9160720109939575
0.8483842015266418
0.7846538424491882
0.8183772563934326
0.873936653137207
0.8769826889038086
0.878200352191925
0.9188932776451111
0.8067837357521057
0.7809091210365295
0.7459619045257568
0.7033657431602478
0.8695293068885803
0.7832033634185791
0.6377617716789246
0.8038377165794373
0.7894898056983948
0.632989764213562
0.6451597213745117
0.7722222805023193
0.8037115335464478
0.4711745083332062
0.42292991280555725
0.5310298204421997
0.6096680164337158
0.41731202602386475
0.2750436067581177
0.22386857867240906
0.3098679482936859
