0.01685141585767269
0.03325923532247543
0.005081223323941231
0.0067312405444681644
0.00712806498631835
0.03394776210188866
0.15383340418338776
0.14773817360401154
0.08928749710321426
0.4734511971473694
0.18841049075126648
0.21198272705078125
0.023671286180615425
0.05741136521100998
0.07957562059164047
0.14642569422721863
0.013894600793719292
0.09634815156459808
0.07694068551063538
0.10157202184200287
0.0494375042617321
0.02376081980764866
0.0456942655146122
0.032547593116760254
0.04727949574589729
0.08500335365533829
0.08137115091085434
0.2822217345237732
0.14906610548496246
0.5295436978340149
0.3485908806324005
0.11334741115570068
0.1582527458667755
0.12198840081691742
0.06182388588786125
0.09945642948150635
0.010980895720422268
0.0294940248131752
0.06140344217419624
0.08066026121377945
0.0073318323120474815
0.0228583961725235
0.011789271607995033
0.006229078862816095
0.0055492413230240345
0.0006523903575725853
0.0025387462228536606
0.003902868600562215
0.010548293590545654
0.11069367080926895
0.30361130833625793
0.39286065101623535
0.04655790328979492
0.14316532015800476
0.02537613920867443
0.013901331461966038
0.01887352205812931
0.03496503457427025
0.004812265746295452
0.001888564322143793
0.011788819916546345
0.03173654526472092
0.002293357392773032
0.03324807807803154
0.006287530530244112
0.001825889223255217
0.013281130231916904
0.002612895332276821
0.0009334208443760872
0.007294448092579842
0.01676519215106964
0.08730689436197281
0.16605477035045624
0.4402197301387787
0.1357898861169815
0.07237909734249115
0.17143970727920532
0.137085422873497
0.01502953004091978
0.023412495851516724
0.03728504851460457
0.04520489647984505
0.005554653704166412
0.0008297960739582777
0.05473262816667557
0.03001514822244644
0.030296823009848595
0.010008066892623901
0.0038778798189014196
0.008431603200733662
0.004521489609032869
0.008105789311230183
0.047102537006139755
0.06993589550256729
0.318916380405426
0.5055031180381775
0.6351282000541687
0.6574656367301941
0.6075113415718079
0.8934061527252197
0.8497388958930969
0.4887005090713501
0.3431548774242401
0.9643092751502991
0.8835650086402893
0.1260818988084793
0.8431505560874939
0.9581139087677002
0.6500191688537598
0.3843516409397125
0.9601162672042847
0.9290470480918884
0.6416220664978027
0.7703973054885864
0.9763601422309875
0.9350186586380005
0.9420040845870972
0.9125191569328308
0.9185758233070374
0.826449990272522
0.8910447359085083
0.7929151654243469
0.8833289742469788
0.8939564824104309
0.9424927234649658
0.7865713834762573
0.8006461262702942
0.8541484475135803
0.9030279517173767
0.8804318904876709
0.8444056510925293
0.9564195275306702
0.9009469151496887
0.9577166438102722
0.9477058053016663
0.87840336561203
0.8933846354484558
0.9675835371017456
0.9092597961425781
0.9548109173774719
0.9762791395187378
0.8364141583442688
0.9724277853965759
0.5987299680709839
0.5625411868095398
0.08668974786996841
0.01153265405446291
0.0027814621571451426
0.004332826007157564
0.004756900016218424
0.007369875907897949
0.03549136221408844
0.07237144559621811
0.6303568482398987
0.13072073459625244
0.034337688237428665
0.16160741448402405
0.20884016156196594
0.04965417832136154
0.0947643518447876
0.8354953527450562
0.9541224241256714
0.1925385296344757
0.7185748219490051
0.9482620358467102
0.9484838843345642
0.6454470753669739
0.20302732288837433
0.4386356770992279
0.03143128752708435
0.007398342248052359
0.012042640708386898
0.022290492430329323
0.02789512649178505
0.15103554725646973
0.08859957754611969
0.06484724581241608
0.07131924480199814
0.09936238080263138
0.08318611979484558
0.16798026859760284
0.10564559698104858
0.05706864595413208
0.047370098531246185
0.01809755153954029
0.021807998418807983
0.020686177536845207
0.030679235234856606
0.02911336161196232
0.003567064879462123
0.008454711176455021
0.08454861491918564
0.057582054287195206
0.03526061773300171
0.21468164026737213
0.06210227310657501
0.005709713790565729
0.0027656308375298977
0.0032247055787593126
0.014625119045376778
0.01228236872702837
0.05394061282277107
0.04214101657271385
0.07835672050714493
0.06615950167179108
0.07976403087377548
0.011469125747680664
0.059400856494903564
0.03245605528354645
0.023494670167565346
0.010673127137124538
0.0207937303930521
0.06658897548913956
0.05026198923587799
0.027721919119358063
0.014835240319371223
0.08455728739500046
0.05635984614491463
0.048375796526670456
0.21909348666667938
0.24039115011692047
0.31895193457603455
0.05887291952967644
0.1469799429178238
0.0074987271800637245
0.02477146126329899
0.04393361508846283
0.10325095802545547
0.06226490065455437
0.1757291704416275
0.03863511234521866
0.06425342708826065
0.007724301889538765
0.040480297058820724
0.016691671684384346
0.15989385545253754
0.06888462603092194
0.02145601250231266
0.017464198172092438
0.08000823110342026
0.049413759261369705
0.03191579878330231
0.033315036445856094
0.1850692182779312
0.13976682722568512
0.14202427864074707
0.047582268714904785
0.6195803880691528
0.07525025308132172
0.07540949434041977
0.1530793160200119
0.2046309858560562
0.4960808753967285
0.19986768066883087
0.3945242166519165
0.07978574186563492
0.3354623019695282
0.7839632034301758
0.8048497438430786
0.631331205368042
0.5237964987754822
0.670121967792511
0.4218672513961792
0.34399285912513733
0.18132242560386658
0.2254689335823059
0.7950390577316284
0.3941880464553833
0.32345280051231384
0.6862546801567078
0.4089062213897705
0.3510242998600006
0.7225002646446228
0.7997902035713196
0.9068108797073364
0.9473752975463867
0.9054487347602844
0.9603817462921143
0.7397763729095459
0.7044498920440674
0.926739513874054
0.8825029730796814
0.9298419952392578
0.8330729007720947
0.6173296570777893
0.8361285328865051
0.4252437651157379
0.5102319121360779
0.16066743433475494
0.02590883895754814
0.2068793922662735
0.08521883189678192
0.004695816896855831
0.008971256203949451
0.03703295439481735
0.014204229228198528
0.004793703090399504
0.018094377592206
0.0055907415226101875
0.01025045569986105
0.009101112373173237
0.03190799430012703
0.02465464547276497
0.04458264261484146
0.028464674949645996
0.02128322422504425
0.06597081571817398
0.035086728632450104
0.05288698151707649
0.02466694824397564
0.01122144516557455
