0.3585430681705475
0.49540308117866516
0.39125877618789673
0.5030077695846558
0.22093833982944489
0.4609014093875885
0.1957637518644333
0.5886795520782471
0.7244002819061279
0.7287405133247375
0.8801248669624329
0.6637464165687561
0.8552001714706421
0.6747446656227112
0.8119897842407227
0.817651093006134
0.7105291485786438
0.4366704523563385
0.5736955404281616
0.46801894903182983
0.35883671045303345
0.3925788104534149
0.43136802315711975
0.33245429396629333
0.20795726776123047
0.24048355221748352
0.2493579089641571
0.3829236328601837
0.3915071487426758
0.46539872884750366
0.28555914759635925
0.6604719758033752
0.7264458537101746
0.5566738247871399
0.4342336654663086
0.6665629148483276
0.7651339769363403
0.5670945644378662
0.6270842552185059
0.5582014918327332
0.5202951431274414
0.32851505279541016
0.471486359834671
0.4232715964317322
0.4687129259109497
0.5320900082588196
0.32742130756378174
0.31006935238838196
0.17781803011894226
0.2657969295978546
0.2545206546783447
0.2359449565410614
0.1979348212480545
0.29022541642189026
0.339411199092865
0.5875072479248047
0.4764305353164673
0.3683861196041107
0.5808268189430237
0.40039747953414917
0.4424014091491699
0.42726612091064453
0.471441388130188
0.49021849036216736
0.4334091246128082
0.6200869679450989
0.6935113668441772
0.5028384327888489
0.5160840153694153
0.21861524879932404
0.29003921151161194
0.13352714478969574
0.11325494199991226
0.08907324075698853
0.40521439909935
0.22880546748638153
0.2844045162200928
0.22790414094924927
0.22424401342868805
0.16554796695709229
0.17799456417560577
0.31380748748779297
0.3329460322856903
0.42134711146354675
0.4555015563964844
0.6882213950157166
0.2870505750179291
0.532220184803009
0.27336040139198303
0.5222093462944031
0.3375316262245178
0.8006239533424377
0.4237927198410034
0.7013039588928223
0.7158064246177673
0.7194036245346069
0.8241633772850037
0.437294065952301
0.574253261089325
0.5173277854919434
0.7377849221229553
0.5761606693267822
0.8291692137718201
0.38326311111450195
0.49081024527549744
0.40122658014297485
0.6741636395454407
0.595061182975769
0.5586993098258972
0.2501292824745178
0.49620166420936584
0.3937184512615204
0.4067966938018799
0.3728894293308258
0.4499269127845764
0.32596662640571594
0.5557419061660767
0.6743454933166504
0.5489127039909363
0.347535103559494
0.5849654078483582
0.21245206892490387
0.4091642498970032
0.3424604833126068
0.4729129374027252
0.29413139820098877
0.5362232327461243
0.1696488857269287
0.1536562442779541
0.06492994725704193
0.1290932446718216
0.10660851001739502
