0.1474209725856781
0.6011098623275757
0.1633378565311432
0.07994519174098969
0.03365660458803177
0.00841399934142828
0.015697482973337173
0.04846637696027756
0.015521747060120106
0.0838177427649498
0.02977256290614605
0.10469581931829453
0.09202752262353897
0.25309500098228455
0.23116938769817352
0.19140039384365082
0.305181622505188
0.20132707059383392
0.8086654543876648
0.6106498837471008
0.7886987924575806
0.36251845955848694
0.3098299205303192
0.06284407526254654
0.07899326831102371
0.2722202241420746
0.2501552104949951
0.03105264902114868
0.12221547216176987
0.3889602720737457
0.0667404904961586
0.05679924786090851
0.24583642184734344
0.6185310482978821
0.106235571205616
0.2757355272769928
0.42499202489852905
0.6098580956459045
0.790971577167511
0.7523954510688782
0.379059761762619
0.22658583521842957
0.38922324776649475
0.13322266936302185
0.009971480816602707
0.01412371639162302
0.007805849891155958
0.005207753274589777
0.017055891454219818
0.06788230687379837
0.021928410977125168
0.031180202960968018
0.22281482815742493
0.3923162817955017
0.1555667370557785
0.22246122360229492
0.1437280923128128
0.13045524060726166
0.04787907004356384
0.034980714321136475
0.11216705292463303
0.05332082137465477
0.006956920959055424
0.07124189287424088
0.1342451572418213
0.07783335447311401
0.0168549083173275
0.05648510903120041
0.08633368462324142
0.060458991676568985
0.1783839464187622
0.1840342879295349
0.20140939950942993
0.012474204413592815
0.032731328159570694
0.013029038906097412
0.008052639663219452
0.03156492859125137
0.023114794865250587
0.13887202739715576
0.2135755717754364
0.05038849636912346
0.17214126884937286
0.1341201812028885
0.07611290365457535
0.07388798147439957
0.020912012085318565
0.041607219725847244
0.09756694734096527
0.05717325955629349
0.022329652681946754
0.03942527249455452
0.09538524597883224
0.038694314658641815
0.028139743953943253
0.07648385316133499
0.07493005692958832
0.04170168936252594
0.04249922186136246
0.12373026460409164
0.09039974212646484
0.04044880345463753
0.1661216765642166
0.08844656497240067
0.026258811354637146
0.06525810807943344
0.04542833939194679
0.04914950206875801
0.052525997161865234
0.1328873187303543
0.18875551223754883
0.06435994058847427
0.13590286672115326
0.06348786503076553
0.018388723954558372
0.023633452132344246
0.004976941738277674
0.0035726171918213367
0.006818836554884911
0.019860977306962013
0.02451500855386257
0.06987661868333817
0.27114591002464294
0.34487414360046387
0.47059527039527893
0.5157739520072937
0.4689398407936096
0.24243111908435822
0.06652453541755676
0.2424836903810501
0.08114982396364212
0.0772961899638176
0.225596085190773
0.10893816500902176
0.036256082355976105
0.08583833277225494
0.18935726583003998
0.14340277016162872
0.014079613611102104
0.1846286505460739
0.09352127462625504
0.08117195963859558
0.02955276519060135
0.2639743685722351
0.13306623697280884
0.05103306844830513
0.04307512566447258
0.08593287318944931
0.08251620829105377
0.07555649429559708
0.020215269178152084
0.0286263395100832
0.003744113724678755
0.012102407403290272
0.007486725226044655
0.03555777296423912
0.07227132469415665
0.15577751398086548
0.1702401041984558
0.7382349371910095
0.7512691617012024
0.6665021181106567
0.6409323811531067
0.44005683064460754
0.4706684350967407
0.5533503890037537
0.48875686526298523
0.6324781179428101
0.7330430746078491
0.6950213313102722
0.25547516345977783
0.16298286616802216
0.4115939736366272
0.2520606517791748
0.17035074532032013
0.5529816746711731
0.1985500603914261
0.03984968736767769
0.4165855646133423
0.2920980751514435
0.050080444663763046
0.0466749481856823
0.5134651064872742
0.2986222505569458
0.11136601865291595
0.201751708984375
0.06413735449314117
0.05227605625987053
0.2962115705013275
0.3637124300003052
0.03625020757317543
0.0652557760477066
0.05425085127353668
0.04657704010605812
0.21333687007427216
0.3365601599216461
0.39080753922462463
0.6176151633262634
0.87507164478302
0.7586091160774231
0.9435552954673767
0.9039875864982605
0.9305626749992371
0.7044234871864319
0.7154191732406616
0.569059431552887
0.19532859325408936
0.782263994216919
0.24881039559841156
0.5029750466346741
0.16659434139728546
0.06249111145734787
0.3609410226345062
0.10460284352302551
0.06544812023639679
0.25379160046577454
0.35482853651046753
0.4316364526748657
0.5824037194252014
0.6747190952301025
0.8490504622459412
0.6549466252326965
0.788844883441925
0.7421481609344482
0.6682532429695129
0.7199321985244751
0.828192949295044
0.8327978253364563
0.785359799861908
0.704845666885376
0.8269134163856506
0.7706301212310791
0.7572006583213806
0.7958499193191528
0.41648992896080017
0.288423627614975
0.19082215428352356
0.2135133296251297
0.4823652505874634
0.2849728763103485
0.800558865070343
0.36077648401260376
0.8441572785377502
0.5739787220954895
0.5628269910812378
0.7948095798492432
0.5301511883735657
0.8905846476554871
0.8153054714202881
0.9551816582679749
0.9270299077033997
0.7711736559867859
0.8154212236404419
0.37917783856391907
0.6322802901268005
0.7551096081733704
0.905682384967804
0.8378249406814575
0.8215730786323547
0.8664917945861816
0.9042865037918091
0.8343690037727356
0.8752152919769287
0.7879849672317505
0.7404136657714844
0.6357936859130859
0.7402785420417786
0.6641907691955566
0.749716579914093
0.5706585049629211
0.532585084438324
0.4200038015842438
0.36412397027015686
0.38760992884635925
