0.09992823749780655
0.12791354954242706
0.11080615967512131
0.08201556652784348
0.14077606797218323
0.3215624690055847
0.2871403396129608
0.6666648983955383
0.4881000518798828
0.23692525923252106
0.26302340626716614
0.47134262323379517
0.338132381439209
0.34817013144493103
0.5161114931106567
0.5980789065361023
0.2706080973148346
0.7715525031089783
0.6227157115936279
0.4729578197002411
0.6393455862998962
0.8363383412361145
0.4269729554653168
0.4557439088821411
0.7913480997085571
0.42218151688575745
0.4726850688457489
0.5094974637031555
0.7409759759902954
0.4184090197086334
0.4485207200050354
0.7918259501457214
0.47803089022636414
0.34050464630126953
0.6667232513427734
0.6826216578483582
0.3187428116798401
0.41222789883613586
0.8246785402297974
0.596542239189148
0.5294154286384583
0.6957945823669434
0.7916291356086731
0.9083836078643799
0.9232401251792908
0.8287745714187622
0.7888222932815552
0.7944332361221313
0.6511757373809814
0.8905406594276428
0.3679916262626648
0.8310636878013611
0.4409375786781311
0.8431016206741333
0.6326903700828552
0.6761598587036133
0.6685962080955505
0.6684721112251282
0.6875836253166199
0.8383857607841492
0.6087357401847839
0.8737767934799194
0.5404052734375
0.7180398106575012
0.19799195230007172
0.4218202233314514
0.4712039530277252
0.22623763978481293
0.5823370814323425
0.5560469031333923
0.6036661267280579
0.7805122137069702
0.6433150172233582
0.6285498738288879
0.5279494524002075
0.6636978387832642
0.2989748418331146
0.24672378599643707
0.07933907210826874
0.12686343491077423
0.12317343801259995
0.2911948263645172
0.15728746354579926
0.5098389983177185
0.5553408861160278
0.7487473487854004
0.28694260120391846
0.6546295881271362
0.7318851351737976
0.36033084988594055
0.5316756963729858
0.0968288853764534
0.301349937915802
0.2632204592227936
0.3126409947872162
0.05822095647454262
0.2898457646369934
0.7904365062713623
0.17122913897037506
0.22247131168842316
0.4016774594783783
0.414668470621109
0.17693591117858887
0.15739266574382782
0.15830840170383453
0.19473864138126373
0.2827063500881195
0.44880956411361694
0.8108899593353271
0.3258603811264038
0.16768699884414673
0.14143329858779907
0.1263042837381363
0.13838747143745422
0.08505139499902725
0.17784442007541656
0.1803964376449585
0.5926384329795837
0.17546743154525757
0.3716137707233429
0.3113037347793579
0.5383269190788269
0.2735868990421295
0.3744145929813385
0.41435539722442627
0.5735481977462769
0.5670965313911438
0.32054898142814636
0.3011000156402588
0.8245892524719238
0.755036473274231
0.2569311261177063
0.3082880675792694
0.915425717830658
0.8543418049812317
0.3080916106700897
0.5276756882667542
0.8964447379112244
0.8707798719406128
0.4026550352573395
0.7433351874351501
0.9385774731636047
0.8587712645530701
0.6399097442626953
0.5486275553703308
0.7255176305770874
0.8968151807785034
0.8938323259353638
0.4522184729576111
0.38259831070899963
0.3321366310119629
0.13269922137260437
0.35624074935913086
0.41918548941612244
0.5819063782691956
0.4443412125110626
0.2483944594860077
0.285351425409317
0.6215870380401611
0.813759446144104
0.5501492619514465
0.1376081109046936
0.688826858997345
0.7717172503471375
0.24867193400859833
0.40443673729896545
0.9098196029663086
0.7559399008750916
0.5947276949882507
0.6341903209686279
0.9439176917076111
0.8909279704093933
0.8564490079879761
0.8385595679283142
0.9372307658195496
0.8804696202278137
0.7457444667816162
0.6444419026374817
0.4518791735172272
0.37941423058509827
0.3741821348667145
0.25288546085357666
0.18392910063266754
0.2673597037792206
0.5318660736083984
0.8269885778427124
0.8887388706207275
0.8320896625518799
0.5041144490242004
0.36606475710868835
0.2577216923236847
0.6902052760124207
0.2519327700138092
0.3366334140300751
0.6047294735908508
0.11894448846578598
0.01845247857272625
0.031396616250276566
0.004582405090332031
0.10144910961389542
0.004681980703026056
0.00449309591203928
0.020009342581033707
0.0240981075912714
0.007157034240663052
0.005091685801744461
0.019617166370153427
0.03145229443907738
0.04813416674733162
0.02439054287970066
0.08034158498048782
0.20154431462287903
0.23429976403713226
0.13532599806785583
0.07987818866968155
0.167450413107872
0.04253704845905304
0.20986123383045197
0.05250959098339081
0.08972447365522385
0.042149342596530914
0.0030087244231253862
0.0016903352225199342
0.001969101605936885
0.00421879580244422
0.003118957858532667
0.011629320681095123
0.03365432471036911
0.215013787150383
0.021678725257515907
0.0039135003462433815
0.044136591255664825
0.021237049251794815
0.002615306992083788
0.0064271860755980015
0.19716688990592957
0.03258451819419861
0.01725802570581436
0.1143074706196785
0.3389289081096649
0.2194242775440216
0.06821898370981216
0.025393785908818245
0.05465270206332207
0.004083186853677034
0.01567826420068741
0.003876984119415283
0.001689115189947188
0.005279898177832365
0.003576437244191766
0.11148762702941895
0.03396270424127579
0.004621150437742472
0.004686218220740557
0.00424438901245594
0.014764358289539814
0.011234334670007229
0.08067504316568375
0.06655055284500122
0.021384382620453835
0.009529897011816502
0.042379021644592285
0.019426759332418442
0.2375153750181198
0.040781695395708084
0.01140586007386446
0.08525853604078293
0.11578024923801422
0.027801062911748886
0.03886546567082405
0.19580800831317902
0.11291830986738205
0.10299984365701675
0.04959375411272049
0.02071566879749298
0.00863874051719904
0.049124281853437424
0.026525089517235756
0.05021541193127632
0.07019274681806564
0.03671786189079285
0.010726460255682468
0.049411188811063766
0.02638431452214718
0.014132690615952015
0.0178978331387043
0.019159873947501183
0.028418226167559624
0.02586733177304268
0.02006119303405285
0.06400927156209946
0.020306238904595375
0.028242072090506554
0.1215788945555687
0.021188056096434593
0.06551198661327362
0.013273964636027813
0.01275274995714426
0.0044350107200443745
0.005209734197705984
0.008315825834870338
0.04684478044509888
0.14219708740711212
0.19251102209091187
0.13585984706878662
0.03158107027411461
0.024113832041621208
0.08080260455608368
0.1486736685037613
0.12984180450439453
0.0469851940870285
0.025787802413105965
0.1376463919878006
0.09515633434057236
0.05174359306693077
0.15902696549892426
0.06180434674024582
0.16695259511470795
0.035442810505628586
0.015507016330957413
0.010363389737904072
0.07009869068861008
0.009287960827350616
0.01214634906500578
0.4385243058204651
0.1611710637807846
0.014623080380260944
0.06970582157373428
0.14981119334697723
0.486508846282959
0.1542351245880127
0.044689979404211044
0.29975977540016174
0.3859519064426422
0.19658510386943817
0.087067611515522
0.6521944403648376
0.4352683126926422
0.3272867798805237
0.33502283692359924
0.15704306960105896
0.26620569825172424
0.1587926596403122
0.0686836913228035
0.23256206512451172
0.23334673047065735
0.4164647161960602
0.11399129778146744
0.02210122160613537
0.1061224415898323
0.11404448002576828
0.025854283943772316
0.11892477422952652
0.2964024245738983
0.10589996725320816
0.17892849445343018
0.2380070984363556
0.46493402123451233
0.5877407193183899
0.40866556763648987
0.8019522428512573
0.9207615256309509
0.7930968403816223
0.734400749206543
0.9613135457038879
0.9650633931159973
0.9613452553749084
0.9717524647712708
0.9376591444015503
0.8990164995193481
0.8377968072891235
0.5643070340156555
0.6055060625076294
0.7117916941642761
0.24327093362808228
0.2664738893508911
0.2548631727695465
0.819657564163208
0.07392920553684235
0.0881371721625328
0.36813944578170776
0.21891307830810547
0.025168724358081818
0.06373849511146545
0.1405104249715805
0.08580011874437332
0.04432674124836922
0.22029796242713928
0.45567771792411804
0.25619351863861084
0.23886211216449738
0.47639936208724976
0.5039503574371338
0.3597307801246643
0.4251111149787903
0.6410909295082092
0.7590281963348389
0.6377046704292297
0.6702318787574768
0.650147557258606
0.3081953227519989
0.6678272485733032
0.6635348796844482
0.19427207112312317
0.26360437273979187
0.6855636835098267
0.37273186445236206
0.4074024260044098
0.21620340645313263
0.2805089056491852
0.5068094730377197
0.6694637537002563
0.4007725119590759
0.3519907295703888
0.7249974608421326
0.7081955671310425
0.7542073726654053
0.7253353595733643
0.9076377153396606
0.9344961643218994
0.8487603068351746
0.9267228245735168
0.9577499032020569
0.9243695139884949
