0.11252788454294205
0.07840514928102493
0.13036487996578217
0.18578530848026276
0.11417315900325775
0.27390256524086
0.18452788889408112
0.1771443486213684
0.3410893976688385
0.2440779209136963
0.3430898189544678
0.2957836091518402
0.5234798192977905
0.4377726912498474
0.5659591555595398
0.47227320075035095
0.5833545327186584
0.6177886128425598
0.4956466853618622
0.5295336246490479
0.5281388759613037
0.641554594039917
0.44283944368362427
0.5655394792556763
0.6287698149681091
0.4529576897621155
0.5209453105926514
0.49555301666259766
0.6317933201789856
0.45947715640068054
0.4256759285926819
0.6329541206359863
0.48659318685531616
0.37094247341156006
0.6138131022453308
0.58406662940979
0.41986486315727234
0.489025741815567
0.5952131748199463
0.6519820690155029
0.4304860532283783
0.5773395299911499
0.6654560565948486
0.568537712097168
0.5497880578041077
0.492952823638916
0.644765317440033
0.48029252886772156
0.4565057158470154
0.631572425365448
0.4992391765117645
0.5649178624153137
0.5254947543144226
0.6617051959037781
0.45662108063697815
0.4190491735935211
0.47372743487358093
0.353110134601593
0.3958311676979065
0.2763473689556122
0.6646576523780823
0.34443292021751404
0.17827744781970978
0.27420568466186523
0.5180241465568542
0.11681085079908371
0.10410425812005997
0.1791013777256012
0.26918527483940125
0.06533513218164444
0.10721931606531143
0.07557904720306396
0.11872405558824539
0.1379403918981552
0.13478492200374603
0.10190344601869583
0.12342464923858643
0.16467972099781036
0.06848208606243134
0.1430424004793167
0.2552694082260132
0.30198511481285095
0.10915245860815048
0.10378295183181763
0.18292869627475739
0.4902245104312897
0.46246427297592163
0.3311488926410675
0.27859365940093994
0.16755962371826172
0.22038255631923676
0.16967129707336426
0.12978261709213257
0.23220528662204742
0.23531807959079742
0.31538310647010803
0.4424416124820709
0.4724985361099243
0.40889808535575867
0.3628651201725006
0.5522332787513733
0.5884390473365784
0.5736920237541199
0.45368507504463196
0.6910808086395264
0.6380854249000549
0.5627142786979675
0.7514594197273254
0.7086594700813293
0.648830235004425
0.6728971600532532
0.612107515335083
0.4070793688297272
0.1966514140367508
0.4170144498348236
0.15319712460041046
0.6567428708076477
0.6917042136192322
0.10736910253763199
0.5481210947036743
0.8040531277656555
0.6946228742599487
0.4038355052471161
0.8754943013191223
0.7760850191116333
0.8574990630149841
0.8664559721946716
0.9106863141059875
0.7621634006500244
0.7473897337913513
0.8917157053947449
0.4442708492279053
0.39709246158599854
0.18046800792217255
0.21536000072956085
0.1978178471326828
0.42899289727211
0.24425308406352997
0.23769548535346985
0.3590087592601776
0.253128319978714
0.43250665068626404
0.35924506187438965
0.34616222977638245
0.5836406350135803
0.40711739659309387
0.7895050048828125
0.4130988121032715
0.6041214466094971
0.6890823841094971
0.4160202741622925
0.714229941368103
0.5029287934303284
0.6179531216621399
0.6534538269042969
0.5611914396286011
0.6296632885932922
0.599200963973999
0.5775668025016785
0.59564208984375
0.5976081490516663
0.8158997297286987
0.6098805069923401
0.3950771987438202
0.5357580184936523
0.2422102838754654
0.08358612656593323
0.31492531299591064
0.1783113330602646
0.22816631197929382
0.26135146617889404
0.5826923847198486
0.5975378155708313
0.360558420419693
0.4900420010089874
0.21728552877902985
0.38468363881111145
0.15548285841941833
0.28284648060798645
0.2518198788166046
0.12039461731910706
0.1717546284198761
0.5159181952476501
0.6511121988296509
0.5031296610832214
0.223497211933136
0.4890567362308502
0.28116241097450256
0.4563559889793396
0.5794637799263
0.2876701354980469
0.7104648351669312
0.7647420763969421
0.4594420790672302
0.7873631715774536
0.6293485760688782
0.8599915504455566
0.6489783525466919
0.5768503546714783
0.3557860553264618
0.32885080575942993
