0.5794842839241028
0.7569377422332764
0.5587174892425537
0.5715233087539673
0.8555577397346497
0.4840829074382782
0.405393123626709
0.44868147373199463
0.44603416323661804
0.6932704448699951
0.33585426211357117
0.7562585473060608
0.73846834897995
0.7404622435569763
0.8517916798591614
0.835172712802887
0.9352461695671082
0.89084392786026
0.9038360714912415
0.9101440906524658
0.8307767510414124
0.5894578695297241
0.6436946988105774
0.751562237739563
0.8232305645942688
0.6352882981300354
0.4699970781803131
0.6173914074897766
0.4183075428009033
0.8058663606643677
0.8569026589393616
0.9249401092529297
0.807601273059845
0.938770592212677
0.8454034924507141
0.6881482601165771
0.8764765858650208
0.9351993203163147
0.902777373790741
0.8836658596992493
0.8859556317329407
0.6124916076660156
0.920202374458313
0.6093522906303406
0.7190502285957336
0.5960294008255005
0.48350387811660767
0.476807177066803
0.450848251581192
0.702305793762207
0.4288255274295807
0.6550066471099854
0.804528534412384
0.891281247138977
0.8435720801353455
0.9090259671211243
0.90538090467453
0.7742827534675598
0.7844517230987549
0.6550288200378418
0.7240892052650452
0.24809294939041138
0.3214660882949829
0.21746349334716797
0.2677031457424164
0.31893545389175415
0.28758952021598816
0.2014939785003662
0.15186651051044464
0.31764036417007446
0.43372344970703125
0.20468373596668243
0.1276801973581314
0.5592419505119324
0.4295499920845032
0.7175571918487549
0.5713308453559875
0.9600881934165955
0.9141804575920105
0.9417205452919006
0.9700831174850464
0.9634645581245422
0.8830982446670532
0.9343918561935425
0.8139010667800903
0.7891791462898254
0.8333749771118164
0.5091827511787415
0.687621533870697
0.66399085521698
0.6723161935806274
0.7161387205123901
0.5383496880531311
0.4610428214073181
0.4282238185405731
0.3709077835083008
0.5103437304496765
0.5420093536376953
0.39331045746803284
0.5147334337234497
0.7760235071182251
0.7829578518867493
0.5290662050247192
0.817555844783783
0.8525571823120117
0.6864974498748779
0.7767926454544067
0.8519515991210938
0.8867045640945435
0.872002899646759
0.9632464647293091
0.8929641842842102
0.9477937817573547
0.9378892183303833
0.8994823098182678
0.9127728343009949
