0.45757952332496643
0.4389860928058624
0.5979407429695129
0.5103025436401367
0.734433114528656
0.3897521197795868
0.3576354682445526
0.4556228816509247
0.1402692347764969
0.234452486038208
0.6384813785552979
0.15426655113697052
0.40134507417678833
0.47359853982925415
0.7220932841300964
0.47763267159461975
0.7588310241699219
0.7643677592277527
0.6550419330596924
0.6843491792678833
0.5835383534431458
0.8573231101036072
0.5909548401832581
0.6579943895339966
0.4361483156681061
0.24066263437271118
0.229934424161911
0.44645431637763977
0.3899620473384857
0.5081889033317566
0.9431532621383667
0.9004343152046204
0.7014200091362
0.9459021091461182
0.6737968921661377
0.9367431998252869
0.4754716455936432
0.7872241735458374
0.4315696954727173
0.6639720797538757
0.7334767580032349
0.5136827230453491
0.6712378859519958
0.5807340741157532
0.6177124977111816
0.5826969742774963
0.2126220464706421
0.1345047950744629
0.45025062561035156
0.7323706150054932
0.7588409185409546
0.9293573498725891
0.7161157727241516
0.7568985819816589
0.7958100438117981
0.5872576832771301
0.45327112078666687
0.3057931959629059
0.7203047275543213
0.4518708288669586
0.45254120230674744
0.5123376250267029
0.6618064045906067
0.46052852272987366
0.7454782724380493
0.5068880915641785
0.6913013458251953
0.5042832493782043
0.49937254190444946
0.33981314301490784
0.49211248755455017
0.762408435344696
0.32717397809028625
0.3779463469982147
0.520908772945404
0.6304532289505005
0.760442852973938
0.4386396110057831
0.7225770950317383
0.8741562962532043
0.6772394180297852
0.35661542415618896
0.6958171129226685
0.7228209972381592
0.224430114030838
0.3772655427455902
0.5562503933906555
0.524097204208374
0.30245450139045715
0.2828828990459442
0.6333182454109192
0.3445192873477936
0.4023227095603943
0.3424808084964752
0.4781682789325714
0.48050954937934875
0.40226680040359497
0.5441464185714722
0.6321690678596497
0.4595886468887329
0.6657156348228455
0.5630446672439575
0.5576261878013611
0.5750779509544373
0.7395097613334656
0.5214986205101013
0.5244935154914856
0.7260263562202454
0.6476795673370361
0.51579749584198
0.44884374737739563
0.39042261242866516
0.4668671786785126
0.23637311160564423
0.2864273488521576
0.4401020109653473
0.4993838369846344
0.331531822681427
0.2821686863899231
0.291757196187973
0.43528038263320923
0.3554081916809082
0.3715825080871582
0.29569414258003235
0.39450734853744507
0.3223966658115387
0.18390393257141113
0.269919216632843
0.5270989537239075
0.4371780455112457
0.4266926050186157
0.46436622738838196
0.41511332988739014
0.3875122666358948
0.20533698797225952
0.5826429724693298
0.29345905780792236
0.29399359226226807
0.17814917862415314
0.6645851135253906
0.6430833339691162
0.6433456540107727
0.6624862551689148
0.558907687664032
0.7687727808952332
0.31587493419647217
0.3899134695529938
0.38050147891044617
0.40854498744010925
0.499811589717865
0.5948835611343384
0.5526831150054932
0.5311875343322754
0.5348779559135437
0.6756136417388916
0.5392364263534546
0.4496021270751953
0.5127425789833069
0.6472832560539246
0.5695673227310181
0.5260952711105347
0.3498789072036743
0.4290931224822998
0.43812817335128784
0.5100393891334534
0.1748417168855667
0.2780560553073883
0.40969720482826233
0.4849144220352173
0.19133222103118896
0.49070847034454346
0.4843020439147949
0.7126594185829163
0.5481292009353638
0.8670962452888489
0.8177633285522461
0.9481887817382812
0.9142823815345764
0.5895825624465942
0.7819812297821045
0.2849292755126953
0.4225095808506012
0.15485771000385284
0.7660608291625977
0.6749991178512573
0.8528702259063721
0.7312000393867493
0.6288583874702454
0.7578967213630676
0.8170886635780334
0.7431381344795227
0.708840012550354
0.7389208674430847
0.821829617023468
0.7591262459754944
0.4291265308856964
0.7452471852302551
0.553893506526947
0.4798955023288727
0.52372145652771
0.2404821217060089
0.8886207938194275
0.5065606236457825
0.845041811466217
0.5090193152427673
0.851158082485199
0.6416809558868408
0.3055197596549988
0.4477175772190094
0.18010909855365753
0.5559114217758179
0.16277363896369934
0.62375408411026
0.3477018475532532
0.7992280125617981
0.41216880083084106
0.8777072429656982
0.8206303119659424
0.45913347601890564
0.8084001541137695
0.452968031167984
0.46110799908638
0.8822415471076965
0.7352361083030701
0.49159663915634155
0.7515319585800171
0.8657123446464539
0.6335493922233582
0.5927332639694214
0.6239294409751892
0.6226585507392883
0.36899080872535706
0.4816194176673889
0.6926369667053223
0.47564697265625
0.25008684396743774
0.7511074542999268
0.5718232989311218
0.23896445333957672
0.24882932007312775
0.4452994763851166
0.4285096228122711
0.12587034702301025
0.39521223306655884
0.46781519055366516
0.4244861304759979
0.45210838317871094
0.539858877658844
0.7075546979904175
0.38628700375556946
0.7218542695045471
0.5565064549446106
0.818442165851593
0.48334386944770813
0.5679388642311096
0.7722730040550232
0.23231932520866394
0.4129529893398285
0.3515339195728302
0.5647653341293335
0.5801447033882141
0.7422646284103394
0.4454149603843689
0.3761774003505707
0.3163827359676361
0.29484549164772034
0.10572821646928787
0.24603340029716492
0.19486713409423828
0.21643821895122528
0.23960372805595398
0.11506060510873795
0.23996207118034363
0.3270891308784485
0.28086400032043457
0.4376482367515564
0.3888693153858185
0.4853910803794861
0.2476097196340561
0.39285770058631897
0.5265980362892151
0.4857352077960968
0.40511006116867065
0.21092234551906586
0.49777814745903015
0.3187723159790039
0.2965061366558075
0.40861406922340393
0.491501122713089
0.5066463947296143
0.7710784077644348
0.374045193195343
0.21592210233211517
0.3462161719799042
0.456100732088089
0.31950822472572327
0.1224382072687149
0.2597731351852417
0.32132047414779663
0.34347549080848694
0.3936828672885895
0.4119425415992737
0.6370766162872314
0.4972505569458008
0.291056752204895
0.2987547516822815
0.46014299988746643
0.6551622748374939
0.46835005283355713
0.7748492360115051
0.5487573742866516
0.738077700138092
0.8775202631950378
0.5126935243606567
0.663913905620575
