0.31058940291404724
0.8024550676345825
0.7579759359359741
0.6736698150634766
0.9244279861450195
0.9493190050125122
0.9207571148872375
0.808580756187439
0.3787527084350586
0.7029785513877869
0.3103790879249573
0.3004169762134552
0.06166788563132286
0.026230953633785248
0.011724410578608513
0.02668757550418377
0.00840330496430397
0.004314976278692484
0.005235322285443544
0.01149805448949337
0.0035292075481265783
0.0008789782295934856
0.0219751987606287
0.014701061882078648
0.011580473743379116
0.010693654417991638
0.036207448691129684
0.12038122117519379
0.03298264369368553
0.0932898297905922
0.09217647463083267
0.0443531796336174
0.02802666649222374
0.022953150793910027
0.005838464014232159
0.007876511663198471
0.0029886250849813223
0.026423517614603043
0.01718277670443058
0.4323887526988983
0.6102091670036316
0.6112754940986633
0.11506867408752441
0.29173603653907776
0.35727980732917786
0.2214578539133072
0.1397043913602829
0.12103503197431564
0.13615894317626953
0.12638279795646667
0.01418096199631691
0.0071372175589203835
0.040037378668785095
0.006703733932226896
0.003640630980953574
0.02536703646183014
0.03702455386519432
0.009548329748213291
0.016110150143504143
0.004963344894349575
0.024528343230485916
0.008244295604526997
0.007832029834389687
0.018247701227664948
0.13859625160694122
0.8336085081100464
0.9108877182006836
0.7847968339920044
0.9485602974891663
0.6531778573989868
0.0830828845500946
0.7130151391029358
0.8120063543319702
0.0792299285531044
0.40889373421669006
0.6559264063835144
0.1422029733657837
0.16108596324920654
0.08234003931283951
0.09357534348964691
0.02751469984650612
0.04252888634800911
0.018214736133813858
0.10232365131378174
0.1408737301826477
0.5357710123062134
0.850674569606781
0.8361181616783142
0.716572105884552
0.8976160883903503
0.2415584772825241
0.7627437710762024
0.8645203709602356
0.12835940718650818
0.2952522337436676
0.7746267914772034
0.21410223841667175
0.09902789443731308
0.5131687521934509
0.6151866912841797
0.11411841958761215
0.19713759422302246
0.06764369457960129
0.14945928752422333
0.2524348795413971
0.18466614186763763
0.2365255057811737
0.16436044871807098
0.061411574482917786
0.1872781664133072
0.2724930942058563
0.010185078717768192
0.04143107682466507
0.2013014703989029
0.016079308465123177
0.023160196840763092
0.07296550273895264
0.1980530470609665
0.03449918329715729
0.05359579995274544
0.050427887588739395
0.09800112247467041
0.043719757348299026
0.08695077896118164
0.04767029359936714
0.036085136234760284
0.017544465139508247
0.05012606456875801
0.005982388276606798
0.037829574197530746
0.024738933891057968
0.17381468415260315
0.04350937157869339
0.2289285659790039
0.05779596045613289
0.26702114939689636
0.4899073839187622
0.7269178628921509
0.881309986114502
0.7166568040847778
0.16347630321979523
0.06283680349588394
0.5607000589370728
0.06916114687919617
0.03343820199370384
0.04282884672284126
0.10109718143939972
0.008055661804974079
0.02628595381975174
0.04078208655118942
0.01115511916577816
0.014008436352014542
0.0540350005030632
0.0643686056137085
0.01757369376718998
0.03850387781858444
0.04600593447685242
0.04701290279626846
0.05485235154628754
0.03262031450867653
0.013554243370890617
0.04561282694339752
0.02214079163968563
0.04283575713634491
0.01715194433927536
0.017205486074090004
0.08516428619623184
0.02865774743258953
0.24491019546985626
0.057300131767988205
0.3398386538028717
0.2621346414089203
0.12786127626895905
0.17742688953876495
0.29396432638168335
0.5653349161148071
0.41408634185791016
0.24687375128269196
0.16038182377815247
0.3644639551639557
0.08756102621555328
0.22442418336868286
0.2520490288734436
0.05915980786085129
0.06607670336961746
0.1102135181427002
0.19635656476020813
0.03030686266720295
0.13837659358978271
0.07163280248641968
0.015016008168458939
0.04562921077013016
0.07126947492361069
0.04209787771105766
0.04106651619076729
0.051994431763887405
0.039326127618551254
0.03493961691856384
0.024810733273625374
0.054981861263513565
0.018409328535199165
0.01986066810786724
0.013583015650510788
0.0056802756153047085
0.003891402157023549
0.0375494658946991
0.005952584557235241
0.059441082179546356
0.029388679191470146
0.02203998900949955
0.051067762076854706
0.2751069664955139
0.18248949944972992
0.1256299614906311
0.33507445454597473
0.0784708708524704
0.1655925065279007
0.04447406157851219
0.031340379267930984
0.007739649154245853
0.0017311300616711378
0.022386053577065468
0.004531637765467167
0.00806180015206337
0.01873677596449852
0.004747947212308645
0.005574516486376524
0.015599925071001053
0.007471502758562565
0.027026578783988953
0.11677002906799316
0.09135642647743225
0.2369488626718521
0.1545230895280838
0.4130731523036957
0.47877636551856995
0.2483171671628952
0.20270374417304993
0.057035136967897415
0.07105638086795807
0.06487485766410828
0.0366981141269207
0.01427355594933033
0.016167493537068367
0.022471662610769272
0.021526601165533066
0.07947174459695816
0.2008175402879715
0.08289232105016708
0.21032442152500153
0.12011528015136719
0.41492539644241333
0.09543703496456146
0.8092744946479797
0.8731027245521545
0.46158355474472046
0.698857307434082
0.44541898369789124
0.4175455868244171
0.15345366299152374
0.1075168326497078
0.2654956877231598
0.40290382504463196
0.3043084144592285
0.20726914703845978
0.3674793839454651
0.8676841855049133
0.6191825270652771
0.5233942866325378
0.4107414782047272
0.1335512399673462
0.18218815326690674
0.05531742051243782
0.14145462214946747
0.08115517348051071
0.11027361452579498
0.19548429548740387
0.25278711318969727
0.15958590805530548
0.049819380044937134
0.37645477056503296
0.12756145000457764
0.48382097482681274
0.2491767704486847
0.12627628445625305
0.5750648975372314
0.6205135583877563
0.4016917049884796
0.22185741364955902
0.278394490480423
0.4085640013217926
0.49577248096466064
0.43419215083122253
0.07556923478841782
0.07778236269950867
0.07558857649564743
0.1356377899646759
0.055203408002853394
0.02676420845091343
0.03808312118053436
0.01897471584379673
0.07499323785305023
0.04470490291714668
0.04047374799847603
0.09385862201452255
0.026549050584435463
0.06485507637262344
0.02530529722571373
0.08045005053281784
0.040623512119054794
0.41952574253082275
0.11840113252401352
0.6040971875190735
0.749199628829956
0.8102385997772217
0.7956173419952393
0.17897741496562958
0.25066378712654114
0.04598303139209747
0.11358819901943207
0.10512493550777435
0.06934019178152084
0.13683739304542542
0.2780497074127197
0.1517089307308197
0.28193894028663635
0.5962910652160645
0.39842888712882996
0.12136512249708176
0.21417975425720215
0.042396266013383865
0.029162483289837837
0.03352140262722969
0.11267067492008209
0.03267236799001694
0.07707124948501587
0.05128234624862671
0.15622399747371674
0.16228695213794708
0.06402073055505753
0.09839079529047012
0.08907945454120636
0.16680575907230377
0.13715754449367523
0.3781404197216034
0.23336008191108704
0.23844631016254425
0.1822718232870102
0.44917768239974976
0.30190566182136536
0.40365222096443176
0.6944956183433533
0.7242396473884583
0.6936464905738831
0.2347257137298584
0.520036518573761
0.7578443884849548
0.2857590913772583
0.3693442642688751
0.6556090712547302
0.7852789163589478
0.6384070515632629
0.6330459713935852
0.6937969326972961
0.7178443074226379
0.5382871031761169
0.6724981069564819
0.6997361183166504
0.6448429226875305
0.36217695474624634
0.19962427020072937
