0.009088726714253426
0.1444750726222992
0.03690047934651375
0.2199159562587738
0.06341295689344406
0.15966351330280304
0.07178712636232376
0.0509435273706913
0.0931147113442421
0.17675192654132843
0.6034027934074402
0.5439424514770508
0.1809280812740326
0.23185719549655914
0.46170321106910706
0.4703514277935028
0.9387785792350769
0.8987119793891907
0.45165911316871643
0.7073882222175598
0.3663977384567261
0.5197098851203918
0.16552694141864777
0.19603382050991058
0.4539252519607544
0.22578273713588715
0.2825250029563904
0.6381038427352905
0.28598934412002563
0.25799673795700073
0.2899647355079651
0.18066246807575226
0.24483104050159454
0.1201695054769516
0.37604156136512756
0.5316543579101562
0.2411910444498062
0.32678669691085815
0.2613731920719147
0.1615193635225296
0.06543746590614319
0.13486561179161072
0.17049537599086761
0.07797309011220932
0.07462384551763535
0.06264028698205948
0.11661268770694733
0.12420082092285156
0.1785171777009964
0.15095803141593933
0.18887272477149963
0.0478195995092392
0.06733076274394989
0.055038921535015106
0.12375243753194809
0.11779022216796875
0.20776255428791046
0.8551344275474548
0.5629841685295105
0.27383530139923096
0.9536476135253906
0.7084234356880188
0.3365458846092224
0.5100478529930115
0.8015196919441223
0.5871844291687012
0.46330150961875916
0.41699787974357605
0.2925012409687042
0.22208668291568756
0.5268591642379761
0.34265249967575073
0.42430272698402405
0.48187679052352905
0.6243630051612854
0.8439619541168213
0.8557426929473877
0.5158712267875671
0.27320602536201477
0.11351428925991058
0.21489845216274261
0.15289175510406494
0.05021124705672264
0.035623032599687576
0.024150053039193153
0.022819317877292633
0.059709418565034866
0.07515076547861099
0.14247722923755646
0.45376068353652954
0.9015392661094666
0.6793117523193359
0.30387869477272034
0.49715709686279297
0.851456344127655
0.4367193281650543
0.2723344564437866
0.9543679356575012
0.926385223865509
0.606103777885437
0.8755805492401123
0.9506425857543945
0.6860366463661194
0.3769664168357849
0.5889421105384827
0.3378147482872009
0.15477056801319122
0.02403273619711399
0.09463585168123245
0.04306710883975029
0.03736201301217079
0.1342770904302597
0.05748019739985466
0.06340497732162476
0.3814394176006317
0.19209621846675873
0.2965967357158661
0.3200518786907196
0.6271436810493469
0.6659073829650879
0.6419732570648193
0.8472771644592285
0.8480260968208313
0.7406660914421082
0.45064517855644226
0.8027117252349854
0.9431622624397278
0.5213789343833923
0.6148298978805542
0.9536212086677551
0.8781870603561401
0.8130767941474915
0.6346794962882996
0.2141115814447403
0.20234060287475586
0.2616496980190277
0.37761205434799194
0.18413443863391876
0.3171042501926422
0.08647379279136658
0.17391537129878998
0.1740172654390335
0.1525086909532547
0.051760412752628326
0.0572231225669384
0.14290280640125275
0.0830928236246109
0.12998251616954803
0.3479593098163605
0.08470350503921509
0.07699107378721237
0.11508136242628098
0.0854974165558815
0.04775507375597954
0.02454456314444542
0.0290937852114439
0.016911599785089493
0.02676023356616497
0.08152536302804947
0.06457968056201935
0.10298038274049759
0.22806602716445923
0.09634119272232056
0.14388175308704376
0.07941475510597229
0.5021976232528687
0.8330110907554626
0.9106805920600891
0.21774587035179138
0.5888213515281677
0.4019615352153778
0.5476541519165039
0.6974835395812988
0.42868295311927795
0.24034900963306427
0.25371384620666504
0.21353374421596527
0.0768078938126564
0.045585352927446365
0.04823299124836922
0.04072290286421776
0.02079266682267189
0.04415816068649292
0.016861718147993088
0.010551882907748222
0.02189718373119831
0.025772279128432274
0.04855150356888771
0.14238491654396057
0.07187967002391815
0.03304145112633705
0.02315371111035347
0.016868144273757935
0.010264341719448566
0.013810512609779835
0.0353047139942646
0.017360979691147804
0.05211956426501274
0.03139137476682663
0.04013623669743538
0.04635433107614517
0.1298852413892746
0.054338064044713974
0.1474810242652893
0.10091493278741837
0.12306693941354752
0.05236505717039108
0.06005808338522911
0.05756502225995064
0.07846256345510483
0.016808608546853065
0.06108144298195839
0.03756691515445709
0.015777133405208588
0.044479288160800934
0.015903305262327194
0.0044408454559743404
0.015871355310082436
0.008355319499969482
0.042670682072639465
0.02746467851102352
0.06337638199329376
0.034278400242328644
0.05269206315279007
0.07073220610618591
0.08076728135347366
0.06671053916215897
0.07758498191833496
0.13267715275287628
0.22827816009521484
0.3813450038433075
0.4032838046550751
0.5470073819160461
0.4712038040161133
0.34452852606773376
0.3508068323135376
0.34052005410194397
0.11360695958137512
0.06147250905632973
0.17242296040058136
0.1761196404695511
0.22890374064445496
0.07558669149875641
0.10375559329986572
0.037867818027734756
0.016666747629642487
0.019404970109462738
0.04987667128443718
0.028282979503273964
0.09105486422777176
0.02442997321486473
0.011743989773094654
0.007455579936504364
0.0180481169372797
0.03463229909539223
0.00971170887351036
0.0025027974043041468
0.015572724863886833
0.010359724052250385
0.015068490989506245
0.021312395110726357
0.05804797634482384
0.004928674548864365
0.09086763858795166
0.00338997901417315
0.015922078862786293
0.009320352226495743
0.04055777192115784
0.07463064044713974
0.07251060754060745
0.12510184943675995
0.22655217349529266
0.18405139446258545
0.09895823895931244
0.18425318598747253
0.10037920624017715
0.2529217004776001
0.12429390102624893
0.19628576934337616
0.1577349156141281
0.08697358518838882
0.13886073231697083
0.08515135198831558
0.15723784267902374
0.04213213920593262
0.044487111270427704
0.01233645435422659
0.04073924571275711
0.03997806832194328
0.04433928057551384
0.009272600524127483
0.00823059119284153
0.10020282864570618
0.08771999925374985
0.08249840885400772
0.426492303609848
0.24762098491191864
0.3068234324455261
0.14764097332954407
0.344856321811676
0.08862792700529099
0.16448746621608734
0.03189825639128685
