0.004892310593277216
0.005808502435684204
0.0036402803380042315
0.0007145552663132548
0.0012428516056388617
0.001188331050798297
0.007071027532219887
0.015179653652012348
0.0571964792907238
0.23057667911052704
0.14835330843925476
0.006349116563796997
0.02345874533057213
0.004398114513605833
0.001145754475146532
0.0026580123230814934
0.004698493052273989
0.020031167194247246
0.06162642687559128
0.05517008528113365
0.06117885559797287
0.04409782588481903
0.06347161531448364
0.06588075309991837
0.014225554652512074
0.05177338793873787
0.02389698661863804
0.16188625991344452
0.034036412835121155
0.07305295765399933
0.01080756913870573
0.021479662507772446
0.07196930795907974
0.06572499126195908
0.03139493241906166
0.0394921600818634
0.024017728865146637
0.029568666592240334
0.006256914231926203
0.007644297555088997
0.022968631237745285
0.017152579501271248
0.0024840286932885647
0.003693725448101759
0.00572546198964119
0.004844713490456343
0.0011386069236323237
0.007945421151816845
0.01311819814145565
0.006198658142238855
0.003776888595893979
0.014492524787783623
0.015336726792156696
0.017991140484809875
0.02358333207666874
0.014444313012063503
0.0234085600823164
0.005604370031505823
0.0075384932570159435
0.0025861505419015884
0.0011524426518008113
0.0006712628528475761
0.0009576857555657625
0.006652099546045065
0.15168924629688263
0.11296997964382172
0.4940583407878876
0.1541578322649002
0.6131119728088379
0.607193648815155
0.5866788625717163
0.35210567712783813
0.1561419516801834
0.08939538151025772
0.01717170886695385
0.4377729296684265
0.11478841304779053
0.6725084185600281
0.3381505012512207
0.029498130083084106
0.1216890811920166
0.011787792667746544
0.021115463227033615
0.2786082923412323
0.10588099807500839
0.05058339983224869
0.04104357957839966
0.018919168040156364
0.01667184755206108
0.01610184647142887
0.04404837638139725
0.004620027262717485
0.012809237465262413
0.02111455239355564
0.043202031403779984
0.006925840396434069
0.026709847152233124
0.03544919192790985
0.0147466529160738
0.004069334827363491
0.0168774276971817
0.009940659627318382
0.008646034635603428
0.22403934597969055
0.017158061265945435
0.03196759521961212
0.10840241611003876
0.0022527272813022137
0.012742453254759312
0.005359976086765528
0.006861125584691763
0.0033526329789310694
0.006749278865754604
0.016427483409643173
0.07199045270681381
0.039043571799993515
0.06954418122768402
0.11808827519416809
0.05222355201840401
0.09826045483350754
0.2371811419725418
0.21149010956287384
0.6160823702812195
0.4785316288471222
0.04715915024280548
0.15316566824913025
0.018596012145280838
0.0761910006403923
0.032891545444726944
0.014393714256584644
0.08146311342716217
0.6163585782051086
0.23966237902641296
0.28595301508903503
0.1621433049440384
0.09104535728693008
0.11613152921199799
0.5191313028335571
0.13460101187229156
0.9239826202392578
0.6580710411071777
0.05715230479836464
0.3588866889476776
0.3098876178264618
0.9627653956413269
0.7245848774909973
0.9285575151443481
0.9716622233390808
0.9334003925323486
0.7366063594818115
0.9523939490318298
0.8968068361282349
0.6607367396354675
0.877546489238739
0.7473174929618835
0.45712417364120483
0.8680068254470825
0.9199984073638916
0.9743345379829407
0.8680679202079773
0.9083728790283203
0.9783920645713806
0.8887789249420166
0.5644015073776245
0.9276663661003113
0.9549309611320496
0.8441436886787415
0.6960929036140442
0.7534807920455933
0.8456529974937439
0.701946496963501
0.7431040406227112
0.8227642178535461
0.9224860072135925
0.790156900882721
0.6568105816841125
0.5700938105583191
0.9338251948356628
0.9276993274688721
0.9240885972976685
0.9225543141365051
0.8819304704666138
0.6425082087516785
0.3130899965763092
0.39589205384254456
0.35655540227890015
0.42174357175827026
0.6092516779899597
0.20948295295238495
0.04197841137647629
0.04207589849829674
0.6226164102554321
0.13829301297664642
0.02468441240489483
0.037449054419994354
0.4615541994571686
0.36150553822517395
0.011576070450246334
0.06461238116025925
0.5173967480659485
0.5223991274833679
0.11695639044046402
0.10324124246835709
0.03037041425704956
0.11225119978189468
0.023742331191897392
0.11689803749322891
0.05088263005018234
0.06182892620563507
0.020550789311528206
0.007252799347043037
0.033098526298999786
0.05153350159525871
0.008248668164014816
0.03662968426942825
0.03724147751927376
0.025912432000041008
0.044357139617204666
0.032688241451978683
0.045761022716760635
0.057792551815509796
0.012877468951046467
0.038815613836050034
0.18478894233703613
0.09219852834939957
0.025463052093982697
0.3777698278427124
0.5311509370803833
0.14934393763542175
0.09253500401973724
0.7351093292236328
0.7035329937934875
0.15087313950061798
0.3076612651348114
0.7963460087776184
0.47961193323135376
0.24216164648532867
0.7074719071388245
0.9355229139328003
0.7626649141311646
0.6049870252609253
0.9378470182418823
0.9696374535560608
0.9302798509597778
0.9395325183868408
0.6897045969963074
0.6022661328315735
0.05753489211201668
0.03188389167189598
0.006927375681698322
0.005344385746866465
0.007440944667905569
0.038859713822603226
0.06798849254846573
0.021187936887145042
0.00923971552401781
0.08107053488492966
0.03068002499639988
0.050411392003297806
0.07055994868278503
0.06755522638559341
0.10384976118803024
0.05293618515133858
0.047555629163980484
0.13394030928611755
0.30917444825172424
0.18389840424060822
0.3374498188495636
0.3646336495876312
0.771237850189209
0.8549028038978577
0.909247636795044
0.8396667242050171
0.9726021885871887
0.9739832282066345
0.9769308567047119
0.912958025932312
0.8645238876342773
0.5653707981109619
0.588970959186554
0.2841128408908844
0.09678397327661514
0.05975424125790596
0.09975859522819519
0.03658495843410492
0.04348890855908394
0.07553092390298843
0.049976326525211334
0.19769473373889923
0.01290590688586235
0.005220039747655392
0.0033559880685061216
0.001688233227469027
0.01671414263546467
0.001045205513946712
0.0005344914388842881
0.0014517336385324597
0.011803817935287952
0.007668908219784498
0.011236785911023617
0.03689423203468323
0.17518506944179535
0.17622129619121552
