0.3592517375946045
0.45256906747817993
0.6330244541168213
0.3671587407588959
0.35535749793052673
0.613442599773407
0.6504924893379211
0.5000016093254089
0.32173919677734375
0.14090070128440857
0.2842845916748047
0.2533170282840729
0.30289483070373535
0.6704147458076477
0.5394008755683899
0.4911990165710449
0.45872244238853455
0.3433738350868225
0.5342899560928345
0.5763171315193176
0.2712503969669342
0.4530586302280426
0.5567059516906738
0.24375683069229126
0.23142586648464203
0.6192070841789246
0.6163496375083923
0.13022150099277496
0.3481406271457672
0.5463573336601257
0.4555560350418091
0.6647738218307495
0.5789932608604431
0.31094521284103394
0.8271773457527161
0.8857277035713196
0.6251408457756042
0.6041244268417358
0.6215145587921143
0.5597197413444519
0.7107304930686951
0.722697913646698
0.8016613721847534
0.4476950466632843
0.82032710313797
0.8377415537834167
0.7475173473358154
0.8877136707305908
0.3568834960460663
0.48196718096733093
0.3686266839504242
0.49907758831977844
0.3927176594734192
0.7330244183540344
0.7350357174873352
0.7742058634757996
0.8086565732955933
0.9317520260810852
0.8897225260734558
0.4969891607761383
0.8918150663375854
0.9239456653594971
0.5116967558860779
0.3958042562007904
0.927318811416626
0.9582507014274597
0.3941859304904938
0.31540149450302124
0.9735468029975891
0.8988803029060364
0.5573914051055908
0.8225354552268982
0.5730935335159302
0.9488847851753235
0.8473436832427979
0.9509583711624146
0.9486092329025269
0.8738244771957397
0.6467480063438416
0.7988939881324768
0.8640007972717285
0.8934100270271301
0.8483689427375793
0.9355411529541016
0.8632072806358337
0.8793436884880066
0.9029468894004822
0.9375247955322266
0.9400871396064758
0.8938880562782288
0.7131173014640808
0.8910736441612244
0.9386460185050964
0.826998233795166
0.3458695411682129
0.9540098905563354
0.9613877534866333
0.85316401720047
0.7894981503486633
0.9870340824127197
0.9775437116622925
0.8913283944129944
0.8638028502464294
0.4280354976654053
0.36336493492126465
0.3930063843727112
0.4133988916873932
0.7057053446769714
0.4156607687473297
0.8799883723258972
0.4173734486103058
0.5296986699104309
0.5687306523323059
0.6384509205818176
0.247487410902977
0.6528012752532959
0.7901244163513184
0.42019638419151306
0.3843613266944885
0.6354886293411255
0.8522915244102478
0.5715957880020142
0.8346564769744873
0.6542757153511047
0.3319936990737915
0.253913551568985
0.4429502785205841
0.14767152070999146
0.23246733844280243
0.5185909867286682
0.15487487614154816
0.8361077904701233
0.6453623175621033
0.3121005594730377
0.29395943880081177
0.21909494698047638
0.1754540055990219
0.26838746666908264
0.11893095076084137
0.11958637833595276
0.14441567659378052
0.10627041012048721
0.12277514487504959
0.20977647602558136
0.20098470151424408
0.03386421129107475
0.2609235942363739
0.7351487874984741
0.28765684366226196
0.03820156678557396
0.16061200201511383
0.1527986079454422
0.10412241518497467
0.15627124905586243
0.17834988236427307
0.0946349948644638
0.06964249163866043
0.04153033718466759
0.02880280278623104
0.014327681623399258
0.008116992190480232
0.049217429012060165
0.014780912548303604
0.03142067417502403
0.1664475053548813
0.17263154685497284
0.5197896957397461
0.628557026386261
0.5887086391448975
0.2723536491394043
0.06518055498600006
0.43411388993263245
0.1838415414094925
0.13377542793750763
0.05919048562645912
0.2638305723667145
0.09974412620067596
0.034756407141685486
0.04672316834330559
0.2977883219718933
0.23962612450122833
0.0329749658703804
0.053770698606967926
0.025066031143069267
0.021723581477999687
0.014473029412329197
0.012288196943700314
0.005923256743699312
0.0157166738063097
0.07589296996593475
0.14298345148563385
0.17558513581752777
0.17843720316886902
0.12686602771282196
0.21722176671028137
0.355099618434906
0.17292015254497528
0.5778626203536987
0.3469858765602112
0.1124022975564003
0.1373300850391388
0.2989923655986786
0.10076583921909332
0.10796952247619629
0.20677253603935242
0.2970060110092163
0.03349699452519417
0.198502779006958
0.3655940294265747
0.13400329649448395
0.11244360357522964
0.056692760437726974
0.11098642647266388
0.053908273577690125
0.04194570705294609
0.08827173709869385
0.030020125210285187
0.07785100489854813
0.04011504352092743
0.02022574283182621
0.014174004085361958
0.030451126396656036
0.005228409543633461
0.004773727152496576
0.016513291746377945
0.008382952772080898
0.007410578429698944
0.008243258111178875
0.006993288639932871
0.00378431542776525
0.015438588336110115
0.015016704797744751
0.12807664275169373
0.24604111909866333
0.08734051883220673
0.2726821005344391
0.6027801632881165
0.7077611088752747
0.6594183444976807
0.6295985579490662
0.49901968240737915
0.45192185044288635
0.4570087790489197
0.2655744254589081
0.39319711923599243
0.36993294954299927
0.35797807574272156
0.256249338388443
0.13446304202079773
0.1428111344575882
0.12193913012742996
0.03684113174676895
0.1810121089220047
0.1334848254919052
0.0725230798125267
0.0639364942908287
0.024019749835133553
0.04993046075105667
0.0697740688920021
0.04066293686628342
0.016033941879868507
0.016257593408226967
0.045459166169166565
0.03203672915697098
0.011211712844669819
0.019662955775856972
0.013156656175851822
0.028889784589409828
0.06297848373651505
0.02407904900610447
0.03775529935956001
0.014225585386157036
0.02472664788365364
0.06204938888549805
0.16621175408363342
0.5515817403793335
0.6276277899742126
0.14009112119674683
0.3014550507068634
0.12353506684303284
0.1397060751914978
0.17892810702323914
0.4139409065246582
0.40108248591423035
0.48656952381134033
0.5182417035102844
0.1097014918923378
0.17031021416187286
0.32311099767684937
0.13803668320178986
0.10385807603597641
0.17024224996566772
0.3559110462665558
0.34131741523742676
0.19494618475437164
0.15423133969306946
0.22390246391296387
0.04990426078438759
0.1030140295624733
0.05604865029454231
0.02365184761583805
0.058725014328956604
0.19896776974201202
0.14220714569091797
0.030695701017975807
0.21021638810634613
0.5426765084266663
0.23228709399700165
0.33760732412338257
0.09717989712953568
0.1924789696931839
0.2469567209482193
0.2545005977153778
0.9272736310958862
0.7509759068489075
0.2446887046098709
0.6575009822845459
0.9315637946128845
0.37890955805778503
0.4840986430644989
0.7005085349082947
0.6011496186256409
0.1590358018875122
0.21977587044239044
0.47911861538887024
0.4039163291454315
0.2644350230693817
0.31556543707847595
0.5935204029083252
0.49579164385795593
0.212639719247818
0.4952283501625061
0.6699605584144592
0.7266281843185425
