0.06098855286836624
0.04281893000006676
0.10907619446516037
0.04447121173143387
0.07712601870298386
0.08121631294488907
0.06098395586013794
0.02665608748793602
0.02633451111614704
0.021128296852111816
0.003416400868445635
0.0047615603543818
0.010395524092018604
0.025998080149292946
0.02758803963661194
0.02418382279574871
0.06104886531829834
0.11592654138803482
0.048319101333618164
0.08221124112606049
0.0559108592569828
0.08649926632642746
0.35032889246940613
0.4986421763896942
0.23373518884181976
0.11238531023263931
0.14610394835472107
0.09170625358819962
0.08217854052782059
0.3334641754627228
0.08567046374082565
0.1819421797990799
0.15613287687301636
0.14368243515491486
0.3697439432144165
0.3526865243911743
0.3657188415527344
0.2648409903049469
0.18113286793231964
0.6511522531509399
0.6524984836578369
0.659008800983429
0.7645614743232727
0.6955952644348145
0.5354694724082947
0.5267067551612854
0.49361324310302734
0.5166434645652771
0.6645765900611877
0.23275600373744965
0.4415864944458008
0.5436578392982483
0.5531930327415466
0.4552459716796875
0.38101300597190857
0.4827903211116791
0.3294600248336792
0.27490001916885376
0.14477263391017914
0.3362031877040863
0.30139783024787903
0.057879380881786346
0.08131418377161026
0.13920293748378754
0.09983102232217789
0.13729065656661987
0.48383045196533203
0.2599067986011505
0.13441137969493866
0.31512880325317383
0.36589115858078003
0.12461256980895996
0.036887023597955704
0.18757383525371552
0.08932969719171524
0.026870140805840492
0.07057131826877594
0.10311199724674225
0.021400773897767067
0.017481638118624687
0.016145221889019012
0.019014235585927963
0.0035517674405127764
0.006596767343580723
0.03354043886065483
0.00973229855298996
0.02885751612484455
0.018367258831858635
0.03450273349881172
0.055197205394506454
0.05766298249363899
0.08545214682817459
0.012974183075129986
0.07655087858438492
0.14870551228523254
0.24886862933635712
0.032188452780246735
0.11912854760885239
0.21011175215244293
0.22740189731121063
0.15573647618293762
0.09011039137840271
0.08747418224811554
0.09858568757772446
0.09263292700052261
0.03621455281972885
0.04510895162820816
0.1042165458202362
0.1364908516407013
0.03373701870441437
0.06534183025360107
0.1460886001586914
0.043755460530519485
0.01610630191862583
0.13446955382823944
0.1340305060148239
0.00942264311015606
0.12802743911743164
0.1388464719057083
0.2235517054796219
0.060841117054224014
0.01591256819665432
0.04113618656992912
0.007261200342327356
0.007897441275417805
0.003168117254972458
0.008823713287711143
0.012883621267974377
0.044091928750276566
0.05050014331936836
0.29617395997047424
0.08545861393213272
0.3542364537715912
0.09450703859329224
0.4432772994041443
0.2523619830608368
0.04487328976392746
0.20676922798156738
0.5587199926376343
0.3909784257411957
0.2666560411453247
0.14181795716285706
0.036512505263090134
0.0261719711124897
0.14694252610206604
0.13581855595111847
0.3613046705722809
0.1337042897939682
0.014972100965678692
0.05250563099980354
0.2177628129720688
0.08596224337816238
0.01085151918232441
0.08345015347003937
0.14286473393440247
0.02040569670498371
0.002958845579996705
0.17738303542137146
0.04865196719765663
0.004145781043916941
0.015125189907848835
0.22721286118030548
0.051292784512043
0.0076458933763206005
0.048936109989881516
0.07673770189285278
0.051000818610191345
0.010894493199884892
0.04241850599646568
0.04614899680018425
0.006410340312868357
0.010509410873055458
0.002923330757766962
0.014677079394459724
0.0555231049656868
0.0584312342107296
0.04057874530553818
0.15026256442070007
0.2600019574165344
0.062341075390577316
0.2508717477321625
0.3620964288711548
0.24207550287246704
0.46829578280448914
0.4975685477256775
0.4020814001560211
0.5168991088867188
0.1234385073184967
0.06182824447751045
0.30095475912094116
0.2302592545747757
0.08421861380338669
0.02688194066286087
0.042983513325452805
0.04871829226613045
0.30991771817207336
0.26048222184181213
0.31079626083374023
0.29154905676841736
0.21748104691505432
0.19717687368392944
0.1915474385023117
0.17931769788265228
0.3531753718852997
0.12365061789751053
0.1261163204908371
0.1451020985841751
0.45392194390296936
0.15723642706871033
0.022378407418727875
0.05480547621846199
0.1286000907421112
0.06535277515649796
0.0023845923133194447
0.03387536481022835
0.0759805217385292
0.007039026357233524
0.0032861498184502125
0.05022527649998665
0.19100406765937805
0.007950943894684315
0.014559010975062847
0.281712144613266
0.2434072196483612
0.014748413115739822
0.1606190949678421
0.24334409832954407
0.12319748848676682
0.06322254985570908
0.13914556801319122
0.047438472509384155
0.03761923685669899
0.037215471267700195
0.0057292222045362
0.0042750039137899876
0.002946373773738742
0.0046368492767214775
0.01445490587502718
0.038644518703222275
0.18739181756973267
0.3066962957382202
0.4861941933631897
0.41107892990112305
0.8020497560501099
0.5711469650268555
0.5626325607299805
0.7926343083381653
0.9026749730110168
0.7744328379631042
0.9001113176345825
0.7420780658721924
0.3221670389175415
0.8579930663108826
0.8624147772789001
0.2777627110481262
0.33825525641441345
0.898492693901062
0.6075137853622437
0.2829512655735016
0.7141541242599487
0.7361599206924438
0.5900700688362122
0.46918779611587524
0.6011998653411865
0.4619479179382324
0.19209294021129608
0.08958033472299576
0.4903107285499573
0.09962718933820724
0.031009256839752197
0.23333533108234406
0.6408334374427795
0.12260164320468903
0.6918162107467651
0.5318560600280762
0.5858662128448486
0.6807357668876648
0.8764621615409851
0.4274897575378418
0.6684668660163879
0.7220740914344788
0.6934893727302551
0.423091322183609
0.4993833601474762
0.7103785276412964
0.5188506245613098
0.4587961435317993
0.21943910419940948
0.2952488362789154
0.22744594514369965
0.21978145837783813
0.37962281703948975
0.37942567467689514
0.42000168561935425
0.47648414969444275
0.1371462643146515
0.33915844559669495
0.20935463905334473
0.11105301976203918
0.06988097727298737
0.5128238201141357
0.27862802147865295
0.061576202511787415
0.19360508024692535
0.0422501415014267
0.13150756061077118
0.010672839358448982
0.0071710869669914246
0.00339749944396317
0.00445753475651145
0.006620778702199459
0.044862035661935806
0.06717310845851898
0.26358047127723694
0.37987127900123596
0.44090715050697327
0.24330615997314453
0.2005811333656311
0.4254446029663086
0.4711117148399353
0.5472610592842102
0.39394816756248474
0.47462067008018494
0.5013320446014404
0.40367093682289124
0.6596695184707642
0.7201175093650818
0.6604292988777161
0.5468604564666748
0.4165608286857605
0.5367217659950256
0.3887427747249603
0.654729962348938
0.5743199586868286
0.2153373807668686
0.5607364177703857
0.581818163394928
0.5952019691467285
0.4122101664543152
0.6460719108581543
0.8190831542015076
0.5543060302734375
0.4302014410495758
0.24620620906352997
0.1516573131084442
0.4701760709285736
0.6429586410522461
0.6296241879463196
0.3099856972694397
0.41767457127571106
0.26920148730278015
0.27334704995155334
0.07840471714735031
0.7612952589988708
0.3374119699001312
0.043815214186906815
0.42567169666290283
0.9121236801147461
0.20227129757404327
0.059014011174440384
0.8338993191719055
0.910589337348938
0.22029107809066772
0.47176095843315125
0.9154612421989441
0.8544708490371704
0.5552314519882202
0.7785241007804871
0.18075117468833923
0.07495032995939255
0.01402357593178749
0.011167318560183048
0.00358378142118454
0.010943589732050896
0.007291523274034262
0.004479283932596445
0.01776804029941559
0.053235698491334915
0.051482465118169785
0.16296379268169403
0.3767601549625397
0.11233747005462646
0.17927423119544983
0.11209368705749512
0.09677110612392426
0.0984751358628273
0.06978509575128555
0.03973007574677467
0.05192773789167404
0.03357170894742012
0.07904430478811264
0.02359442226588726
0.11820764094591141
0.10121480375528336
0.01750153675675392
0.04430297389626503
0.12552671134471893
0.06904059648513794
0.010584596544504166
0.03779865801334381
0.08789747953414917
0.03804020956158638
0.025061504915356636
0.14754605293273926
0.16513226926326752
0.024258118122816086
0.0776238739490509
0.21370935440063477
0.05536899343132973
0.07037035375833511
0.11137869954109192
0.4719967246055603
0.6475747227668762
0.22064770758152008
0.17713265120983124
0.18454596400260925
0.027371421456336975
0.03858552128076553
0.007416825275868177
0.011909787543118
0.005645394790917635
0.008110130205750465
0.0766715332865715
0.013181542046368122
0.012433167546987534
0.047941628843545914
0.04662652686238289
0.12596292793750763
0.31752273440361023
0.39861276745796204
0.6245318651199341
0.5653508305549622
0.32353177666664124
0.13699239492416382
0.3507594168186188
0.265092134475708
0.5431540608406067
0.4021536409854889
0.25495633482933044
0.15372005105018616
0.021408844739198685
0.018378324806690216
0.019353827461600304
0.06506221741437912
0.06645849347114563
0.1916998326778412
0.16817034780979156
0.13847623765468597
0.29461994767189026
0.373561829328537
0.16547754406929016
0.3459302484989166
0.2397366166114807
0.2174273431301117
0.1806187927722931
0.15527215600013733
0.11533796787261963
0.06647831201553345
0.020166000351309776
0.02349325641989708
0.03898129612207413
0.004762319382280111
0.013887422159314156
0.03981788456439972
0.05885934829711914
0.009578920900821686
0.02876911498606205
0.03444342687726021
0.0349179245531559
0.022270096465945244
0.05133011192083359
0.0864482894539833
0.09281843155622482
0.016217604279518127
0.08209037780761719
0.09576296806335449
0.06476926803588867
