0.0787758082151413
0.08535151928663254
0.12854914367198944
0.14490221440792084
0.08872127532958984
0.17502829432487488
0.10434849560260773
0.2941119074821472
0.16755197942256927
0.4515957832336426
0.8619335889816284
0.7095612287521362
0.9089500904083252
0.9658363461494446
0.5281271934509277
0.8017459511756897
0.9294622540473938
0.9059208035469055
0.5536544919013977
0.866710901260376
0.9157723188400269
0.5593541264533997
0.7319151759147644
0.9657904505729675
0.962982714176178
0.9114325046539307
0.7963219285011292
0.8185899257659912
0.6661012768745422
0.2657527029514313
0.21062374114990234
0.3767681419849396
0.5298963785171509
0.6585933566093445
0.3677651584148407
0.5187175869941711
0.5082643628120422
0.7457775473594666
0.9194539189338684
0.76490318775177
0.4799487888813019
0.6371345520019531
0.726887047290802
0.4007876217365265
0.18599151074886322
0.18791453540325165
0.5306572318077087
0.11837907880544662
0.28805893659591675
0.06355608999729156
0.05600123479962349
0.04232223704457283
0.05909319594502449
0.012354554608464241
0.029261814430356026
0.03228302672505379
0.05372365191578865
0.02715836837887764
0.02459808625280857
0.012327447533607483
0.030904723331332207
0.03538753464818001
0.0760863870382309
0.045762237161397934
0.21809570491313934
0.08559665083885193
0.3646829128265381
0.25024792551994324
0.837739884853363
0.9324245452880859
0.9771006107330322
0.9371415376663208
0.8907878994941711
0.8841388821601868
0.28275981545448303
0.8311997652053833
0.9358457922935486
0.3325875699520111
0.13017220795154572
0.9375444054603577
0.7087565064430237
0.10256356745958328
0.6438673138618469
0.8026888370513916
0.2745698392391205
0.17576220631599426
0.23846843838691711
0.3064868748188019
0.6742266416549683
0.7728607058525085
0.799451470375061
0.9226107001304626
0.9319652915000916
0.7764161229133606
0.9295845031738281
0.9599486589431763
0.929943323135376
0.5755531191825867
0.5216758847236633
0.8854798078536987
0.7949813604354858
0.3446517884731293
0.4589599668979645
0.90654057264328
0.6570690274238586
0.34734398126602173
0.3993462324142456
0.6349130868911743
0.5665881633758545
0.16761177778244019
0.17409385740756989
0.4671490490436554
0.42073091864585876
0.3506680727005005
0.662537693977356
0.4871353507041931
0.49412038922309875
0.6037231683731079
0.8346793055534363
0.6167008280754089
0.7878047823905945
0.7135730981826782
0.8795778751373291
0.8434533476829529
0.9464446306228638
0.9677837491035461
0.9211896061897278
0.9185985922813416
0.9141806364059448
0.7701389789581299
0.8033592700958252
0.7406511902809143
0.7887179851531982
0.8347585797309875
0.6609438061714172
0.7202427983283997
