0.2609504759311676
0.23683568835258484
0.26132240891456604
0.2397851198911667
0.3998199701309204
0.5361707806587219
0.5325673818588257
0.6118504405021667
0.36387431621551514
0.5019077658653259
0.27325475215911865
0.2644681930541992
0.36258643865585327
0.43350958824157715
0.15290991961956024
0.2866058051586151
0.29161879420280457
0.3689121603965759
0.3462035655975342
0.23914840817451477
0.2856138050556183
0.4113713502883911
0.35595884919166565
0.2848280370235443
0.1628766804933548
0.21101807057857513
0.45563021302223206
0.2640001177787781
0.4005802869796753
0.2833954095840454
0.3336338996887207
0.327707439661026
0.24854101240634918
0.4148244261741638
0.2735697329044342
0.5749223828315735
0.4584505259990692
0.25843292474746704
0.5097006559371948
0.4196356534957886
0.2508658468723297
0.3609260618686676
0.30245697498321533
0.39187091588974
0.28048446774482727
0.3465254306793213
0.2872051000595093
0.23606345057487488
0.32213154435157776
0.32202884554862976
0.37060755491256714
0.26184916496276855
0.13471896946430206
0.6797148585319519
0.5477831363677979
0.16868989169597626
0.11786937713623047
0.08795777708292007
0.08107868582010269
0.06593190133571625
0.056928642094135284
0.15812189877033234
0.46730509400367737
0.3233543634414673
0.41160452365875244
0.26862579584121704
0.5944340825080872
0.3668134808540344
0.36886730790138245
0.2608886659145355
0.11618823558092117
0.20858986675739288
0.3657800853252411
0.12945008277893066
0.11312174797058105
0.06207175552845001
0.007724509574472904
0.010248725302517414
0.012018646113574505
0.029723452404141426
0.03643831983208656
0.061769552528858185
0.2724184989929199
0.3433055579662323
0.12237925082445145
0.2553463578224182
0.07028742879629135
0.05573942884802818
0.23142272233963013
0.40184858441352844
0.012185405008494854
0.07934272289276123
0.3253839910030365
0.2888636589050293
0.04316696897149086
0.17117957770824432
0.6660467386245728
0.48409631848335266
0.14442111551761627
0.37375038862228394
0.045017972588539124
0.2513524293899536
0.030015720054507256
0.15399783849716187
0.18156276643276215
0.7007201313972473
0.7110713124275208
0.8115823864936829
0.7765362858772278
0.557007372379303
0.4790624976158142
0.7745627760887146
0.555945098400116
0.20746023952960968
0.816476047039032
0.5474761128425598
0.27972185611724854
0.5508607029914856
0.7197838425636292
0.40996187925338745
0.3424709141254425
0.7787343859672546
0.45005327463150024
0.2206488698720932
0.6733947396278381
0.6797866821289062
0.5487623810768127
0.8170220851898193
0.38043349981307983
0.5281388759613037
0.14410081505775452
0.4320012927055359
0.5766490697860718
0.19393503665924072
0.578910231590271
0.6229074597358704
0.43699491024017334
0.717729389667511
0.8708189129829407
0.8555363416671753
0.4142341613769531
0.5028958916664124
0.32769113779067993
0.08270148932933807
0.07624737173318863
0.018656965345144272
0.006911110132932663
0.010398170910775661
0.018648559227585793
0.04077542945742607
0.2032860666513443
0.4862569272518158
0.39760199189186096
0.5388860702514648
0.37677809596061707
0.10120072960853577
0.1337655633687973
0.34984686970710754
0.19505394995212555
0.016262149438261986
0.1481449455022812
0.3188934624195099
0.10247686505317688
0.038173094391822815
0.3909454941749573
0.25591716170310974
0.32614150643348694
0.06759560108184814
0.256049245595932
0.4154159426689148
0.2073446661233902
0.09723144769668579
0.16440394520759583
0.024183277040719986
0.04194264113903046
0.020700527355074883
0.10256438702344894
0.060085926204919815
0.3135599195957184
0.1630953997373581
0.6104071736335754
0.43484535813331604
0.2659989297389984
0.3542878031730652
0.6221927404403687
0.5033162236213684
0.23566609621047974
0.2531830966472626
0.2808874249458313
0.4285232424736023
0.16869467496871948
0.13646484911441803
0.26293230056762695
0.187391996383667
0.1496850848197937
0.06281500309705734
0.1811375916004181
0.21969296038150787
0.16494210064411163
0.04342486336827278
0.18907317519187927
0.17815417051315308
0.2822542190551758
0.15427204966545105
0.371543824672699
0.30326879024505615
0.42359867691993713
0.2650013864040375
0.5927504301071167
0.44384315609931946
0.6579774022102356
0.19472606480121613
0.7076623439788818
0.8268874287605286
0.38900327682495117
0.24413135647773743
0.7199742794036865
0.5404329895973206
0.25831300020217896
0.11585717648267746
0.1013965755701065
0.08868823200464249
0.16033422946929932
0.02871430665254593
0.27411529421806335
0.09636525809764862
0.2931240499019623
