0.108291856944561
0.20303566753864288
0.4568881392478943
0.05230240896344185
0.09897011518478394
0.24628019332885742
0.07589852064847946
0.03518769145011902
0.12564298510551453
0.43150267004966736
0.1673232465982437
0.02614683285355568
0.28496265411376953
0.803737998008728
0.4294813871383667
0.18601948022842407
0.5666044354438782
0.7511683702468872
0.5664248466491699
0.4100508987903595
0.5051845908164978
0.679353654384613
0.657956063747406
0.6243043541908264
0.8792126774787903
0.7972037196159363
0.6544913053512573
0.7886343598365784
0.8650023937225342
0.7377350330352783
0.8373609185218811
0.9017336368560791
0.8101761937141418
0.8773331642150879
0.7894267439842224
0.8546552658081055
0.9257286787033081
0.785925567150116
0.6456822156906128
0.5257675647735596
0.9408961534500122
0.8251071572303772
0.8042709827423096
0.6004297137260437
0.9263225197792053
0.6367124915122986
0.5980802774429321
0.8734725117683411
0.8686061501502991
0.3649729788303375
0.5912216901779175
0.9625594019889832
0.8420167565345764
0.37524405121803284
0.35803452134132385
0.6546566486358643
0.32896313071250916
0.12494562566280365
0.20945122838020325
0.1647358387708664
0.08715648949146271
0.08878006041049957
0.10192620754241943
0.04315948858857155
0.0552855022251606
0.1240203008055687
0.0129647646099329
0.06893090158700943
0.037188902497291565
0.13942837715148926
0.025557808578014374
0.22944879531860352
0.09295051544904709
0.2155521810054779
0.4672626852989197
0.1862570196390152
0.14263714849948883
0.20837169885635376
0.11759204417467117
0.05162820965051651
0.11290851980447769
0.175012469291687
0.08900269120931625
0.06434869766235352
0.11629320681095123
0.22179660201072693
0.076954185962677
0.042835596948862076
0.15204571187496185
0.18519042432308197
0.04799431934952736
0.03937091678380966
0.19735178351402283
0.224424809217453
0.11186519265174866
0.08865863084793091
0.391027569770813
0.296980082988739
0.3520256280899048
0.5075550675392151
0.6628630757331848
0.6731598973274231
0.3340793550014496
0.4828108847141266
0.5186753869056702
0.5839718580245972
0.7003406882286072
0.48947298526763916
0.5103644132614136
0.6874668598175049
0.42891740798950195
0.602914035320282
0.41052117943763733
0.33010926842689514
0.6603212356567383
0.24318917095661163
0.2644929885864258
0.16958758234977722
0.32527944445610046
0.4728335738182068
0.7377400398254395
0.5481147766113281
0.2694873511791229
0.6082417964935303
0.5602512955665588
0.548909604549408
0.6330157518386841
0.6522420048713684
0.6351712346076965
0.7283175587654114
0.5893857479095459
0.12157803028821945
0.24336989223957062
0.6188340783119202
0.46368440985679626
0.12378191947937012
0.09667059034109116
0.6105077862739563
0.5302217602729797
0.0990343913435936
0.19607578217983246
0.6661818623542786
0.5668094754219055
0.18497537076473236
0.463504433631897
0.7757806777954102
0.6025009751319885
0.3335847854614258
0.5180631875991821
0.7081571221351624
0.7947463989257812
0.6012444496154785
0.5590609312057495
0.6856620907783508
0.8031699061393738
0.8787775039672852
0.8409013152122498
0.8357863426208496
0.95204097032547
0.7767719626426697
0.7195104956626892
0.9444682002067566
0.7876322865486145
0.6595619320869446
0.5534163117408752
0.9213447570800781
0.6752687692642212
0.6929588913917542
0.790353000164032
0.8877180814743042
0.42409008741378784
0.5595994591712952
0.9089317321777344
0.8331534266471863
0.3113611042499542
0.5275968909263611
0.7473931312561035
0.2968572974205017
0.1292092353105545
0.5721390843391418
0.3482956290245056
0.09951810538768768
0.15924246609210968
0.12285210192203522
0.08193326741456985
0.06903598457574844
0.6449958682060242
0.08993271738290787
0.19765569269657135
0.09255697578191757
0.21240438520908356
0.0908949002623558
0.4631662368774414
0.4715716540813446
0.3582442104816437
0.27940526604652405
0.527856707572937
0.5964954495429993
0.14475102722644806
0.44893667101860046
0.46331024169921875
0.3030158579349518
0.32134416699409485
0.5800093412399292
0.1436864584684372
0.11154324561357498
0.3036164343357086
0.13870294392108917
0.03370331600308418
0.049286965280771255
0.07429375499486923
0.10535777360200882
0.030814068391919136
0.020029840990900993
0.04755343496799469
0.15681633353233337
0.055840302258729935
0.05462181568145752
0.2218177616596222
0.2221096158027649
0.2429603487253189
0.26029452681541443
0.4505172371864319
0.6138216257095337
0.27090758085250854
0.21852023899555206
0.2776011526584625
0.4017848074436188
