0.17015959322452545
0.3504933714866638
0.4510158896446228
0.4244743585586548
0.5074446797370911
0.20252758264541626
0.589091956615448
0.32920965552330017
0.7414805293083191
0.8247708082199097
0.7614280581474304
0.5178731679916382
0.4932958781719208
0.08675523102283478
0.2648998498916626
0.11104390025138855
0.12020402401685715
0.1347651332616806
0.10995516180992126
0.25545480847358704
0.2159217745065689
0.0854961946606636
0.12783730030059814
0.03417511656880379
0.07778973132371902
0.026959199458360672
0.018383188173174858
0.0340280681848526
0.05926709622144699
0.08945155143737793
0.23719565570354462
0.02755686827003956
0.14185504615306854
0.19008499383926392
0.01951291412115097
0.052080318331718445
0.17286036908626556
0.13458746671676636
0.03491600230336189
0.10256313532590866
0.2846587896347046
0.22200967371463776
0.11665666103363037
0.17422272264957428
0.09513989835977554
0.02887786738574505
0.07320688664913177
0.04903179407119751
0.016822896897792816
0.01684042252600193
0.013277038000524044
0.020840216428041458
0.04211500659584999
0.1808893084526062
0.3125588893890381
0.5907058119773865
0.44310030341148376
0.1330929845571518
0.05701610818505287
0.09322582185268402
0.018440917134284973
0.007421049755066633
0.04565020278096199
0.0387643501162529
0.007723285350948572
0.022223656997084618
0.03854050487279892
0.055381521582603455
0.042729008942842484
0.044837579131126404
0.08720304071903229
0.019062204286456108
0.026622628793120384
0.009037468582391739
0.012484496459364891
0.0023959435056895018
0.022656487300992012
0.03754916042089462
0.06131729111075401
0.020865831524133682
0.09561789035797119
0.2249307632446289
0.0898951068520546
0.02551957778632641
0.016902444884181023
0.038496170192956924
0.06576051563024521
0.054604001343250275
0.01779584027826786
0.010879392735660076
0.07886606454849243
0.036229752004146576
0.019696883857250214
0.027321740984916687
0.030087437480688095
0.13931991159915924
0.03355838730931282
0.08029364794492722
0.05380392074584961
0.07972371578216553
0.05218048021197319
0.02405616082251072
0.013726457953453064
0.0042035686783492565
0.048916228115558624
0.06536667048931122
0.060721054673194885
0.10880574584007263
0.043917905539274216
0.22258703410625458
0.12040223181247711
0.3624187409877777
0.057189472019672394
0.03333742916584015
0.01277966983616352
0.0039095706306397915
0.007074891589581966
0.043807778507471085
0.016958152875304222
0.12122160941362381
0.10874183475971222
0.17651769518852234
0.01463194377720356
0.026617275550961494
0.02175014838576317
0.03059462457895279
0.16763074696063995
0.019760355353355408
0.029839184135198593
0.1065954864025116
0.07519596070051193
0.021746212616562843
0.032610222697257996
0.15751637518405914
0.21741554141044617
0.665114164352417
0.37831035256385803
0.7896877527236938
0.675497829914093
0.30450358986854553
0.37239891290664673
0.08178017288446426
0.1842484474182129
0.2756344974040985
0.10578740388154984
0.13252337276935577
0.20939168334007263
0.03414188325405121
0.06123247370123863
0.1585332304239273
0.13919326663017273
0.013177948072552681
0.10623950511217117
0.1630832999944687
0.09534598886966705
0.0769290179014206
0.1578594446182251
0.21154174208641052
0.04554825276136398
0.17805862426757812
0.041035350412130356
0.17214900255203247
0.16066411137580872
0.25486934185028076
0.5524892210960388
0.5820403099060059
0.6424979567527771
0.08620042353868484
0.13860373198986053
0.22584965825080872
0.06675050407648087
0.019751867279410362
0.25447601079940796
0.10534282773733139
0.06317321956157684
0.18365171551704407
0.22632244229316711
0.1950041502714157
0.16599197685718536
0.33179402351379395
0.37080666422843933
0.11215196549892426
0.1023891344666481
0.1753273606300354
0.06248423829674721
0.15667550265789032
0.14498001337051392
0.19714288413524628
0.20709128677845
0.15083551406860352
0.27525487542152405
0.10647603124380112
0.19477926194667816
0.1843317747116089
0.35536864399909973
0.4947843551635742
0.222337543964386
0.3622983992099762
0.5416609048843384
0.5179336071014404
0.7042520642280579
0.4783095419406891
0.45715242624282837
0.3585262894630432
0.3018547594547272
0.2553785443305969
0.02350512146949768
0.12379147112369537
0.24119912087917328
0.06296048313379288
0.09866542369127274
0.10141301900148392
0.021650150418281555
0.020080262795090675
0.0386047326028347
0.043792322278022766
0.070549875497818
0.10570184886455536
0.039634764194488525
0.22904343903064728
0.11128759384155273
0.2285281866788864
0.19334673881530762
0.053066983819007874
0.13019953668117523
0.15099883079528809
0.1659298986196518
0.1378057301044464
0.17824020981788635
0.17577815055847168
0.11811002343893051
0.07267198711633682
0.11839551478624344
0.05127997696399689
0.1810804009437561
0.10825660824775696
0.09562703222036362
0.1566382497549057
0.034754931926727295
0.06699562072753906
0.08319933712482452
0.045758552849292755
0.05741049721837044
0.047593165189027786
0.16101853549480438
0.13501696288585663
0.08742666989564896
0.10728280991315842
0.34304940700531006
0.1743764877319336
0.16255924105644226
