0.03803619369864464
0.0614091232419014
0.00483996607363224
0.006259061861783266
0.0021099888253957033
0.005188886541873217
0.008631073869764805
0.004146778956055641
0.024986855685710907
0.022107506170868874
0.07724910229444504
0.028045842424035072
0.005240167025476694
0.045566923916339874
0.029151486232876778
0.011395229957997799
0.009817088954150677
0.16791635751724243
0.055632174015045166
0.02751913107931614
0.07389193028211594
0.13481256365776062
0.16322533786296844
0.06031635031104088
0.09432259947061539
0.01875682920217514
0.019840668886899948
0.014410970732569695
0.00901139434427023
0.03323765844106674
0.046346500515937805
0.06513742357492447
0.054718017578125
0.05942762643098831
0.02312827669084072
0.0930107906460762
0.0411488339304924
0.023547440767288208
0.08111636340618134
0.1052037850022316
0.08430998772382736
0.0834016352891922
0.01654498465359211
0.21999488770961761
0.12148348242044449
0.5737624168395996
0.47229671478271484
0.2645062208175659
0.029256973415613174
0.30896085500717163
0.28407254815101624
0.09184917062520981
0.021476492285728455
0.24764034152030945
0.11379708349704742
0.07266290485858917
0.10332801192998886
0.03651607781648636
0.05651378631591797
0.013339255936443806
0.002492772415280342
0.003615797497332096
0.0035116481594741344
0.001879879622720182
0.007272119168192148
0.01730145514011383
0.05213173106312752
0.05565643310546875
0.09464610368013382
0.09439525008201599
0.09443411231040955
0.06280467659235
0.020785685628652573
0.38496461510658264
0.14564508199691772
0.14703534543514252
0.6626615524291992
0.5581151843070984
0.1367218792438507
0.020430127158761024
0.9109272360801697
0.22351272404193878
0.015522046014666557
0.04008162021636963
0.5903134942054749
0.8098142147064209
0.026488231495022774
0.0758085623383522
0.9581064581871033
0.5436498522758484
0.006995298899710178
0.4466472268104553
0.8857064843177795
0.16309943795204163
0.02278381586074829
0.7043473124504089
0.3895777761936188
0.09553796797990799
0.2542826235294342
0.042437683790922165
0.11470629274845123
0.016753962263464928
0.01143992505967617
0.010014192201197147
0.009125987067818642
0.09477999061346054
0.1407131403684616
0.012256252579391003
0.061925165355205536
0.24964836239814758
0.0923418179154396
0.09831473976373672
0.022838272154331207
0.1603989452123642
0.07038602977991104
0.012880513444542885
0.06464294344186783
0.08751741796731949
0.36600127816200256
0.445203572511673
0.7321732044219971
0.4823320806026459
0.949177622795105
0.8992493748664856
0.7642980217933655
0.5504438281059265
0.39901453256607056
0.24404342472553253
0.5298542976379395
0.09239355474710464
0.3247871696949005
0.8814994096755981
0.2027963250875473
0.13430042564868927
0.8465613722801208
0.9406935572624207
0.1604243963956833
0.6371166706085205
0.9878836870193481
0.9160543084144592
0.09779239445924759
0.9282047748565674
0.8588801026344299
0.8261568546295166
0.5319332480430603
0.19548901915550232
0.0850701853632927
0.08054467290639877
0.02003774791955948
0.13273873925209045
0.017813310027122498
0.007743086200207472
0.02712811343371868
0.031300850212574005
0.021243087947368622
0.02861076593399048
0.08110599219799042
0.1450178325176239
0.08219199627637863
0.14363904297351837
0.08295370638370514
0.049706775695085526
0.20730121433734894
0.024044275283813477
0.12343178689479828
0.09213093668222427
0.104711152613163
0.024897852912545204
0.11915209889411926
0.06883656978607178
0.03897424042224884
0.10076776146888733
0.05258386954665184
0.021756967529654503
0.10814712941646576
0.017436353489756584
0.07375621795654297
0.06855496019124985
0.010978520847856998
0.024230079725384712
0.014897189103066921
0.00946944858878851
0.03727509826421738
0.017906732857227325
0.018155043944716454
0.009679390117526054
0.04825151339173317
0.016614237800240517
0.0069252438843250275
0.002789165126159787
0.018745843321084976
0.015970315784215927
0.013352235779166222
0.049234259873628616
0.039733607321977615
0.021075157448649406
0.03182470053434372
0.05856495350599289
0.05978544056415558
0.19522760808467865
0.1372119039297104
0.42755019664764404
0.43202632665634155
0.4846175014972687
0.10456506907939911
0.08294578641653061
0.00991080142557621
0.00952875055372715
0.006940348073840141
0.03424643352627754
0.02460477128624916
0.028546592220664024
0.036193303763866425
0.061112191528081894
0.05448867008090019
0.07624398916959763
0.0329815149307251
0.00511937215924263
0.03411604464054108
0.10857349634170532
0.06576410681009293
0.07329270988702774
0.0780194103717804
0.1284189373254776
0.16955378651618958
0.1733929067850113
0.05949309095740318
0.13969162106513977
0.051303766667842865
0.059512484818696976
0.027593785896897316
0.10204003006219864
0.07392618805170059
0.11686400324106216
0.07914081960916519
0.08310233801603317
0.08446338772773743
0.2488996684551239
0.08233929425477982
0.19751110672950745
0.23411978781223297
0.07251940667629242
0.2373097687959671
0.1487836390733719
0.02762257494032383
0.06188170984387398
0.008857689797878265
0.004025798290967941
0.0044202907010912895
0.013493955135345459
0.08518765866756439
0.016224415972828865
0.08590563386678696
0.30290287733078003
0.014886478893458843
0.05384175479412079
0.08844711631536484
0.08012022823095322
0.04207590967416763
0.08640015125274658
0.02983897551894188
0.044133834540843964
0.014956116676330566
0.04021558538079262
0.0577380396425724
0.06017277017235756
0.03058081865310669
0.06979697942733765
0.12385807186365128
0.026887960731983185
0.04099045693874359
0.06164287403225899
0.09817615896463394
