0.022052006796002388
0.006814050022512674
0.031120039522647858
0.052803654223680496
0.06102784350514412
0.0635211244225502
0.04027155786752701
0.04662242904305458
0.07104165852069855
0.08434587717056274
0.05170368030667305
0.018178295344114304
0.006966750603169203
0.039793502539396286
0.019275564700365067
0.06795749813318253
0.0401219017803669
0.023621050640940666
0.03359486907720566
0.022334011271595955
0.05290811508893967
0.09005863219499588
0.05003197863698006
0.2737422585487366
0.08907753229141235
0.07650057971477509
0.22995325922966003
0.5154563188552856
0.2853575050830841
0.6173753142356873
0.3681638836860657
0.5485019087791443
0.4141902029514313
0.5015374422073364
0.325639545917511
0.6417678594589233
0.5077250003814697
0.2970278561115265
0.399127334356308
0.34443947672843933
0.1495143622159958
0.1103144958615303
0.10525484383106232
0.17834141850471497
0.0797773078083992
0.21087348461151123
0.14189501106739044
0.3907676041126251
0.45329609513282776
0.16444829106330872
0.10652408003807068
0.038715463131666183
0.04913101717829704
0.021819204092025757
0.05948910489678383
0.10024258494377136
0.1877172738313675
0.0648406371474266
0.08955533802509308
0.0489371232688427
0.025205068290233612
0.03463795408606529
0.020771266892552376
0.0714719146490097
0.06338688731193542
0.023688221350312233
0.03052995540201664
0.03823311626911163
0.09234493970870972
0.03895203396677971
0.02913655899465084
0.11855465918779373
0.1612444669008255
0.10513130575418472
0.03781093284487724
0.05102413520216942
0.22203600406646729
0.22795189917087555
0.10068938881158829
0.07276150584220886
0.04721953347325325
0.1898314505815506
0.2102528214454651
0.11614157259464264
0.0398494191467762
0.03217076510190964
0.1381584107875824
0.07776689529418945
0.057748086750507355
0.08945828676223755
0.19584207236766815
0.047275859862565994
0.05022137239575386
0.30133146047592163
0.1836479753255844
0.2850826680660248
0.412160187959671
0.09128303080797195
0.08110520988702774
0.26772037148475647
0.06773020327091217
0.036130551248788834
0.14206376671791077
0.2995128929615021
0.10418707132339478
0.11004195362329483
0.0439164973795414
0.07085216045379639
0.05929704010486603
0.2540642023086548
0.2681332230567932
0.28632378578186035
0.22697646915912628
0.36561357975006104
0.22590255737304688
0.3330373764038086
0.44591018557548523
0.18059399724006653
0.05251862481236458
0.22987474501132965
0.26161566376686096
0.22457356750965118
0.0319359265267849
0.14496107399463654
0.35752514004707336
0.2814512848854065
0.6760529279708862
0.5307440161705017
0.7067275047302246
0.7448855042457581
0.5313858985900879
0.387382835149765
0.21067802608013153
0.4924127757549286
0.2872776687145233
0.07373734563589096
0.2503727972507477
0.3023953139781952
0.11509214341640472
0.06963256001472473
0.09953870624303818
0.3293667733669281
0.11082107573747635
0.04881902411580086
0.09748781472444534
0.27264833450317383
0.38557496666908264
0.10922123491764069
0.23586755990982056
0.15643951296806335
0.20947501063346863
0.24164311587810516
0.38131195306777954
0.32937583327293396
0.17897045612335205
0.15060412883758545
0.14230601489543915
0.2808680832386017
0.12581266462802887
0.20894120633602142
0.24495413899421692
0.2567390501499176
0.10698490589857101
0.0636579766869545
0.2244323343038559
0.14706191420555115
0.05517908185720444
0.06257203966379166
0.14614832401275635
0.11089316755533218
0.05185513570904732
0.02681259624660015
0.10086449980735779
0.092317134141922
0.0719512403011322
0.35879436135292053
0.05073701590299606
0.1494159996509552
0.6099804639816284
0.14523720741271973
0.021769599989056587
0.1628616601228714
0.1473793089389801
0.033557578921318054
0.06119232624769211
0.2160579264163971
0.07127809524536133
0.04483668878674507
0.13059765100479126
0.2529241144657135
0.19798319041728973
0.24570515751838684
0.282116562128067
0.3184431493282318
0.3422126770019531
0.25763702392578125
0.3698917627334595
0.2477264404296875
0.34624072909355164
0.41780492663383484
0.11701742559671402
0.22337116301059723
0.32985368371009827
0.30359572172164917
0.27878183126449585
0.2364284247159958
0.23461109399795532
0.17514224350452423
0.05237296223640442
0.0905052125453949
0.10384063422679901
0.11387564241886139
0.027156217023730278
0.11188609153032303
0.17868481576442719
0.14688625931739807
0.22042417526245117
0.13646888732910156
0.05231528356671333
0.06348885595798492
0.10197540372610092
0.21044892072677612
0.10338564962148666
0.006770264357328415
0.06988134980201721
0.18142428994178772
0.07021595537662506
0.035177092999219894
0.18775327503681183
0.3278210163116455
0.17274612188339233
0.16858930885791779
0.5099585652351379
0.1856887936592102
0.4178440570831299
0.11317338049411774
0.04399015009403229
0.05667160823941231
0.0754355639219284
0.03293086960911751
0.15815341472625732
0.26093143224716187
0.17711590230464935
0.015273627825081348
0.10295198857784271
0.15096059441566467
0.059013765305280685
0.058702144771814346
0.1210169568657875
0.26743221282958984
0.35140255093574524
0.34172528982162476
0.22305287420749664
0.27585241198539734
0.16162331402301788
0.1413930058479309
0.11129937320947647
0.20210595428943634
0.11381794512271881
0.20128285884857178
0.17437511682510376
0.05944037437438965
0.11184663325548172
0.09090887010097504
0.24104809761047363
0.04864788055419922
0.16178995370864868
0.1367519497871399
0.23044559359550476
0.10332027822732925
0.08884990215301514
0.2926928699016571
0.13593700528144836
0.04394564405083656
0.12182841449975967
0.1573098748922348
0.04228674992918968
0.14044620096683502
0.2849156856536865
0.13640214502811432
0.09167841821908951
0.1670232117176056
0.2348245531320572
0.19162264466285706
0.06400616466999054
0.5101588368415833
0.5010276436805725
0.22051149606704712
0.23062334954738617
0.14837892353534698
0.22330422699451447
0.2374904900789261
