0.1302306205034256
0.1973741054534912
0.15357714891433716
0.17327244579792023
0.11173949390649796
0.12618832290172577
0.039552222937345505
0.0351049080491066
0.023026583716273308
0.025114690884947777
0.056158397346735
0.16788503527641296
0.3786814510822296
0.7122306823730469
0.12449616938829422
0.09333520382642746
0.3392907679080963
0.6079992055892944
0.6822813153266907
0.7144362330436707
0.4041036367416382
0.6341179013252258
0.8084648847579956
0.8098486065864563
0.4327377378940582
0.5680438876152039
0.4938986003398895
0.6512355804443359
0.3251572549343109
0.28027093410491943
0.25149908661842346
0.21759334206581116
0.2601087689399719
0.2639605402946472
0.21773476898670197
0.26442134380340576
0.10650356858968735
0.20100906491279602
0.22783371806144714
0.69156414270401
0.6989637613296509
0.22732390463352203
0.4741765260696411
0.33688950538635254
0.28734642267227173
0.34260740876197815
0.30350634455680847
0.4522348642349243
0.2938784062862396
0.15680080652236938
0.0495990514755249
0.17401853203773499
0.1823488175868988
0.05674232915043831
0.06866762787103653
0.13068105280399323
0.3427567780017853
0.08030781149864197
0.27497372031211853
0.37229326367378235
0.3236704468727112
0.2473030686378479
0.21989166736602783
0.26605096459388733
0.05290461331605911
0.04430485516786575
0.029590636491775513
0.026571916416287422
0.10635849833488464
0.43027806282043457
0.23047031462192535
0.6725597381591797
0.6500860452651978
0.6383541226387024
0.6871809363365173
0.4926084578037262
0.19467194378376007
0.4654197096824646
0.3958858847618103
0.313852459192276
0.17087945342063904
0.4412499666213989
0.3294159173965454
0.2812638282775879
0.26936081051826477
0.19842807948589325
0.2524733245372772
0.4378322958946228
0.21430110931396484
0.1993415206670761
0.4888625144958496
0.2878735363483429
0.44913434982299805
0.24702048301696777
0.3013063967227936
0.7183317542076111
0.6454058885574341
0.37065425515174866
0.4614812135696411
0.1339389830827713
0.39339086413383484
0.36425352096557617
0.18684229254722595
0.06521308422088623
0.4080980122089386
0.5013290643692017
0.049020614475011826
0.20234188437461853
0.35544028878211975
0.4367454946041107
0.19970963895320892
0.1720641553401947
0.1092086210846901
0.08209262043237686
0.2531592547893524
0.128564715385437
0.07125560194253922
0.02777310460805893
0.07375220209360123
0.053287167102098465
0.1628103256225586
0.11448755860328674
0.5788882970809937
0.6465464234352112
0.7917311191558838
0.7701876759529114
0.2856611907482147
0.5249397158622742
0.7549436092376709
0.5026590824127197
0.08580613881349564
0.5362929701805115
0.728161096572876
0.3911782503128052
0.25729840993881226
0.1778363138437271
0.19064898788928986
0.33224454522132874
0.400846391916275
0.839522123336792
0.3927631974220276
0.8828681111335754
0.8325907588005066
0.4177462160587311
0.16061730682849884
0.19671854376792908
0.289410263299942
0.3882179856300354
0.3564385175704956
0.1925298273563385
0.2945387065410614
0.39749398827552795
0.13072343170642853
0.26650187373161316
0.24430328607559204
0.15664243698120117
0.07863201946020126
0.05361436307430267
0.15866300463676453
0.07999244332313538
0.09110311418771744
0.0757942721247673
0.0965941846370697
0.15109345316886902
