0.033353470265865326
0.10771209001541138
0.0440094992518425
0.30578291416168213
0.19662775099277496
0.6806566715240479
0.7772164940834045
0.7198976874351501
0.31601008772850037
0.2939319312572479
0.3640148341655731
0.12662838399410248
0.29672151803970337
0.2044404298067093
0.19348286092281342
0.11939559131860733
0.06013257056474686
0.1162039190530777
0.05680464580655098
0.04122128337621689
0.11055205017328262
0.12698324024677277
0.0281365979462862
0.09663273394107819
0.04139130190014839
0.21883785724639893
0.2084687501192093
0.6580650806427002
0.6299945712089539
0.2612486779689789
0.7037569880485535
0.6796496510505676
0.3527921140193939
0.7842710018157959
0.41546475887298584
0.43653610348701477
0.4181339740753174
0.41364532709121704
0.17240986227989197
0.19029028713703156
0.043131131678819656
0.14682094752788544
0.01522460114210844
0.11103646457195282
0.06360030919313431
0.038816966116428375
0.08465766906738281
0.06917505711317062
0.11745854467153549
0.05764895677566528
0.09374312311410904
0.0221994761377573
0.04360262304544449
0.025708971545100212
0.051633674651384354
0.04871007800102234
0.10256286710500717
0.1805259734392166
0.12162894755601883
0.1190958023071289
0.4276881217956543
0.27190181612968445
0.46120014786720276
0.5664591789245605
0.33689916133880615
0.584125816822052
0.20877067744731903
0.3013443052768707
0.3620101511478424
0.504093587398529
0.47373083233833313
0.3936598300933838
0.18790848553180695
0.242469921708107
0.13676561415195465
0.11427780240774155
0.1571224331855774
0.21235263347625732
0.22179943323135376
0.36979755759239197
0.5064876079559326
0.3628653585910797
0.5597556233406067
0.5336953997612
0.25994277000427246
0.41654863953590393
0.2583819031715393
0.33134937286376953
0.27442166209220886
0.3485413193702698
0.3427641689777374
0.27228277921676636
0.07180342823266983
0.08147234469652176
0.17668356001377106
0.07680224627256393
0.11286404728889465
0.08526304364204407
0.18654979765415192
0.049260783940553665
0.16337870061397552
0.14476202428340912
0.03558969497680664
0.08966584503650665
0.04312486574053764
0.1560298353433609
0.05962202325463295
0.2672550082206726
0.5013666152954102
0.4746471643447876
0.2918292284011841
0.41352900862693787
0.30379846692085266
0.24404709041118622
0.6281153559684753
0.3189077377319336
0.3042132556438446
0.07496248930692673
0.25502076745033264
0.39621055126190186
0.06273439526557922
0.1852872669696808
0.3451975882053375
0.2627064287662506
0.08852968364953995
0.2842518091201782
0.21887674927711487
0.2098209410905838
0.33447709679603577
0.20175404846668243
0.1282602995634079
0.31692805886268616
0.2931574881076813
0.2794495224952698
0.2279662787914276
0.5578939914703369
0.38332030177116394
0.7178180813789368
0.37291598320007324
0.6316947340965271
0.8836502432823181
0.7656572461128235
0.8563046455383301
0.4162786304950714
0.2626453936100006
0.26509425044059753
0.12573929131031036
0.08102116733789444
0.16133131086826324
0.10030603408813477
0.34031611680984497
0.36412063241004944
0.34495609998703003
0.25747132301330566
0.1889715939760208
0.10380882024765015
0.27100133895874023
0.07197851687669754
0.10843627154827118
0.020392725244164467
0.07846632599830627
0.017949584871530533
0.11079110205173492
0.01518622413277626
0.1850116103887558
0.20641879737377167
0.6455743312835693
0.44749757647514343
0.4549446105957031
0.35272306203842163
0.3188619315624237
0.11864665150642395
0.04004526138305664
0.09245945513248444
0.1864771842956543
0.015821537002921104
0.019833698868751526
0.166554257273674
0.04143143445253372
0.020191945135593414
0.06072365120053291
0.21489392220973969
0.10906384140253067
0.08035723119974136
0.37858250737190247
0.3399352729320526
0.2412286400794983
0.22697748243808746
0.1409006118774414
0.1457844376564026
0.1743299514055252
0.06867668777704239
0.21030132472515106
0.21807266771793365
0.050740841776132584
0.11601708084344864
0.11729440838098526
0.10869242250919342
0.043736640363931656
0.13286092877388
0.04078790917992592
0.09663283824920654
0.019878609105944633
0.07771783322095871
0.06815403699874878
0.21296949684619904
0.19903947412967682
0.38478147983551025
0.39944398403167725
0.38480255007743835
0.3945351541042328
0.42427679896354675
0.8050455451011658
0.8650097846984863
0.3495771586894989
0.48273664712905884
0.3644147515296936
0.5326600074768066
0.27652707695961
0.3277389109134674
0.5394153594970703
0.5605999827384949
0.4622965455055237
0.48499706387519836
0.6918407678604126
0.26214292645454407
0.42784348130226135
0.7992305755615234
0.19583652913570404
0.4047260284423828
0.7206050753593445
0.6734582185745239
0.3309555649757385
0.5903832912445068
0.6617215275764465
0.7410271167755127
0.6942818760871887
0.32427486777305603
0.5816383361816406
0.43740609288215637
0.21305207908153534
0.6415308713912964
0.519827127456665
0.21423543989658356
0.5727646946907043
0.5039395689964294
0.2935848534107208
0.2017381638288498
0.6061661839485168
0.5053298473358154
0.2503069043159485
0.18063713610172272
0.10069743543863297
0.11056151986122131
0.06796277314424515
0.05894716456532478
0.05755086615681648
0.0757887065410614
0.03191067650914192
0.17198918759822845
0.21251998841762543
0.2176172137260437
0.4373016953468323
0.6417974233627319
0.38448697328567505
0.39910200238227844
0.285351425409317
0.12206359952688217
0.23279309272766113
0.22436782717704773
0.5144563317298889
0.2532247304916382
0.25862833857536316
0.4734603464603424
0.14320823550224304
0.28285089135169983
0.5828884840011597
0.5138124823570251
0.5583717823028564
0.626855731010437
0.4847477376461029
0.5075238347053528
0.3134252727031708
0.5697615742683411
0.34747037291526794
0.1697126030921936
0.42714253067970276
0.5654914975166321
0.2854677140712738
0.08146100491285324
0.5230118632316589
0.32199612259864807
0.1384028196334839
0.09882857650518417
0.48029497265815735
0.4078805446624756
0.43699297308921814
0.40220633149147034
0.25914183259010315
0.28081560134887695
0.5008975863456726
0.6286464929580688
0.7840465307235718
0.5700967907905579
0.49941709637641907
0.6747246980667114
0.6989904046058655
0.7334667444229126
0.3885979652404785
0.4851853549480438
0.4796961843967438
0.4527939260005951
0.6336445212364197
0.19467602670192719
0.6539814472198486
0.6218439340591431
0.5810599327087402
0.5154577493667603
0.10615824908018112
0.13872261345386505
0.15682819485664368
0.32006001472473145
0.10883817821741104
0.1823941320180893
0.5280534625053406
0.499885618686676
0.30294767022132874
0.5486593246459961
0.19940228760242462
0.16688816249370575
0.05491884425282478
0.20709314942359924
0.13296623528003693
0.05785585939884186
0.13838593661785126
0.049821946769952774
0.16712918877601624
0.43057748675346375
0.44567570090293884
0.27737313508987427
0.22930584847927094
0.4687647223472595
0.5332350134849548
0.5425618886947632
0.5608000159263611
0.45033708214759827
0.6589804291725159
0.5046548247337341
0.3417435884475708
0.25645530223846436
0.2649458050727844
0.16065920889377594
0.11427390575408936
0.18842485547065735
0.2658902704715729
0.06072397530078888
0.10105239599943161
0.25358548760414124
0.07876806706190109
0.025794722139835358
0.08915644139051437
0.08588478714227676
0.01821504347026348
0.026234081014990807
0.11610651016235352
0.03784731775522232
0.03520619124174118
0.03903288021683693
0.144608274102211
0.04425439611077309
0.022626526653766632
0.1237226352095604
0.12440742552280426
0.06270865350961685
0.22661256790161133
