0.4014314115047455
0.5641363859176636
0.5515308976173401
0.650752604007721
0.6751793622970581
0.7258074879646301
0.6033895015716553
0.6350592970848083
0.7548867464065552
0.7299013137817383
0.6524660587310791
0.6275395750999451
0.6170783638954163
0.6603506803512573
0.7188113331794739
0.4677412807941437
0.4891285300254822
0.6693208813667297
0.21828122437000275
0.2704969644546509
0.2590293288230896
0.10640356689691544
0.08125527948141098
0.10389005392789841
0.19592493772506714
0.25176578760147095
0.27603447437286377
0.5069482326507568
0.6589836478233337
0.5314770936965942
0.26439914107322693
0.4206317961215973
0.5576207041740417
0.27777740359306335
0.650865912437439
0.6579144597053528
0.6132386326789856
0.4699127972126007
0.7238213419914246
0.6997648477554321
0.618094801902771
0.7763940095901489
0.7425077557563782
0.43157893419265747
0.15080079436302185
0.1711289882659912
0.14531172811985016
0.17869910597801208
0.119582399725914
0.19270706176757812
0.3243425786495209
0.3022176921367645
0.5590749979019165
0.245418980717659
0.5763227343559265
0.3666170835494995
0.25040069222450256
0.46945375204086304
0.49566221237182617
0.44449368119239807
0.5124646425247192
0.5514702796936035
0.5979888439178467
0.476239413022995
0.6402192711830139
0.6923037171363831
0.5605002045631409
0.7074459791183472
0.7573941349983215
0.4434863328933716
0.4417981207370758
0.6337089538574219
0.5195567011833191
0.673433780670166
0.7747081518173218
0.900390088558197
0.21826310455799103
0.8331390619277954
0.36746206879615784
0.2969544231891632
0.5506966710090637
0.8222652077674866
0.273329496383667
0.3650053143501282
0.3111758828163147
0.4409264624118805
0.8186861276626587
0.7742424011230469
0.8110312223434448
0.8194553852081299
0.36542975902557373
0.6571263074874878
0.8099692463874817
0.6741430163383484
0.2827739715576172
0.26536887884140015
0.1057649478316307
0.06730548292398453
0.15306229889392853
0.061432771384716034
0.15734443068504333
0.28333303332328796
0.6328417062759399
0.21513083577156067
0.5720921158790588
0.37387555837631226
0.5205245018005371
0.5516343116760254
0.5255258083343506
0.6986749768257141
0.7115064263343811
0.4567767381668091
0.46328428387641907
0.43741118907928467
0.3663247227668762
0.295754611492157
0.3838839530944824
0.49052366614341736
0.4699065387248993
0.26454177498817444
0.31114816665649414
0.518681526184082
0.32314959168434143
0.08056005090475082
0.36710673570632935
0.682552695274353
0.4749765992164612
0.05822024121880531
0.49366295337677
0.6101865172386169
0.1557825654745102
0.17095503211021423
0.40767303109169006
0.5521849393844604
0.259085088968277
0.35403427481651306
0.3818114995956421
0.17767246067523956
0.26794543862342834
0.48811641335487366
0.3759021759033203
0.4055936932563782
0.22579166293144226
0.510455310344696
0.17286452651023865
0.2622222304344177
0.3680574893951416
0.5756431818008423
0.22305366396903992
0.3444875478744507
0.42071786522865295
0.5030614137649536
0.8335314393043518
0.5961976051330566
0.5430586934089661
0.3341531455516815
0.24284622073173523
0.29670023918151855
0.516912043094635
0.4602319300174713
0.2190074473619461
0.2655704617500305
0.5215153694152832
0.6128997206687927
0.43067657947540283
0.10056711733341217
0.6208769679069519
0.49993696808815
0.27804577350616455
0.40499556064605713
0.19990408420562744
0.3133551776409149
0.39540523290634155
0.7403289675712585
0.5016792416572571
0.5779123306274414
0.6162588000297546
0.49726763367652893
0.29497936367988586
0.36523112654685974
0.3869660198688507
0.566307008266449
0.3304544985294342
0.30758100748062134
0.39440837502479553
0.3092513084411621
0.2686094343662262
0.42773330211639404
0.6671121716499329
0.6205469369888306
0.28816625475883484
0.4429130554199219
0.4248402416706085
0.42587676644325256
0.39730334281921387
0.31424054503440857
0.4387151300907135
0.18067100644111633
0.18458396196365356
0.5682478547096252
0.33177024126052856
0.1899181306362152
0.4952755570411682
0.5032265782356262
0.6596447825431824
0.3341405391693115
0.6002897024154663
0.3294849991798401
0.44126543402671814
0.4699469208717346
0.42370882630348206
0.3736281394958496
0.27855220437049866
0.4492857754230499
0.3462194502353668
0.6539459228515625
0.5952442288398743
0.1852293461561203
0.3263944685459137
0.6379098892211914
0.44243770837783813
0.16827744245529175
0.7417176365852356
0.6216676235198975
0.5881385207176208
0.3861214220523834
0.5981237888336182
0.7749512791633606
0.7184816598892212
0.8024337291717529
0.7024850249290466
0.8420102596282959
0.7881431579589844
0.7715131044387817
0.8097506761550903
0.4572105407714844
0.7029945254325867
0.45620033144950867
0.5829653143882751
0.4438456892967224
0.6485868096351624
0.2233179360628128
0.16021829843521118
0.22187715768814087
0.5231746435165405
0.17840643227100372
0.5243121385574341
0.2007059007883072
0.4063362777233124
0.45734110474586487
0.5999438762664795
0.5196722149848938
0.5369425415992737
0.5780884027481079
0.4249710440635681
