0.09493790566921234
0.07905498147010803
0.2723042070865631
0.0837550237774849
0.1206677109003067
0.01477113552391529
0.13941578567028046
0.10092490911483765
0.11017413437366486
0.2391400933265686
0.8458324670791626
0.6237753629684448
0.2628763020038605
0.44646787643432617
0.663959801197052
0.08558283001184464
0.19523999094963074
0.022853437811136246
0.15445104241371155
0.20153066515922546
0.05535607412457466
0.013751057907938957
0.10780415683984756
0.11677469313144684
0.022652413696050644
0.0564558245241642
0.07037384063005447
0.09142661839723587
0.048605337738990784
0.17530380189418793
0.0750012993812561
0.07616551965475082
0.07531019300222397
0.09747330099344254
0.11937680840492249
0.07492735981941223
0.3415168225765228
0.20833705365657806
0.39324256777763367
0.4246782660484314
0.6997897028923035
0.6904321312904358
0.5048316121101379
0.680730938911438
0.775618851184845
0.9117093682289124
0.9030896425247192
0.8775602579116821
0.9182846546173096
0.9393410086631775
0.8644722700119019
0.8022114038467407
0.8883231282234192
0.5391170978546143
0.4659397304058075
0.830702543258667
0.6910350918769836
0.19722767174243927
0.5361547470092773
0.8960185647010803
0.6282409429550171
0.7975956797599792
0.6939917802810669
0.6262428760528564
0.6717251539230347
0.6689046621322632
0.635906994342804
0.5738824009895325
0.6832559704780579
0.6126628518104553
0.28908348083496094
0.4695529043674469
0.5202712416648865
0.2893989384174347
0.5828726887702942
0.4074034094810486
0.7076165080070496
0.2690982222557068
0.707133948802948
0.5147535800933838
0.3427416682243347
0.3163229823112488
0.3375346064567566
0.3000561594963074
0.33701953291893005
0.6556260585784912
0.33507123589515686
0.08295972645282745
0.3951262831687927
0.0834222212433815
0.055024828761816025
0.020519385114312172
0.018126724287867546
0.011285614222288132
0.08715259283781052
0.3703771233558655
0.6568778157234192
0.9450759887695312
0.98236083984375
0.9565271735191345
0.9282787442207336
0.7889654636383057
0.844780445098877
0.9695066809654236
0.8747542500495911
0.41560181975364685
0.9723952412605286
0.8605958819389343
0.635042667388916
0.8455775380134583
0.9518108367919922
0.6420322060585022
0.4843151867389679
0.8567599654197693
0.7023130655288696
0.8096171617507935
0.6614820957183838
0.5074332356452942
0.2573803961277008
0.4955718219280243
0.6992144584655762
0.7588748335838318
0.7330953478813171
0.7315909266471863
0.6244838237762451
0.6160724759101868
0.690760612487793
0.7139471769332886
0.7342041730880737
0.6781153678894043
0.7692407965660095
0.6627576947212219
0.47189536690711975
0.6223641633987427
0.2482014000415802
0.5397079586982727
0.21180827915668488
0.11843730509281158
0.24289995431900024
0.021476808935403824
0.06501968950033188
0.01524344552308321
0.025812387466430664
0.026581168174743652
0.07949593663215637
0.379893958568573
0.4738108813762665
0.43280696868896484
0.6214001774787903
0.42394399642944336
0.568259060382843
0.30999258160591125
0.5605531334877014
0.5779560208320618
0.5163450241088867
0.7620310187339783
0.7302961349487305
0.6727322936058044
0.8051794171333313
0.88444983959198
0.608680009841919
0.9332410097122192
0.309943288564682
0.34145843982696533
0.841569185256958
0.9575269818305969
0.19107477366924286
0.4630306661128998
0.9224438071250916
0.7881439328193665
0.16142000257968903
0.45439353585243225
0.8471959233283997
0.3137202262878418
0.19539298117160797
0.19869586825370789
0.4896230101585388
0.2945365309715271
0.25187575817108154
0.2858702540397644
0.2325342446565628
0.18563413619995117
0.16295723617076874
0.1335214078426361
0.39232340455055237
0.18489882349967957
0.4156590402126312
0.879012942314148
0.515863299369812
0.5917351841926575
0.46445852518081665
0.5696184039115906
0.2169080227613449
0.24998633563518524
0.2253369837999344
0.21631371974945068
0.35844284296035767
0.3596580922603607
0.1940469592809677
0.33426448702812195
0.13080735504627228
0.2668907344341278
0.22004146873950958
0.391964852809906
0.07450797408819199
0.09377367794513702
0.0793018713593483
0.14014054834842682
0.011785978451371193
0.12879550457000732
0.10911956429481506
0.07440217584371567
