0.16442061960697174
0.23533619940280914
0.14566881954669952
0.09885071218013763
0.11746988445520401
0.1967845857143402
0.1204260066151619
0.20347823202610016
0.18088002502918243
0.19861480593681335
0.08700723201036453
0.09193617105484009
0.04461304098367691
0.18135064840316772
0.15222622454166412
0.15562757849693298
0.24250589311122894
0.1955767273902893
0.12874262034893036
0.40084293484687805
0.42272064089775085
0.2926335632801056
0.5720895528793335
0.41245362162590027
0.4424546957015991
0.6691461205482483
0.7488344311714172
0.6674403548240662
0.6424286961555481
0.5741312503814697
0.7188025712966919
0.8330506682395935
0.5393532514572144
0.735040545463562
0.6222586035728455
0.5487578511238098
0.16434304416179657
0.22475306689739227
0.43453121185302734
0.16276144981384277
0.12347611039876938
0.5198382139205933
0.5348098874092102
0.3099764287471771
0.2927228510379791
0.33633953332901
0.5491283535957336
0.7032465934753418
0.6962971687316895
0.9214683175086975
0.8328268527984619
0.8143643736839294
0.09815385192632675
0.08465980738401413
0.009580728597939014
0.0079587297514081
0.05498307943344116
0.07004562020301819
0.11189962923526764
0.06576529145240784
0.12824325263500214
0.05205003544688225
0.07141728699207306
0.030178258195519447
0.18384744226932526
0.06676382571458817
0.501731276512146
0.47426944971084595
0.9453578591346741
0.8962181210517883
0.9126501083374023
0.9581817984580994
0.9165189862251282
0.9827446341514587
0.9745094776153564
0.9426112771034241
0.9116902947425842
0.8979275226593018
0.7962492108345032
0.6731136441230774
0.2666015625
0.926250159740448
0.4710948169231415
0.9495089650154114
0.7110587358474731
0.45515719056129456
0.273695707321167
0.10878459364175797
0.1850477159023285
0.3016911447048187
0.2578504681587219
0.16402721405029297
0.5723336338996887
0.3439091742038727
0.28454557061195374
0.23014746606349945
0.07508080452680588
0.22723539173603058
0.67276930809021
0.346889853477478
0.04874866083264351
0.5113474130630493
0.579815685749054
0.18411321938037872
0.29116928577423096
0.5958696603775024
0.5456879734992981
0.43808087706565857
0.4084511399269104
0.7912102937698364
0.35259225964546204
0.6509655714035034
0.8540127277374268
0.5436834692955017
0.7916411757469177
0.9356427788734436
0.6490355730056763
0.9302958250045776
0.8286946415901184
0.8876636028289795
0.6244111061096191
0.7805439829826355
0.6876952648162842
0.7779568433761597
0.547245979309082
0.44984665513038635
0.4194203019142151
0.4801885187625885
0.5831053853034973
0.44608408212661743
0.6014573574066162
0.7099484801292419
0.7377727031707764
0.5783656239509583
0.7792428135871887
0.858568012714386
0.7870602607727051
0.8272715210914612
0.7494884729385376
0.9078211188316345
0.7749264240264893
0.921423614025116
0.9713069200515747
0.9423511624336243
0.9755346775054932
0.9552351832389832
0.9729964137077332
0.9256405234336853
0.8561269044876099
0.6717919707298279
0.5445870161056519
0.7469473481178284
0.8852754831314087
0.7728378176689148
0.6333171725273132
0.8873274922370911
0.7938206791877747
0.5628117918968201
