0.31480300426483154
0.5777502655982971
0.5026200413703918
0.7255318760871887
0.7616642117500305
0.6467097401618958
0.740607500076294
0.7456903457641602
0.7750166654586792
0.6611843109130859
0.33814337849617004
0.2547961473464966
0.22325178980827332
0.3487373888492584
0.3084172308444977
0.18015988171100616
0.159073606133461
0.2393123358488083
0.19252096116542816
0.35142385959625244
0.449628084897995
0.2553797960281372
0.20869410037994385
0.18657000362873077
0.22662325203418732
0.16142021119594574
0.179038405418396
0.2790908217430115
0.49398699402809143
0.35192617774009705
0.21338540315628052
0.4631464183330536
0.11801113188266754
0.6407175660133362
0.44784778356552124
0.6670021414756775
0.861463189125061
0.9060042500495911
0.9638882875442505
0.9753655195236206
0.8085125088691711
0.8678529858589172
0.2585516571998596
0.3913367986679077
0.19568942487239838
0.47128403186798096
0.16614320874214172
0.4330260455608368
0.31958308815956116
0.32474613189697266
0.7966416478157043
0.4070773124694824
0.5859063267707825
0.1980128139257431
0.72709721326828
0.141267329454422
0.6654444932937622
0.2398182600736618
0.9181885123252869
0.647413969039917
0.7195733189582825
0.8557512164115906
0.8471193313598633
0.6425919532775879
0.924616277217865
0.907063364982605
0.8858479857444763
0.9365427494049072
0.8842704892158508
0.5867975950241089
0.7358796000480652
0.7716692090034485
0.7704522013664246
0.7232996821403503
0.3602350056171417
0.8606810569763184
0.6206440925598145
0.9371114373207092
0.31638091802597046
0.8758546113967896
0.36746087670326233
0.8501847982406616
0.6873486638069153
0.8704133629798889
0.9129478931427002
0.9663843512535095
0.6854039430618286
0.8927906155586243
0.92303067445755
0.9101282954216003
0.9547621607780457
0.7833987474441528
0.8571311235427856
0.9190711975097656
0.851377546787262
0.8334168791770935
0.7658397555351257
0.9354415535926819
0.8950851559638977
0.677146852016449
0.9036460518836975
0.8911964893341064
0.5014808773994446
0.4406812787055969
0.910696268081665
0.8121050596237183
0.1950681358575821
0.7411667704582214
0.9178364872932434
0.5706755518913269
0.3375042974948883
0.8415902256965637
0.8169727921485901
0.5209589600563049
0.589716374874115
0.8075479865074158
0.5926743745803833
0.7182410359382629
0.7996719479560852
0.7778306603431702
0.7836040258407593
0.8268402218818665
0.676925003528595
0.6606717705726624
0.49158111214637756
0.8623510003089905
0.2810779809951782
0.9175201058387756
0.24697263538837433
0.8969762921333313
0.45904117822647095
0.9093896150588989
0.8487311005592346
0.6548464894294739
0.6876735091209412
0.4519330561161041
0.5610445141792297
0.5212842226028442
0.8151859045028687
0.5406923294067383
0.25418975949287415
0.14609390497207642
0.4166336953639984
0.3843594193458557
0.0935230702161789
0.218343585729599
0.4268268644809723
0.3892686367034912
0.15700367093086243
0.5862018465995789
0.8116844296455383
0.6287036538124084
0.5903581380844116
0.8610811829566956
0.7473702430725098
0.8928598761558533
0.7455915808677673
0.8414348363876343
0.6439743638038635
0.6169196963310242
0.3950034976005554
0.1598740816116333
0.36419937014579773
0.19788867235183716
0.361384779214859
0.2911165654659271
0.1477867066860199
0.25697317719459534
0.11703541874885559
0.28374552726745605
0.24251283705234528
0.2842913269996643
0.2772367596626282
0.22069837152957916
0.20168396830558777
0.36888203024864197
0.49994194507598877
0.3667544424533844
0.7993468046188354
0.46080535650253296
0.37820345163345337
0.7806314826011658
0.834223747253418
0.7315643429756165
0.5316267013549805
0.611877977848053
0.34682703018188477
0.6424751281738281
0.4481784403324127
0.5654476284980774
0.40845075249671936
0.3723430335521698
0.3748624622821808
0.36485520005226135
0.3227207362651825
0.6428298950195312
0.7797539234161377
0.7554335594177246
0.8709522485733032
0.9270429611206055
0.7457225322723389
0.7764862775802612
0.9618216753005981
0.9517292380332947
0.9039134979248047
0.9246731996536255
0.8348515629768372
0.8029717803001404
0.49960973858833313
0.748623788356781
0.8932286500930786
0.6217657923698425
0.39194977283477783
0.875045657157898
0.8612192869186401
0.5977895855903625
0.25993770360946655
0.9058242440223694
0.6096944808959961
0.44043830037117004
0.22617067396640778
0.47163549065589905
0.3740609288215637
0.15107783675193787
0.1338682323694229
0.24541987478733063
0.19788506627082825
0.21486540138721466
0.21981596946716309
0.22415266931056976
0.20030269026756287
0.307089239358902
0.4813184142112732
0.28718632459640503
0.29102596640586853
0.7020276188850403
0.585425853729248
0.2296374887228012
0.6533886194229126
0.8381794095039368
0.5333842635154724
0.40957528352737427
0.8046987652778625
0.5216657519340515
0.3316807448863983
0.49009954929351807
0.25010207295417786
0.32371631264686584
