0.05539188161492348
0.15984311699867249
0.12906458973884583
0.11486474424600601
0.28881189227104187
0.05779234692454338
0.2091519832611084
0.33672964572906494
0.5532146096229553
0.127743199467659
0.38023409247398376
0.38669663667678833
0.49917057156562805
0.28058838844299316
0.4557887315750122
0.36392804980278015
0.49194246530532837
0.4705023765563965
0.29140350222587585
0.3180781602859497
0.06513189524412155
0.11004306375980377
0.03762263432145119
0.038741789758205414
0.01175504270941019
0.026217907667160034
0.00557137094438076
0.03378041088581085
0.026151129975914955
0.015262181870639324
0.07660044729709625
0.14986614882946014
0.114003024995327
0.14653681218624115
0.09700904041528702
0.1835152506828308
0.07359664142131805
0.1811613291501999
0.21681438386440277
0.4552955627441406
0.24114911258220673
0.17497584223747253
0.3987475037574768
0.46871110796928406
0.2659055292606354
0.537535548210144
0.32296282052993774
0.33358803391456604
0.05702316015958786
0.18791675567626953
0.1835075169801712
0.261300265789032
0.06477377563714981
0.10156263411045074
0.2057148963212967
0.23374506831169128
0.08175097405910492
0.0990309938788414
0.20891661942005157
0.06066093221306801
0.07553918659687042
0.12409710884094238
0.08509323000907898
0.06176441162824631
0.024674315005540848
0.07531537115573883
0.04747427999973297
0.03709576651453972
0.043335266411304474
0.07477841526269913
0.12170945107936859
0.045526161789894104
0.08650708198547363
0.07839902490377426
0.08434364944696426
0.032311540096998215
0.014040203765034676
0.009504887275397778
0.031109042465686798
0.31785517930984497
0.22768670320510864
0.03827643766999245
0.02713874913752079
0.00651400675997138
0.014484122395515442
0.02601868472993374
0.013840651139616966
0.020933179184794426
0.06051086634397507
0.014609351754188538
0.04499758407473564
0.023775100708007812
0.10597255080938339
0.08789808303117752
0.5572559237480164
0.2189268171787262
0.28686416149139404
0.05336375907063484
0.20057643949985504
0.17143866419792175
0.024383999407291412
0.4604957401752472
0.3509470224380493
0.20374596118927002
0.15909262001514435
0.3499806821346283
0.5555354356765747
0.5713279843330383
0.4384280741214752
0.3967563509941101
0.5311525464057922
0.8933752775192261
0.855523943901062
0.6684413552284241
0.6500266790390015
0.5486979484558105
0.5852741599082947
0.814323365688324
0.5788831114768982
0.6043776273727417
0.5746848583221436
0.680608332157135
0.5636866688728333
0.7172006964683533
0.589645266532898
0.6871668696403503
0.6873756647109985
0.7991878390312195
0.7169041633605957
0.8894613981246948
0.7245753407478333
0.7723343968391418
0.4741975963115692
0.7332594394683838
0.5388777852058411
0.3387824594974518
0.29097169637680054
0.6418919563293457
0.21041490137577057
0.09499181061983109
0.32014620304107666
0.7630730867385864
0.10709132254123688
0.2863095700740814
0.5018028616905212
0.29883071780204773
0.14704684913158417
0.6928120255470276
0.868813693523407
0.5423559546470642
0.8792191743850708
0.7153606414794922
0.5902426838874817
0.2428147792816162
0.6635056734085083
0.767300546169281
0.8434507846832275
0.7998602390289307
0.7947472333908081
0.7821183800697327
0.634574830532074
0.41433921456336975
0.20311406254768372
0.08210121840238571
0.1910981684923172
0.16504088044166565
0.033412422984838486
0.026184802874922752
0.02697664685547352
0.11311715096235275
0.010150989517569542
0.0024466898757964373
0.054673273116350174
0.036236777901649475
0.020525911822915077
0.029638195410370827
0.05634099245071411
0.04864784702658653
0.07684501260519028
0.056895364075899124
0.10924319177865982
0.02303437516093254
0.011023824103176594
0.008873384445905685
0.039672497659921646
0.020942846313118935
0.04771291837096214
0.010348239913582802
0.006104374770075083
0.019155308604240417
0.025736574083566666
0.027758101001381874
0.031520504504442215
0.015995226800441742
0.12464684993028641
0.21446122229099274
0.0107306819409132
0.08611941337585449
0.1535002589225769
0.41526442766189575
0.7067044377326965
0.5919510126113892
0.06978622823953629
0.11331149190664291
0.3874606192111969
0.19620661437511444
0.10838976502418518
0.3109610676765442
0.16608956456184387
0.19670966267585754
0.053752098232507706
0.34816861152648926
0.08915192633867264
0.25717559456825256
0.5472539663314819
0.6033418774604797
0.45929744839668274
0.6043316125869751
0.5193594694137573
0.5110731720924377
0.4976303279399872
0.4100077450275421
0.48602619767189026
0.37618115544319153
0.4051051139831543
0.7126290202140808
0.5280240178108215
0.4342259168624878
0.7816003561019897
0.5872610807418823
0.5898579955101013
0.15425869822502136
0.06112907454371452
0.20811575651168823
0.1213906779885292
0.08424203097820282
0.051691677421331406
0.07479638606309891
0.08899334818124771
0.0447210818529129
0.04204753041267395
0.10890355706214905
0.03331829234957695
0.039993517100811005
0.01803961768746376
0.05193321406841278
0.02143106423318386
0.00235211243852973
0.01833946444094181
0.01163958478718996
0.07362852245569229
0.006088076625019312
0.027357039973139763
0.029014570638537407
0.028693510219454765
0.046397607773542404
0.06491225212812424
0.0485977940261364
0.05272857844829559
0.05999615415930748
0.021632278338074684
0.14408192038536072
0.08943765610456467
0.02304339036345482
0.06100723519921303
0.1777503937482834
0.05474810674786568
0.1307074874639511
0.29301154613494873
0.3329443037509918
0.586203396320343
0.6012417674064636
0.7223094701766968
0.6213271021842957
0.8348344564437866
0.8577755093574524
0.5970352292060852
0.701280415058136
0.4921438992023468
0.5122969746589661
0.46150150895118713
0.36063459515571594
0.22300007939338684
0.33281803131103516
0.048705168068408966
0.17525361478328705
0.06809800863265991
0.037507396191358566
0.17715615034103394
0.13807465136051178
0.38744157552719116
0.40555495023727417
0.4699469804763794
0.34399303793907166
0.36128097772598267
0.33272966742515564
0.20391102135181427
0.1881154626607895
0.13031287491321564
0.03522113710641861
0.04338114336133003
0.06497599184513092
0.18969762325286865
0.15833155810832977
0.44009894132614136
0.3721649646759033
0.5574309229850769
0.24489688873291016
0.23178286850452423
0.33070996403694153
0.11232148110866547
0.10188480466604233
0.018855320289731026
0.0554700642824173
0.03949040174484253
0.024826234206557274
0.020871952176094055
0.07928002625703812
0.06230657547712326
0.013747348450124264
0.011877208016812801
0.0028303060680627823
0.03249489143490791
0.010898840613663197
0.02797846682369709
0.11531637609004974
0.3161778748035431
0.19312642514705658
0.2545320391654968
0.6425488591194153
0.5518601536750793
0.6793613433837891
0.7229905128479004
0.2431049346923828
0.48869603872299194
0.6519497036933899
0.28837326169013977
0.09226541221141815
0.5558415055274963
0.3860569894313812
0.08813630044460297
0.21350425481796265
0.15566860139369965
0.161949023604393
0.11497989296913147
0.2422490417957306
0.30891522765159607
0.23635601997375488
0.19583828747272491
0.0782061293721199
0.1659385859966278
0.21487297117710114
0.2551979124546051
0.23285947740077972
0.3876551687717438
0.5591101050376892
0.17211246490478516
0.1235218197107315
0.0983491986989975
0.07960811257362366
0.06193818151950836
0.04317336156964302
0.028381722047924995
0.04577874019742012
0.06658521294593811
0.021243710070848465
0.054869551211595535
0.03206680342555046
0.1445043683052063
0.03070308454334736
0.07711697369813919
0.12638156116008759
0.40242740511894226
0.33761727809906006
0.16611111164093018
0.38123705983161926
0.25465431809425354
0.08611874282360077
0.08511123061180115
0.09356433898210526
0.03108941577374935
0.09929895401000977
0.05499820411205292
0.2590928375720978
0.13352330029010773
0.34545817971229553
0.3931359350681305
0.040358059108257294
0.1446833312511444
0.061707641929388046
0.2281346321105957
0.3140079975128174
0.16757678985595703
0.3433094620704651
0.5152539014816284
0.5044495463371277
0.5884135961532593
0.46860307455062866
0.6963992118835449
0.36591172218322754
0.4212454855442047
0.6422189474105835
0.14533822238445282
0.6101800203323364
0.2670217752456665
0.4580102562904358
0.2790752351284027
0.1696985512971878
0.16257230937480927
0.10292869806289673
0.11481514573097229
0.14897193014621735
0.032071687281131744
0.17512275278568268
0.10905174165964127
0.41185736656188965
0.2712595760822296
0.7252439856529236
0.5118213891983032
0.6276268362998962
0.5885697603225708
0.590036153793335
0.42162027955055237
0.31282997131347656
0.35753321647644043
0.041618768125772476
0.14974255859851837
0.04090714827179909
0.15888911485671997
0.039353013038635254
0.08140930533409119
0.08405748754739761
0.09578206390142441
0.05799628794193268
0.02980256825685501
0.08897868543863297
0.0360364206135273
0.16807569563388824
0.27378714084625244
0.5023341178894043
0.5592419505119324
0.24790231883525848
0.21763010323047638
0.050139911472797394
0.1250869333744049
0.03992954641580582
0.08002442121505737
