0.10903263092041016
0.038375359028577805
0.0039726970717310905
0.0062248194590210915
0.0020192398224025965
0.0026101877447217703
0.002158198971301317
0.07815629243850708
0.05397813022136688
0.04559288173913956
0.24629293382167816
0.3502465784549713
0.08553765714168549
0.2042403221130371
0.30648988485336304
0.24478428065776825
0.12341511249542236
0.031156310811638832
0.020159492269158363
0.22618450224399567
0.042068690061569214
0.005434553138911724
0.06656457483768463
0.05218306556344032
0.016107741743326187
0.009829985909163952
0.11483751237392426
0.028277592733502388
0.013448668643832207
0.025816399604082108
0.13003845512866974
0.1525484025478363
0.09400269389152527
0.05682717636227608
0.032257746905088425
0.0065122866071760654
0.032766472548246384
0.004228069446980953
0.0051719206385314465
0.020814843475818634
0.02386377938091755
0.01869276911020279
0.09120374172925949
0.05454845353960991
0.13540588319301605
0.08573994785547256
0.09147126972675323
0.0418601855635643
0.10146327316761017
0.13731813430786133
0.08470765501260757
0.06513907760381699
0.1766197383403778
0.13402622938156128
0.5425444841384888
0.3051079213619232
0.7471701502799988
0.601401686668396
0.4307655096054077
0.3417188227176666
0.10023371130228043
0.08078233152627945
0.01326172798871994
0.015047232620418072
0.018518006429076195
0.02552688494324684
0.1490306854248047
0.15447235107421875
0.1351301372051239
0.16068221628665924
0.10134392976760864
0.05309375002980232
0.018943384289741516
0.044979289174079895
0.014859580434858799
0.055219344794750214
0.044204551726579666
0.014709956012666225
0.011190978810191154
0.024272499606013298
0.04609689489006996
0.20500905811786652
0.04277739301323891
0.07396780699491501
0.08769837766885757
0.21339626610279083
0.22034743428230286
0.19948914647102356
0.49728721380233765
0.133635014295578
0.4995076358318329
0.48060598969459534
0.8419302105903625
0.7079405188560486
0.11632406711578369
0.30435243248939514
0.5806118845939636
0.5826223492622375
0.0894300565123558
0.10940638929605484
0.3488990068435669
0.08235310018062592
0.0150366872549057
0.06362765282392502
0.4088458716869354
0.019430648535490036
0.0050612990744411945
0.22532646358013153
0.14008426666259766
0.03252579644322395
0.026473376899957657
0.27759671211242676
0.11520061641931534
0.10914453119039536
0.2126118391752243
0.3153882324695587
0.2632017731666565
0.15983672440052032
0.11085794866085052
0.17052309215068817
0.07152853161096573
0.13248418271541595
0.022124052047729492
0.006078212521970272
0.01028966624289751
0.0017598132835701108
0.005895650014281273
0.021121861413121223
0.38406839966773987
0.15867376327514648
0.004296003375202417
0.12431694567203522
0.41271334886550903
0.010300292633473873
0.010716907680034637
0.3740869462490082
0.5649762153625488
0.027914106845855713
0.31257644295692444
0.839796245098114
0.8111284375190735
0.34480705857276917
0.7315083146095276
0.11309867352247238
0.16194306313991547
0.020445441827178
0.0050565325655043125
0.01459162961691618
0.017905404791235924
0.013350709341466427
0.026354102417826653
0.26861482858657837
0.19414857029914856
0.41365042328834534
0.7167167067527771
0.7362143993377686
0.8356755971908569
0.731410026550293
0.7223187685012817
0.4895614981651306
0.7785553336143494
0.7521185278892517
0.4079118072986603
0.7840120196342468
0.6655862927436829
0.4663778841495514
0.6687002778053284
0.5685727000236511
0.8137869238853455
0.8781495094299316
0.7629553079605103
0.5104853510856628
0.9325083494186401
0.9115085601806641
0.8501983284950256
0.8190692663192749
0.5848690867424011
0.7477186322212219
0.3022027015686035
0.1373744010925293
0.8205315470695496
0.576348066329956
0.03491421416401863
0.15760138630867004
0.8879327774047852
0.4076552987098694
0.03827919438481331
0.2798529863357544
0.05535178259015083
0.01227972749620676
0.010965059511363506
0.012975991703569889
0.04563562944531441
0.023163262754678726
0.20282073318958282
0.043721165508031845
0.13237027823925018
0.09182267636060715
0.26621484756469727
0.2571793496608734
0.20885226130485535
0.6305199861526489
0.618750810623169
0.5035293102264404
0.19781507551670074
0.7304472923278809
0.7458240985870361
0.41967490315437317
0.47428449988365173
0.41820472478866577
0.39729973673820496
0.13244469463825226
0.13197650015354156
0.1148996353149414
0.03069867007434368
0.08966977894306183
0.06212833151221275
0.04256916791200638
0.03712897002696991
0.09713553637266159
0.024364983662962914
0.07314597815275192
0.11758911609649658
0.08980967849493027
0.07416334003210068
0.0779012143611908
0.07182741910219193
0.18151135742664337
0.08576451241970062
0.190379336476326
0.07434453815221786
0.07024870067834854
0.12394583225250244
0.07518475502729416
0.06065553426742554
0.09465006738901138
0.032947737723588943
0.020970137789845467
0.06766919046640396
0.10515514761209488
0.018069325014948845
0.052503883838653564
0.32889407873153687
0.23783917725086212
0.07734138518571854
0.05149759352207184
0.037486497312784195
0.04203401505947113
0.035235147923231125
0.05059490352869034
0.030578263103961945
0.01590205542743206
0.015031429007649422
0.011018991470336914
0.06845076382160187
0.053416237235069275
0.3555605411529541
0.035731345415115356
0.19942417740821838
0.24975106120109558
0.26216399669647217
0.27690112590789795
0.18585987389087677
0.009401196613907814
0.020209165289998055
0.04497451335191727
0.008335324935615063
0.003863382386043668
0.010604447685182095
0.05817495658993721
0.003158541163429618
0.008127602748572826
0.036209166049957275
0.018558230251073837
0.007036843337118626
0.028426004573702812
0.028615308925509453
0.030139867216348648
0.05663290247321129
0.032812971621751785
0.02057868242263794
0.06528643518686295
0.05068659409880638
0.013078901916742325
0.05174429714679718
0.017216438427567482
0.031042780727148056
0.008769200183451176
0.05941625311970711
0.039894070476293564
0.27864575386047363
0.11397098004817963
0.08609036356210709
0.1607491374015808
0.21125033497810364
0.04604479297995567
0.09037607908248901
0.09074895083904266
0.0952402874827385
0.01009512972086668
0.2567676305770874
0.11839652061462402
0.016846003010869026
0.10190904140472412
0.1414739191532135
0.09616395831108093
0.07156412303447723
0.0788998156785965
0.05239669233560562
0.03260886296629906
0.11012578010559082
0.10385660827159882
0.20055651664733887
0.23746329545974731
0.461446613073349
0.5910410284996033
0.4347148835659027
0.2817736566066742
0.36910292506217957
0.14850373566150665
0.3600601255893707
0.13711120188236237
0.11797882616519928
0.17590072751045227
0.098371222615242
0.1924576610326767
0.10300423204898834
0.029815541580319405
0.050531674176454544
0.12373469024896622
0.03162722662091255
0.017872387543320656
0.0024445061571896076
0.008580036461353302
0.011492823250591755
0.026459289714694023
0.2032257318496704
0.4014125168323517
0.2737187147140503
0.1004641205072403
0.11700627952814102
0.1349552422761917
0.33645811676979065
0.10579590499401093
0.03762778267264366
0.05692056193947792
0.1094919890165329
0.015227405354380608
0.05505047366023064
0.03888368979096413
0.06152038648724556
0.053404130041599274
0.04875407740473747
0.04398269206285477
0.007268653251230717
0.0048240856267511845
0.00371356843970716
0.037468694150447845
0.059413108974695206
0.05347903445363045
0.02903200127184391
0.04755019769072533
0.011871843598783016
0.1073266789317131
0.08661247789859772
0.08796175569295883
0.014075685292482376
0.03978271782398224
0.1118982806801796
0.09419181197881699
0.027666203677654266
0.012065205723047256
0.020235568284988403
0.03439294174313545
0.02984124794602394
0.14235718548297882
0.09533380717039108
0.05741870403289795
0.04785403981804848
0.024747654795646667
0.02561340294778347
0.05919492989778519
0.005768320988863707
0.005661963019520044
0.03719940036535263
0.01767287589609623
0.003674434730783105
0.027146559208631516
0.10189446061849594
0.027911944314837456
0.0223216749727726
0.0819648802280426
0.07464153319597244
0.06044565886259079
0.06825057417154312
0.06647056341171265
0.05436736345291138
0.04714379459619522
0.03952427953481674
0.07678113877773285
0.046903062611818314
0.1262267678976059
0.058711402118206024
0.027016393840312958
0.022751547396183014
0.05995473638176918
0.03721039369702339
0.06646773964166641
0.016430843621492386
0.05378543585538864
0.07521197944879532
0.12134190648794174
0.057689834386110306
0.04801284521818161
0.10045762360095978
0.07653979957103729
0.02849534898996353
0.010959452018141747
0.1178940162062645
0.1818384826183319
0.029310008510947227
0.06991178542375565
0.14697690308094025
0.05708705261349678
0.05772054195404053
0.2460983544588089
0.28008702397346497
0.5177221894264221
0.22698862850666046
0.4062548875808716
0.46253836154937744
0.3444201350212097
0.6988728642463684
0.6132217049598694
0.6565471887588501
0.5558239221572876
0.6911479234695435
