0.1308823525905609
0.24545471370220184
0.11639511585235596
0.18855421245098114
0.09340985119342804
0.13796944916248322
0.10188710689544678
0.2365083396434784
0.17571593821048737
0.2654983699321747
0.3529362678527832
0.21032916009426117
0.3446205258369446
0.2508736550807953
0.15593533217906952
0.09507599472999573
0.07210709899663925
0.1201791912317276
0.04386821389198303
0.0327657014131546
0.06272522360086441
0.018138132989406586
0.013224274851381779
0.016246449202299118
0.010302599519491196
0.03617522865533829
0.13496652245521545
0.06167606636881828
0.07695244252681732
0.09983617812395096
0.013085131533443928
0.053070325404405594
0.3339996039867401
0.0338757298886776
0.021265603601932526
0.02076932229101658
0.053260378539562225
0.045087266713380814
0.273491233587265
0.1269240528345108
0.06247951462864876
0.23405201733112335
0.09305895119905472
0.03621596470475197
0.07299170643091202
0.11287011206150055
0.13281460106372833
0.026665957644581795
0.06674446165561676
0.046490512788295746
0.07593513280153275
0.12860073149204254
0.01597733236849308
0.03682700917124748
0.07711943984031677
0.03486292064189911
0.02522875927388668
0.047928858548402786
0.06789665669202805
0.026157135143876076
0.031177544966340065
0.012461467646062374
0.02556050755083561
0.015386674553155899
0.002077539684250951
0.010153708048164845
0.03619695454835892
0.033439796417951584
0.01381506584584713
0.05708719789981842
0.30494818091392517
0.10483279824256897
0.09132889658212662
0.10924217104911804
0.3467957079410553
0.18480618298053741
0.4476914405822754
0.20323613286018372
0.33717021346092224
0.20573635399341583
0.05491697043180466
0.12217598408460617
0.0974896028637886
0.3174722194671631
0.26315778493881226
0.331685334444046
0.28056737780570984
0.17206665873527527
0.3586532175540924
0.49162277579307556
0.5394509434700012
0.7809622883796692
0.22613944113254547
0.7228481769561768
0.2916719913482666
0.314056396484375
0.7222728133201599
0.4704068601131439
0.685924232006073
0.22754743695259094
0.32537025213241577
0.14581599831581116
0.22723722457885742
0.11301112174987793
0.04801546409726143
0.03355203941464424
0.15832577645778656
0.07715916633605957
0.007665317039936781
0.02277366630733013
0.11277160793542862
0.01657196320593357
0.004784430377185345
0.06745479255914688
0.046402376145124435
0.027785399928689003
0.017563847824931145
0.010530500672757626
0.01872357539832592
0.006673494819551706
0.004489954095333815
0.003626856952905655
0.010184249840676785
0.021478570997714996
0.11704941838979721
0.11961624771356583
0.19265103340148926
0.5695328116416931
0.38915613293647766
0.5873320698738098
0.7746031284332275
0.8976492285728455
0.4266832768917084
0.04514622688293457
0.6794379353523254
0.588279128074646
0.051454946398735046
0.06973225623369217
0.33362987637519836
0.15349480509757996
0.0158223956823349
0.061397261917591095
0.08109503239393234
0.22648106515407562
0.2954298257827759
0.3572881519794464
0.46329382061958313
0.5783688426017761
0.3823605179786682
0.05654909089207649
0.13917666673660278
0.3102724254131317
0.1332051306962967
0.2094043642282486
0.29598984122276306
0.318061500787735
0.22288081049919128
0.21755631268024445
0.14024928212165833
0.10889667272567749
0.1104973703622818
0.07190070301294327
0.04002523049712181
0.011814230121672153
0.029894424602389336
0.023140799254179
0.009310341440141201
0.016978120431303978
0.01243625022470951
0.015642814338207245
0.05968095362186432
0.17535008490085602
0.2034725546836853
0.3883761763572693
0.42949309945106506
0.7622798681259155
0.8041269183158875
0.24636681377887726
0.4919230043888092
0.41614770889282227
0.46623843908309937
0.3999108672142029
0.5538767576217651
0.31114035844802856
0.648122251033783
0.6167158484458923
0.059700172394514084
0.07289961725473404
0.6909302473068237
0.4072733521461487
0.010337959975004196
0.3932490944862366
0.8265003561973572
0.3017864525318146
0.03211020305752754
0.7955263257026672
0.9424505233764648
0.10993821173906326
0.4513608515262604
0.9090197086334229
0.8288124203681946
0.15275590121746063
0.48111480474472046
0.23291131854057312
0.10667743533849716
0.05655472353100777
0.009580384008586407
0.007058110553771257
0.0069042108952999115
0.05052097141742706
0.030604902654886246
0.42935171723365784
0.8406957983970642
0.7776913642883301
0.9135284423828125
0.8924009799957275
0.39709392189979553
0.42980411648750305
0.8359107375144958
0.6994924545288086
0.06852149963378906
0.20954039692878723
0.8081772327423096
0.46009090542793274
0.04467404633760452
0.10529378801584244
0.4310159981250763
0.30048179626464844
0.03338279947638512
0.11585879325866699
0.01825915277004242
0.03483882173895836
0.016147883608937263
0.08443472534418106
0.0913715735077858
0.18906612694263458
0.1988942176103592
0.18954885005950928
0.12471184879541397
0.24872912466526031
0.444991797208786
0.3749052584171295
0.4220755398273468
0.4536653161048889
0.16274729371070862
0.22431166470050812
0.49961790442466736
0.27888575196266174
0.205069899559021
0.33170145750045776
0.5422847270965576
0.5425011515617371
0.15009844303131104
0.5460131764411926
0.8032408952713013
0.7501814365386963
0.05716537684202194
0.5727503895759583
0.6980693936347961
0.1783474236726761
0.16073517501354218
0.8513609766960144
0.7641647458076477
0.228337824344635
0.6582410931587219
0.9205552339553833
0.5955571532249451
0.6625144481658936
0.4828375279903412
0.10933028906583786
0.5061595439910889
0.47274553775787354
0.262399286031723
0.14204947650432587
0.06289158016443253
0.050292253494262695
0.006214891094714403
0.004994692746549845
0.00241076503880322
0.002537946915253997
0.014215884730219841
0.02357780560851097
0.03137815371155739
0.07717795670032501
0.18933221697807312
0.3618521988391876
0.6541010737419128
0.3596433103084564
0.5038952231407166
0.29284730553627014
0.42434045672416687
0.17546318471431732
0.05709819123148918
0.14385868608951569
0.13774652779102325
0.3926420211791992
0.16418452560901642
0.07726508378982544
0.040514204651117325
0.16801021993160248
0.16721713542938232
0.05840397626161575
0.12956465780735016
0.2539278268814087
0.007240619044750929
0.01923992671072483
0.15854141116142273
0.12518097460269928
0.01972116343677044
0.0717373862862587
0.1968715786933899
0.017271870747208595
0.0627845898270607
0.37366339564323425
0.08022808283567429
0.029484862461686134
0.17912741005420685
0.099212147295475
0.007972394116222858
0.017293667420744896
0.005387920420616865
0.0026404033415019512
0.002408887492492795
0.0034174800384789705
0.003266981802880764
0.002988804830238223
0.005284738261252642
0.006483009085059166
0.007625548634678125
0.004075784236192703
0.014016790315508842
0.006863488350063562
0.0063753812573850155
0.006956839933991432
0.042869020253419876
0.024861643090844154
0.06777723133563995
0.15515464544296265
0.20345035195350647
0.019910374656319618
0.03490424528717995
0.030158216133713722
0.05602128803730011
0.02492552436888218
0.024119174107909203
0.01570768840610981
0.02194032073020935
0.035882581025362015
0.006393699441105127
0.005256142001599073
0.01621178723871708
0.007708909455686808
0.010289904661476612
0.010578284971415997
0.04515521973371506
0.022446004673838615
0.02210850641131401
0.022827841341495514
0.11207841336727142
0.08193624764680862
0.14053937792778015
0.10370184481143951
0.3470984697341919
0.1312938779592514
0.47930213809013367
0.18223093450069427
0.18549083173274994
0.08002247661352158
0.1870962381362915
0.13431239128112793
0.469368040561676
0.2635946273803711
0.19426317512989044
0.2920009195804596
0.2041981816291809
0.27525678277015686
0.16260622441768646
0.4067666828632355
0.5342333912849426
0.6733626127243042
0.5989139676094055
0.6476250290870667
0.6989300847053528
0.4338858425617218
0.40553048253059387
0.22038261592388153
0.4162088930606842
0.317446231842041
0.1629769504070282
0.2157934010028839
0.25302302837371826
0.02818402275443077
0.20320391654968262
0.03724343329668045
0.05852138251066208
0.04862312227487564
0.04705570265650749
0.04455754533410072
0.017969243228435516
0.07261823862791061
0.015868637710809708
0.005784713197499514
0.008454681374132633
0.014093147590756416
0.0067951190285384655
0.008353804238140583
0.002412639558315277
0.010538894683122635
0.006955298129469156
0.058795321732759476
0.030710211023688316
0.4642174541950226
0.22450168430805206
0.3552083969116211
0.2551259398460388
0.1499021053314209
0.07477804273366928
0.03258032724261284
0.07293529808521271
0.01882127858698368
0.08741790801286697
0.03802663832902908
0.2230387032032013
0.07630018144845963
0.3610793948173523
0.1767205148935318
0.09826838970184326
0.04087938368320465
0.15873868763446808
0.04535966366529465
0.057450465857982635
0.01621025800704956
0.02384481579065323
0.006004123482853174
0.025089064612984657
0.015788111835718155
0.05243697017431259
0.07881434261798859
0.03940226510167122
0.058160264045000076
0.07681670039892197
0.14424708485603333
0.13476811349391937
0.013991436921060085
0.12562985718250275
0.031294651329517365
0.08539173752069473
0.09669473022222519
0.10402179509401321
0.05199727043509483
0.0668930634856224
0.05972466245293617
0.01760157383978367
0.015405122190713882
0.03177713230252266
0.019614264369010925
0.034675076603889465
0.034949738532304764
0.03817962855100632
0.042160242795944214
0.05893515795469284
0.06837267428636551
0.02406679466366768
0.06729743629693985
0.12158843129873276
0.20649415254592896
0.12291383743286133
0.12587453424930573
0.02903435006737709
0.021643849089741707
0.008944443427026272
0.061234235763549805
0.02684112824499607
0.17519772052764893
0.04403524845838547
0.06053297966718674
0.009451634250581264
0.012838785536587238
0.007096125744283199
0.01848537288606167
0.008177489973604679
0.018384627997875214
0.02492249384522438
0.032497212290763855
