0.8577468991279602
0.9523192644119263
0.9435141682624817
0.7991870045661926
0.9315214157104492
0.950501024723053
0.8595512509346008
0.9228262305259705
0.9540700912475586
0.9390371441841125
0.9123079776763916
0.8554289937019348
0.9488014578819275
0.8888946175575256
0.8935371041297913
0.8713920712471008
0.9149983525276184
0.8060930371284485
0.5228803157806396
0.8764437437057495
0.3375827372074127
0.40837034583091736
0.05424640700221062
0.051444243639707565
0.006780953612178564
0.011628992855548859
0.02214675210416317
0.07080519199371338
0.06032741814851761
0.05448825657367706
0.07984287291765213
0.04878247529268265
0.16121773421764374
0.333311527967453
0.26542797684669495
0.5185015797615051
0.3649163842201233
0.11853962391614914
0.5605617761611938
0.6574939489364624
0.3317645490169525
0.16328802704811096
0.6412312388420105
0.780653715133667
0.36120378971099854
0.07950034737586975
0.7400739789009094
0.8947086334228516
0.37947502732276917
0.5942001342773438
0.9581007361412048
0.8306558728218079
0.45110246539115906
0.31544187664985657
0.31149035692214966
0.12351831048727036
0.028510894626379013
0.028351131826639175
0.04691560938954353
0.19335785508155823
0.14733539521694183
0.20667096972465515
0.19454188644886017
0.4034455418586731
0.3780946731567383
0.23920045793056488
0.14417454600334167
0.3969424366950989
0.5153539776802063
0.12690532207489014
0.18847237527370453
0.6150825023651123
0.7141031622886658
0.1285899132490158
0.12662430107593536
0.1553489714860916
0.1045660451054573
0.03694048523902893
0.14067716896533966
0.06372377276420593
0.051714833825826645
0.0980483666062355
0.09514341503381729
0.11115985363721848
0.08400733023881912
0.09720299392938614
0.29441142082214355
0.43510448932647705
0.4920879006385803
0.17387838661670685
0.3863227665424347
0.7704914212226868
0.48161688446998596
0.30383092164993286
0.80787593126297
0.9145962595939636
0.5386315584182739
0.24422748386859894
0.794938862323761
0.9115240573883057
0.9108818769454956
0.48101845383644104
0.5555867552757263
0.9747856855392456
0.9218417406082153
0.3393069803714752
0.7667387127876282
0.9720649719238281
0.9113104939460754
0.23471875488758087
0.9477949142456055
0.962392270565033
0.9212372303009033
0.9042143225669861
0.840704619884491
0.9606506824493408
0.6524023413658142
0.9232720136642456
0.7303555607795715
0.8827434182167053
0.6411681175231934
0.47377416491508484
0.8534393906593323
0.9481590986251831
0.9331877827644348
0.857047438621521
0.6525747179985046
0.4114939868450165
0.3758546710014343
0.07700727134943008
0.1563185751438141
0.21998699009418488
0.08789955824613571
0.1321624368429184
0.14844541251659393
0.056337568908929825
0.06153758242726326
0.13861383497714996
0.060753948986530304
0.12581215798854828
0.2785605192184448
0.09352603554725647
0.10636261850595474
0.23112010955810547
0.27438297867774963
0.33478233218193054
0.3652011454105377
0.2996603548526764
0.7768920063972473
0.33101487159729004
0.8354780673980713
0.9499377012252808
0.4566130042076111
0.7027146816253662
0.9477458596229553
0.8937844038009644
0.5145874619483948
0.8450629711151123
0.9643057584762573
0.9102246165275574
0.935817301273346
0.4025228023529053
0.41580140590667725
0.22265206277370453
0.2905707359313965
0.2557848393917084
0.24309392273426056
0.2989097535610199
0.2636845111846924
0.6337848901748657
0.22304026782512665
0.5248557925224304
0.3667934834957123
0.5603152513504028
0.5262261629104614
0.438662052154541
0.1952493041753769
0.22003640234470367
0.3063080608844757
0.4148504436016083
0.2581769526004791
0.11549866199493408
0.2542494833469391
0.12594713270664215
0.02137867547571659
0.0709417313337326
0.24269066751003265
0.09273866564035416
0.01339209545403719
0.22688934206962585
0.2001410275697708
0.14268513023853302
0.36332008242607117
0.05291985720396042
0.31524088978767395
0.18536075949668884
0.020453421398997307
0.06883584707975388
0.031445734202861786
0.05612558871507645
0.04319765046238899
0.24160878360271454
0.12614324688911438
0.21167249977588654
0.06234987452626228
0.07249057292938232
0.1217561736702919
0.0708145871758461
0.11967432498931885
0.17095202207565308
0.2202167809009552
0.3552924394607544
0.23699018359184265
0.5098778009414673
0.6950516104698181
0.25518736243247986
0.3648444414138794
0.294660359621048
0.2881467640399933
0.20423653721809387
0.06788438558578491
0.1896887719631195
0.08613214641809464
0.06279537826776505
0.12047098577022552
0.14778058230876923
0.07096210867166519
0.08116079121828079
0.08101823180913925
0.03485698997974396
0.12534518539905548
0.11702755093574524
0.12202619016170502
0.08086399734020233
0.1163952499628067
0.23549924790859222
0.1408577710390091
0.06530354917049408
0.35300663113594055
0.19458624720573425
0.0705656185746193
0.25511932373046875
0.3444317877292633
0.06764940172433853
0.12220612913370132
0.5341566205024719
0.27757278084754944
0.2738117575645447
0.06424708664417267
0.3002212643623352
0.30588945746421814
0.09975165128707886
0.24823805689811707
0.07695648819208145
0.10035869479179382
0.14069236814975739
0.03507540747523308
0.08845668286085129
0.33376431465148926
0.44113683700561523
0.5998245477676392
0.09548356384038925
0.17623238265514374
0.6429637670516968
0.6025171875953674
0.29952698945999146
0.4262316823005676
0.8834046125411987
0.8148398399353027
0.9143199920654297
0.7906798124313354
0.5147494077682495
0.4931652843952179
0.23139140009880066
0.16289487481117249
0.5187888741493225
0.24751591682434082
0.5827742218971252
0.4952986538410187
0.5176027417182922
0.44639554619789124
0.25341877341270447
