0.1625869870185852
0.22531576454639435
0.15317384898662567
0.16010265052318573
0.134904146194458
0.0883137583732605
0.18751490116119385
0.0932568684220314
0.16486655175685883
0.34165769815444946
0.36999568343162537
0.7164024114608765
0.39085474610328674
0.22105199098587036
0.2532479166984558
0.21933633089065552
0.4937737286090851
0.3414932191371918
0.07699749618768692
0.03929226100444794
0.23281461000442505
0.19079995155334473
0.05350291728973389
0.11288692057132721
0.18060989677906036
0.22571656107902527
0.1278046816587448
0.2357807755470276
0.17805559933185577
0.30473941564559937
0.2967440187931061
0.18789997696876526
0.301127552986145
0.33827558159828186
0.28538089990615845
0.22401537001132965
0.1961115151643753
0.09638845175504684
0.48132774233818054
0.32956960797309875
0.33459988236427307
0.3774205446243286
0.1572626531124115
0.37203720211982727
0.4185614585876465
0.31014394760131836
0.5018748044967651
0.4305623769760132
0.3567129373550415
0.5499137043952942
0.661375880241394
0.38387107849121094
0.5073559880256653
0.3640901744365692
0.3741368353366852
0.47441598773002625
0.21777981519699097
0.6502669453620911
0.5572575926780701
0.4198738634586334
0.13390395045280457
0.4906628429889679
0.4635026752948761
0.31944385170936584
0.31704604625701904
0.4703350067138672
0.1977800875902176
0.2804645597934723
0.21044418215751648
0.4901161789894104
0.19378601014614105
0.0985034704208374
0.09656404703855515
0.0709042102098465
0.054571352899074554
0.11304921656847
0.1360672414302826
0.6279356479644775
0.8694308400154114
0.651351809501648
0.5435418486595154
0.8165441155433655
0.8261007070541382
0.5743306875228882
0.5671584010124207
0.5713595151901245
0.618449866771698
0.39627766609191895
0.2570236623287201
0.43988269567489624
0.26706206798553467
0.10789342224597931
0.12764355540275574
0.14016152918338776
0.11119869351387024
0.6423174142837524
0.2573271691799164
0.6010550260543823
0.706210196018219
0.5498420000076294
0.37892991304397583
0.33717140555381775
0.6450647115707397
0.5117403268814087
0.6555049419403076
0.313247948884964
0.5487854480743408
0.5384670495986938
0.7365129590034485
0.48567333817481995
0.529130220413208
0.4500460624694824
0.5046105980873108
0.4079284965991974
0.5581169128417969
0.4542010724544525
0.5522933602333069
0.6944171190261841
0.5492605566978455
0.6458562016487122
0.8286258578300476
0.7637275457382202
0.593159019947052
0.8798354268074036
0.8918299078941345
0.7974679470062256
0.8255899548530579
0.6205289959907532
0.6778585314750671
0.810355544090271
0.7180494666099548
0.33812862634658813
0.6267120838165283
0.6596133708953857
0.5932356119155884
0.4751911759376526
0.5571163892745972
0.6364334225654602
0.6935680508613586
0.5156112909317017
0.211373433470726
0.7106369137763977
0.6965699791908264
0.1756575107574463
0.2616969347000122
0.11462648957967758
0.251418799161911
0.19800041615962982
0.2616546154022217
0.17984946072101593
0.18796470761299133
0.13492116332054138
0.16027657687664032
0.08897166699171066
0.08275829255580902
0.05596349760890007
0.09086815267801285
0.26994940638542175
0.10932034999132156
0.12157007306814194
0.15430423617362976
0.43632030487060547
0.13440623879432678
0.12164849787950516
0.1997496783733368
0.23884974420070648
0.1395343393087387
0.103809654712677
0.17513826489448547
0.20510287582874298
0.11866715550422668
0.1653796136379242
