0.01714520901441574
0.0309256911277771
0.07991649955511093
0.10981079936027527
0.10779927670955658
0.06954587250947952
0.09446214884519577
0.07420555502176285
0.0938311517238617
0.14501412212848663
0.1706600934267044
0.19602395594120026
0.20026670396327972
0.1490270048379898
0.15848961472511292
0.23591266572475433
0.1084657683968544
0.20974084734916687
0.14412809908390045
0.18342038989067078
0.11578694730997086
0.19399894773960114
0.16968128085136414
0.09512834250926971
0.0883006602525711
0.24221940338611603
0.20825989544391632
0.4466017186641693
0.33061057329177856
0.16655558347702026
0.25919488072395325
0.14966647326946259
0.07970955222845078
0.20742280781269073
0.10552486777305603
0.19960330426692963
0.0911746621131897
0.2770354151725769
0.10114055126905441
0.14653047919273376
0.1491464078426361
0.26330387592315674
0.3874611258506775
0.2621173858642578
0.634061872959137
0.47950395941734314
0.5924645662307739
0.4037112891674042
0.36477094888687134
0.1760081797838211
0.15158499777317047
0.2823406755924225
0.13232648372650146
0.12395180761814117
0.34219229221343994
0.3362610340118408
0.4784059524536133
0.1803082972764969
0.2460424154996872
0.25637173652648926
0.42352747917175293
0.29158562421798706
0.2631799280643463
0.217146635055542
0.2924046218395233
0.24631643295288086
0.2835628092288971
0.4464209973812103
0.37361228466033936
0.12132835388183594
0.07906044274568558
0.2469056248664856
0.42433100938796997
0.10344250500202179
0.1846630871295929
0.2877253592014313
0.06838178634643555
0.03964390233159065
0.10473135858774185
0.09089718014001846
0.010233853943645954
0.008584987372159958
0.0970430076122284
0.07078497856855392
0.016304293647408485
0.046629101037979126
0.18839170038700104
0.2865312099456787
0.0512620210647583
0.2984001338481903
0.5128105878829956
0.49592262506484985
0.29555630683898926
0.3144044280052185
0.10069387406110764
0.33213239908218384
0.43873944878578186
0.444359689950943
0.1557920128107071
0.07466809451580048
0.015512971207499504
0.07661564648151398
0.11852867156267166
0.08867303282022476
0.042015332728624344
0.18760736286640167
0.26153290271759033
0.158515065908432
0.04131132736802101
0.19954168796539307
0.22315746545791626
0.3451811373233795
0.15118248760700226
0.1559140533208847
0.35794302821159363
0.09693489223718643
0.2315489500761032
0.11987639963626862
0.322029173374176
0.20252545177936554
0.10666202753782272
0.1640034019947052
0.08419093489646912
0.18175046145915985
0.24264271557331085
0.20052652060985565
0.15080887079238892
0.1342439204454422
0.46212735772132874
0.112742580473423
0.11149045079946518
0.13372135162353516
0.07845578342676163
0.05807250738143921
0.4857434332370758
0.27568984031677246
0.10387525707483292
0.1419476568698883
0.32729074358940125
0.410845011472702
0.36153754591941833
0.343804270029068
0.19132715463638306
0.29593685269355774
0.29102852940559387
0.5786455273628235
0.4838475286960602
0.8625710010528564
0.7887500524520874
0.6385585069656372
0.7698982954025269
0.37353336811065674
0.1782156378030777
0.6907861828804016
0.28842392563819885
0.17547596991062164
0.33043354749679565
0.38248908519744873
0.1590677946805954
0.2529275119304657
0.24765224754810333
0.23105579614639282
0.5467055439949036
0.5705696940422058
0.3376336097717285
0.28570976853370667
0.37326398491859436
0.4180153012275696
0.27996593713760376
0.22367562353610992
0.4721146821975708
0.3969278931617737
0.576008141040802
0.46667787432670593
0.33390167355537415
0.35830968618392944
0.3954983353614807
0.2550128400325775
0.35562825202941895
0.553777277469635
0.29648005962371826
0.22191308438777924
0.5197540521621704
0.47361040115356445
0.6138585209846497
0.49342167377471924
0.48535484075546265
0.6759626865386963
0.35557419061660767
0.28250887989997864
0.16497914493083954
0.09509316086769104
0.1431683897972107
0.1714857816696167
0.013815504498779774
0.030209004878997803
0.19854529201984406
0.032880112528800964
0.011022417806088924
0.045284662395715714
0.17131221294403076
0.058151330798864365
0.08450913429260254
0.15668842196464539
0.12313321232795715
0.060522180050611496
0.012416468933224678
0.03760720044374466
0.06444178521633148
0.0705881267786026
0.008473173715174198
0.08593922853469849
0.11210531741380692
0.11954569816589355
0.01486921776086092
0.00879568699747324
0.0551065057516098
0.07801166921854019
0.054701633751392365
0.06651796400547028
0.03626466915011406
0.14719632267951965
0.12499194592237473
0.017288707196712494
0.036975692957639694
0.05160950869321823
0.08167599886655807
0.06715533137321472
0.12307839840650558
0.20194536447525024
0.11052589118480682
0.0661008432507515
0.08263134211301804
0.026134682819247246
0.11898769438266754
0.06874148547649384
0.11690513044595718
0.07435201108455658
0.027440045028924942
0.10175707936286926
0.09209813922643661
0.2179601490497589
0.49429669976234436
0.6436617970466614
0.6229849457740784
0.7809927463531494
0.673822820186615
0.578374445438385
0.4839858114719391
0.6574425101280212
0.3306998312473297
0.4991236925125122
0.4983103573322296
0.21526315808296204
0.273136705160141
0.12094546854496002
0.22864432632923126
0.31462347507476807
0.11912909895181656
0.2911577820777893
0.09793142974376678
0.07335459440946579
0.19267868995666504
0.5187953114509583
0.4445292055606842
0.07895927131175995
0.39566242694854736
0.0363137386739254
0.08687447756528854
0.32718637585639954
0.04910046234726906
0.04033093526959419
0.04406809061765671
0.10112768411636353
0.10789735615253448
0.15019355714321136
0.14882232248783112
0.06461433321237564
0.1417890042066574
0.13932599127292633
0.1409331113100052
0.012952657416462898
0.027246862649917603
0.1875687837600708
0.06430782377719879
0.08625203371047974
0.07015514373779297
0.1636129468679428
0.17169684171676636
0.16401474177837372
0.08930037170648575
0.11798074841499329
0.07488824427127838
0.14052605628967285
0.20311389863491058
0.12952785193920135
0.3684501051902771
0.22244712710380554
0.04826333001255989
0.20793600380420685
0.31503957509994507
0.1528739333152771
0.2644626796245575
0.4723162055015564
0.35093218088150024
0.25530335307121277
0.2108726054430008
0.468373566865921
0.28964170813560486
0.3991156220436096
0.24221965670585632
0.09730511903762817
0.16712908446788788
0.3227680027484894
0.15244658291339874
0.23127521574497223
0.37470680475234985
0.5086811184883118
0.3248515725135803
0.4712142050266266
0.6262080669403076
0.6150826215744019
0.7644762992858887
0.8902283906936646
0.7593971490859985
0.6839593052864075
0.8327680826187134
0.5389405488967896
0.5531290173530579
0.5542412996292114
0.7110458612442017
0.8044402003288269
0.7952625155448914
0.7319134473800659
0.49186474084854126
0.5617044568061829
0.38248205184936523
0.16773182153701782
0.403225839138031
0.12034601718187332
0.2736474871635437
0.20460689067840576
0.1673033982515335
0.5077894926071167
0.2552933096885681
0.3130560517311096
0.5170112252235413
0.6758479475975037
0.42778247594833374
0.5172823071479797
0.7195902466773987
0.5272089242935181
0.5714069604873657
0.7105746269226074
0.7746256589889526
0.5984408259391785
0.3143506944179535
0.37310126423835754
0.20204859972000122
0.12902171909809113
0.2084871381521225
0.3038187623023987
0.41200554370880127
0.34057822823524475
0.2935439646244049
0.5081799030303955
0.3446570932865143
0.3429785370826721
0.10865281522274017
0.24985843896865845
0.13762535154819489
0.2336389571428299
0.07675889879465103
0.13524645566940308
0.20845012366771698
0.1888180375099182
0.07690224796533585
0.061571672558784485
0.08811037987470627
0.043054476380348206
0.07247650623321533
0.0835295170545578
0.0741395503282547
0.26026204228401184
0.2767205238342285
0.27207866311073303
0.3201677203178406
0.5254775285720825
0.8844728469848633
0.8795973658561707
0.8428643941879272
0.6700602769851685
0.9058678150177002
0.6591818928718567
0.3372783958911896
0.8258104920387268
0.8153402805328369
0.30252212285995483
0.39369532465934753
0.8766539692878723
0.41233640909194946
0.16495415568351746
0.5279287099838257
0.6652515530586243
0.13641159236431122
0.18427801132202148
0.48503875732421875
0.3757559657096863
0.3248983919620514
0.21918199956417084
0.17300541698932648
0.11309798806905746
0.13119442760944366
