0.1796666830778122
0.14967970550060272
0.0594678595662117
0.03219522163271904
0.058957748115062714
0.045366108417510986
0.03586310148239136
0.030904598534107208
0.012357458472251892
0.08232209086418152
0.08819026499986649
0.16771741211414337
0.39170557260513306
0.2400626838207245
0.3713175356388092
0.5130341649055481
0.18179893493652344
0.11359957605600357
0.07313622534275055
0.2810932993888855
0.10877694934606552
0.06077631935477257
0.1675248146057129
0.09127191454172134
0.16207022964954376
0.07402920722961426
0.1831628531217575
0.2960171699523926
0.18249911069869995
0.16955001652240753
0.07722482830286026
0.03357638791203499
0.04071158915758133
0.04360106214880943
0.18296687304973602
0.14342163503170013
0.6779758930206299
0.697445809841156
0.44330477714538574
0.14346802234649658
0.07243392616510391
0.07686945050954819
0.2863454222679138
0.1272357851266861
0.051918502897024155
0.08978097885847092
0.504529595375061
0.08694825321435928
0.3127864599227905
0.5785579681396484
0.3664839267730713
0.8206692337989807
0.41431424021720886
0.3800601065158844
0.09284154325723648
0.09289323538541794
0.0735001340508461
0.007795810699462891
0.026319045573472977
0.056480247527360916
0.07524678111076355
0.1691475510597229
0.12305666506290436
0.29327192902565
0.36775052547454834
0.1537816971540451
0.20309944450855255
0.06615541875362396
0.021933194249868393
0.07473383843898773
0.09554431587457657
0.12009493261575699
0.11633610725402832
0.16884618997573853
0.5886332988739014
0.392662912607193
0.5380921959877014
0.7434709668159485
0.8332235217094421
0.6192033290863037
0.6070149540901184
0.6116926074028015
0.49686431884765625
0.5728839635848999
0.5560650825500488
0.21768328547477722
0.7076178789138794
0.5050503015518188
0.7952837347984314
0.516859233379364
0.8211386799812317
0.5571286082267761
0.8106876611709595
0.6522407531738281
0.6955750584602356
0.3796933591365814
0.14949297904968262
0.03568696603178978
0.11093074083328247
0.142404243350029
0.29922497272491455
0.0992857962846756
0.04674183204770088
0.5671452879905701
0.28965944051742554
0.09108269214630127
0.24505646526813507
0.6593716144561768
0.5501120686531067
0.2287774682044983
0.11125797778367996
0.0995439663529396
0.21224136650562286
0.05077876150608063
0.08759205043315887
0.07393859326839447
0.03728219494223595
0.05687554553151131
0.15727567672729492
0.018261613324284554
0.05788877233862877
0.20697610080242157
0.0607382208108902
0.016919847577810287
0.15836362540721893
0.45256009697914124
0.21890264749526978
0.08859145641326904
0.05739893391728401
0.0693882554769516
0.11212451010942459
0.07218378782272339
0.05427125096321106
0.11185913532972336
0.1403319537639618
0.24632075428962708
0.1399730145931244
0.42639800906181335
0.26038461923599243
0.18008224666118622
0.3226196765899658
0.17963919043540955
0.11354025453329086
0.1921301633119583
0.3094745874404907
0.14152640104293823
0.1701088696718216
0.07101670652627945
0.2698087692260742
0.2749141752719879
0.08648566156625748
0.7084031105041504
0.3508960008621216
0.38701850175857544
0.14807835221290588
0.6183105707168579
0.4589390158653259
0.4876132011413574
0.38937586545944214
0.28109756112098694
0.31683874130249023
0.20112892985343933
0.06515143066644669
0.12979024648666382
0.1528284102678299
0.16577789187431335
0.21890655159950256
0.3607584238052368
0.4137672185897827
0.23871895670890808
0.44803598523139954
0.5515871047973633
0.5818606019020081
0.2920185625553131
0.38236868381500244
0.4317205548286438
0.44228240847587585
0.16700370609760284
0.394404798746109
0.4715074598789215
0.48792463541030884
0.16213412582874298
0.21663400530815125
0.53080815076828
0.41936904191970825
0.19669215381145477
0.4267633259296417
0.5502896904945374
0.4654509127140045
0.23541927337646484
0.394246369600296
0.12188720703125
0.08879993110895157
0.05101415514945984
0.11220747977495193
0.05080018565058708
0.14719955623149872
0.5989496111869812
0.43455830216407776
0.7224482893943787
0.7773712873458862
0.31326740980148315
0.12823112308979034
0.5460296273231506
0.5593770742416382
0.1874200850725174
0.08105402439832687
0.12644530832767487
0.09303677827119827
0.0532231330871582
0.07321885973215103
0.11916812509298325
0.14606031775474548
0.36767515540122986
0.5716536045074463
0.1366596668958664
0.3996540606021881
0.24883487820625305
0.4318300783634186
0.2104843407869339
0.2389320582151413
0.08153526484966278
0.1829788237810135
0.27848243713378906
0.47687870264053345
0.21176399290561676
0.1715087741613388
0.7607642412185669
0.5831697583198547
0.4660213887691498
0.34108415246009827
0.2496112436056137
0.29638856649398804
0.44015538692474365
0.6928189396858215
0.2543131411075592
0.5654008984565735
0.7871481776237488
0.7530017495155334
0.6198800206184387
0.7839944958686829
0.9439886212348938
0.8842756748199463
0.910319447517395
0.7505630850791931
0.6348075866699219
0.7822946906089783
0.4103061258792877
0.36507394909858704
0.05422986298799515
0.1359056532382965
0.022016329690814018
0.03590433672070503
0.13248464465141296
0.10822516679763794
0.029992230236530304
0.03679507598280907
0.01848532073199749
0.04839745908975601
0.15923972427845
0.12334311008453369
0.17900429666042328
0.23257799446582794
0.05972878262400627
0.06512103229761124
0.04463791102170944
0.07419745624065399
0.13957390189170837
0.13153542578220367
0.2996234893798828
0.1189688965678215
0.05987279862165451
0.2694334089756012
0.31657668948173523
0.07628990709781647
0.14863881468772888
0.35413843393325806
0.29925069212913513
0.09869930148124695
0.1101289838552475
0.08534863591194153
0.06347603350877762
0.11287127435207367
0.1306733638048172
0.044134531170129776
0.16529279947280884
0.14145402610301971
0.19855530560016632
0.295936644077301
0.6910935044288635
0.5710918307304382
0.8733940124511719
0.41251620650291443
0.3314318060874939
0.610977828502655
0.3559624254703522
0.33722537755966187
0.5796457529067993
0.6250132322311401
0.22612982988357544
0.5082781910896301
0.39993152022361755
0.25844860076904297
0.1653217077255249
0.12165483087301254
0.10157157480716705
0.0848308578133583
0.0630878284573555
0.1255008727312088
0.17357394099235535
0.24032357335090637
0.19426006078720093
0.5969657897949219
0.348504900932312
0.8975660800933838
0.9462709426879883
0.8475512266159058
0.9652550220489502
0.9573183059692383
0.9720344543457031
0.9304229021072388
0.9427953362464905
0.8817790150642395
0.6707046627998352
0.8683822751045227
0.30182579159736633
0.9124014377593994
0.36167633533477783
0.6726519465446472
0.19989177584648132
0.3467719852924347
0.3404867947101593
0.4145675301551819
0.663994312286377
0.5696374177932739
0.834160566329956
0.5121760368347168
0.7581807971000671
0.43625620007514954
0.7852505445480347
0.8141366243362427
0.847377598285675
0.5648383498191833
0.793243408203125
0.6220735907554626
0.8367757797241211
0.88425213098526
0.7417114973068237
0.7353366017341614
0.5665188431739807
0.25508254766464233
0.3659422993659973
0.13773170113563538
0.19064849615097046
0.2515776455402374
0.24997732043266296
0.16293078660964966
0.4274562895298004
0.4618602395057678
0.15627403557300568
0.3335777521133423
0.06209931895136833
0.14576208591461182
0.12640826404094696
0.23902450501918793
0.13652507960796356
0.19651634991168976
0.11929082870483398
0.21126045286655426
0.17545437812805176
0.146657794713974
0.3860050141811371
