0.29585322737693787
0.27624574303627014
0.21942396461963654
0.33313289284706116
0.16389787197113037
0.16183556616306305
0.19749529659748077
0.20544184744358063
0.25228360295295715
0.2256804257631302
0.2396564781665802
0.0638354942202568
0.09249944984912872
0.03203747048974037
0.05454205349087715
0.07296697050333023
0.015150363557040691
0.01447216048836708
0.03703441098332405
0.07451227307319641
0.03321266546845436
0.047673922032117844
0.05130857601761818
0.11319780349731445
0.07204949855804443
0.12692312896251678
0.0203182902187109
0.02594246342778206
0.061676375567913055
0.151830792427063
0.2504574656486511
0.32930389046669006
0.260595440864563
0.26956573128700256
0.17652538418769836
0.07795282453298569
0.15463604032993317
0.03826623409986496
0.008720305748283863
0.01864241249859333
0.03929625824093819
0.005050132051110268
0.0067775496281683445
0.018854210153222084
0.017144937068223953
0.02466445602476597
0.005773189477622509
0.026532329618930817
0.04281862452626228
0.019429439678788185
0.017168600112199783
0.025499170646071434
0.019431082531809807
0.23401160538196564
0.029350293800234795
0.19471581280231476
0.06576316803693771
0.2265007197856903
0.428627610206604
0.5104622840881348
0.7009747624397278
0.345502108335495
0.3105640709400177
0.5606475472450256
0.1867544949054718
0.08026832342147827
0.06926006823778152
0.27016690373420715
0.0221537034958601
0.026554787531495094
0.09889104962348938
0.06732052564620972
0.3047322928905487
0.11701556295156479
0.034176044166088104
0.24134784936904907
0.19791211187839508
0.03985462337732315
0.02534773387014866
0.2879730761051178
0.2815740704536438
0.5867298245429993
0.45706093311309814
0.5198103785514832
0.7035506367683411
0.5589638352394104
0.6922152638435364
0.7696416974067688
0.4403924345970154
0.5516980886459351
0.888642430305481
0.5641098022460938
0.27090129256248474
0.4907407760620117
0.8399295806884766
0.24502107501029968
0.1929984986782074
0.6274726390838623
0.4252057671546936
0.16656653583049774
0.3575863242149353
0.3689177334308624
0.5663389563560486
0.8701823949813843
0.3595025837421417
0.5650226473808289
0.8904785513877869
0.9425461888313293
0.8409862518310547
0.977957010269165
0.9035007953643799
0.9229686856269836
0.6518733501434326
0.80491703748703
0.8960036039352417
0.29149794578552246
0.27226153016090393
0.7451375126838684
0.5185865759849548
0.1276272088289261
0.17980048060417175
0.5441348552703857
0.8458439707756042
0.4621738791465759
0.08315429091453552
0.05580936744809151
0.0930439829826355
0.020291848108172417
0.020001152530312538
0.013420586474239826
0.044559162110090256
0.08210445195436478
0.08808210492134094
0.31709054112434387
0.5619646310806274
0.4177546799182892
0.6983450055122375
0.6919921040534973
0.8246610760688782
0.2672457695007324
0.7909006476402283
0.3276234269142151
0.4143807291984558
0.34521082043647766
0.17749932408332825
0.2828442454338074
0.1658969670534134
0.20122452080249786
0.34804463386535645
0.23765577375888824
0.13708394765853882
0.3422127068042755
0.5039878487586975
0.07134570181369781
0.20756180584430695
0.8801486492156982
0.32786718010902405
0.08680610358715057
0.31367355585098267
0.16839094460010529
0.10508261620998383
0.03598930314183235
0.024595286697149277
0.05672625079751015
0.08014626801013947
0.29800912737846375
0.7310424447059631
0.6168206334114075
0.35817772150039673
0.38422805070877075
0.6796929836273193
0.4081224799156189
0.7734014391899109
0.48906952142715454
0.8272475600242615
0.8605250120162964
0.6211646199226379
0.8465309143066406
0.6344296932220459
0.7562344670295715
0.30915331840515137
0.7120990753173828
0.8204043507575989
0.3490551710128784
0.4492073059082031
0.0766666904091835
0.06838551163673401
0.038103051483631134
0.42688602209091187
0.3942459225654602
0.7731443643569946
0.7236503958702087
0.6484678387641907
0.45067697763442993
0.5365988612174988
0.29096147418022156
0.40550199151039124
0.5472043752670288
0.4777683615684509
0.7154560089111328
0.4659985899925232
0.39451852440834045
0.36532115936279297
0.3452829420566559
0.22672219574451447
0.2565838694572449
0.3914574384689331
0.4264170527458191
0.13181748986244202
0.09961536526679993
0.3810940980911255
0.21443144977092743
0.05192083865404129
0.06106213852763176
0.2603999376296997
0.2617901861667633
0.032514069229364395
0.11039885878562927
0.12116143852472305
0.026444854214787483
0.038229212164878845
0.09462442249059677
0.026003358885645866
0.20403875410556793
0.14728431403636932
0.22239966690540314
0.5213732719421387
0.2510165572166443
0.27063804864883423
0.222062349319458
0.12258660793304443
0.2075764536857605
0.18685182929039001
0.03318708762526512
0.053175508975982666
0.07980731874704361
0.12445378303527832
0.04036480560898781
0.10341355949640274
0.06556449085474014
0.061389319598674774
0.04794596508145332
0.06057099625468254
0.019292406737804413
0.028800252825021744
0.045444268733263016
0.21791058778762817
0.16658031940460205
0.5666136741638184
0.37384793162345886
0.1467941850423813
0.07168368250131607
0.11086893081665039
0.06050480902194977
0.06551136076450348
0.03262687101960182
0.028839515522122383
0.017975082620978355
0.04309605807065964
0.0940060093998909
0.07221394032239914
0.036830782890319824
0.011618059128522873
0.017029859125614166
0.053367163985967636
0.03402155265212059
0.1403614729642868
0.10124765336513519
0.07408352941274643
0.1882501244544983
0.46076881885528564
0.34868481755256653
0.27884259819984436
0.1532612293958664
0.39954936504364014
0.0680902749300003
0.1258920580148697
0.22379308938980103
0.22920550405979156
0.47253862023353577
0.20236027240753174
0.28860628604888916
0.1076454296708107
0.23483432829380035
0.36699238419532776
0.16107238829135895
0.06424465775489807
0.33313438296318054
0.45334938168525696
0.22631271183490753
0.2537062466144562
0.7195961475372314
0.6954064965248108
0.41946759819984436
0.6580594182014465
0.32392627000808716
0.1872180551290512
0.46030935645103455
0.27951669692993164
0.4209570586681366
0.37860170006752014
0.2602565586566925
0.7581043839454651
0.7317034006118774
0.340798944234848
0.39979469776153564
0.6911860108375549
0.6276864409446716
0.8602089285850525
0.4812028706073761
0.2297586053609848
0.18121176958084106
0.32933810353279114
0.10275213420391083
0.09207461029291153
0.051158372312784195
0.027701273560523987
0.029583552852272987
0.025280658155679703
0.0640702024102211
0.25802719593048096
0.6053847074508667
0.29589948058128357
0.7788830995559692
0.6259030699729919
0.40493085980415344
0.6555868983268738
0.36348190903663635
0.8702564239501953
0.4915826618671417
0.6457074284553528
0.397308349609375
0.5979166626930237
0.7222368717193604
0.7813811898231506
0.84645015001297
0.9475318193435669
0.9642756581306458
0.9267814755439758
0.9323356747627258
0.9079111814498901
0.8795771598815918
0.8543100357055664
0.7778472304344177
0.8452945947647095
0.7653806805610657
0.6643374562263489
0.617419421672821
0.7865294814109802
0.5217037200927734
0.15197965502738953
0.22214122116565704
0.9055899381637573
0.13927896320819855
0.03028302825987339
0.5084972977638245
0.41180911660194397
0.10424928367137909
0.1481265425682068
0.07985991984605789
0.03951982036232948
0.0638158917427063
0.04538409411907196
0.030095908790826797
0.07079519331455231
0.0806296244263649
0.14915521442890167
0.2572728991508484
0.10364218801259995
0.15387564897537231
0.3208335041999817
0.3492940366268158
0.25849953293800354
0.11412130296230316
0.25625792145729065
0.40279728174209595
0.12489309906959534
0.2898966372013092
0.13422176241874695
0.6888043880462646
0.5853868722915649
0.9087101817131042
0.7823461890220642
0.9322455525398254
0.9129852652549744
0.9457587003707886
0.836102306842804
0.7315922379493713
0.6368008852005005
0.9512190222740173
0.9063827991485596
0.9724248051643372
0.8748151063919067
0.4136527180671692
0.23077541589736938
0.1807248890399933
0.18931333720684052
0.11416962742805481
0.1565733104944229
0.25337541103363037
0.645606279373169
0.27278754115104675
0.33723464608192444
0.5543026328086853
0.5807753801345825
0.5607109665870667
0.8892095685005188
0.8741793632507324
0.8055859804153442
0.8171899318695068
0.8296903967857361
0.7788694500923157
0.7138198018074036
0.7319242358207703
0.2803356945514679
0.5968250632286072
0.6851730942726135
0.3412618041038513
0.2086603343486786
0.6371400952339172
0.2800518572330475
0.17680716514587402
0.3216334283351898
0.2977462112903595
0.24509580433368683
0.1547357439994812
0.3131137192249298
0.11488396674394608
0.2536289393901825
0.12406354397535324
0.247171089053154
0.18061836063861847
0.24216757714748383
0.16618482768535614
0.39664191007614136
0.5528796315193176
0.6283094882965088
0.7522164583206177
0.3185907006263733
0.3310314416885376
