0.05332760140299797
0.07909839600324631
0.03403567150235176
0.013972588814795017
0.03477415442466736
0.052016209810972214
0.1613057404756546
0.40110287070274353
0.32199835777282715
0.6103442907333374
0.3898809552192688
0.25499120354652405
0.5310838222503662
0.2649783194065094
0.06234300881624222
0.1633514016866684
0.30503955483436584
0.10883650928735733
0.027615739032626152
0.20077453553676605
0.19587406516075134
0.028703654184937477
0.08489367365837097
0.057639230042696
0.04179132729768753
0.16821332275867462
0.09299266338348389
0.0550367571413517
0.09337248653173447
0.21504344046115875
0.3150378465652466
0.22813627123832703
0.5146337747573853
0.555064857006073
0.8815229535102844
0.9177380800247192
0.9038593769073486
0.882948100566864
0.6371110081672668
0.4996093809604645
0.7581214308738708
0.7222729325294495
0.6825398802757263
0.4893127679824829
0.5689371228218079
0.7684831619262695
0.31699445843696594
0.4584479331970215
0.5825176239013672
0.7847732901573181
0.10109839588403702
0.25947049260139465
0.7287648916244507
0.1083056777715683
0.044539645314216614
0.20230919122695923
0.4340539574623108
0.030688907951116562
0.09316328912973404
0.14062486588954926
0.14020848274230957
0.08086647838354111
0.03722269833087921
0.07099667936563492
0.026787297800183296
0.004388671368360519
0.010225259698927402
0.009793143719434738
0.04307706654071808
0.14946867525577545
0.1977568417787552
0.24597592651844025
0.07119613140821457
0.07810087502002716
0.13997972011566162
0.33882594108581543
0.04648030549287796
0.058120209723711014
0.2572060227394104
0.15177081525325775
0.021449441090226173
0.06599851697683334
0.14375047385692596
0.1730339378118515
0.038910020142793655
0.07408754527568817
0.019475722685456276
0.03121928684413433
0.01292246114462614
0.012243079952895641
0.015891827642917633
0.03910936787724495
0.04931381344795227
0.06534993648529053
0.01853122003376484
0.02040998265147209
0.012920556589961052
0.035499922931194305
0.04503272846341133
0.01597418822348118
0.053470026701688766
0.15128107368946075
0.14370065927505493
0.02858194336295128
0.08122178167104721
0.05241117253899574
0.03199709579348564
0.048868514597415924
0.02613837644457817
0.04385014995932579
0.015903906896710396
0.05714307352900505
0.05986594036221504
0.19535867869853973
0.10784519463777542
0.2691204845905304
0.75266033411026
0.22922383248806
0.1982882022857666
0.3124217391014099
0.7128304243087769
0.41706499457359314
0.319614440202713
0.22904640436172485
0.2325696498155594
0.09075283259153366
0.188772514462471
0.05830249562859535
0.028821485117077827
0.11788593232631683
0.09042252600193024
0.03877371922135353
0.024201424792408943
0.03996674716472626
0.1393425017595291
0.07868947833776474
0.1010994091629982
0.15480096638202667
0.3429134786128998
0.559765100479126
0.6546826362609863
0.47712045907974243
0.8500122427940369
0.9569511413574219
0.47208860516548157
0.8296292424201965
0.9672147035598755
0.8908142447471619
0.6706019043922424
0.9314951300621033
0.9748564958572388
0.8925248384475708
0.879494845867157
0.8275347948074341
0.833652138710022
0.6959699392318726
0.9158756732940674
0.9664003849029541
0.3821745812892914
0.48799487948417664
0.9268186688423157
0.9120824933052063
0.0933130532503128
0.6334649324417114
0.9521714448928833
0.8292849063873291
0.22310610115528107
0.5829492211341858
0.6992270946502686
0.35709482431411743
0.3457235097885132
0.14406904578208923
0.0905391275882721
0.05765228718519211
0.12410780042409897
0.0393807590007782
0.01737830974161625
0.042518649250268936
0.0635964497923851
0.1646544486284256
0.3890625536441803
0.39218398928642273
0.5485374331474304
0.3990062475204468
0.38320761919021606
0.6474124193191528
0.2649848163127899
0.1258145123720169
0.4664696753025055
0.36844387650489807
0.07088784873485565
0.17877933382987976
0.16546976566314697
0.3228602707386017
0.044342298060655594
0.24088655412197113
0.209891214966774
0.38828086853027344
0.22366338968276978
0.25349143147468567
0.1283721625804901
0.24354839324951172
0.19060254096984863
0.14879001677036285
0.08608155697584152
0.1774282455444336
0.14232765138149261
0.07624966651201248
0.2778344452381134
0.12718525528907776
0.05986999720335007
0.12224451452493668
0.02171994373202324
0.023862319067120552
0.03767379745841026
0.14284157752990723
0.054804690182209015
0.0226458553224802
0.06812344491481781
0.10543801635503769
0.10370789468288422
0.06169552356004715
0.04270990192890167
0.059437427669763565
0.06907709687948227
0.03750605881214142
0.0266607366502285
0.045288339257240295
0.07232560962438583
0.03900671750307083
0.1137438639998436
0.05164323002099991
0.23332186043262482
0.3098772168159485
0.3590516448020935
0.4591081440448761
0.6376129388809204
0.4023059904575348
0.7996185421943665
0.7869542241096497
0.8693718910217285
0.6695430874824524
0.669056236743927
0.8824966549873352
0.5195626616477966
0.5655285120010376
0.6915018558502197
0.8113372921943665
0.39540353417396545
0.5422446727752686
0.6491127014160156
0.8369044661521912
0.5141164064407349
0.4746275544166565
0.453536719083786
