0.3404131531715393
0.3586982786655426
0.19363926351070404
0.217967689037323
0.1890248954296112
0.23358477652072906
0.08028725534677505
0.11481184512376785
0.13701783120632172
0.18724335730075836
0.2029777616262436
0.22238127887248993
0.2104121446609497
0.25131842494010925
0.31635966897010803
0.2550826370716095
0.13236068189144135
0.5734671354293823
0.2540875971317291
0.6597501635551453
0.38294950127601624
0.6064524054527283
0.660120964050293
0.3629656434059143
0.4077110290527344
0.5402008891105652
0.21191848814487457
0.5627408623695374
0.6354233622550964
0.564479410648346
0.6120451092720032
0.4601377546787262
0.2634398639202118
0.31485021114349365
0.2573825418949127
0.23843683302402496
0.2086150348186493
0.5703108906745911
0.5026118159294128
0.5985892415046692
0.5868929028511047
0.8300461173057556
0.5037345886230469
0.5446500182151794
0.6507030725479126
0.32803812623023987
0.205057293176651
0.3037290871143341
0.13655415177345276
0.4975902736186981
0.39681634306907654
0.7368414998054504
0.46120718121528625
0.15286101400852203
0.2216353714466095
0.7316375374794006
0.3271386921405792
0.0658838227391243
0.5730769038200378
0.47466033697128296
0.28007078170776367
0.19124123454093933
0.6501196622848511
0.447937548160553
0.26600053906440735
0.5801941752433777
0.3111337721347809
0.6337698101997375
0.6673159003257751
0.4854891002178192
0.7711134552955627
0.456637442111969
0.5285984873771667
0.3906141221523285
0.5777901411056519
0.7831602692604065
0.891998827457428
0.668921709060669
0.8769457936286926
0.7590386867523193
0.7439547181129456
0.6191563606262207
0.36803221702575684
0.3201930820941925
0.35110992193222046
0.3754797875881195
0.18050983548164368
0.4173426926136017
0.3785659968852997
0.29903730750083923
0.4318951666355133
0.2627723515033722
0.11682956665754318
0.5150123238563538
0.2998756468296051
0.20055976510047913
0.44883161783218384
0.5872792601585388
0.38588348031044006
0.4177797734737396
0.7761244773864746
0.5051138997077942
0.6866931915283203
0.6487900018692017
0.6532965302467346
0.7364858388900757
0.35267966985702515
0.6038749814033508
0.569462776184082
0.2899989187717438
0.35033297538757324
0.4785681366920471
0.8342896699905396
0.49880504608154297
0.27508971095085144
0.2728048861026764
0.4014185965061188
0.26372405886650085
0.09286411851644516
0.2282257080078125
0.17724809050559998
0.578834593296051
0.6531721353530884
0.851409912109375
0.6532622575759888
0.23121820390224457
0.10643656551837921
0.7449010610580444
0.4705694019794464
0.17016947269439697
0.24698811769485474
0.8418981432914734
0.39381352066993713
0.4995298981666565
0.614047110080719
0.6058778166770935
0.6917674541473389
0.3699965476989746
0.5002977848052979
0.15769463777542114
0.2729419469833374
0.2577350437641144
0.723654568195343
0.7083754539489746
0.3705144226551056
0.542845606803894
0.673122227191925
0.6969463229179382
0.7704494595527649
0.8099137544631958
0.8898081183433533
0.8391932249069214
0.9083167314529419
0.9168809056282043
0.8927989602088928
0.8061173558235168
0.621533989906311
0.6517252922058105
0.7300075888633728
0.5763160586357117
0.3259600102901459
0.5177450180053711
0.40151453018188477
0.4133669137954712
0.21016556024551392
0.5603218078613281
0.5245494246482849
0.5859045386314392
0.4479544460773468
0.42111602425575256
0.25982344150543213
0.37834590673446655
0.597950279712677
0.3031916916370392
0.4614824652671814
0.7534676194190979
0.5462079048156738
