0.2231520563364029
0.15498492121696472
0.17357508838176727
0.23393286764621735
0.21726597845554352
0.14104516804218292
0.13083721697330475
0.19908304512500763
0.2035922408103943
0.16500410437583923
0.2997443974018097
0.26858869194984436
0.34548547863960266
0.20787329971790314
0.10990333557128906
0.03818878158926964
0.23973774909973145
0.09187927097082138
0.05649426952004433
0.12952736020088196
0.10376045107841492
0.1471869945526123
0.0911138504743576
0.17029672861099243
0.09586572647094727
0.1258217692375183
0.11056271940469742
0.11108227074146271
0.13263645768165588
0.12251453846693039
0.08595219999551773
0.1536286175251007
0.06113118678331375
0.06312412023544312
0.12932884693145752
0.05970912426710129
0.08115490525960922
0.09687472134828568
0.08077394962310791
0.24249692261219025
0.24183912575244904
0.161728173494339
0.3332885801792145
0.11680274456739426
0.40112966299057007
0.4072808623313904
0.28367966413497925
0.33214959502220154
0.3487575948238373
0.2734498083591461
0.49578985571861267
0.4604036509990692
0.5858487486839294
0.52939772605896
0.5771365165710449
0.6773189902305603
0.3429088890552521
0.21718429028987885
0.6502500176429749
0.8500767350196838
0.516478419303894
0.36818477511405945
0.5338754057884216
0.6881873607635498
0.6563737988471985
0.3887203335762024
0.2558480501174927
0.4096651077270508
0.12040362507104874
0.13137364387512207
0.06812819838523865
0.1966596245765686
0.21783718466758728
0.6278007626533508
0.41610679030418396
0.08711162954568863
0.18915890157222748
0.6952865719795227
0.23407046496868134
0.061851825565099716
0.5243658423423767
0.33969512581825256
0.16354288160800934
0.13519807159900665
0.5776746869087219
0.3271256387233734
0.22303639352321625
0.4158059358596802
0.1787693202495575
0.22972723841667175
0.21245168149471283
0.6348819136619568
0.31801822781562805
0.774020254611969
0.34870779514312744
0.22613082826137543
0.23685166239738464
0.3890703320503235
0.6345802545547485
0.7948874831199646
0.554612934589386
0.8038464188575745
0.5744838714599609
0.7160323858261108
0.6015557646751404
0.41750770807266235
0.40111926198005676
0.36521589756011963
0.24021370708942413
0.456581711769104
0.24947959184646606
0.37276357412338257
0.43678322434425354
0.11899169534444809
0.3967050611972809
0.35740846395492554
0.1699993908405304
0.3050544559955597
0.3624914586544037
0.4375282824039459
0.2450276017189026
0.5321627855300903
0.29800352454185486
0.44821465015411377
0.4058748781681061
0.6007464528083801
0.2918808162212372
0.45592179894447327
0.40210744738578796
0.20047494769096375
0.1963212639093399
0.34351056814193726
0.6509534120559692
0.34506598114967346
0.28390589356422424
0.2528941333293915
0.5553484559059143
0.2330707162618637
0.054362840950489044
0.3174408972263336
0.14186711609363556
0.6256649494171143
0.6417151689529419
0.8651555180549622
0.6960136890411377
0.22664284706115723
0.1666898876428604
0.7848044037818909
0.5168861746788025
0.20656640827655792
0.3521929979324341
0.826460063457489
0.6395062804222107
0.5311798453330994
0.5114044547080994
0.28659066557884216
0.4615529477596283
0.1391616314649582
0.24022327363491058
0.5247061848640442
0.8458488583564758
0.8814907073974609
0.5925867557525635
0.6922907829284668
0.6385521292686462
0.6813881993293762
0.7592877149581909
0.725103497505188
0.9372389316558838
0.8655371069908142
0.9103320240974426
0.9209713339805603
0.9097187519073486
0.932171642780304
0.9124108552932739
0.9617303013801575
0.9162684679031372
0.7974979877471924
0.6939138174057007
0.6054397821426392
0.29449859261512756
0.2489178478717804
0.2509728670120239
0.32925695180892944
0.16546446084976196
0.1668376326560974
0.14779727160930634
0.27943578362464905
0.14905822277069092
0.2118995636701584
0.2834853231906891
