0.5354560613632202
0.6798684597015381
0.29260459542274475
0.22945401072502136
0.07104611396789551
0.03225253149867058
0.04772983491420746
0.15900157392024994
0.2802520990371704
0.23259785771369934
0.28810766339302063
0.5486648678779602
0.5747458338737488
0.1761869192123413
0.2533850073814392
0.0814162939786911
0.13325829803943634
0.22544294595718384
0.3509575128555298
0.5489678382873535
0.6232090592384338
0.36867865920066833
0.5626646876335144
0.4895264208316803
0.3822750151157379
0.7649243474006653
0.3438524305820465
0.3272080421447754
0.18778486549854279
0.2140132635831833
0.1495354175567627
0.14258809387683868
0.44642338156700134
0.4259352385997772
0.5554423928260803
0.704063892364502
0.5400895476341248
0.364431768655777
0.5327960848808289
0.648621141910553
0.4884616434574127
0.3038729727268219
0.20771093666553497
0.10262445360422134
0.3476167321205139
0.3293319046497345
0.11627993732690811
0.6051720976829529
0.5675134658813477
0.46834489703178406
0.6439287662506104
0.7007727026939392
0.8269546627998352
0.68711918592453
0.7426326870918274
0.7423463463783264
0.6952846050262451
0.4640759825706482
0.6578312516212463
0.6899911165237427
0.5848298072814941
0.7248265743255615
0.2699981927871704
0.4598524272441864
0.7875607013702393
0.5694088339805603
0.38299477100372314
0.5456878542900085
0.5011056065559387
0.6697371602058411
0.6400551199913025
0.6642277836799622
0.596928060054779
0.3957279622554779
0.10719997435808182
0.22540681064128876
0.3760208487510681
0.20136114954948425
0.08382796496152878
0.4120607376098633
0.3450774848461151
0.23403188586235046
0.06006713584065437
0.1346932053565979
0.3289569318294525
0.08494797348976135
0.23359377682209015
0.2038891464471817
0.3638515770435333
0.542727530002594
0.3167649805545807
0.638218104839325
0.5229960680007935
0.3416714668273926
0.16768379509449005
0.4233911335468292
0.0545637384057045
0.07808036357164383
0.10471710562705994
0.05989857017993927
0.2617800235748291
0.4314683675765991
0.5078369379043579
0.6488485336303711
0.751202404499054
0.8031895160675049
0.7519999742507935
0.900503933429718
0.7142990231513977
0.6984609961509705
0.8459413051605225
0.6844931840896606
0.2814997732639313
0.47266319394111633
0.7501628994941711
0.198609858751297
0.05533475801348686
0.5264791250228882
0.6072672009468079
0.12332018464803696
0.2547074854373932
0.24000917375087738
0.5308011174201965
0.5185563564300537
0.2599150836467743
0.4906924068927765
0.3840978741645813
0.28816527128219604
0.4931381046772003
0.24717548489570618
0.13019688427448273
0.3582979440689087
0.04623572155833244
0.027440661564469337
0.08572111278772354
0.13406237959861755
0.03047698736190796
0.15608727931976318
0.531299352645874
0.46200573444366455
0.6480610966682434
0.4332727789878845
0.6226901412010193
0.6418249607086182
0.7863854765892029
0.5979344844818115
0.2370508313179016
0.2454913705587387
0.22008079290390015
0.06465701013803482
0.06342606991529465
0.05350925028324127
0.03876368701457977
0.031238580122590065
0.03982941806316376
0.05746309086680412
0.13844183087348938
0.05037972703576088
0.1500454694032669
0.10409513860940933
0.21253614127635956
0.21322520077228546
0.35469794273376465
0.5385462641716003
0.8373299241065979
0.5210116505622864
0.8437487483024597
0.8035550117492676
0.815830409526825
0.6474653482437134
0.6136824488639832
0.41656363010406494
0.42093127965927124
0.4167371392250061
0.6397378444671631
0.21768219769001007
0.02650887705385685
0.04554508626461029
0.27501651644706726
0.19557122886180878
0.06600572913885117
0.1714569479227066
0.44763585925102234
0.22418339550495148
0.11786316335201263
0.3857083320617676
0.6165648102760315
0.5418196320533752
0.3215388357639313
0.762011706829071
0.696049153804779
0.6553069353103638
0.688269853591919
0.7655065655708313
0.43028855323791504
0.5992762446403503
0.4097716510295868
0.42445603013038635
0.7468080520629883
0.7938887476921082
0.4294803738594055
0.08387544751167297
0.5186834931373596
0.61283940076828
0.14238247275352478
0.2141142636537552
0.6518982648849487
0.47380009293556213
0.16077108681201935
0.11217570304870605
0.11969317495822906
0.09684369713068008
0.28547751903533936
0.3469401001930237
0.19474206864833832
0.2869099974632263
0.24526053667068481
0.04309885948896408
0.1388692706823349
0.3573249578475952
0.22841957211494446
0.2604328691959381
0.3231537640094757
0.5116260647773743
0.20844097435474396
0.5701653361320496
0.4026133418083191
0.7814354300498962
0.5713934302330017
0.8024799823760986
0.8459290266036987
0.7368336915969849
0.7628726363182068
0.8322970867156982
0.7772166728973389
0.6146184802055359
0.6679649949073792
0.528162956237793
0.4075232148170471
0.18176622688770294
0.4101332128047943
0.08523682504892349
0.13588298857212067
0.5100352168083191
0.14480382204055786
0.300292044878006
0.45580074191093445
0.21519379317760468
0.18279705941677094
0.3659905791282654
0.28105172514915466
0.1520906239748001
0.09279944002628326
0.3712221086025238
0.3064016103744507
0.11185900121927261
0.2257583737373352
0.43118029832839966
0.21511806547641754
0.17675593495368958
0.6100509166717529
0.5899726152420044
0.3193694055080414
0.7245963215827942
0.8076350688934326
0.8322373628616333
0.5398489236831665
0.7804704904556274
0.8446229100227356
0.8541848659515381
0.6041185855865479
0.7551934719085693
0.8271664381027222
0.5734951496124268
0.5006198883056641
0.8744860291481018
0.8381017446517944
0.7839181423187256
0.40762677788734436
0.2561585605144501
0.2498154640197754
0.052288882434368134
0.08652700483798981
0.058042824268341064
0.16154859960079193
0.04150814190506935
0.05341831594705582
0.5098116397857666
0.25439950823783875
0.34798672795295715
0.1417146921157837
0.14976145327091217
0.24807721376419067
0.2945106327533722
0.27024370431900024
0.11249423027038574
0.43454959988594055
0.5037001371383667
0.5558683276176453
0.5154851078987122
0.5810344815254211
0.6611229181289673
0.6134828925132751
0.1812489777803421
0.6901021003723145
0.5625779628753662
0.3465919494628906
0.6200236082077026
0.43389788269996643
0.22867801785469055
0.4548984169960022
0.286811500787735
0.05681123957037926
0.1052505150437355
0.018072690814733505
0.14175643026828766
0.022685687988996506
0.03299751505255699
0.026212502270936966
0.1349765509366989
0.1699477881193161
0.3514549136161804
0.5075250267982483
0.43782803416252136
0.677288293838501
0.38626980781555176
0.48889949917793274
0.624291181564331
0.6228379011154175
0.6221558451652527
0.6219568252563477
0.686498761177063
0.4417336881160736
0.3712896704673767
0.41401901841163635
