0.1095096692442894
0.15010753273963928
0.15220284461975098
0.2526143789291382
0.28122854232788086
0.13230644166469574
0.2823266088962555
0.15284132957458496
0.2098599076271057
0.24294887483119965
0.22097082436084747
0.41585710644721985
0.2040238082408905
0.3547166585922241
0.46257326006889343
0.4598502516746521
0.388956755399704
0.7284180521965027
0.8290398716926575
0.6360185146331787
0.584002673625946
0.4912523329257965
0.6682513356208801
0.6489161849021912
0.21334850788116455
0.3900771141052246
0.7815825939178467
0.8089821934700012
0.8073590397834778
0.8779652714729309
0.723016083240509
0.6343724131584167
0.396679550409317
0.4588398039340973
0.6465792059898376
0.23384492099285126
0.42375341057777405
0.5427507162094116
0.3234533965587616
0.28832387924194336
0.3785957396030426
0.15295915305614471
0.47657692432403564
0.4405491352081299
0.37756776809692383
0.5678284168243408
0.7835666537284851
0.7819437980651855
0.7842709422111511
0.6074293255805969
0.9125059247016907
0.9362272620201111
0.4462391138076782
0.7757114171981812
0.9061732888221741
0.8694633841514587
0.1994723379611969
0.8458210825920105
0.9028979539871216
0.34572064876556396
0.15498597919940948
0.7815677523612976
0.7023427486419678
0.3978273570537567
0.5330538749694824
0.36660251021385193
0.3706769049167633
0.6038764119148254
0.460617333650589
0.3113345503807068
0.20622403919696808
0.5471914410591125
0.21907489001750946
0.17807748913764954
0.24314658343791962
0.1664549708366394
0.09234879165887833
0.05020006373524666
0.1859014481306076
0.12066805362701416
0.044381044805049896
0.12899991869926453
0.09649738669395447
0.06948361545801163
0.08689507097005844
0.17115695774555206
0.14632858335971832
