0.3726028501987457
0.5337668061256409
0.3533588647842407
0.19363808631896973
0.5610079169273376
0.44031864404678345
0.18306314945220947
0.5814431309700012
0.741249680519104
0.5012549757957458
0.7937979102134705
0.7436136603355408
0.5418897271156311
0.4692353308200836
0.6415825486183167
0.21650430560112
0.29862117767333984
0.597406268119812
0.2022877186536789
0.1538713276386261
0.4129123091697693
0.4114730954170227
0.2485819160938263
0.40293464064598083
0.28332245349884033
0.18828265368938446
0.33012154698371887
0.30105412006378174
0.2863679826259613
0.6068633198738098
0.6101416945457458
0.35814276337623596
0.2730773985385895
0.20033027231693268
0.12987810373306274
0.2267215996980667
0.09419497102499008
0.18606288731098175
0.10492584854364395
0.16155627369880676
0.2493906021118164
0.07451384514570236
0.23088438808918
0.21544548869132996
0.32550927996635437
0.05532019957900047
0.2934942841529846
0.39752480387687683
0.09226808696985245
0.22151239216327667
0.4166845381259918
0.4260932505130768
0.21442443132400513
0.3671362102031708
0.5095504522323608
0.38291189074516296
0.39623305201530457
0.32406970858573914
0.41659823060035706
0.28864946961402893
0.17206008732318878
0.3102351725101471
0.2957565188407898
0.21138814091682434
0.43947634100914
0.4396756589412689
0.34242773056030273
0.35081878304481506
0.2956578731536865
0.5714830160140991
0.7653169631958008
0.34616604447364807
0.32258930802345276
0.7872474193572998
0.5373188257217407
0.22746607661247253
0.6668285131454468
0.7717666625976562
0.2158030867576599
0.2223370373249054
0.7017068862915039
0.7974809408187866
0.44699469208717346
0.17739340662956238
0.4530854821205139
0.7378535866737366
0.19816072285175323
0.41553327441215515
0.5722625851631165
0.39448362588882446
0.3117317855358124
0.45502859354019165
0.5922947525978088
0.5675032138824463
0.6456854939460754
0.4856039583683014
0.7850716710090637
0.7545698285102844
0.177279993891716
0.676529586315155
0.8460770845413208
0.29693368077278137
0.19463856518268585
0.820216715335846
0.4808148443698883
0.18652981519699097
0.5752811431884766
0.49504587054252625
0.4645003378391266
0.16853299736976624
0.6705519556999207
0.7488510012626648
0.20662619173526764
0.39917534589767456
0.5792030692100525
0.6618931293487549
0.4315687417984009
0.41499072313308716
0.3342876136302948
0.5384589433670044
0.5012027025222778
0.2701593041419983
0.5869798064231873
0.4372776746749878
0.45112621784210205
0.5104302763938904
0.2378300577402115
0.23715710639953613
0.6329413056373596
0.43034422397613525
0.1085362583398819
0.7030667066574097
0.7733506560325623
0.4219459891319275
0.1586637794971466
0.8152152895927429
0.49706554412841797
0.239531472325325
0.8188660740852356
0.7753355503082275
0.4633316099643707
0.2908468246459961
0.9219793677330017
0.7899933457374573
0.6892033815383911
0.8147079944610596
