0.1897946298122406
0.2258438616991043
0.21871209144592285
0.16486825048923492
0.11055731773376465
0.5156353116035461
0.5497556328773499
0.4011421501636505
0.35769709944725037
0.6254834532737732
0.22461597621440887
0.1309014856815338
0.2914794683456421
0.22256705164909363
0.2170356959104538
0.19899633526802063
0.07055263221263885
0.11704836040735245
0.04907149448990822
0.09179799258708954
0.12132830172777176
0.0386400930583477
0.1469571441411972
0.10816176235675812
0.06304284930229187
0.038266077637672424
0.13628430664539337
0.03653447702527046
0.06657013297080994
0.03214646875858307
0.030019300058484077
0.036279644817113876
0.040714412927627563
0.0250502098351717
0.042853835970163345
0.04354826360940933
0.12446105480194092
0.022876925766468048
0.03247610479593277
0.12962667644023895
0.30653849244117737
0.10368231683969498
0.15375135838985443
0.37092703580856323
0.46770021319389343
0.6047143936157227
0.41114017367362976
0.6401095390319824
0.6162772178649902
0.7787904739379883
0.6719362735748291
0.2515348494052887
0.2099241465330124
0.47413402795791626
0.5667278170585632
0.2537844777107239
0.058867309242486954
0.13513854146003723
0.3598286509513855
0.17493529617786407
0.10324860364198685
0.455733984708786
0.5592470169067383
0.7426890134811401
0.7905603647232056
0.7078251242637634
0.6353748440742493
0.3706778883934021
0.4279382824897766
0.4237595796585083
0.6339459419250488
0.6843626499176025
0.6944684386253357
0.8074012994766235
0.8681216835975647
0.7374837398529053
0.8057974576950073
0.7859600782394409
0.6466727256774902
0.4376007616519928
0.43138477206230164
0.18449874222278595
0.12367255240678787
0.291370689868927
0.08537769317626953
0.14120200276374817
0.08526967465877533
0.09309714287519455
0.04345158487558365
0.10879383981227875
0.0578400082886219
0.08372248709201813
0.041164856404066086
0.22363120317459106
0.12368226051330566
0.08755334466695786
0.04069780185818672
0.25812870264053345
0.30408063530921936
0.037695787847042084
0.04371136799454689
0.4254867732524872
0.2702573835849762
0.039136432111263275
0.17668473720550537
0.5928484797477722
0.07104992121458054
0.031868308782577515
0.1131160780787468
0.41571900248527527
0.11662939935922623
0.05125849321484566
0.3558092415332794
0.4134490489959717
0.0950806513428688
0.10591243952512741
0.08680261671543121
0.1026022732257843
0.08046814054250717
0.14926734566688538
0.10779260098934174
0.13522638380527496
0.13289569318294525
0.19908161461353302
0.10585715621709824
0.04680543765425682
0.04796745255589485
0.13257916271686554
0.08370281755924225
0.030154580250382423
0.045674461871385574
0.03620484471321106
0.0312730111181736
0.05683997645974159
0.09166592359542847
0.20258572697639465
0.4175322949886322
0.1535629779100418
0.43161141872406006
0.33619260787963867
0.4837528467178345
0.5738973617553711
0.48641523718833923
0.4150942862033844
0.35583066940307617
0.31704142689704895
0.2317167967557907
0.1231473833322525
0.07157979160547256
0.02904197946190834
0.03825940191745758
0.014668811112642288
0.0137630058452487
0.030801130458712578
0.057052724063396454
0.024728825315833092
0.03700047731399536
0.03656831383705139
0.01687454618513584
0.06597869098186493
0.043923813849687576
0.06031868979334831
0.10745203495025635
0.23564937710762024
0.17849402129650116
0.07648049294948578
0.07929623872041702
0.10556913912296295
0.0846731886267662
0.032139286398887634
0.05126575008034706
0.0648304745554924
0.021942542865872383
0.04045802354812622
0.023022174835205078
0.030932821333408356
0.06216805428266525
0.21434907615184784
0.2724962532520294
0.3295682370662689
0.5842883586883545
0.6248142719268799
0.5137017369270325
0.561992883682251
0.8186812996864319
0.7469488382339478
0.4933382272720337
0.8475701212882996
0.7623708248138428
0.5952208638191223
0.6015241742134094
0.6535688042640686
0.7421742081642151
0.6000886559486389
0.6276018619537354
0.3053918480873108
0.10450007021427155
0.2383897304534912
0.08270292729139328
0.13012973964214325
0.12073192745447159
0.25679928064346313
0.46704986691474915
0.5520107746124268
0.46950381994247437
0.3996676504611969
0.14655451476573944
0.1399884670972824
0.12953098118305206
0.22662435472011566
0.13585035502910614
0.07372454553842545
0.11064612120389938
0.2500121295452118
0.1389024555683136
0.20076020061969757
0.20610956847667694
0.46208319067955017
0.3874989151954651
0.15437141060829163
0.43562331795692444
0.42726242542266846
0.2953621447086334
0.23428018391132355
0.5712025761604309
0.6788098216056824
0.12745541334152222
0.32644912600517273
0.45621076226234436
0.1647350937128067
0.12780658900737762
0.4200015664100647
0.6530724167823792
0.3300999701023102
0.7538960576057434
0.5123852491378784
0.1882394701242447
0.5064269304275513
0.4653151333332062
0.1254924088716507
0.12040114402770996
0.20581838488578796
0.17269593477249146
0.18583174049854279
0.5316897630691528
0.7405732870101929
0.6014603972434998
0.5494831204414368
0.633437991142273
0.3094030022621155
0.7309204339981079
0.5297278165817261
0.159933403134346
0.09221044182777405
0.17644640803337097
0.31387320160865784
0.21169321238994598
0.245041161775589
0.4185970723628998
0.5620903372764587
0.17347809672355652
0.1949596107006073
0.5331084728240967
0.2975075840950012
0.19706787168979645
0.10242099314928055
0.47570568323135376
0.2648581564426422
0.6781845688819885
0.5340952277183533
0.3865894377231598
0.7098051905632019
0.6842930912971497
0.6170774698257446
0.4648355543613434
0.443866491317749
0.14672209322452545
0.1730343997478485
0.0751509889960289
0.2104090452194214
0.3723287880420685
0.44665151834487915
0.49911272525787354
0.397859662771225
0.11491572856903076
0.11375914514064789
0.2009539157152176
0.04489382356405258
0.03354838863015175
0.04891105368733406
0.036105621606111526
0.12960968911647797
0.03738852217793465
0.09277042746543884
0.07609570771455765
0.051474373787641525
0.08334101736545563
0.028756270185112953
0.06261832267045975
0.20317059755325317
0.1500781774520874
0.06701578199863434
0.10543696582317352
0.14120712876319885
0.21819426119327545
0.178942009806633
0.1309177726507187
0.19606207311153412
0.22094936668872833
0.25950947403907776
0.37984079122543335
0.31009164452552795
0.327141672372818
0.13568489253520966
0.30049827694892883
0.4670959711074829
0.18546614050865173
0.5375074744224548
0.18379709124565125
0.6524514555931091
0.6179986596107483
0.5493375062942505
0.3187530040740967
0.4244733452796936
0.31783562898635864
0.2694820761680603
0.631730854511261
0.5862676501274109
0.5212715864181519
0.5219712853431702
0.4671232998371124
0.20425060391426086
0.17509669065475464
0.1986515074968338
0.35971203446388245
0.21620383858680725
0.4104327857494354
0.10034148395061493
0.36010050773620605
0.34151971340179443
0.24364376068115234
0.24514415860176086
0.3218269348144531
0.5063052773475647
0.313102126121521
0.2989869713783264
0.3924931585788727
0.34178081154823303
0.3555167615413666
0.14066314697265625
0.07113203406333923
0.27016976475715637
0.3823556900024414
0.2242404967546463
0.4551045596599579
0.5098192095756531
0.2568313479423523
0.2801898717880249
0.4591531753540039
0.4247790277004242
0.07849786430597305
0.11712171137332916
0.08591815084218979
0.10824396461248398
0.1626589596271515
0.0949779525399208
0.1698913276195526
0.2073098123073578
0.22073332965373993
0.10676650702953339
0.1795625388622284
0.18854840099811554
0.15889275074005127
0.10334010422229767
0.2118181735277176
0.15800952911376953
0.05912670120596886
0.08045177906751633
0.07210186123847961
0.1179235503077507
0.1665482074022293
0.07811671495437622
0.2251191884279251
0.18522697687149048
0.18781299889087677
0.07310941070318222
0.42879390716552734
0.327662855386734
0.2583308517932892
0.14241129159927368
0.3574068248271942
