0.23453402519226074
0.15982097387313843
0.1151009276509285
0.26249462366104126
0.11984661966562271
0.3158436417579651
0.3639152944087982
0.25628551840782166
0.1280544400215149
0.5812958478927612
0.38847842812538147
0.2797872722148895
0.38191357254981995
0.5565938353538513
0.5112184882164001
0.44514337182044983
0.7472242712974548
0.6650412082672119
0.5792033076286316
0.481652170419693
0.30689018964767456
0.2210632860660553
0.14041641354560852
0.18947848677635193
0.3757270276546478
0.5319620966911316
0.2903584837913513
0.20515383780002594
0.6469066739082336
0.5357446074485779
0.4548710882663727
0.37197500467300415
0.649398148059845
0.362118124961853
0.47131505608558655
0.5428922772407532
0.5861580967903137
0.4238913655281067
0.4819923937320709
0.5387020707130432
0.4928559362888336
0.6836730241775513
0.5683141946792603
0.17628644406795502
0.25432050228118896
0.399746298789978
0.2662813663482666
0.0490407757461071
0.3890238404273987
0.17598478496074677
0.06628117710351944
0.028206100687384605
0.22554261982440948
0.17938841879367828
0.025667939335107803
0.046055812388658524
0.5038661956787109
0.2603623569011688
0.46419742703437805
0.14074786007404327
0.33737125992774963
0.12499187886714935
0.4897625744342804
0.36646080017089844
0.3221508264541626
0.24487996101379395
0.2626507878303528
0.051567334681749344
0.02175487019121647
0.01849464140832424
0.14188553392887115
0.2445220649242401
0.18510356545448303
0.4321516156196594
0.3855814039707184
0.4377308785915375
0.5034413933753967
0.17939256131649017
0.17499271035194397
0.45912837982177734
0.36040711402893066
0.43394502997398376
0.15546230971813202
0.39207538962364197
0.11937981098890305
0.09017898142337799
0.0544009692966938
0.3180657625198364
0.3155650794506073
0.19976767897605896
0.17524702847003937
0.24370808899402618
0.1504434496164322
0.0631571039557457
0.18644677102565765
0.1178910881280899
0.2019108533859253
0.1762339472770691
0.24049751460552216
0.32488805055618286
0.23782484233379364
0.27918580174446106
0.1354333907365799
0.20103758573532104
0.09794212132692337
0.06210799887776375
0.10260999202728271
0.15227092802524567
0.03915506601333618
0.06503048539161682
0.2879408895969391
0.2556163966655731
0.11635533720254898
0.31136879324913025
0.10199599713087082
0.09475122392177582
0.31057047843933105
0.31844741106033325
0.269746869802475
0.22765111923217773
0.21239623427391052
0.18655507266521454
0.20663009583950043
0.2514573335647583
0.2502371072769165
0.5014090538024902
0.2589007019996643
0.3196439743041992
0.14112792909145355
0.09204676002264023
0.09512646496295929
0.08562800288200378
0.05326711758971214
0.10887280106544495
0.14458908140659332
0.19533871114253998
0.09448383748531342
0.1356818526983261
0.24974897503852844
0.10022033751010895
0.2538936138153076
0.17848607897758484
0.08518471568822861
0.1556655913591385
0.19445790350437164
0.12888868153095245
0.13846811652183533
0.3677469491958618
0.15584488213062286
0.08249115943908691
0.2179042398929596
0.3581494390964508
0.222752645611763
0.23919714987277985
0.14436818659305573
0.33830299973487854
0.0412103570997715
0.04642123356461525
0.05494295060634613
0.10556277632713318
0.19804395735263824
0.02122369594871998
0.0477704294025898
0.19474197924137115
0.33910098671913147
0.04838966578245163
0.16743694245815277
0.46123796701431274
0.10895584523677826
0.5492748022079468
0.1787957102060318
0.19147515296936035
0.18732021749019623
0.107832171022892
0.07534289360046387
0.14956358075141907
0.06098061054944992
0.060954008251428604
0.10593028366565704
0.18647368252277374
0.06999272853136063
0.12980110943317413
0.03967130556702614
0.03850243240594864
0.11617076396942139
0.21090354025363922
0.12781094014644623
0.05221410468220711
0.05661318823695183
0.09760066121816635
0.21692238748073578
0.12445036321878433
0.13443191349506378
0.04495909810066223
0.0954616442322731
0.03679503872990608
0.018475092947483063
0.015891829505562782
0.01947038620710373
0.009180140681564808
0.038936711847782135
0.03032691217958927
0.003600220661610365
0.00317510892637074
0.017219386994838715
0.04078608378767967
0.001784821623004973
0.002064448082819581
0.012133331038057804
0.007824047468602657
0.0018812442431226373
0.0039051100611686707
0.02669687382876873
0.025837387889623642
0.003130751894786954
0.02429812401533127
0.05202101916074753
0.03246459737420082
0.09071055799722672
0.06395415216684341
0.11612419039011002
0.1720017045736313
0.25080573558807373
0.288960337638855
0.20935529470443726
0.22620458900928497
0.28441882133483887
0.3388274908065796
0.431644082069397
0.33211466670036316
0.7664430737495422
0.6461683511734009
0.1452285796403885
0.607186496257782
0.45326557755470276
0.2335086464881897
0.09676043689250946
0.6280043125152588
0.16480761766433716
0.0489438958466053
0.2813264727592468
0.08377038687467575
0.010265151038765907
0.028539737686514854
0.09657064080238342
0.007842756807804108
0.0006560812471434474
0.037054043263196945
0.006921251304447651
0.0008012629114091396
0.0016872806008905172
0.0241536945104599
0.02448425441980362
0.000731040898244828
0.02041024900972843
0.1140778437256813
0.04316060617566109
0.004334289580583572
0.2970677614212036
0.4245501160621643
0.009477936662733555
0.18967299163341522
0.5456900596618652
0.37729382514953613
0.07144831866025925
0.2515595257282257
0.4530850946903229
0.34023165702819824
0.3726624846458435
0.22327113151550293
0.13050968945026398
0.18298426270484924
0.3485707640647888
0.08332794159650803
0.07214866578578949
0.10624071955680847
0.20661354064941406
0.0450996495783329
0.10733097791671753
0.008691851049661636
0.021264616400003433
0.026059264317154884
0.00997830554842949
0.0024493138771504164
0.0036886201705783606
0.021812496706843376
0.002540563466027379
0.002580622211098671
0.017428727820515633
0.01781151071190834
0.007897485978901386
0.007178870495408773
0.03360648825764656
0.01734338141977787
0.002376664662733674
0.07551141083240509
0.007412407081574202
0.00023075990611687303
0.0007177545921877027
0.0024887213949114084
0.0005955605302006006
0.0004586486902553588
0.0032640977296978235
0.0011956037487834692
0.002430465305224061
0.0076109678484499454
0.022626729682087898
0.006535882130265236
0.044851306825876236
0.13016432523727417
0.18483160436153412
0.08767998963594437
0.1862461417913437
0.2746904790401459
0.16662593185901642
0.05909005180001259
0.00814790464937687
0.03867952525615692
0.0016960514476522803
0.007465481758117676
0.0036579871084541082
0.018830833956599236
0.004029565490782261
0.00242804572917521
0.01614627242088318
0.012028773315250874
0.001118384301662445
0.007626866456121206
0.006032343953847885
0.004620859399437904
0.004515168257057667
0.01058875396847725
0.018326545134186745
0.016718005761504173
0.021419042721390724
0.020834293216466904
0.021868718788027763
0.051296114921569824
0.0649217814207077
0.11055181920528412
0.08467443287372589
0.07024659216403961
0.32853963971138
0.2592434883117676
0.004411184228956699
0.06163627654314041
0.3996043801307678
0.0546652115881443
0.0020458761136978865
0.07536745816469193
0.14941954612731934
0.002614215947687626
0.029581328853964806
0.18974395096302032
0.14813132584095
0.011121219955384731
0.16307026147842407
0.23935167491436005
0.15194949507713318
0.30720752477645874
0.1525541990995407
0.3618207573890686
0.15930818021297455
0.13556526601314545
0.0891491249203682
0.07714688777923584
0.09395234286785126
0.12180124223232269
0.09781237691640854
0.09409401565790176
0.2047756016254425
0.15292346477508545
0.24771451950073242
0.34783804416656494
0.2799379825592041
0.09932761639356613
0.11640899628400803
0.013121495023369789
0.003280134405940771
0.0022756962571293116
0.004670302849262953
0.006683622486889362
0.008612166158854961
0.01655220426619053
0.09795684367418289
0.05851519852876663
0.09983033686876297
0.1373206377029419
0.07485043257474899
0.14039349555969238
0.07905392348766327
0.03385419398546219
0.03267653286457062
0.014821252785623074
0.0349649079144001
0.0030385958962142467
0.006979609373956919
0.05991911143064499
0.026569722220301628
0.0016362020978704095
0.008468301966786385
0.07683290541172028
0.014121163636446
0.013439186848700047
0.15994980931282043
0.11867447942495346
0.10402685403823853
0.35841575264930725
0.2535938322544098
0.36891332268714905
0.13840407133102417
0.029528148472309113
0.1049717515707016
0.023653462529182434
0.016479432582855225
0.017301907762885094
0.01487844716757536
0.16500559449195862
0.04887765273451805
0.4520954489707947
0.11687803268432617
0.06251532584428787
0.051214173436164856
0.4259208142757416
0.25036606192588806
0.01286174263805151
0.11306462436914444
0.4132802486419678
0.0762309730052948
0.009966263547539711
0.046485889703035355
0.26409801840782166
0.06416188180446625
0.0864848718047142
0.4072323143482208
0.4065840542316437
0.4147741496562958
0.3759855628013611
0.23356981575489044
0.2572188377380371
0.0702856257557869
0.0483848936855793
0.0796898603439331
0.022310342639684677
0.040782298892736435
0.03163072094321251
0.19715559482574463
0.07922117412090302
0.02175888419151306
0.06271577626466751
0.21663744747638702
0.2638789415359497
0.06929405778646469
0.3973267078399658
0.6725324392318726
0.4098495841026306
0.29036304354667664
0.40540069341659546
0.5866765975952148
0.3075777292251587
0.37647539377212524
0.23907062411308289
0.2587488889694214
0.29913610219955444
0.15030135214328766
0.11567158252000809
0.026000751182436943
0.10872428119182587
0.034159526228904724
0.037744563072919846
0.005482369102537632
0.006444321945309639
0.0038979065138846636
0.0038478411734104156
0.01969463936984539
0.10395406186580658
0.021647026762366295
0.027262810617685318
0.007433888036757708
0.03700892627239227
0.013746039010584354
0.03132327273488045
0.05655776709318161
0.08065246045589447
0.08410246670246124
0.011487018316984177
0.030747689306735992
0.014552545733749866
0.017474498599767685
0.03779591992497444
0.060986269265413284
0.04840004816651344
0.025008315220475197
0.05280282348394394
0.023142892867326736
0.020738286897540092
0.011671868152916431
0.011122364550828934
0.033921126276254654
0.045799508690834045
0.09674448519945145
0.05116381123661995
0.01860024966299534
0.011847558431327343
0.06086106598377228
0.013974878937005997
0.014950386248528957
0.055410973727703094
0.07606857270002365
0.01093955896794796
0.006587495561689138
0.002158708404749632
0.017966393381357193
0.19601424038410187
0.0012648823903873563
0.0024521981831640005
0.10847208648920059
0.028735829517245293
0.0017871797317638993
0.008981548249721527
0.032959748059511185
0.028826342895627022
0.009547238238155842
0.05371864140033722
0.060790494084358215
0.1334587186574936
0.47607511281967163
0.2647620141506195
0.21077293157577515
0.10074619203805923
0.029957599937915802
0.02925780788064003
0.012677254155278206
0.022179793566465378
0.014729274436831474
0.004013999365270138
0.006897451356053352
0.004934039898216724
0.011765005066990852
0.003592099528759718
0.022658182308077812
0.006119291763752699
0.014662893489003181
0.014226858504116535
0.00560280354693532
0.0009728905861265957
0.005640621297061443
0.01337599940598011
0.004521418362855911
0.0029017156921327114
0.008620964363217354
0.021532798185944557
0.007652780506759882
0.0010415283031761646
0.024155491963028908
0.07953201234340668
0.007969883270561695
0.0033231512643396854
0.16112355887889862
0.07514437288045883
0.010273639112710953
0.027809835970401764
0.33480140566825867
0.06247669458389282
0.021862680092453957
0.24072234332561493
0.11991290003061295
0.03904355689883232
0.04922517389059067
0.2597067952156067
0.11839021742343903
0.13980264961719513
0.3857497572898865
0.5852353572845459
0.5949303507804871
0.27453887462615967
0.17701253294944763
0.06845595687627792
0.017362290993332863
0.002490844577550888
0.02679305151104927
0.014643801376223564
0.013398337177932262
0.006755609530955553
0.06033085659146309
0.05269327759742737
0.234607994556427
0.00994420237839222
0.07825159281492233
0.33423757553100586
0.38796213269233704
0.0727975144982338
0.28979578614234924
0.11021319776773453
0.07045851647853851
0.1402273327112198
0.35202881693840027
0.4181729257106781
0.09167232364416122
0.1864948570728302
0.20922379195690155
0.08082987368106842
0.1367315798997879
0.15757198631763458
0.10198412835597992
0.07626471668481827
0.027785036712884903
0.007173249963670969
0.05261610075831413
0.005137241445481777
0.05169655755162239
0.012319494970142841
0.021713638678193092
0.010892790742218494
0.017962785437703133
0.0007147446740418673
0.001764903892762959
0.0038626210298389196
0.0009247877169400454
0.000641735561657697
0.0030678899493068457
0.0007367459475062788
0.00048223923658952117
0.0038273860700428486
0.005069788545370102
0.001989995362237096
0.002156913513317704
0.0042052073404192924
0.00720422575250268
0.010778087191283703
0.004469932522624731
0.007938625290989876
0.008792207576334476
0.004044222645461559
0.004169056192040443
0.0070478362031280994
0.005220504943281412
0.0006911552627570927
0.004089513793587685
0.013957010582089424
0.0017704949714243412
0.024558205157518387
0.14504118263721466
0.07318541407585144
0.0990554690361023
0.029313823208212852
0.038823988288640976
0.1536063402891159
0.21312081813812256
0.2639058232307434
0.19391830265522003
0.7462589740753174
0.5392558574676514
0.3630228340625763
0.6772173643112183
0.309384822845459
0.37271443009376526
0.13092896342277527
0.29042840003967285
0.3309454917907715
0.478813111782074
0.32677167654037476
0.24077850580215454
0.19504587352275848
0.17300502955913544
0.16834570467472076
0.1014016643166542
0.036299023777246475
0.07256579399108887
0.06679385900497437
0.031973619014024734
0.061863772571086884
0.01859576255083084
0.0023501410614699125
0.052489206194877625
0.010106244124472141
0.003274256130680442
0.0038619094993919134
0.034846797585487366
0.016033917665481567
0.005273376125842333
0.02167471870779991
0.02532976306974888
0.02707076258957386
0.00616919482126832
0.035127487033605576
0.023282354697585106
0.03451553359627724
0.08636783808469772
0.039589691907167435
0.0020820419304072857
0.015029962174594402
0.035616084933280945
0.0041326009668409824
0.0021253034938126802
0.038425296545028687
0.016140777617692947
0.003717659739777446
0.03887288272380829
0.2546362280845642
0.03474767506122589
0.004756476730108261
0.19084598124027252
0.11435351520776749
0.009487216360867023
0.007197558879852295
0.18340538442134857
0.07155195623636246
0.09468642622232437
0.2816162407398224
0.06881536543369293
0.43409422039985657
0.28221094608306885
0.27187567949295044
0.22301216423511505
0.17061184346675873
0.02720378153026104
0.19587969779968262
0.0245896577835083
0.04198351502418518
0.0817825123667717
0.11967173218727112
0.11076126247644424
0.23318831622600555
0.33789554238319397
0.04255059361457825
0.184113010764122
0.14420484006404877
0.1451708823442459
0.058570511639118195
0.09760526567697525
0.4934118092060089
0.2088194191455841
0.23474982380867004
0.28087666630744934
0.15795846283435822
0.11000408232212067
0.004314512014389038
0.01286362949758768
0.017534198239445686
0.3846677839756012
0.2548005282878876
0.1552175134420395
0.1449088603258133
0.2053350955247879
0.11595634371042252
0.12022534757852554
0.09689831733703613
0.12638194859027863
0.08741191774606705
0.0789695680141449
0.09427324682474136
0.08824906498193741
0.0829068198800087
0.07347822189331055
0.20597630739212036
0.33750560879707336
0.10272439569234848
0.07605487108230591
0.24838709831237793
0.1343768835067749
0.07379703223705292
0.21900472044944763
0.3366682231426239
0.010382870212197304
0.011864929459989071
0.055672600865364075
0.058159079402685165
0.004440286196768284
0.010353789664804935
0.020404895767569542
0.027345499023795128
0.07110180705785751
0.15398873388767242
0.07704547792673111
0.07679244875907898
0.2575885057449341
0.13808123767375946
0.1542460024356842
0.09937545657157898
0.10598625987768173
0.14650355279445648
0.0920594111084938
0.30748382210731506
0.19883397221565247
0.48440495133399963
0.38686487078666687
0.6974590420722961
0.7551437020301819
0.7986515164375305
0.6011807322502136
0.5556183457374573
0.8397305607795715
0.7582314610481262
0.8569493889808655
0.8814892768859863
0.5594467520713806
0.3879393935203552
0.845409631729126
0.8318690657615662
0.23574301600456238
0.3217214345932007
0.8641865253448486
0.4999920129776001
0.1288514882326126
0.7361100912094116
0.5521199703216553
0.13006646931171417
0.10798908025026321
0.6398511528968811
0.22906051576137543
0.1181708350777626
0.09257234632968903
0.152988463640213
0.10896357893943787
0.07860518991947174
0.24163158237934113
0.3336792290210724
0.42150402069091797
0.5088797807693481
0.7511581182479858
0.7108999490737915
0.5142554640769958
0.5475476384162903
0.6941016316413879
0.36584410071372986
0.6250625252723694
0.4096629023551941
0.2908812165260315
0.6517184376716614
0.47439301013946533
0.30735117197036743
0.4520682394504547
0.3986140787601471
0.45263567566871643
0.6322906017303467
0.7028152346611023
0.7384452223777771
0.7583172917366028
0.6770399808883667
0.620136559009552
0.683319091796875
0.6198585629463196
0.3508701026439667
0.2031836360692978
0.6380079388618469
0.40123695135116577
0.5865903496742249
0.7567631602287292
0.6009055376052856
0.4733007848262787
0.5190091133117676
0.7266761064529419
0.4661835730075836
0.5779455900192261
0.27992525696754456
0.5132317543029785
0.5691859126091003
0.11826217174530029
0.3333599269390106
0.6617953181266785
0.40590372681617737
0.3202740252017975
0.6331218481063843
0.3097529411315918
0.6288453340530396
0.3883419930934906
0.6613907814025879
0.624404788017273
