0.37090644240379333
0.5218629837036133
0.461046427488327
0.7504503726959229
0.3132961094379425
0.11645972728729248
0.35468634963035583
0.42063212394714355
0.6629822850227356
0.8099544644355774
0.8454126119613647
0.8944876194000244
0.8973155617713928
0.9284188151359558
0.86196368932724
0.8087804913520813
0.46535226702690125
0.8776006102561951
0.520257294178009
0.7439380884170532
0.8110547661781311
0.8384625315666199
0.8539616465568542
0.8211261630058289
0.9015177488327026
0.670864999294281
0.7744523882865906
0.7828298211097717
0.8154293894767761
0.7560364603996277
0.8574478030204773
0.7357105612754822
0.48729822039604187
0.6635957360267639
0.3536504805088043
0.614767849445343
0.4496889114379883
0.4516730308532715
0.44160017371177673
0.3316226005554199
0.17501914501190186
0.33348292112350464
0.4484558701515198
0.5582680106163025
0.4687473475933075
0.5013144612312317
0.5813736319541931
0.2042216807603836
0.4972971975803375
0.37792664766311646
0.6662352681159973
0.7994343042373657
0.8006689548492432
0.7921865582466125
0.8934350609779358
0.9454305768013
0.9559294581413269
0.8333742618560791
0.9252200722694397
0.6735929250717163
0.8360892534255981
0.48855215311050415
0.6177800297737122
0.6036067008972168
0.8126064538955688
0.7847416996955872
0.799511730670929
0.7873458862304688
0.8684389591217041
0.9485511779785156
0.819747269153595
0.9548612236976624
0.8190957307815552
0.9203267693519592
0.9418011903762817
0.7298600673675537
0.4996887743473053
0.7688289880752563
0.8780834674835205
0.7446945905685425
0.7999690175056458
0.6018006205558777
0.42796850204467773
0.3816492259502411
0.27203890681266785
0.33441755175590515
