0.341513067483902
0.3842329978942871
0.3078605830669403
0.3952424228191376
0.4192456603050232
0.3570077419281006
0.4765472412109375
0.4751233458518982
0.8118165135383606
0.5918912887573242
0.6288464665412903
0.3846193850040436
0.23299506306648254
0.44649994373321533
0.34261661767959595
0.909643292427063
0.7398951649665833
0.7738263010978699
0.46547427773475647
0.5060118436813354
0.34610140323638916
0.4255642890930176
0.4677148461341858
0.3013988435268402
0.2458937168121338
0.17875567078590393
0.23485203087329865
0.25686538219451904
0.6293273568153381
0.34008270502090454
0.8514057397842407
0.6187431216239929
0.5015377998352051
0.6251559853553772
0.5023468136787415
0.7862153649330139
0.7930868268013
0.714741051197052
0.579325258731842
0.48895496129989624
0.8058483600616455
0.6914238333702087
0.507366418838501
0.6757106781005859
0.7661882042884827
0.6004846692085266
0.8767146468162537
0.88616943359375
0.6757580637931824
0.6819695234298706
0.4056171476840973
0.3471890091896057
0.4122150242328644
0.2690829038619995
0.03936569392681122
0.1307505965232849
0.020519908517599106
0.1852564513683319
0.19148047268390656
0.4474166929721832
0.22215786576271057
0.3563807010650635
0.1697523295879364
0.13660389184951782
0.2588651180267334
0.1478385478258133
0.06921491771936417
0.11420879513025284
0.20702862739562988
0.04240381345152855
0.05030239745974541
0.12651768326759338
0.28906241059303284
0.04361799731850624
0.11206863075494766
0.4477463364601135
0.09640192985534668
0.18365351855754852
0.32935306429862976
0.45372438430786133
0.3759399950504303
0.417066365480423
0.36494576930999756
0.5477059483528137
0.35255542397499084
0.37606698274612427
0.2889702022075653
0.1948547661304474
0.4533610939979553
0.060840003192424774
0.22547033429145813
0.06627380847930908
0.25988730788230896
0.1620749980211258
0.5689828395843506
0.5747345089912415
0.6197712421417236
0.3905642628669739
0.18524211645126343
0.38730543851852417
0.3997691571712494
0.25927016139030457
0.21201540529727936
0.04452766105532646
0.4258304238319397
0.1605004519224167
0.12897513806819916
0.06404483318328857
0.2638266682624817
0.13909657299518585
0.12501096725463867
0.27975109219551086
0.29376932978630066
0.5499536991119385
0.46715348958969116
0.688401997089386
0.746250331401825
0.6923577189445496
0.6276796460151672
0.7836382389068604
0.8807812333106995
0.808326005935669
0.7714280486106873
0.6341922879219055
0.7114731669425964
0.7696688771247864
0.5752935409545898
0.3348027169704437
0.34904876351356506
0.5382159352302551
0.40194106101989746
0.4901649057865143
0.4862588346004486
0.6465362906455994
0.5588201284408569
0.7530998587608337
0.5292006134986877
0.4911724328994751
0.6696043014526367
0.673257052898407
0.4014991819858551
0.47324138879776
0.7364037036895752
0.589683473110199
0.44560903310775757
0.5252571105957031
0.6134575009346008
0.5323627591133118
