0.6302308440208435
0.7772451043128967
0.5945447087287903
0.623336672782898
0.843576967716217
0.4194581210613251
0.6506791114807129
0.8241268992424011
0.7115095257759094
0.7544373273849487
0.6315168142318726
0.4527868628501892
0.26572147011756897
0.2155103236436844
0.24846315383911133
0.16212721168994904
0.16041281819343567
0.04692729562520981
0.02107110433280468
0.05697164312005043
0.0784851536154747
0.08863826096057892
0.04410465434193611
0.05129678547382355
0.08712435513734818
0.11134273558855057
0.10633604228496552
0.04965246096253395
0.09732663631439209
0.18997932970523834
0.2775413691997528
0.19999836385250092
0.85116046667099
0.8148477673530579
0.9106860756874084
0.7819019556045532
0.5597416758537292
0.7583445310592651
0.3106624186038971
0.29835718870162964
0.39994946122169495
0.3788553476333618
0.2579183578491211
0.1289498507976532
0.22820694744586945
0.17145605385303497
0.10172241181135178
0.04184623807668686
0.004346935544162989
0.014697683043777943
0.023023178800940514
0.005969643592834473
0.12594975531101227
0.04361002519726753
0.11196468025445938
0.15537825226783752
0.1994609832763672
0.3186127245426178
0.5349031090736389
0.41162437200546265
0.35260283946990967
0.25774702429771423
0.4335194528102875
0.34840816259384155
0.06776038557291031
0.12409378588199615
0.11525976657867432
0.09895163774490356
0.05609912425279617
0.041773565113544464
0.008444305509328842
0.025015665218234062
0.06442645937204361
0.03233988583087921
0.005735376384109259
0.011945303529500961
0.007351804058998823
0.01652626506984234
0.0007734370301477611
0.00744841992855072
0.009839875623583794
0.0014201768208295107
0.0031324713490903378
0.011399312876164913
0.10175784677267075
0.01456253882497549
0.004240234382450581
0.014179934747517109
0.009457352571189404
0.0012142423074692488
0.0033958584535866976
0.002583922818303108
0.13605378568172455
0.016558276489377022
0.1327284574508667
0.1362621933221817
0.06174330785870552
0.3335058093070984
0.4241155683994293
0.5897091031074524
0.4276334345340729
0.3913891613483429
0.3064425587654114
0.14409328997135162
0.08383280038833618
0.017614293843507767
0.04092554375529289
0.06336458027362823
0.01616281270980835
0.008207765407860279
0.02334817312657833
0.00970139168202877
0.0038843010552227497
0.011791442520916462
0.00891462154686451
0.003317908849567175
0.007696821354329586
0.02018488571047783
0.015241816639900208
0.013752725906670094
0.023897405713796616
0.014580516144633293
0.008041205815970898
0.002221928210929036
0.008174090646207333
0.004858833737671375
0.04872879013419151
0.036137886345386505
0.15752623975276947
0.29094216227531433
0.42284107208251953
0.550818920135498
0.4820767045021057
0.17968767881393433
0.14168213307857513
0.35021933913230896
0.27628570795059204
0.021368011832237244
0.07993762940168381
0.2834024131298065
0.04008343443274498
0.0066317361779510975
0.017371686175465584
0.2239653319120407
0.027584517374634743
0.010714487172663212
0.07295135408639908
0.07050950080156326
0.034551698714494705
0.031174417585134506
0.014915448613464832
0.05637791380286217
0.022731343284249306
0.07988057285547256
0.15224212408065796
0.13980695605278015
0.5931012034416199
0.8698016405105591
0.8492884635925293
0.49765607714653015
0.696453869342804
0.8794189095497131
0.517787754535675
0.07394610345363617
0.2532818913459778
0.7687825560569763
0.14054545760154724
0.05007219314575195
0.7522927522659302
0.6562776565551758
0.14707177877426147
0.0778290405869484
0.06703430414199829
0.08980139344930649
0.0668758898973465
0.07170341163873672
0.09519579261541367
0.366019070148468
0.5043810606002808
0.9481604099273682
0.945629358291626
0.9522783756256104
0.953190803527832
0.9812210202217102
0.9458941221237183
0.4122997224330902
0.9249405264854431
0.9574732184410095
0.5357431769371033
0.5977224707603455
0.9472486972808838
0.888836145401001
0.22211742401123047
0.7179785966873169
0.9263080954551697
0.8374081254005432
0.850812554359436
0.4460044503211975
0.5255718231201172
0.5688615441322327
0.3467724621295929
0.2858501374721527
0.26486173272132874
0.1785338670015335
0.11761193722486496
0.25603994727134705
0.3432076573371887
0.8326254487037659
0.41348057985305786
0.5623279809951782
0.3723902106285095
0.8114792704582214
0.9301477074623108
0.9401327967643738
0.867218554019928
0.8930338025093079
0.9822131395339966
0.9793552756309509
0.5844271779060364
0.9719341993331909
0.9671211242675781
0.7248013615608215
0.5138034820556641
0.96486496925354
0.9741712212562561
0.4846331775188446
0.8152130246162415
0.9596350789070129
0.604984700679779
0.28683409094810486
0.6161231994628906
0.850872814655304
0.7430961728096008
0.8518954515457153
0.772911787033081
0.9006162285804749
0.6607633233070374
0.454579621553421
0.37301400303840637
0.15773729979991913
0.18470200896263123
0.15370364487171173
0.11860115081071854
0.182436004281044
0.10210563987493515
0.1690961867570877
0.5570130348205566
0.5426234006881714
0.27060380578041077
0.5192664265632629
0.8013343811035156
0.4201219081878662
0.8278083205223083
0.6000681519508362
0.21471428871154785
0.3628317415714264
0.5219820141792297
0.4067502021789551
0.5683903098106384
0.6821829676628113
0.7304409146308899
0.7899709343910217
0.7865377068519592
0.5747764706611633
0.7522891163825989
0.5064777731895447
0.7383876442909241
0.9386059641838074
0.6865901350975037
0.41623038053512573
0.7587135434150696
0.937393844127655
0.6677280068397522
0.3141758143901825
0.7073456048965454
0.966542661190033
0.4888125956058502
0.1831049621105194
0.9402564167976379
0.9670813679695129
0.46687179803848267
0.6881328225135803
0.9751736521720886
0.8233432173728943
0.5242081880569458
0.3190038502216339
0.18166989088058472
0.046611882746219635
0.1253540813922882
0.052113331854343414
0.06219228729605675
0.41984206438064575
0.34098678827285767
0.24449756741523743
0.7647691965103149
0.31912824511528015
0.06271873414516449
0.29999080300331116
0.9256607890129089
0.5411391258239746
0.22797243297100067
0.5911800265312195
0.9714722037315369
0.5296161770820618
0.42488163709640503
0.9127667546272278
0.9380479454994202
0.6499008536338806
0.7361846566200256
