0.15840354561805725
0.35591331124305725
0.39700496196746826
0.31019726395606995
0.31123292446136475
0.43066346645355225
0.5888336300849915
0.6783539056777954
0.6867972612380981
0.8131325244903564
0.6471231579780579
0.6640841960906982
0.6037457585334778
0.8623347282409668
0.5423356890678406
0.7809644937515259
0.28047043085098267
0.5929546356201172
0.10932879894971848
0.44426652789115906
0.4287336468696594
0.40447714924812317
0.5474441051483154
0.40241551399230957
0.4369876980781555
0.6338317394256592
0.4648444354534149
0.3919713795185089
0.5697841048240662
0.6465216279029846
0.7930383682250977
0.7361211180686951
0.8926428556442261
0.6630399823188782
0.6989176869392395
0.41140952706336975
0.7784872651100159
0.6899148225784302
0.3126727342605591
0.7901623249053955
0.7702304720878601
0.4364224374294281
0.6811007857322693
0.7147038578987122
0.649369478225708
0.28674036264419556
0.3090640604496002
0.19200296700000763
0.4803709089756012
0.6318138241767883
0.7552304863929749
0.5605257749557495
0.5932738780975342
0.2790924310684204
0.6351416707038879
0.48347780108451843
0.19643861055374146
0.38136518001556396
0.16479751467704773
0.22395260632038116
0.15134426951408386
0.43930765986442566
0.39773645997047424
0.15982283651828766
0.3488749563694
0.5539295673370361
0.5127895474433899
0.34909141063690186
0.6566327810287476
0.6886300444602966
0.5976979732513428
0.6748868823051453
0.6043031811714172
0.6032654643058777
0.47493642568588257
0.5277671217918396
0.4551953673362732
0.46858254075050354
0.5717177987098694
0.3752175271511078
0.3225198984146118
0.508612871170044
0.5047873258590698
0.4150727093219757
0.22817577421665192
0.5186105370521545
0.6378259062767029
0.37427669763565063
0.29872164130210876
0.7183547616004944
0.6143798828125
0.298236221075058
0.5585615634918213
0.6367362141609192
0.7308435440063477
0.6490967869758606
0.7925906181335449
0.6302400827407837
0.6073059439659119
0.5770428776741028
0.5630167722702026
0.6815940737724304
0.4571382701396942
0.6124579310417175
0.4987106919288635
0.4126391112804413
0.3829871416091919
0.33847248554229736
0.3271509110927582
0.15109729766845703
0.5231215357780457
0.4526926279067993
0.24287904798984528
0.38009941577911377
0.5904944539070129
0.47532781958580017
0.2992437779903412
0.6737163662910461
0.8076780438423157
0.6341046690940857
0.4961233139038086
0.8524163365364075
0.8468185067176819
0.6719446182250977
0.5623316764831543
0.9011927843093872
0.8939717411994934
0.6752496361732483
0.7201732993125916
0.9126160740852356
0.915705680847168
0.7791074514389038
0.7630918622016907
0.8402111530303955
0.6013949513435364
0.634266197681427
0.6550898551940918
0.5351212620735168
0.6710976362228394
0.5397565364837646
0.6124861240386963
0.5385345220565796
0.7019960880279541
0.49291378259658813
0.6230940818786621
0.710693359375
0.8084566593170166
0.7641512155532837
0.6326491832733154
0.7902486324310303
0.741410493850708
0.5435317158699036
0.6015781760215759
0.8744754791259766
0.7576149106025696
0.5871427655220032
0.768663227558136
0.90445476770401
0.854213535785675
0.536304771900177
0.637112557888031
0.6574497222900391
