0.06418252736330032
0.06011112406849861
0.1745380312204361
0.050316136330366135
0.14728887379169464
0.049283310770988464
0.07987507432699203
0.03315200284123421
0.03318927437067032
0.05083254724740982
0.061554405838251114
0.03468179330229759
0.01484978199005127
0.19907303154468536
0.10536947101354599
0.23052909970283508
0.15551109611988068
0.2967444956302643
0.21948200464248657
0.4999980330467224
0.5474222302436829
0.568183958530426
0.6988174319267273
0.947330892086029
0.861744225025177
0.6923081874847412
0.829844057559967
0.7409217953681946
0.6177924275398254
0.4705759584903717
0.3783619999885559
0.3880998194217682
0.5699754953384399
0.37557488679885864
0.27713027596473694
0.25896111130714417
0.3248457908630371
0.13592223823070526
0.15215188264846802
0.1273127794265747
0.29968714714050293
0.20278485119342804
0.0693526342511177
0.018048014491796494
0.005862661637365818
0.010732260532677174
0.01088229101151228
0.0003805137239396572
0.005817885976284742
0.02152392268180847
0.002562348498031497
0.0012307610595598817
0.09292183071374893
0.02374882437288761
0.03685307875275612
0.034974001348018646
0.01682337373495102
0.03356090188026428
0.005817797500640154
0.032536111772060394
0.05344238504767418
0.003073863685131073
0.021735014393925667
0.212761789560318
0.024728046730160713
0.009035415947437286
0.04051710665225983
0.2967732548713684
0.025775250047445297
0.09884029626846313
0.16193196177482605
0.45143482089042664
0.18659555912017822
0.28634920716285706
0.5002713203430176
0.6862441301345825
0.4406503736972809
0.27019062638282776
0.8692625164985657
0.5968121290206909
0.2074654996395111
0.5433316230773926
0.8156726360321045
0.4882400333881378
0.39072927832603455
0.17851074039936066
0.22139404714107513
0.18493980169296265
0.22250811755657196
0.23601967096328735
0.12095759063959122
0.15132611989974976
0.2695750296115875
0.08777152746915817
0.1875961571931839
0.35640057921409607
0.4142571985721588
0.4154577851295471
0.6583839654922485
0.7916310429573059
0.8405130505561829
0.9272940158843994
0.5997556447982788
0.34257662296295166
0.9536898136138916
0.9704866409301758
0.5845121741294861
0.5437385439872742
0.9811939597129822
0.9128775000572205
0.28850141167640686
0.9379419684410095
0.9636871814727783
0.8493348360061646
0.21804936230182648
0.9758442640304565
0.9715449213981628
0.38871338963508606
0.4773547947406769
0.945909321308136
0.7571106553077698
0.3813862204551697
0.6305474042892456
0.6227512955665588
0.8620591759681702
0.6229525804519653
0.5304408669471741
0.9669869542121887
0.881011962890625
0.5120003819465637
0.7670391201972961
0.9758228659629822
0.8743090033531189
0.5159848928451538
0.9520941972732544
0.9733627438545227
0.8064716458320618
0.8259763121604919
0.961548924446106
0.9501895904541016
0.4936472177505493
0.9147186279296875
0.962469220161438
0.8196231722831726
0.45350685715675354
0.8449781537055969
0.7751480937004089
0.35658660531044006
0.5102241635322571
0.331298828125
0.3693442940711975
0.2492184340953827
0.372640997171402
0.2752547860145569
0.44813743233680725
0.6271634697914124
0.7076532244682312
0.31716305017471313
0.195036381483078
0.6920435428619385
0.7243920564651489
0.2604488432407379
0.17173583805561066
0.2889745533466339
0.5862836837768555
0.318136602640152
0.2548660933971405
0.14148569107055664
0.28780677914619446
0.1631716936826706
0.07169826328754425
0.169577956199646
0.03554177284240723
0.0015747254947200418
0.0034023483749479055
0.053721245378255844
0.04086342826485634
0.0005457308143377304
0.0012488283682614565
0.006752201821655035
0.0029477744828909636
0.001098836655728519
0.03160302713513374
0.004574153572320938
0.015285717323422432
0.06226567551493645
0.21786615252494812
0.04457353428006172
0.02508247271180153
0.4134501516819
0.159471333026886
0.042886994779109955
0.22343333065509796
0.49085453152656555
0.11470510065555573
0.0518394336104393
0.6429094672203064
0.1627545803785324
0.06369959563016891
0.0622297078371048
0.25949135422706604
0.03328078240156174
0.10570485889911652
0.09981019049882889
0.04798019677400589
0.039830222725868225
0.08984546363353729
0.04241616651415825
0.01656414195895195
0.05481404438614845
0.0329907163977623
0.021631179377436638
0.05107855051755905
0.044886376708745956
0.05990349128842354
0.06654329597949982
0.035701245069503784
0.05537644773721695
0.056586477905511856
0.057773564010858536
0.060804110020399094
0.0638219565153122
0.0471608005464077
0.008578899316489697
0.025753112509846687
0.03710794076323509
0.028942568227648735
0.06679072976112366
0.15611736476421356
0.06131402775645256
0.1418183296918869
0.09883841127157211
0.04784649237990379
0.07184416800737381
0.007501181680709124
0.034338727593421936
0.06542155891656876
0.014248543418943882
0.0044847093522548676
0.07507529854774475
0.04916837438941002
0.021763626486063004
0.028009235858917236
0.12240338325500488
0.035120122134685516
0.04411875084042549
0.079067662358284
0.04463734105229378
0.031104763969779015
0.16830752789974213
0.08637209236621857
0.0908375084400177
0.08196596056222916
0.13989520072937012
0.16850654780864716
0.1701093167066574
0.29378464818000793
0.19119569659233093
0.19322949647903442
0.12696747481822968
0.16134904325008392
0.06704540550708771
0.1566351056098938
0.04941928759217262
0.07439830154180527
0.11268312484025955
0.10209512710571289
0.04277150332927704
0.08567292988300323
0.01701297052204609
0.018308166414499283
0.02147548831999302
0.022538883611559868
0.010185906663537025
0.02663869597017765
0.027272507548332214
0.028794268146157265
0.005499721970409155
0.04014167562127113
0.041662562638521194
0.019904034212231636
0.010260432958602905
0.036391668021678925
0.04919120669364929
0.27180105447769165
0.021659160032868385
0.04497078061103821
0.3185824453830719
0.46815553307533264
0.05620246380567551
0.13502196967601776
0.684742271900177
0.04901789501309395
0.12598170340061188
0.4223574697971344
0.23084624111652374
0.08230045437812805
0.08759721368551254
0.24763301014900208
0.1057533249258995
0.09603501856327057
0.1082921102643013
0.03898908570408821
0.08558470755815506
0.11392775177955627
0.06328361481428146
0.046877965331077576
0.07084077596664429
0.03220108151435852
0.03344179689884186
0.04958004131913185
0.04287627339363098
0.02919745072722435
0.02526991441845894
0.0754268541932106
0.06940947473049164
0.018290439620614052
0.06331872195005417
0.1199442446231842
0.019365571439266205
0.08012579381465912
