0.31139156222343445
0.21298950910568237
0.535116970539093
0.20106784999370575
0.3600960671901703
0.5693783760070801
0.6628409624099731
0.4135388433933258
0.5468542575836182
0.6736804246902466
0.8185310959815979
0.5688539147377014
0.4872775077819824
0.7820253372192383
0.5668781399726868
0.6255064606666565
0.659137487411499
0.9077869057655334
0.8739573359489441
0.8077763319015503
0.8940032124519348
0.5063136219978333
0.5852406024932861
0.5300523042678833
0.6915582418441772
0.5564326643943787
0.3729158341884613
0.20063920319080353
0.29131388664245605
0.22768791019916534
0.05643909052014351
0.11144877970218658
0.28900718688964844
0.15576426684856415
0.05582008138298988
0.13050207495689392
0.1811111569404602
0.09437216073274612
0.2025499790906906
0.23580844700336456
0.13917478919029236
0.23809821903705597
0.36887991428375244
0.12437955290079117
0.09300485998392105
0.250591903924942
0.15819969773292542
0.09399936348199844
0.1252892017364502
0.304466187953949
0.37704116106033325
0.0929984375834465
0.18624883890151978
0.47481569647789
0.4407658278942108
0.44205543398857117
0.5066826343536377
0.9105130434036255
0.7135948538780212
0.740218460559845
0.8274291157722473
0.7787153124809265
0.8222045302391052
0.7578702569007874
0.5618765354156494
0.8511077165603638
0.9100246429443359
0.7686634063720703
0.34475842118263245
0.9332290291786194
0.9453986287117004
0.47308868169784546
0.3449118137359619
0.9640900492668152
0.8944940567016602
0.21100246906280518
0.7853450775146484
0.9565107822418213
0.6664652824401855
0.2117142379283905
0.9672068357467651
0.951614260673523
0.5872257947921753
0.5193409323692322
0.9123740792274475
0.946430504322052
0.7727084755897522
0.8576013445854187
0.7795901298522949
0.8976449966430664
0.5765394568443298
0.4151786267757416
0.9253118634223938
0.9218763709068298
0.6237394213676453
0.5271806716918945
0.9539737701416016
0.8694708943367004
0.42225101590156555
0.9206270575523376
0.9686970114707947
0.8538529872894287
0.48488399386405945
0.9365556836128235
0.8937123417854309
0.5164996385574341
0.8145888447761536
0.8545415997505188
0.8165292143821716
0.7412120699882507
0.7842504978179932
0.8094061613082886
0.6465550661087036
0.681717038154602
0.5124937891960144
0.590518593788147
0.6135666370391846
0.44176918268203735
0.49797508120536804
0.5939900279045105
0.4875238239765167
0.37588539719581604
0.5069978833198547
0.3950059413909912
0.5581620335578918
0.4246644973754883
0.4329908788204193
0.3988879919052124
0.5071882009506226
0.2891731858253479
0.18161125481128693
0.3712681829929352
0.3780015707015991
0.3150169551372528
0.26844334602355957
