0.7974111437797546
0.9418261647224426
0.9361699223518372
0.9224866032600403
0.8833187222480774
0.9123081564903259
0.8282282948493958
0.7790176868438721
0.7714465260505676
0.8863293528556824
0.5138351321220398
0.8248572945594788
0.5851342082023621
0.8629452586174011
0.8694047331809998
0.76458340883255
0.6461002826690674
0.8718088269233704
0.8437013626098633
0.5228731036186218
0.5808987021446228
0.6988475918769836
0.6085012555122375
0.4397929608821869
0.3285893499851227
0.2911583483219147
0.4610314965248108
0.40807533264160156
0.6558628082275391
0.4060727059841156
0.7657696008682251
0.7538807392120361
0.8321772217750549
0.7876563668251038
0.8511327505111694
0.9306850433349609
0.9133008122444153
0.7848763465881348
0.8459517955780029
0.8559424877166748
0.8928631544113159
0.8937332630157471
0.5486985445022583
0.8399935960769653
0.5716291069984436
0.8594851493835449
0.901135265827179
0.7782677412033081
0.8993138074874878
0.8668455481529236
0.7133815884590149
0.8107855916023254
0.6761787533760071
0.7341213822364807
0.6958627104759216
0.8790440559387207
0.8631885647773743
0.9377321600914001
0.9266517758369446
0.9374361038208008
0.9696731567382812
0.9451586604118347
0.9336966276168823
0.9012633562088013
0.8391412496566772
0.8053867816925049
0.9175776243209839
0.6845906972885132
0.8531604409217834
0.2764502465724945
0.6450652480125427
0.39810511469841003
0.8437325358390808
0.5517905354499817
0.8607948422431946
0.7119031548500061
0.8376118540763855
0.8743188977241516
0.8029896020889282
0.9406898617744446
0.8815211653709412
0.6814375519752502
0.8208614587783813
0.8449802398681641
0.6446030735969543
0.8228316307067871
0.21073172986507416
0.45900759100914
0.0872771292924881
0.4262664020061493
0.30601707100868225
0.1981198638677597
0.2745530605316162
0.2390955537557602
0.4043181836605072
0.10839012265205383
0.11818444728851318
0.47234806418418884
0.06314977258443832
0.4516564607620239
0.7303689122200012
0.8419185876846313
0.9433944821357727
0.7681246995925903
0.6697794795036316
0.6274551153182983
0.22881197929382324
0.27358192205429077
0.1364295482635498
0.2998462915420532
0.3109494149684906
0.6141167879104614
0.4477866590023041
0.27744051814079285
0.6776385307312012
0.5015304684638977
0.3364220857620239
0.2540085017681122
0.25877082347869873
0.17722277343273163
0.18022087216377258
0.1863493174314499
0.23993642628192902
0.25917184352874756
0.34729471802711487
0.14437635242938995
0.16797450184822083
0.12642426788806915
0.38928428292274475
0.21632501482963562
0.37019267678260803
0.26009324193000793
0.197270467877388
0.25461941957473755
0.22417055070400238
0.19976074993610382
0.16193434596061707
0.2175634354352951
0.24381978809833527
0.29265323281288147
0.16297361254692078
0.4619540572166443
0.4352753460407257
0.4523140490055084
0.48643675446510315
0.29835882782936096
0.574637770652771
0.5340883731842041
0.7156590819358826
0.19943633675575256
0.7160481214523315
0.2247435301542282
0.5829551815986633
0.3282470405101776
0.6923397183418274
0.7316093444824219
0.8104142546653748
0.8275556564331055
0.8278859853744507
0.8812874555587769
0.9058897495269775
0.8844472765922546
0.7743226885795593
0.7726451754570007
0.6772639155387878
0.5591683983802795
0.36933615803718567
0.5058014392852783
0.10293320566415787
0.38632962107658386
0.18466706573963165
0.3553268611431122
0.7731946110725403
0.8705971837043762
0.6273869276046753
0.4807147979736328
0.32612839341163635
0.6809393763542175
0.7700598835945129
0.7816385626792908
0.8333731293678284
0.8337189555168152
0.7577837109565735
