0.4982963800430298
0.6861972212791443
0.32553359866142273
0.6872237324714661
0.39773765206336975
0.7248510718345642
0.6466759443283081
0.827447235584259
0.7332100868225098
0.7689098119735718
0.787757933139801
0.759150505065918
0.7080401182174683
0.752950131893158
0.6752092242240906
0.8092038631439209
0.5446528196334839
0.5987516045570374
0.6134982705116272
0.7245618104934692
0.6084430813789368
0.5691978931427002
0.45233964920043945
0.7211204171180725
0.6746647357940674
0.3830164670944214
0.5557922720909119
0.5681375861167908
0.7194051742553711
0.38610219955444336
0.6957011222839355
0.7115297317504883
0.7740545868873596
0.6716378331184387
0.6163622736930847
0.6614713668823242
0.5754673480987549
0.49772369861602783
0.584991991519928
0.49146318435668945
0.5337487459182739
0.6580670475959778
0.3265666961669922
0.6768327355384827
0.6174320578575134
0.681303858757019
0.7127349972724915
0.7387469410896301
0.6754438877105713
0.4268839657306671
0.6136775612831116
0.6297745704650879
0.5535428524017334
0.7102954983711243
0.44574636220932007
0.3507644832134247
0.5251226425170898
0.634106457233429
0.5527122020721436
0.710867702960968
0.4549471139907837
0.6506861448287964
0.6720520853996277
0.7027826905250549
0.5302990078926086
0.6627944111824036
0.4013221561908722
0.6581986546516418
0.43287116289138794
0.5631406903266907
0.5866929292678833
0.4877937138080597
0.44963276386260986
0.6107047200202942
0.30444636940956116
0.34377482533454895
0.42558687925338745
0.4782005846500397
0.4333488941192627
0.6297204494476318
0.3840736746788025
0.7191136479377747
0.7072405815124512
0.8495193719863892
0.7654392123222351
0.7186249494552612
0.7222731113433838
0.6660490036010742
0.7001217007637024
0.6253774762153625
0.48231974244117737
0.620041012763977
0.4702206254005432
0.4176574945449829
0.44172218441963196
0.49002864956855774
0.3989192545413971
0.42387503385543823
0.3869282901287079
0.5329649448394775
0.49036502838134766
0.4098067879676819
0.48831912875175476
0.4896787106990814
0.6824913024902344
0.5596789121627808
0.6660446524620056
0.7342322468757629
0.7970157265663147
0.6947930455207825
0.6758532524108887
0.8039843440055847
0.7333403825759888
0.5736077427864075
0.7888560891151428
0.7860075235366821
0.6203959584236145
0.8194771409034729
0.5834077596664429
0.7390640377998352
0.6324270367622375
0.7262300252914429
0.782832682132721
0.7700069546699524
0.813950777053833
0.534479558467865
0.5474537014961243
0.5815410614013672
0.45397382974624634
0.6257738471031189
0.4249545931816101
0.40124326944351196
0.4638480544090271
0.5513725280761719
0.603593647480011
0.710363507270813
0.5164044499397278
0.5635635852813721
0.5168612003326416
0.592562735080719
0.516435444355011
0.7322957515716553
0.6009437441825867
0.7685935497283936
0.6828144192695618
0.7912152409553528
0.8600964546203613
0.8964606523513794
0.8938083648681641
0.9291743040084839
0.8405494093894958
