0.560102641582489
0.4748648703098297
0.4433458149433136
0.3549146354198456
0.5866270661354065
0.6022937297821045
0.40755996108055115
0.7130525708198547
0.7507232427597046
0.7141218781471252
0.8181918263435364
0.7733704447746277
0.7397469282150269
0.5406557321548462
0.4171472191810608
0.3207453489303589
0.40147167444229126
0.6589701771736145
0.6233887076377869
0.5816200971603394
0.5135912895202637
0.7151356339454651
0.8365259766578674
0.7623311877250671
0.7454249858856201
0.5975441336631775
0.42644086480140686
0.5130823254585266
0.37970295548439026
0.4334438145160675
0.4560374617576599
0.5400219559669495
0.460522323846817
0.4683566689491272
0.42671269178390503
0.3078926205635071
0.3538985550403595
0.4053150713443756
0.3148248791694641
0.243339404463768
0.3217780292034149
0.2752009928226471
0.2660987973213196
0.20928621292114258
0.3296802341938019
0.23604080080986023
0.46543923020362854
0.39777836203575134
0.2995680868625641
0.3280429244041443
0.585586667060852
0.4291004240512848
0.3362046182155609
0.5271160006523132
0.6277234554290771
0.45634758472442627
0.46945661306381226
0.6554753184318542
