0.5750017166137695
0.4306653141975403
0.6378947496414185
0.6021766662597656
0.4603618085384369
0.7226628661155701
0.4863237738609314
0.39851969480514526
0.47337618470191956
0.475700318813324
0.7430996894836426
0.5998066067695618
0.5017797946929932
0.8330674171447754
0.5404528379440308
0.4908458888530731
0.2696954905986786
0.6427119374275208
0.5309239625930786
0.36783841252326965
0.28178706765174866
0.5152072310447693
0.5260626673698425
0.5177631974220276
0.4900868237018585
0.5201752781867981
0.4425252377986908
0.4565580189228058
0.3191814124584198
0.22404132783412933
0.26186084747314453
0.28920626640319824
0.25789037346839905
0.6606797575950623
0.6145094633102417
0.6727591753005981
0.7438094019889832
0.7815510034561157
0.7384874224662781
0.7422246336936951
0.7117924094200134
0.5154849290847778
0.5214647650718689
0.49308598041534424
0.2936342656612396
0.30809950828552246
0.3341195285320282
0.2252362072467804
0.4097002148628235
0.5131587982177734
0.5347493886947632
0.6598291993141174
0.6806041598320007
0.7901747822761536
0.8527854084968567
0.8674779534339905
0.8898891806602478
0.45658785104751587
0.762991189956665
0.6581436395645142
0.5838419198989868
0.5100787281990051
0.45634692907333374
0.46957144141197205
0.4597129821777344
0.5594968795776367
0.5116965174674988
0.4419346749782562
0.3318185806274414
0.5352647304534912
0.7343015670776367
0.7415050864219666
0.833540141582489
0.5910109281539917
0.6896645426750183
0.5984474420547485
0.6671633720397949
0.4691256582736969
0.4348050355911255
0.4494239389896393
0.25957557559013367
0.5807915925979614
0.5548592209815979
0.35216569900512695
0.40704891085624695
0.6886197328567505
0.6630334258079529
0.5253435969352722
0.593765377998352
0.7194439172744751
0.6297935843467712
0.7113541960716248
0.6744176149368286
0.8148803114891052
0.6787265539169312
0.6346501708030701
0.5420905947685242
0.46110206842422485
0.3581630289554596
0.6169371604919434
0.6040583252906799
0.5459654331207275
0.4992673695087433
0.6760950684547424
0.6359763145446777
0.6310235261917114
0.636253833770752
