0.3189135789871216
0.5897713303565979
0.6962277889251709
0.5389202833175659
0.6579287648200989
0.6881815791130066
0.7127988934516907
0.7148348093032837
0.7829457521438599
0.23173625767230988
0.6270399689674377
0.1939326971769333
0.38206496834754944
0.05476147681474686
0.15419453382492065
0.12721922993659973
0.06263158470392227
0.3213653862476349
0.201691135764122
0.1904173642396927
0.5064027905464172
0.608967661857605
0.5428680777549744
0.22444112598896027
0.3997853696346283
0.14718587696552277
0.13289879262447357
0.03681261092424393
0.1538436859846115
0.049401748925447464
0.3181901276111603
0.04566885903477669
0.14845000207424164
0.2615988254547119
0.47182121872901917
0.4018152356147766
0.5563716888427734
0.5661288499832153
0.5187398791313171
0.36462917923927307
0.44989559054374695
0.45879486203193665
0.4707966446876526
0.31173136830329895
0.3639616072177887
0.395109623670578
0.13161849975585938
0.3498634994029999
0.2035425454378128
0.21117587387561798
0.3737635314464569
0.3528902530670166
0.17673741281032562
0.32957082986831665
0.2751569449901581
0.10547630488872528
0.4481387734413147
0.14552605152130127
0.4108339846134186
0.29689082503318787
0.6185766458511353
0.3400982916355133
0.7762001156806946
0.4759698510169983
0.8266649842262268
0.49250882863998413
0.6364535093307495
0.5636107325553894
0.6005054116249084
0.5466273427009583
0.2833079993724823
0.5610656142234802
0.11929452419281006
0.20754913985729218
0.05261828750371933
0.35092419385910034
0.07386600971221924
0.3520842492580414
0.29813745617866516
0.3647419810295105
0.29779067635536194
0.49724259972572327
0.5978010296821594
0.6888028979301453
0.40082356333732605
0.13367456197738647
0.5081148147583008
0.23153991997241974
0.6081579923629761
0.47194984555244446
0.5226646065711975
0.44463539123535156
0.6856974363327026
0.7201757431030273
0.6753062605857849
0.6604441404342651
0.6306717991828918
0.6326339840888977
0.7125059962272644
0.8138794302940369
0.7736050486564636
0.6166214942932129
0.6181071996688843
0.5381284356117249
0.5117235779762268
0.6453847289085388
0.25333207845687866
0.6889883875846863
0.6156480312347412
0.7770408391952515
0.6575320363044739
0.7535673379898071
0.6680276989936829
0.47969743609428406
0.7302985787391663
0.3967880308628082
0.6780880093574524
0.3382014334201813
0.3639906346797943
0.07686377316713333
0.3059818148612976
0.1066943034529686
0.435000479221344
0.43537214398384094
0.5852763652801514
0.6313148140907288
0.8334136605262756
0.8301823735237122
0.5144887566566467
0.6089246869087219
0.5870862603187561
0.42009976506233215
0.3577636778354645
0.3362255096435547
0.3235643208026886
