0.7709758877754211
0.766777753829956
0.8345464468002319
0.8364425301551819
0.8252007365226746
0.8220165967941284
0.8305671215057373
0.8014715909957886
0.8513543605804443
0.8267562985420227
0.8400202393531799
0.8052007555961609
0.8904327750205994
0.8432990312576294
0.8180873394012451
0.8443215489387512
0.7357556819915771
0.758847713470459
0.6325737833976746
0.8252018690109253
0.819817841053009
0.7773720026016235
0.7929800152778625
0.7970033884048462
0.6208972930908203
0.7867918014526367
0.7290933132171631
0.863106369972229
0.772264838218689
0.8964802622795105
0.9263189435005188
0.8825167417526245
0.8724335432052612
0.9144812822341919
0.8920849561691284
0.9090445637702942
0.8943937420845032
0.8556719422340393
0.9296345114707947
0.8484512567520142
0.8940451741218567
0.7605624794960022
0.8023319244384766
0.7785004377365112
0.7768798470497131
0.833668053150177
0.9072769284248352
0.8866412043571472
0.7953881025314331
0.8798612356185913
0.9322627186775208
0.8829303979873657
0.8689355254173279
0.8698888421058655
0.9195554852485657
0.8560456037521362
0.9124924540519714
0.9204730987548828
