0.2718920409679413
0.6026690006256104
0.31461891531944275
0.6589539647102356
0.6716411709785461
0.8676680326461792
0.7825381755828857
0.5501578450202942
0.7558807134628296
0.7585718631744385
0.7622962594032288
0.831985592842102
0.789541482925415
0.7582266330718994
0.7565868496894836
0.6995483040809631
0.643595814704895
0.6257333755493164
0.7349013090133667
0.33488038182258606
0.29905709624290466
0.2854229211807251
0.3190845251083374
0.104555644094944
0.23828914761543274
0.21509745717048645
0.10509854555130005
0.39297914505004883
0.39421698451042175
0.6334273219108582
0.3131600022315979
0.3228098452091217
0.35775989294052124
0.323459267616272
0.8002671003341675
0.6247586607933044
0.8824455738067627
0.8298017382621765
0.9118250012397766
0.729062020778656
0.5103114247322083
0.6255808472633362
0.4913780391216278
0.35717183351516724
0.23359595239162445
0.09579858928918839
0.1377982646226883
0.09188181161880493
0.2530384659767151
0.3493499159812927
0.29376938939094543
0.4290562868118286
0.4264428913593292
0.4605301320552826
0.552156925201416
0.327557235956192
0.24106158316135406
0.17124342918395996
0.18188177049160004
0.16270138323307037
0.24722841382026672
0.24133838713169098
0.4459322988986969
0.36835435032844543
0.7949016094207764
0.2139884978532791
0.8421297669410706
0.5235071182250977
0.8208482265472412
0.8547208309173584
0.7247533202171326
0.58030104637146
0.3332291841506958
0.27778154611587524
0.27379170060157776
0.1962057650089264
0.3597683906555176
0.45922818779945374
0.530499279499054
0.7608271241188049
0.8307589292526245
0.7953433394432068
0.7531301975250244
0.913476288318634
0.5861773490905762
0.8063291311264038
0.6599117517471313
0.7687076330184937
0.9095299243927002
0.8986786603927612
0.7964391708374023
0.9026967287063599
0.6631267666816711
0.8529926538467407
0.5066480040550232
0.7792194485664368
0.7088633179664612
0.6384208798408508
