0.019922437146306038
0.02363848127424717
0.015836596488952637
0.012949769385159016
0.006962715182453394
0.009956229478120804
0.014257964678108692
0.01920035481452942
0.023105083033442497
0.023230107501149178
0.025922035798430443
0.034536637365818024
0.024856919422745705
0.1475612372159958
0.13682551681995392
0.09542863816022873
0.0563727430999279
0.17828968167304993
0.12562604248523712
0.09207708388566971
0.06962745636701584
0.08863454312086105
0.12131804972887039
0.05111633613705635
0.05521698668599129
0.11209237575531006
0.0976455882191658
0.08646304905414581
0.08359306305646896
0.06069450452923775
0.06976713240146637
0.09789786487817764
0.2367755025625229
0.09670474380254745
0.12532901763916016
0.12050294876098633
0.08596597611904144
0.06285876035690308
0.10926991701126099
0.3561580777168274
0.3561322093009949
0.16360947489738464
0.42477676272392273
0.36001601815223694
0.1929592341184616
0.14118297398090363
0.5365145206451416
0.5754467844963074
0.2536271810531616
0.061211321502923965
0.2448357194662094
0.12140960246324539
0.11480534076690674
0.12891656160354614
0.6149628758430481
0.3821480870246887
0.10269605368375778
0.1951136738061905
0.30124837160110474
0.25862860679626465
0.18898998200893402
0.6456810235977173
0.4845498502254486
0.25082138180732727
0.474405437707901
0.6753304600715637
0.3178713917732239
0.1642669290304184
0.6803259253501892
0.37028709053993225
0.34571510553359985
0.4027225971221924
0.1890985369682312
0.42051416635513306
0.7002238035202026
0.35138174891471863
0.4633731245994568
0.2927061915397644
0.4529041647911072
0.276909738779068
0.36128008365631104
0.31084394454956055
0.08704323321580887
0.17222721874713898
0.46817582845687866
0.18050768971443176
0.12129069864749908
0.29643529653549194
0.31411808729171753
0.048056673258543015
0.15076513588428497
0.18014955520629883
0.1577993631362915
0.07230908423662186
0.31241461634635925
0.17563070356845856
0.3349892497062683
0.15637941658496857
0.1421603411436081
0.10263848304748535
0.19842179119586945
0.16730321943759918
0.20516273379325867
0.250122994184494
0.2326676845550537
0.5476344227790833
0.7119317650794983
0.43000566959381104
0.19301922619342804
0.2860196530818939
0.3415699899196625
0.46695417165756226
0.53114253282547
0.44885483384132385
0.48935237526893616
0.364469051361084
0.5864698886871338
0.21575994789600372
0.4760980010032654
0.31485000252723694
0.3376205861568451
0.10088943690061569
0.3951384425163269
0.1535344272851944
0.15642936527729034
0.1997254490852356
0.25094088912010193
0.3247002065181732
0.23191870748996735
0.10925257205963135
0.11571696400642395
0.24777357280254364
0.2886595129966736
0.12330056726932526
0.17306840419769287
0.08922193199396133
0.06904970854520798
0.08336269855499268
0.07419581711292267
0.18340884149074554
0.08104606717824936
0.08738364279270172
0.07145966589450836
0.18476811051368713
0.03796570748090744
0.06359388679265976
0.035258699208498
0.1133941039443016
0.02861369401216507
0.1752718687057495
0.09106332808732986
0.33740660548210144
0.1975223571062088
0.401085764169693
0.5388059616088867
0.41885679960250854
0.27892979979515076
0.3760427236557007
0.3318529427051544
0.2032231092453003
0.11231957376003265
0.04859025776386261
0.026588479056954384
0.005816763732582331
0.025021294131875038
0.027127549052238464
0.0937313362956047
0.18429727852344513
0.3838997781276703
0.254085898399353
0.17432767152786255
0.1302255541086197
0.05182058736681938
0.033750128000974655
0.03562907874584198
0.025066431611776352
0.04993368685245514
0.05464967340230942
0.07039203494787216
0.05524999648332596
0.035276103764772415
0.060400936752557755
0.057340510189533234
0.18877185881137848
0.07793276757001877
0.2629220187664032
0.2169802486896515
0.3551465570926666
0.30299142003059387
0.23101025819778442
0.44320178031921387
0.3567149043083191
0.4045568108558655
0.46737661957740784
0.26582494378089905
0.28402799367904663
0.46080780029296875
0.32595956325531006
0.1967099905014038
0.26719415187835693
0.3192414343357086
0.24139457941055298
0.20070743560791016
0.09312973916530609
0.10894666612148285
0.19133004546165466
0.1399107724428177
0.22547312080860138
0.23451688885688782
0.3661644756793976
0.27532893419265747
0.14689546823501587
0.07564597576856613
0.12930674850940704
0.2163132280111313
0.2462483048439026
0.16186915338039398
0.05858636647462845
0.15887852013111115
0.04864246025681496
0.21161480247974396
0.059041932225227356
0.2873310148715973
0.23294825851917267
0.23987743258476257
0.25689586997032166
0.16543634235858917
0.11719518154859543
0.455312579870224
0.09560912847518921
0.054962217807769775
0.6475284099578857
0.33410346508026123
0.08065647631883621
0.19948594272136688
0.46135520935058594
0.16824883222579956
0.09992736577987671
0.2978682518005371
0.20199403166770935
0.29283514618873596
0.32629790902137756
0.16399610042572021
0.2451370507478714
0.4163903295993805
0.32007911801338196
0.35555320978164673
0.3784741759300232
0.2956963777542114
0.21245965361595154
0.2642945349216461
0.2680400013923645
0.33709022402763367
0.3321920335292816
0.16666856408119202
0.30660736560821533
0.5115676522254944
0.40524718165397644
0.3753204941749573
0.5205344557762146
0.6787336468696594
0.6675156354904175
0.5427486300468445
0.2677294611930847
0.23821131885051727
0.3841433525085449
0.1995515674352646
0.5411496162414551
0.15880203247070312
0.19259007275104523
0.296012818813324
0.6163801550865173
0.5413380265235901
0.3253327012062073
0.2887032926082611
0.3509044051170349
0.12816615402698517
0.21997126936912537
0.06336240470409393
0.2935434877872467
0.22052645683288574
0.24329225718975067
0.2925774157047272
0.11373671144247055
0.18987907469272614
0.2568306028842926
0.37320587038993835
0.5161410570144653
0.40306568145751953
0.3673919141292572
0.33378109335899353
0.37144938111305237
0.2597571313381195
0.4262143075466156
0.2487478256225586
0.46440044045448303
0.2017652839422226
0.22486379742622375
0.24499422311782837
0.18660102784633636
0.13528022170066833
0.03998176380991936
0.1161281019449234
0.262399822473526
0.35287803411483765
0.2766338288784027
0.20049071311950684
0.18354560434818268
0.22211845219135284
0.1280212104320526
0.31385961174964905
0.2600850462913513
0.1532956063747406
0.3740467131137848
0.4567054212093353
0.4927837550640106
0.27036070823669434
0.19731774926185608
0.09760832786560059
0.045391812920570374
0.09302910417318344
0.10323157906532288
0.35398736596107483
0.18663305044174194
0.29637411236763
0.31804773211479187
0.5940226912498474
0.44238805770874023
0.415035218000412
0.3410719633102417
0.15275724232196808
0.17319519817829132
0.06511886417865753
0.3572167754173279
0.24677006900310516
0.2220148742198944
0.11603093147277832
0.16750097274780273
0.07410258799791336
0.20182664692401886
0.18079546093940735
0.13874711096286774
0.14306727051734924
0.08430026471614838
0.12619514763355255
0.09963206201791763
0.16584640741348267
0.19987507164478302
0.10932286083698273
0.1361440271139145
0.24886661767959595
0.2848215699195862
0.3074724078178406
0.15952904522418976
0.2841929495334625
0.24993205070495605
0.18183664977550507
0.1363634169101715
0.2527045011520386
0.14025278389453888
0.10583780705928802
0.10961399227380753
0.12261068820953369
0.11741439253091812
0.14157626032829285
