0.4520559310913086
0.5332281589508057
0.36058276891708374
0.6073918342590332
0.1366429626941681
0.3501097559928894
0.16040058434009552
0.13410069048404694
0.13913564383983612
0.08927193284034729
0.023099809885025024
0.0462818518280983
0.021466951817274094
0.042454566806554794
0.059762049466371536
0.37505581974983215
0.3797244727611542
0.5965725183486938
0.633594810962677
0.6289296746253967
0.45605918765068054
0.38006192445755005
0.3931126594543457
0.4616919755935669
0.3832801580429077
0.6933739185333252
0.7799233198165894
0.19478680193424225
0.7588706612586975
0.18318529427051544
0.6399015784263611
0.44899359345436096
0.3218097984790802
0.31225720047950745
0.2713816463947296
0.35079875588417053
0.4980495870113373
0.6088488698005676
0.5118083953857422
0.5904877185821533
0.6619005799293518
0.8587921261787415
0.191141739487648
0.20703256130218506
0.7523525357246399
0.7382776141166687
0.9032815098762512
0.8109645247459412
0.7950507402420044
0.856775164604187
0.6545647978782654
0.8254441022872925
0.4364548921585083
0.6373885273933411
0.5922687649726868
0.5651245713233948
0.32649943232536316
0.5585386753082275
0.4015451967716217
0.20414753258228302
0.10723203420639038
0.21636511385440826
0.2624208331108093
0.10416910797357559
0.14770163595676422
0.3938121795654297
0.3997398614883423
0.565917432308197
0.4245719909667969
0.20048342645168304
0.1737244725227356
0.04149044305086136
0.057146865874528885
0.012049799785017967
0.034072909504175186
0.014332829043269157
0.07596459239721298
0.15301679074764252
0.03752709925174713
0.20335038006305695
0.3187178075313568
0.24082179367542267
0.11583132296800613
0.358329713344574
0.1731427162885666
0.40710312128067017
0.12861524522304535
0.4963385760784149
0.09965434670448303
0.739883303642273
0.3791723847389221
0.8359719514846802
0.5618898868560791
0.7263915538787842
0.7537112236022949
0.7587090134620667
0.8016035556793213
0.8447121381759644
0.8399474024772644
0.6878841519355774
0.7877950072288513
0.4743174910545349
0.5414018630981445
0.13547082245349884
0.4665617346763611
0.05754358321428299
0.6192584037780762
0.2050604671239853
0.44591134786605835
0.4316297173500061
0.48253726959228516
0.43702784180641174
0.5333393812179565
0.6448548436164856
0.610811173915863
0.30109038949012756
0.5990535020828247
0.18152804672718048
0.2735210955142975
0.11728326231241226
0.11241861432790756
0.0886683315038681
0.06876858323812485
0.034754008054733276
0.14397099614143372
0.03570603206753731
0.20794688165187836
0.10398247838020325
0.22671696543693542
0.14404602348804474
0.22854286432266235
0.1378130465745926
0.2406815141439438
0.2422845959663391
0.29114848375320435
0.4018275737762451
0.2497139573097229
0.32864734530448914
0.514926552772522
0.4944095015525818
0.23337075114250183
0.5264775156974792
0.11295745521783829
0.3618384599685669
0.28355565667152405
0.2594989538192749
0.31056761741638184
0.2565929591655731
0.30375921726226807
0.4253268837928772
0.3679026663303375
0.40457606315612793
0.41659143567085266
0.4156886637210846
0.41592487692832947
0.12537641823291779
0.17934304475784302
0.5373273491859436
0.5544072389602661
0.5345124006271362
0.5413228273391724
0.5790860652923584
0.6025641560554504
0.6952559947967529
0.590695321559906
0.4509173035621643
0.5298425555229187
0.6255522966384888
0.2993347644805908
0.15045097470283508
0.514549195766449
0.27449268102645874
0.36668381094932556
0.18173150718212128
0.3957119584083557
0.2646583914756775
0.20607273280620575
0.10121015459299088
0.17582176625728607
0.2816554009914398
0.12226352840662003
0.18362636864185333
0.257541686296463
0.3023613691329956
0.278887540102005
0.2603978216648102
0.1487487554550171
0.1487768143415451
0.04718548804521561
0.07604185491800308
0.014858560636639595
0.08216346800327301
0.026246923953294754
0.08252405375242233
0.09798562526702881
0.0478440560400486
0.16930370032787323
0.1961984634399414
0.24418489634990692
0.12979067862033844
0.29290133714675903
0.19068337976932526
0.30523985624313354
0.12057826668024063
0.31988564133644104
0.14791041612625122
0.5433727502822876
0.3465389311313629
0.7146760821342468
0.27130651473999023
0.5383555889129639
0.6472299695014954
0.4895157217979431
0.6763648986816406
0.3711269795894623
0.6577133536338806
0.2812994718551636
0.45146191120147705
0.20807886123657227
0.3755122423171997
0.11012642085552216
0.4176449477672577
0.12448263168334961
0.30019938945770264
0.20165787637233734
0.18801723420619965
0.2009471207857132
0.2556810975074768
0.23154674470424652
