0.6934003233909607
0.6958730816841125
0.6950986981391907
0.6224019527435303
0.4432138204574585
0.460456907749176
0.6415312886238098
0.506657063961029
0.6830162405967712
0.3400819003582001
0.5124410390853882
0.3246239423751831
0.1528232842683792
0.26675212383270264
0.15720587968826294
0.05422619357705116
0.39363232254981995
0.06500699371099472
0.4048864543437958
0.11717619001865387
0.4070521891117096
0.4762552082538605
0.6523650884628296
0.6510690450668335
0.6586702466011047
0.6484510898590088
0.6738714575767517
0.5004901885986328
0.7428780794143677
0.5077399611473083
0.8099366426467896
0.6417962908744812
0.8030576109886169
0.4872022867202759
0.8639499545097351
0.4035216271877289
0.7961799502372742
0.7042089104652405
0.49353668093681335
0.547260046005249
0.48314666748046875
0.4682115614414215
0.6959267258644104
0.7765204906463623
0.8495687246322632
0.8241043090820312
0.7582111358642578
0.8255559206008911
0.8792851567268372
0.43723738193511963
0.5744264721870422
0.8578587174415588
0.7742745876312256
0.8388853073120117
0.8019888401031494
0.6794275045394897
0.8415082097053528
0.8193419575691223
0.921713650226593
0.7307429313659668
0.8529181480407715
0.9015398025512695
0.7496006488800049
0.6145561933517456
0.35663530230522156
0.4205358028411865
0.6726764440536499
0.3803555369377136
0.2771487236022949
0.2141324132680893
0.3772934675216675
0.4812217950820923
0.22799821197986603
0.1908399760723114
0.3250366747379303
0.33620399236679077
0.2661058008670807
0.42551085352897644
0.2688421308994293
0.27506741881370544
0.18739408254623413
0.11287464201450348
0.107791468501091
0.05508513003587723
0.12491917610168457
0.028560621663928032
0.09961385279893875
0.20610637962818146
0.07918962091207504
0.27741995453834534
0.46580976247787476
0.37001776695251465
0.1882854551076889
0.4339025914669037
0.25805941224098206
0.3875502347946167
0.28099361062049866
0.7258719205856323
0.2669045031070709
0.8955225348472595
0.5640460848808289
0.8633778691291809
0.6574814915657043
0.8053200840950012
0.82173752784729
0.7115430235862732
0.8934016823768616
0.82001793384552
0.8624900579452515
0.5489025712013245
0.7007675170898438
0.33370962738990784
0.46510982513427734
0.14012056589126587
0.5333024263381958
0.20073261857032776
0.4702094495296478
0.30857035517692566
0.28609469532966614
0.0978131964802742
0.23208419978618622
0.19619007408618927
0.1620636284351349
0.4125345051288605
0.25264325737953186
0.42602890729904175
0.4242590367794037
0.32503849267959595
0.3817954659461975
0.2695099711418152
0.33552154898643494
0.279213547706604
0.27284905314445496
0.14545531570911407
0.17686080932617188
0.03713030368089676
0.1918690800666809
0.19354364275932312
0.38820239901542664
0.32327553629875183
0.17120444774627686
0.3500036299228668
0.39884841442108154
0.22569309175014496
0.2811788022518158
0.23695087432861328
0.12296365201473236
0.23702634871006012
0.20375758409500122
0.3347453773021698
0.3424610495567322
0.41627711057662964
0.2853056490421295
0.38954800367355347
0.34337547421455383
0.2872743010520935
0.3207549452781677
0.3347572088241577
0.2003418356180191
0.24495822191238403
0.22654274106025696
0.20856492221355438
0.13427837193012238
0.20407015085220337
0.18692000210285187
0.269496351480484
0.24424076080322266
0.41929808259010315
0.4545183777809143
0.3382125794887543
0.2462325096130371
0.0535300150513649
0.21020187437534332
0.03368625417351723
0.25855234265327454
0.18541453778743744
0.4859835207462311
0.40772008895874023
0.20505578815937042
0.21089410781860352
0.14636150002479553
0.3170427680015564
0.1518537700176239
0.28135037422180176
0.23006711900234222
0.432704359292984
0.2746523916721344
0.38485607504844666
0.34745416045188904
