0.14167572557926178
0.14056487381458282
0.14233580231666565
0.21897557377815247
0.1988295614719391
0.16632817685604095
0.21397899091243744
0.17520014941692352
0.11879163235425949
0.1094156801700592
0.08538344502449036
0.07747630029916763
0.06812410056591034
0.1033688485622406
0.12461255490779877
0.11389359086751938
0.15389077365398407
0.1386467069387436
0.1007998064160347
0.05742788314819336
0.08654067665338516
0.11515458673238754
0.14989073574543
0.07965780049562454
0.23811401426792145
0.20137789845466614
0.12549930810928345
0.24869757890701294
0.22892597317695618
0.20228643715381622
0.13311640918254852
0.4225923717021942
0.38883695006370544
0.4015340209007263
0.10818447172641754
0.3494301736354828
0.23735052347183228
0.06138153374195099
0.1511918008327484
0.12190588563680649
0.13230133056640625
0.17044657468795776
0.3165193796157837
0.28285008668899536
0.23199540376663208
0.3921113610267639
0.19634929299354553
0.1319676786661148
0.22409172356128693
0.07166650146245956
0.05269330367445946
0.05514591559767723
0.07204544544219971
0.10260266810655594
0.7582070231437683
0.3673117458820343
0.2698920667171478
0.15837426483631134
0.014759053476154804
0.16048379242420197
0.048870887607336044
0.1261408030986786
0.2421395480632782
0.14223046600818634
0.2908191382884979
0.27067941427230835
0.2854123115539551
0.16351158916950226
0.3534000515937805
0.09139835089445114
0.23733894526958466
0.271626353263855
0.2558571398258209
0.16429178416728973
0.1913391500711441
0.0673958957195282
0.1759229302406311
0.0679045096039772
0.2094120979309082
0.16476817429065704
0.5419037938117981
0.07443223148584366
0.5811278820037842
0.15937334299087524
0.035643208771944046
0.07073774188756943
0.19875672459602356
0.09264233708381653
0.22454673051834106
0.1738658994436264
0.039880286902189255
0.08990663290023804
0.06731579452753067
0.01278602983802557
0.019178099930286407
0.00876734871417284
0.030778219923377037
0.06928537786006927
0.591692328453064
0.19234885275363922
0.27094191312789917
0.06593314558267593
0.0033396342769265175
0.021535741165280342
0.019055664539337158
0.037974342703819275
0.12985248863697052
0.14772939682006836
0.17039677500724792
0.12920981645584106
0.11750312894582748
0.15149521827697754
0.049059171229600906
0.10595156252384186
0.10063736140727997
0.03858612850308418
0.01855926215648651
0.14324145019054413
0.05847516283392906
0.4540804922580719
0.3661881685256958
0.5427936911582947
0.07657352834939957
0.60029536485672
0.13499240577220917
0.013822630979120731
0.10527990758419037
0.11989746987819672
0.09390686452388763
0.3067306876182556
0.186242014169693
0.40739986300468445
0.35691776871681213
0.3490369915962219
0.18981310725212097
0.12285818159580231
0.006682239938527346
0.026498297229409218
0.0082622691988945
0.02491454780101776
0.032958079129457474
0.7371683716773987
0.11021515727043152
0.3119032084941864
0.061813805252313614
0.022949736565351486
0.032712504267692566
0.04627702012658119
0.05095510929822922
0.2087276577949524
0.09422235190868378
0.29529860615730286
0.18496648967266083
0.13474804162979126
0.16596616804599762
0.13410943746566772
0.2607833445072174
0.09993728250265121
0.13942117989063263
0.07723918557167053
0.2241094708442688
0.1237088069319725
0.3421611785888672
0.35164347290992737
0.6208794713020325
0.050297025591135025
0.4558928906917572
0.1545594483613968
0.04597371444106102
0.09722874313592911
0.11062166839838028
0.17153485119342804
0.3266897201538086
0.1410256326198578
0.07488329708576202
0.034724488854408264
0.08035075664520264
0.041358258575201035
0.05378567799925804
0.06956534087657928
0.42776864767074585
0.5385358333587646
0.37523216009140015
0.0635017529129982
0.04715310409665108
0.07199010998010635
0.08959880471229553
0.06753592938184738
0.27052605152130127
0.07805986702442169
0.34282150864601135
0.32162320613861084
0.22910629212856293
0.057218749076128006
0.1373990774154663
0.1853584200143814
0.3463134467601776
0.4006366729736328
0.41790568828582764
0.30397382378578186
0.5793269276618958
0.28280654549598694
0.2976069450378418
0.30993786454200745
0.7284052968025208
0.5746012330055237
0.5930169224739075
0.10535619407892227
0.5269245505332947
0.08921369910240173
0.029208846390247345
0.04660385847091675
0.062148451805114746
0.2293565571308136
0.22112128138542175
0.22479966282844543
0.3531912863254547
0.28540098667144775
0.3187664747238159
0.30619117617607117
0.10678669065237045
0.18871314823627472
0.09089124202728271
0.10131404548883438
0.03625502064824104
0.029042920097708702
0.040906358510255814
0.09460888057947159
0.49247610569000244
0.4023556709289551
0.09651297330856323
0.3467499315738678
0.05716496706008911
0.06977660953998566
0.11630164086818695
0.17517335712909698
0.31660032272338867
0.4039188027381897
0.38361749053001404
0.19108669459819794
0.40067580342292786
0.3346599340438843
0.27801939845085144
0.3712984323501587
0.489679753780365
0.2623116970062256
0.18564258515834808
0.5242707133293152
0.5179610848426819
0.5395181179046631
0.6723106503486633
0.2568328082561493
0.15701986849308014
0.4882729947566986
0.42529019713401794
0.4698461592197418
0.5453870296478271
0.5800795555114746
0.5472319722175598
0.611660361289978
0.5404797196388245
0.6889546513557434
0.4657449722290039
0.2466989904642105
0.04379471018910408
0.25648635625839233
0.029931608587503433
0.02424694038927555
0.05798929184675217
0.14661487936973572
0.12330843508243561
0.19054193794727325
0.2779530882835388
0.3419950008392334
0.11139484494924545
0.11949421465396881
0.04291071370244026
0.03787686675786972
0.016675766557455063
0.03190118819475174
0.04782554507255554
0.3633182942867279
0.13783688843250275
0.07221166789531708
0.2441711127758026
0.07264554500579834
0.11470455676317215
0.12904302775859833
0.26885467767715454
0.37234464287757874
0.2575710117816925
0.4620608389377594
0.5376260876655579
0.6654619574546814
0.4751424193382263
0.6680787205696106
0.5093796253204346
0.5002124905586243
0.38938504457473755
0.2052895724773407
0.19340844452381134
0.38015320897102356
0.11695648729801178
0.26445093750953674
0.40846630930900574
0.3013189136981964
0.10642877966165543
0.19537943601608276
0.1214752197265625
0.029165441170334816
0.07903315871953964
0.11867354065179825
0.1388525366783142
0.2619343101978302
0.2969496548175812
0.06129904463887215
0.25049614906311035
0.12524981796741486
0.05450228601694107
0.023150522261857986
0.05644324794411659
0.06908146291971207
0.1947120875120163
0.24418030679225922
0.5055409669876099
0.48844924569129944
0.803874135017395
0.6169513463973999
0.6958785057067871
0.6970091462135315
0.800763726234436
0.7325415015220642
0.6189219355583191
0.5948095917701721
0.49071720242500305
0.49451181292533875
0.4823598265647888
0.30344533920288086
0.3762362003326416
0.20926088094711304
0.1742558628320694
0.043631527572870255
0.065262071788311
0.11042825132608414
0.1743953824043274
0.26874250173568726
0.1803065687417984
0.15817050635814667
0.48928961157798767
0.4370887875556946
0.14578159153461456
0.38564741611480713
0.41249018907546997
0.6892039775848389
