0.38266411423683167
0.526864767074585
0.47397586703300476
0.46018996834754944
0.597787082195282
0.4832090437412262
0.55525803565979
0.3899213373661041
0.500540018081665
0.690895676612854
0.376610666513443
0.6500016450881958
0.6607680916786194
0.6683869957923889
0.5202239751815796
0.8201563954353333
0.7150281071662903
0.5982460975646973
0.6189621090888977
0.8776310086250305
0.8080366253852844
0.7614643573760986
0.5919511318206787
0.857105553150177
0.6157401204109192
0.7012069225311279
0.5202820301055908
0.5515565276145935
0.520473837852478
0.4958013594150543
0.4328363835811615
0.4329703748226166
0.6099595427513123
0.5266211628913879
0.6552268266677856
0.6951531171798706
0.5037654042243958
0.6159394383430481
0.5203164219856262
0.4769468307495117
0.41122958064079285
0.40321603417396545
0.3829355835914612
0.6463446617126465
0.4722623825073242
0.4893805682659149
0.5131285190582275
0.457471638917923
0.38231828808784485
0.3552464544773102
0.3025153875350952
0.17105668783187866
0.25241032242774963
0.21544162929058075
0.16718734800815582
0.3490747809410095
0.5091620683670044
0.38001495599746704
0.13710515201091766
0.31679967045783997
0.5653140544891357
0.37463855743408203
0.4508611261844635
0.7355476021766663
0.7276256680488586
0.5169883966445923
0.6142405867576599
0.5118528604507446
0.38755789399147034
0.1997537761926651
0.42879924178123474
0.4603042006492615
0.23971468210220337
0.3086584210395813
0.5644422769546509
0.43920251727104187
0.4382864236831665
0.21039071679115295
0.41113778948783875
0.5127394795417786
0.4062046408653259
0.3078639507293701
0.5860459804534912
0.49654361605644226
0.37505653500556946
0.2886864244937897
0.4113588333129883
0.4238695204257965
0.5598720908164978
0.5104678869247437
0.7211777567863464
0.7822532653808594
0.4931298494338989
0.6249639391899109
0.7863914966583252
0.3875844478607178
0.3805079758167267
0.5060303807258606
0.710493266582489
0.2776966094970703
0.1672925055027008
0.44388243556022644
0.23098213970661163
0.13890594244003296
0.5496360063552856
0.47629043459892273
0.40904808044433594
0.5622809529304504
0.7867603302001953
0.5037687420845032
0.423248291015625
0.788733720779419
0.7240855693817139
0.30455946922302246
0.6588862538337708
0.7601140141487122
0.7624616026878357
0.3070145845413208
0.535159170627594
0.48810821771621704
0.7104624509811401
0.3304561376571655
0.5945044159889221
0.4894251227378845
0.40116065740585327
0.4300459921360016
0.2857935428619385
0.37052813172340393
0.49569565057754517
0.33310559391975403
0.3099463880062103
0.6426969170570374
0.7656977772712708
0.6977435350418091
0.5869715809822083
0.7383132576942444
0.7597959637641907
0.5707356929779053
0.4158145487308502
0.7802886962890625
0.6691431999206543
0.7984812259674072
0.8215144276618958
0.5865906476974487
0.7075923085212708
0.6741864681243896
0.656879723072052
0.4631907045841217
0.6212528347969055
0.49095550179481506
0.5279368758201599
0.6318768858909607
0.6241157054901123
0.4889259934425354
0.5711963772773743
0.5692052841186523
0.18258893489837646
0.13754242658615112
0.49278607964515686
0.5415535569190979
0.42045632004737854
0.2034454345703125
0.5686861276626587
0.5164222717285156
0.322002649307251
0.4474208652973175
0.6793181300163269
0.5688233375549316
0.46459946036338806
0.3744336664676666
0.5878058671951294
0.42970576882362366
0.08698857575654984
0.34957605600357056
0.4716942608356476
0.5301611423492432
0.5711527466773987
0.4860972762107849
0.49652978777885437
0.6269815564155579
0.5724198222160339
0.39378753304481506
0.23195518553256989
0.2197028398513794
0.38740822672843933
0.2026323527097702
0.24984285235404968
0.2443723976612091
0.16376133263111115
0.1369912326335907
0.3769685924053192
0.3191909193992615
0.16562341153621674
0.5015339255332947
0.5196989178657532
0.4471035599708557
0.34246253967285156
0.5655832886695862
0.6856871843338013
0.5797259211540222
0.48017391562461853
0.6195128560066223
0.5906848311424255
0.602807343006134
0.473333477973938
0.637378990650177
0.6204761266708374
0.6852008700370789
0.6017683744430542
0.47040092945098877
0.6204584836959839
0.4262089729309082
0.48327887058258057
0.5995975136756897
0.48833799362182617
0.6777469515800476
0.5629965662956238
0.7846750020980835
0.25380849838256836
0.30633899569511414
0.7051889300346375
0.6263746023178101
0.3323759138584137
0.5115351676940918
0.7239135503768921
0.5685461163520813
0.45466169714927673
0.5371226072311401
0.7171576023101807
0.3736220896244049
0.39851999282836914
0.6607221364974976
0.578482449054718
0.06677379459142685
0.5432490706443787
0.5455329418182373
0.2579357326030731
0.09879641979932785
0.34412437677383423
0.4148009717464447
0.19845713675022125
0.43774276971817017
0.09897514432668686
0.5378577709197998
0.28457608819007874
0.0992317870259285
0.2837921679019928
0.1678043156862259
0.20888741314411163
0.33015429973602295
0.33144086599349976
0.3625715672969818
0.3577597141265869
0.3823782801628113
0.22539837658405304
0.3123687207698822
0.286050945520401
0.19944624602794647
0.42736443877220154
0.18012483417987823
0.36433541774749756
0.3121245801448822
0.3186156749725342
0.5431906580924988
0.27373042702674866
0.40118685364723206
0.7388172149658203
0.4103732407093048
0.45469507575035095
0.4903244078159332
0.20362451672554016
0.23871619999408722
0.509730339050293
0.41338101029396057
0.3569430112838745
0.3512853682041168
0.37760308384895325
0.3767256736755371
0.19713813066482544
0.275556355714798
0.23905034363269806
0.34910568594932556
0.34060728549957275
0.29201018810272217
0.3869010806083679
0.239826038479805
0.22936858236789703
0.5621997714042664
0.6358461380004883
0.14522552490234375
0.5475670099258423
0.7915698885917664
0.5678167939186096
0.4243430495262146
0.8681228756904602
0.8575529456138611
0.8034349679946899
0.6808189153671265
0.8876293301582336
0.91091388463974
0.8407647013664246
0.7631758451461792
0.8126475214958191
0.762604832649231
0.6892116069793701
0.6990564465522766
0.6074484586715698
0.7763246297836304
0.6573901772499084
0.794113278388977
0.8195967078208923
0.7674519419670105
0.7313055396080017
0.8007808327674866
0.7411844730377197
0.709656298160553
0.5880523920059204
0.5071799755096436
0.5473945140838623
0.5335440635681152
0.6639730334281921
0.5983542799949646
0.6091723442077637
0.7426329255104065
0.8750728368759155
0.48626163601875305
0.5399940609931946
0.7621845602989197
0.7198160290718079
0.2515963613986969
0.3041338622570038
0.5747532844543457
0.5991467833518982
0.34292566776275635
0.23910661041736603
0.5462700128555298
0.5081983208656311
0.39995232224464417
0.44498199224472046
0.5189245343208313
0.18234428763389587
0.6623543500900269
0.47847291827201843
0.5119064450263977
0.2527875006198883
0.1702229380607605
0.38254648447036743
0.32673755288124084
0.6064789891242981
0.2327917367219925
0.4251682758331299
0.26721206307411194
0.21248692274093628
0.3746497333049774
0.37204262614250183
0.3348095118999481
0.3931075930595398
0.4225125312805176
0.5229366421699524
0.6463407874107361
0.5667412281036377
0.6221528649330139
0.6302530765533447
0.6969660520553589
0.4085737466812134
0.46041345596313477
0.50818932056427
0.5277184247970581
0.4570482075214386
0.4255931079387665
0.6203188300132751
0.6445685625076294
0.40848252177238464
0.44280439615249634
0.6555925607681274
0.6655125617980957
0.2956854999065399
0.45381036400794983
0.6692419052124023
0.5494940280914307
0.42871788144111633
0.6551886796951294
0.6681973934173584
0.5156279802322388
0.49503910541534424
0.5002138614654541
0.4273124039173126
