0.29459208250045776
0.29386869072914124
0.5464885830879211
0.34312140941619873
0.6294506788253784
0.28199008107185364
0.3150499165058136
0.7680056095123291
0.7472626566886902
0.2098771035671234
0.6144208312034607
0.8618949055671692
0.6368725895881653
0.4696870446205139
0.802586019039154
0.7538152933120728
0.677166223526001
0.3836243450641632
0.49244797229766846
0.4222562909126282
0.4634705185890198
0.2769981920719147
0.2891305088996887
0.3732958436012268
0.105734683573246
0.14973489940166473
0.48684200644493103
0.35464027523994446
0.09737912565469742
0.09500541538000107
0.5059524178504944
0.28522762656211853
0.2373175323009491
0.2742915153503418
0.5962228775024414
0.4567531645298004
0.29875868558883667
0.28936195373535156
0.25110235810279846
0.14480967819690704
0.08639386296272278
0.20640937983989716
0.16572819650173187
0.23244889080524445
0.1670379936695099
0.15429145097732544
0.18384644389152527
0.2183593064546585
0.2596157193183899
0.21410447359085083
0.4430124759674072
0.3904569149017334
0.5748883485794067
0.5617417693138123
0.6788811683654785
0.7535874247550964
0.8388198614120483
0.860308051109314
0.6943217515945435
0.5759202837944031
0.3708619773387909
0.6660841107368469
0.6311823725700378
0.6529719233512878
0.5904130935668945
0.591063916683197
0.5245224833488464
0.4717220366001129
0.40982747077941895
0.11863349378108978
0.38169780373573303
0.3260473310947418
0.41292935609817505
0.3492078483104706
0.414371132850647
0.5942942500114441
0.5011914372444153
0.565376341342926
0.767911434173584
0.6615983247756958
0.5828248262405396
0.5783351063728333
0.25759121775627136
0.5261676907539368
0.5815366506576538
0.5884259343147278
0.3783840537071228
0.4863666892051697
0.5715182423591614
0.4392125904560089
0.41217127442359924
0.16301102936267853
0.20424515008926392
0.03414924070239067
0.11295449733734131
0.26877719163894653
0.06410180032253265
0.03394891321659088
0.24193228781223297
0.5089276432991028
0.0892154648900032
0.05133061856031418
0.2911969721317291
0.3436558246612549
0.17584405839443207
0.14476458728313446
0.47855669260025024
0.4964274764060974
0.36275824904441833
0.7762839198112488
0.5673750042915344
0.215936541557312
0.282208114862442
0.10276489704847336
0.1576298326253891
0.07162100076675415
0.1670026332139969
0.1648590862751007
0.026381755247712135
0.07004003971815109
0.1293674260377884
0.09817119687795639
0.027516722679138184
0.0660400241613388
0.08965504169464111
0.05483514443039894
0.07677999883890152
0.10712334513664246
0.15661559998989105
0.05350114405155182
0.03982013836503029
0.07227813452482224
0.052101168781518936
0.034258585423231125
0.049732279032468796
0.012045026756823063
0.06058165058493614
0.07105636596679688
0.05565271154046059
0.03891860693693161
0.07609403133392334
0.15203115344047546
0.08086874336004257
0.1533801108598709
0.3584595024585724
0.39155125617980957
0.3747769296169281
0.38800621032714844
0.09030453115701675
0.248089998960495
0.16105857491493225
0.3045991361141205
0.24698787927627563
0.07042628526687622
0.14986881613731384
0.07633635401725769
0.19075490534305573
0.34053993225097656
0.3635736405849457
0.4153353273868561
0.47142675518989563
0.3284936547279358
0.6533587574958801
0.5731383562088013
0.5252330899238586
0.3968518376350403
0.7012786269187927
0.5657128691673279
0.4617997407913208
0.43298617005348206
0.7127876281738281
0.6385295987129211
0.5227545499801636
0.4755336046218872
0.7013050317764282
0.7284541726112366
0.6839344501495361
0.6779952645301819
0.7914862036705017
0.8255857229232788
0.441413551568985
0.7540681958198547
0.7602159976959229
0.7782596349716187
0.9209458231925964
0.8338925242424011
0.754119336605072
0.669576108455658
0.6320750713348389
0.7578391432762146
0.5687018632888794
0.6672891974449158
0.6690956950187683
0.3320413827896118
0.6682547330856323
0.5363368988037109
0.5106856226921082
0.5837218165397644
0.5924105048179626
0.8081731200218201
0.33505386114120483
0.42596808075904846
0.5507774353027344
0.3766777813434601
0.28680336475372314
0.22649158537387848
0.2045307457447052
0.5905716419219971
0.6903989911079407
0.38583528995513916
0.6083723902702332
0.5407782793045044
0.3721882998943329
0.39207080006599426
0.3952302932739258
0.24130432307720184
0.48631301522254944
0.22106435894966125
0.6290430426597595
0.7384422421455383
0.47835007309913635
0.45607438683509827
0.35748910903930664
0.4769207239151001
0.5013789534568787
0.5054359436035156
0.541283130645752
0.6560499668121338
0.5008097290992737
0.4784429371356964
0.4512171149253845
0.5045577883720398
0.41884124279022217
0.3827422559261322
0.27738842368125916
0.2550990581512451
