0.3234880268573761
0.2795383036136627
0.4585108160972595
0.5783750414848328
0.2637347877025604
0.35595500469207764
0.18313661217689514
0.3103415071964264
0.19513379037380219
0.32470083236694336
0.37357866764068604
0.4163256287574768
0.4643423855304718
0.5009689331054688
0.429037481546402
0.46188974380493164
0.5053326487541199
0.690497100353241
0.7332842946052551
0.6478493809700012
0.6741729974746704
0.8128001689910889
0.7571337819099426
0.7821162939071655
0.7538849115371704
0.8993268609046936
0.8633964657783508
0.85219806432724
0.8994017839431763
0.5781388878822327
0.8769525289535522
0.6953132748603821
0.7615087628364563
0.8203099370002747
0.5963574051856995
0.8200603127479553
0.6524403095245361
0.7503307461738586
0.6782835125923157
0.4672604203224182
0.48730549216270447
0.5909984707832336
0.6198968887329102
0.7210926413536072
0.6471940279006958
0.7590867280960083
0.7137982249259949
0.6811503767967224
0.6704443097114563
0.7918914556503296
0.6371620297431946
0.5720266699790955
0.5235781073570251
0.418780654668808
0.29586347937583923
0.25195810198783875
0.4417015612125397
0.5401801466941833
0.6877540349960327
0.5167336463928223
0.5375834703445435
0.46010440587997437
0.6013538241386414
0.41602107882499695
