0.36676207184791565
0.35182633996009827
0.25192388892173767
0.7225698232650757
0.6805283427238464
0.34640249609947205
0.3188774287700653
0.7884147763252258
0.6899062991142273
0.3095302879810333
0.7048034071922302
0.8109193444252014
0.6250196099281311
0.4033626616001129
0.6999209523200989
0.5525161027908325
0.29533499479293823
0.06664849817752838
0.567255973815918
0.2804208993911743
0.025604605674743652
0.09455237537622452
0.2397034764289856
0.08273553103208542
0.04113738238811493
0.05395134165883064
0.022455936297774315
0.01300100889056921
0.002923326101154089
0.04115426540374756
0.016543755307793617
0.10869161039590836
0.4141184091567993
0.370705246925354
0.1836385279893875
0.09653596580028534
0.3188287615776062
0.25415071845054626
0.05161745101213455
0.037383873015642166
0.2935740053653717
0.06480303406715393
0.0130284009501338
0.10487926006317139
0.030958116054534912
0.06536910682916641
0.05532519891858101
0.06370274722576141
0.3405252993106842
0.22382760047912598
0.6088904142379761
0.4357658326625824
0.5795036554336548
0.257237046957016
0.6086744070053101
0.5361847281455994
0.35915282368659973
0.34129267930984497
0.7306119203567505
0.8855927586555481
0.8433541655540466
0.40404990315437317
0.3054637908935547
0.7298142313957214
0.5830844044685364
0.1785888671875
0.4408103823661804
0.8221092224121094
0.36037030816078186
0.19335269927978516
0.8394241333007812
0.7930231094360352
0.8263660669326782
0.949133574962616
0.8490094542503357
0.9718761444091797
0.970276951789856
0.9893506169319153
0.9414408206939697
0.8514654636383057
0.5597323775291443
0.753169596195221
0.43989482522010803
0.7446112632751465
0.22101444005966187
0.25439369678497314
0.4182908236980438
0.09157605469226837
0.2484550029039383
0.3180782198905945
0.475121408700943
0.4438227713108063
0.33107906579971313
0.20521830022335052
0.4825349450111389
0.8274834156036377
0.7318419218063354
0.6953389048576355
0.6731336712837219
0.3666147291660309
0.16813969612121582
0.14116258919239044
0.047831661999225616
0.04760550335049629
0.017371168360114098
0.022943267598748207
0.0148613341152668
0.06547169387340546
0.055712003260850906
0.43115198612213135
0.22040051221847534
0.5863279104232788
0.7693851590156555
0.9510043263435364
0.9214380979537964
0.381943017244339
0.813761293888092
0.9521632790565491
0.6383607387542725
0.17183580994606018
0.8195350766181946
0.8382521867752075
0.256790429353714
0.1160539761185646
0.8013859391212463
0.7341752648353577
0.33280330896377563
0.43868666887283325
0.21030272543430328
0.24310751259326935
0.384900838136673
0.16541430354118347
0.4906924068927765
0.057745397090911865
0.6906032562255859
0.15366019308567047
0.7565811276435852
0.8547430038452148
0.17685861885547638
0.5848591327667236
0.4514801800251007
0.447550505399704
0.367957204580307
0.13237108290195465
0.17849190533161163
0.18345001339912415
0.5908973813056946
0.3247690498828888
0.04831657186150551
0.226360484957695
0.6805475354194641
0.040775567293167114
0.09713314473628998
0.38486477732658386
0.4310217499732971
0.05338047072291374
0.24086454510688782
0.5497147440910339
0.0504998117685318
0.04273628816008568
0.11577354371547699
0.2676883637905121
0.027523208409547806
0.03177420422434807
0.10733941942453384
0.08552595227956772
0.03214998543262482
0.04264295473694801
0.0713779628276825
0.06780380755662918
0.081804558634758
0.020222345367074013
0.04770977795124054
0.03873523324728012
0.16050545871257782
0.06574361771345139
0.08004575967788696
0.14505672454833984
0.12532083690166473
0.08734353631734848
0.12745369970798492
0.17603382468223572
0.17332518100738525
0.12903808057308197
0.1484694480895996
0.07973137497901917
0.09212247282266617
0.1748868227005005
0.0704028308391571
0.3709419369697571
0.35388511419296265
0.3439536988735199
0.11408700048923492
0.2725180387496948
0.19964858889579773
0.12687501311302185
0.13943909108638763
0.15256844460964203
0.4249456524848938
0.1284545212984085
0.3447149097919464
0.1616428643465042
0.05207129940390587
0.08748261630535126
0.15393836796283722
0.17669673264026642
0.14489158987998962
0.6210693717002869
0.49373334646224976
0.38136789202690125
0.6782270073890686
0.8388494849205017
0.41682907938957214
0.4468393921852112
0.5655511021614075
0.2377718836069107
0.21264547109603882
0.4187068045139313
0.3302173912525177
0.2586849629878998
0.44192588329315186
0.14703543484210968
0.37393420934677124
0.2437630295753479
0.5231081247329712
0.07223717123270035
0.10160378366708755
0.1659686267375946
0.14204317331314087
0.1413096785545349
0.10838249325752258
0.16665202379226685
0.17062602937221527
0.10257761180400848
0.08164255321025848
0.28889599442481995
0.12170542776584625
0.16530568897724152
0.07495391368865967
0.08363606780767441
0.1432597041130066
0.15325294435024261
0.1265057623386383
0.12443489581346512
0.11596424132585526
0.05005772411823273
0.3842030167579651
0.10930988192558289
0.31715628504753113
0.06981925666332245
0.1187330111861229
0.08860930055379868
0.07012160122394562
0.086387038230896
0.22021080553531647
0.02856338769197464
0.03301973640918732
0.1523577719926834
0.1902734935283661
0.31796959042549133
0.7836323976516724
0.7249848246574402
0.5621182322502136
0.7040682435035706
0.6472007036209106
0.7917131781578064
0.7191289067268372
0.7154141664505005
0.7008311748504639
0.3906017541885376
0.5779278874397278
0.6335066556930542
0.4166440963745117
0.11478589475154877
0.06370178610086441
0.4786854386329651
0.5002873539924622
0.04621775820851326
0.04707690700888634
0.10467786341905594
0.16355489194393158
0.056368011981248856
0.06621550768613815
0.18872234225273132
0.3486420214176178
0.6264352798461914
0.305679053068161
0.5303588509559631
0.3654840886592865
0.5317818522453308
0.18264669179916382
0.24138890206813812
0.2587068974971771
0.10019337385892868
0.06430967152118683
0.12222858518362045
0.10750633478164673
0.10697216540575027
0.1085871160030365
0.05059776082634926
0.017324505373835564
0.04887961223721504
0.007038886193186045
0.03518231213092804
0.0633263885974884
0.07864478975534439
0.050907913595438004
0.22066476941108704
0.3294064700603485
0.6646060943603516
0.7362703680992126
0.40854862332344055
0.2656037211418152
0.3712676167488098
0.6748356819152832
0.5251340866088867
0.4232138991355896
0.2770478129386902
0.0857277438044548
0.38450902700424194
0.5094929933547974
0.13155817985534668
0.0445258803665638
0.31138166785240173
0.08084762841463089
0.03446487337350845
0.16109825670719147
0.3746793866157532
0.061629582196474075
0.23616978526115417
0.07879563421010971
0.24906274676322937
0.13815192878246307
0.02480086125433445
0.1239963099360466
0.2170228809118271
0.36015182733535767
0.7542036771774292
0.5902520418167114
0.9508675336837769
0.8204287886619568
0.8240679502487183
0.975372314453125
0.91457200050354
0.5740595459938049
0.8514688014984131
0.9776909351348877
0.7628594040870667
0.5869033932685852
0.9720667004585266
0.9021309614181519
0.12569184601306915
0.5113939642906189
0.8998849987983704
0.6272854804992676
0.04564144089818001
0.4038766026496887
0.6698344945907593
0.34754467010498047
0.1582818627357483
0.4074905514717102
0.24385219812393188
0.5898388028144836
0.6719249486923218
0.5061801075935364
0.4870106279850006
0.4978112280368805
0.8777099251747131
0.6200030446052551
0.5713024735450745
0.5870225429534912
0.4285889267921448
0.6112816333770752
0.7484601140022278
0.943452000617981
0.746360719203949
0.6982008218765259
0.8265279531478882
0.8319379091262817
0.921936571598053
0.942983090877533
0.29944944381713867
0.814667284488678
0.9552478790283203
0.8949766159057617
0.20679931342601776
0.8800783157348633
0.8977369666099548
0.34501129388809204
0.31431886553764343
0.8973360061645508
0.8436618447303772
0.264668345451355
0.3937188982963562
0.6163018345832825
0.4927805960178375
0.16260099411010742
0.2574436366558075
0.25872570276260376
