0.059517938643693924
0.30217188596725464
0.17540358006954193
0.1335965394973755
0.35608187317848206
0.2383255958557129
0.30411297082901
0.10025034099817276
0.48062843084335327
0.15678182244300842
0.10396427661180496
0.33860379457473755
0.6072636246681213
0.3031018376350403
0.29273614287376404
0.21135491132736206
0.08099666237831116
0.060059648007154465
0.06000272557139397
0.08969972282648087
0.0828700140118599
0.0369686633348465
0.024974651634693146
0.030246423557400703
0.033338744193315506
0.012134361080825329
0.0134182870388031
0.014069457538425922
0.013512262143194675
0.009368634782731533
0.01406946498900652
0.012392501346766949
0.05061466246843338
0.1287827044725418
0.2739587724208832
0.4475054144859314
0.542801558971405
0.4232324957847595
0.11989974975585938
0.20438817143440247
0.06600252538919449
0.008230726234614849
0.015121730044484138
0.016596335917711258
0.0068573416210711
0.006929705385118723
0.008990277536213398
0.008500954136252403
0.05620035156607628
0.08900153636932373
0.10413362085819244
0.19845826923847198
0.3276199698448181
0.6843564510345459
0.44860538840293884
0.6156603097915649
0.8180201649665833
0.7436668276786804
0.8638466000556946
0.8913350701332092
0.8308070302009583
0.7557893395423889
0.47793135046958923
0.9298222064971924
0.9275951385498047
0.9221566319465637
0.8788231015205383
0.9778642654418945
0.971598744392395
0.9887229204177856
0.9059463143348694
0.8427023887634277
0.5872977375984192
0.5909407734870911
0.6194262504577637
0.7675304412841797
0.4117574691772461
0.3287939131259918
0.48221322894096375
0.3800002932548523
0.6342816352844238
0.17699173092842102
0.6721808910369873
0.562887966632843
0.30456411838531494
0.3779219090938568
0.23263022303581238
0.20500798523426056
0.14466173946857452
0.06977669894695282
0.0525333471596241
0.04852618649601936
0.042471546679735184
0.04894408583641052
0.12676124274730682
0.35613569617271423
0.6337035298347473
0.6221386194229126
0.7814146280288696
0.9793172478675842
0.9178063273429871
0.5189545750617981
0.9330501556396484
0.9529860615730286
0.671551525592804
0.3677731156349182
0.9575046896934509
0.921392560005188
0.5192825794219971
0.8863821029663086
0.9349038004875183
0.8040066957473755
0.5172334313392639
0.7928041815757751
0.620669424533844
0.35014358162879944
0.4848284125328064
0.7384559512138367
0.30557671189308167
0.857536792755127
0.47880199551582336
0.7703219652175903
0.44199100136756897
0.347893625497818
0.7254660725593567
0.4997134208679199
0.0911991074681282
0.302241712808609
0.27866628766059875
0.24783702194690704
0.477058082818985
0.13867312669754028
0.04711909964680672
0.332105427980423
0.6895601749420166
0.03751950338482857
0.06285642832517624
0.4854995012283325
0.4836772382259369
0.07136781513690948
0.2232998013496399
0.3063846826553345
0.061655282974243164
0.021541478112339973
0.3681570589542389
0.3472016155719757
0.022609150037169456
0.03975995257496834
0.115336574614048
0.09263557195663452
0.013530825264751911
0.03260098397731781
0.0599394254386425
0.017377613112330437
0.01147949043661356
0.010957644321024418
0.01792510226368904
0.00771539518609643
0.013931022956967354
0.005569216795265675
0.01950041949748993
0.020992502570152283
0.008101057261228561
0.017677197232842445
0.019118700176477432
0.020079804584383965
0.07038364559412003
0.04113180190324783
0.032439496368169785
0.05254116281867027
0.13790194690227509
0.08994671702384949
0.041268784552812576
0.12416926771402359
0.358076274394989
0.06638537347316742
0.0861203745007515
0.2060503363609314
0.07520177960395813
0.015579016879200935
0.05947005748748779
0.0475289560854435
0.021222302690148354
0.007894194684922695
0.01333317719399929
0.025964081287384033
0.0923706665635109
0.10337207466363907
0.23902995884418488
0.24470144510269165
0.6979760527610779
0.3536982536315918
0.4132711589336395
0.5531339645385742
0.3928205072879791
0.08289884030818939
0.3131851255893707
0.48475244641304016
0.10076282173395157
0.058351125568151474
0.5102508664131165
0.12255259603261948
0.1111554279923439
0.10226676613092422
0.0555984266102314
0.04782233387231827
0.16131305694580078
0.08687276393175125
0.028431899845600128
0.07410983741283417
0.13271236419677734
0.05157019570469856
0.04737842082977295
0.0905342623591423
0.07760603725910187
0.07119438797235489
0.04152812063694
0.1049685999751091
0.021344559267163277
0.03682604059576988
0.025996629148721695
0.047425318509340286
0.024502234533429146
0.014213246293365955
0.006826261058449745
0.01844099536538124
0.011124655604362488
0.04183252900838852
0.021682607010006905
0.09558934718370438
0.023110875859856606
0.0557934045791626
0.07920945435762405
0.06678877770900726
0.04388156160712242
0.09790437668561935
0.30708885192871094
0.4346826374530792
0.50047367811203
0.6988524794578552
0.7149783968925476
0.8973487019538879
0.6649073362350464
0.2526840269565582
0.49321189522743225
0.6895653009414673
0.46811163425445557
0.11713722348213196
0.44761785864830017
0.6187113523483276
0.4424532353878021
0.1253230720758438
0.051423199474811554
0.05705069750547409
0.19136929512023926
0.058301620185375214
0.14201140403747559
0.2939092814922333
0.2602435350418091
0.22199426591396332
0.36859530210494995
0.36385807394981384
0.38273826241493225
0.38737088441848755
0.5924906730651855
0.6480342149734497
0.2886447608470917
0.7988936901092529
0.22925356030464172
0.11239834874868393
0.027893954887986183
0.07207677513360977
0.09085281193256378
0.045936379581689835
0.04742931202054024
0.057447195053100586
0.02184158004820347
0.019177380949258804
0.039960045367479324
0.014210345223546028
0.021186066791415215
0.004541689995676279
0.023039113730192184
0.03925993666052818
0.23746439814567566
0.05617740377783775
0.09483496844768524
0.1982879638671875
0.213911235332489
0.13853466510772705
0.30948612093925476
0.6271131634712219
0.6315057873725891
0.15560229122638702
0.44322213530540466
0.3140237033367157
0.7155184149742126
0.6871525645256042
0.29708510637283325
0.25091439485549927
0.31998470425605774
0.07107144594192505
0.08644852787256241
0.3092624247074127
0.048984624445438385
0.03179550915956497
0.15647101402282715
0.22197051346302032
0.02147531695663929
0.0928095355629921
0.20761354267597198
0.11932153254747391
0.03645690903067589
0.05513939633965492
0.08858741074800491
0.07506348192691803
0.05391367897391319
0.10688197612762451
0.13854044675827026
0.240498885512352
0.41501644253730774
0.5706599354743958
0.9195120334625244
0.9621437191963196
0.6942272186279297
0.9569121599197388
0.851064920425415
0.3498855233192444
0.9348428845405579
0.9582629799842834
0.5707833766937256
0.6606888771057129
0.8929162621498108
0.7294145226478577
0.1165166050195694
0.6029506921768188
0.5060106515884399
0.32149574160575867
0.019024638459086418
0.5189807415008545
0.34297996759414673
0.08632168918848038
0.21140678226947784
0.07568851858377457
0.3992424011230469
0.35680723190307617
0.62088942527771
0.8926780819892883
0.4075658917427063
0.9261509776115417
0.4495972692966461
0.8844394683837891
0.6317815184593201
0.8680370450019836
0.7956089377403259
0.8992937207221985
0.8957532048225403
0.6544330716133118
0.9138492941856384
0.9549497961997986
0.4181937575340271
0.8255684971809387
0.9467560648918152
0.9348531365394592
0.18280239403247833
0.8551098704338074
0.940619707107544
0.5681833028793335
0.1952761709690094
0.9020411372184753
0.8939018249511719
0.27123644948005676
0.4625859260559082
