0.8361034989356995
0.850298285484314
0.8640506267547607
0.425588458776474
0.842289924621582
0.8498735427856445
0.27541208267211914
0.4553438425064087
0.7646872401237488
0.45800480246543884
0.05918853357434273
0.37131357192993164
0.3154383599758148
0.1525251418352127
0.10105650871992111
0.227194145321846
0.2636280953884125
0.23590975999832153
0.3079940974712372
0.3087882995605469
0.5287183523178101
0.5663448572158813
0.3499010503292084
0.3066096603870392
0.08726602047681808
0.054873026907444
0.1730681210756302
0.17666713893413544
0.06356964260339737
0.2096329778432846
0.1294451355934143
0.10619734227657318
0.17021630704402924
0.2213609367609024
0.25583040714263916
0.1379522681236267
0.38514524698257446
0.258404016494751
0.49599456787109375
0.11779306828975677
0.16037361323833466
0.4895375669002533
0.12838169932365417
0.2996489405632019
0.46853044629096985
0.2840401232242584
0.3610902726650238
0.28133681416511536
0.37291207909584045
0.44891008734703064
0.5701560974121094
0.6234133243560791
0.43335744738578796
0.6080034971237183
0.2755773663520813
0.342449426651001
0.3648023307323456
0.2583295404911041
0.4113922119140625
0.5424453020095825
0.4090196490287781
0.21507003903388977
0.5322504639625549
0.4582529664039612
0.09126376360654831
0.18179161846637726
0.5045404434204102
0.4448101222515106
0.2275385558605194
0.05306472256779671
0.1122126579284668
0.19462938606739044
0.34266096353530884
0.29733482003211975
0.4767095744609833
0.3734743297100067
0.38595685362815857
0.44307923316955566
0.47069045901298523
0.49571552872657776
0.40174147486686707
0.7810630798339844
0.5676746964454651
0.7121566534042358
0.8207341432571411
0.8768386840820312
0.8415752649307251
0.5974858403205872
0.36808839440345764
0.48056745529174805
0.4198213517665863
0.47393321990966797
0.15823470056056976
0.07850097119808197
0.31617382168769836
0.19555675983428955
0.1254485547542572
0.08372366428375244
0.19894470274448395
0.46429210901260376
0.26803553104400635
0.09435231983661652
0.3740403652191162
0.3046616017818451
0.2740541398525238
0.4370203912258148
0.17999036610126495
0.3318106532096863
0.2351333051919937
0.3748585283756256
0.48329487442970276
0.3693888783454895
0.2750181555747986
0.4047960042953491
0.25292739272117615
0.16177138686180115
0.33651140332221985
0.5748350620269775
0.4163373112678528
0.45050111413002014
0.4649643301963806
0.6725637912750244
0.1081840842962265
0.6225510239601135
0.6600710153579712
0.5997070074081421
0.4465806782245636
0.829524040222168
0.9051784873008728
0.9112873077392578
0.8727687001228333
0.840384304523468
0.9229463934898376
0.899730920791626
0.8931635022163391
0.8008249998092651
0.6434453129768372
0.4810597598552704
0.74070805311203
0.8585440516471863
0.7316396236419678
0.47396034002304077
0.5289899110794067
0.6974488496780396
0.7512949109077454
0.8077834844589233
0.8480876088142395
0.9377154111862183
0.9276625514030457
0.9606620073318481
0.9045724868774414
0.8704366683959961
0.766786515712738
0.7860316038131714
0.5966886281967163
0.48974609375
0.34568384289741516
0.5457417964935303
0.5779507160186768
0.6565520167350769
0.3049398958683014
0.7122431397438049
0.3645627200603485
0.21189197897911072
0.34425246715545654
0.7161516547203064
0.7124837636947632
0.42250165343284607
0.44535908102989197
0.6975919008255005
0.8328694105148315
0.48673513531684875
0.5708606243133545
0.6199491620063782
0.89486163854599
0.9148684740066528
0.9001602530479431
0.8960810899734497
0.8707163333892822
0.7935308814048767
0.5643521547317505
0.8243903517723083
0.5841333866119385
0.6598594784736633
0.6070259809494019
0.836326003074646
0.9089795351028442
0.563722550868988
0.8437537550926208
0.889465868473053
0.7703388333320618
0.7130075097084045
0.9058808088302612
0.922842264175415
0.6940678954124451
0.9213591814041138
0.8181876540184021
0.817017674446106
0.8890852332115173
0.7645550966262817
0.8297997117042542
0.7833489775657654
0.5751360654830933
0.7916378974914551
0.8384790420532227
0.743953287601471
0.47004351019859314
0.5404118299484253
0.28903672099113464
0.3187906742095947
0.5399225354194641
0.3061220943927765
0.3207533657550812
0.3313315510749817
0.4536606967449188
0.4804617166519165
0.44321340322494507
0.14055509865283966
0.43060123920440674
0.37486860156059265
0.2000310868024826
0.5268699526786804
0.20850034058094025
0.5797703862190247
0.304849237203598
0.3048843443393707
0.5287911295890808
0.8441931009292603
0.6624701619148254
