0.6863435506820679
0.663132905960083
0.8586342930793762
0.6508522629737854
0.7594148516654968
0.6131351590156555
0.8609380125999451
0.8450878262519836
0.7476527690887451
0.5829452276229858
0.8464998602867126
0.7712294459342957
0.7018054127693176
0.6934633851051331
0.7439824342727661
0.7441624402999878
0.6509701013565063
0.6062678098678589
0.616547167301178
0.4875424802303314
0.5059617757797241
0.5869004726409912
0.5965602397918701
0.6661246418952942
0.6535496115684509
0.7795969843864441
0.74836665391922
0.7274690270423889
0.8059015274047852
0.8276589512825012
0.7775207161903381
0.5694546699523926
0.8607203364372253
0.8392470479011536
0.6558354496955872
0.6743324995040894
0.820086658000946
0.7647638916969299
0.7280238270759583
0.8912203311920166
0.7421562671661377
0.7178599238395691
0.3953265845775604
0.6463558673858643
0.7221105694770813
0.5425880551338196
0.5738462209701538
0.6366456151008606
0.5550684928894043
0.3728381097316742
0.4886099100112915
0.5921206474304199
0.3766247630119324
0.36937442421913147
0.18774397671222687
0.45294189453125
0.501189112663269
0.5577076077461243
0.3703882694244385
0.45848947763442993
0.5139867067337036
0.28821417689323425
0.4185434579849243
0.3384932577610016
0.3564431965351105
0.20664355158805847
0.27452462911605835
0.06067349389195442
0.10992894321680069
0.08820519596338272
0.22869756817817688
0.15210136771202087
0.01748478040099144
0.1158321425318718
0.24497763812541962
0.10765465348958969
0.13683798909187317
0.5990338921546936
0.44499996304512024
0.5423600673675537
0.6940873265266418
0.2795972228050232
0.42106494307518005
0.616049587726593
0.7808892726898193
0.6722118854522705
0.5268247723579407
0.5961619019508362
0.582735002040863
0.525740385055542
0.4466370642185211
0.5932186245918274
0.40748319029808044
0.21828773617744446
0.3500436544418335
0.6890937089920044
0.2631767988204956
0.6432266235351562
0.8065245747566223
0.533063530921936
0.25865092873573303
0.39055895805358887
0.18178804218769073
0.2000277191400528
0.4032837152481079
0.4047086238861084
0.5275392532348633
0.8362177610397339
0.8086737394332886
0.6785876750946045
0.5876349806785583
0.9056473970413208
0.9357021450996399
0.6755198836326599
0.8141606450080872
0.59110027551651
0.1770680844783783
0.25065848231315613
0.11313623934984207
0.3320133686065674
0.060685090720653534
0.4045921862125397
0.7307379245758057
0.5755476355552673
0.6194276213645935
0.4340584874153137
0.2977795898914337
0.3061363101005554
0.5528997182846069
0.4116521179676056
0.10122397541999817
0.30939924716949463
0.8178294897079468
0.26111075282096863
0.3168475925922394
0.2849165201187134
0.8524248003959656
0.3970097601413727
0.4393673837184906
0.3488643169403076
0.525958776473999
0.6334275007247925
0.32307690382003784
0.8378589153289795
0.9031768441200256
0.4247967302799225
0.7642361521720886
0.8557202816009521
0.9303531646728516
0.861264705657959
0.8876681327819824
0.6942143440246582
0.6111739277839661
0.2386598140001297
0.49884864687919617
0.7918903827667236
0.7301300764083862
0.667349636554718
0.39434999227523804
0.6247037053108215
0.34142598509788513
0.12857110798358917
0.2259393036365509
0.21108375489711761
0.12443140149116516
0.054810043424367905
0.0502941831946373
0.07909367978572845
0.061696648597717285
0.09947913140058517
0.11550910025835037
0.14381389319896698
0.1278589814901352
0.39494332671165466
0.30822446942329407
0.04940499737858772
0.2029702216386795
0.0814710184931755
0.04995790123939514
0.21152587234973907
