0.783600389957428
0.8704937100410461
0.8228262066841125
0.770330548286438
0.6481825709342957
0.8081590533256531
0.8163678050041199
0.7763218283653259
0.7255306243896484
0.7732066512107849
0.7074047327041626
0.7870839238166809
0.7358821630477905
0.6884690523147583
0.7512392401695251
0.7809780836105347
0.706036388874054
0.836952805519104
0.8617060780525208
0.8117472529411316
0.9228190183639526
0.9029822945594788
0.7697246670722961
0.8022449612617493
0.7916316986083984
0.8430309891700745
0.8160701394081116
0.6950207948684692
0.8113256692886353
0.845992922782898
0.7056761980056763
0.7449463605880737
0.8448387980461121
0.657500684261322
0.826756477355957
0.8167932629585266
0.853274941444397
0.8227619528770447
0.8752161860466003
0.8828182816505432
0.8644101023674011
0.8215080499649048
0.64821457862854
0.5830053687095642
0.6291305422782898
0.7010024189949036
0.6836434006690979
0.5841301083564758
0.4488072991371155
0.7271272540092468
0.4456413686275482
0.5492806434631348
0.6088871359825134
0.6023012399673462
0.7120920419692993
0.5496149659156799
0.7437041401863098
0.7249484658241272
0.5927743911743164
0.5884787440299988
0.6321098804473877
0.533469021320343
0.5567296147346497
0.5273810029029846
0.6738125681877136
0.5367069244384766
