0.37246501445770264
0.3029497265815735
0.2711212933063507
0.12246852368116379
0.4329181909561157
0.4638865888118744
0.30533790588378906
0.63364577293396
0.6902965903282166
0.5945819616317749
0.7754971981048584
0.6661829948425293
0.38410231471061707
0.6368812918663025
0.6181061863899231
0.7297009825706482
0.6355879902839661
0.6477187275886536
0.7107177376747131
0.6478055119514465
0.5505930185317993
0.6581957340240479
0.6598742604255676
0.7071694731712341
0.6561746001243591
0.7728212475776672
0.8311446309089661
0.8623971939086914
0.5588482618331909
0.624330997467041
0.8526701331138611
0.9225479960441589
0.8912275433540344
0.960931122303009
0.8969926834106445
0.8863226771354675
0.7645891308784485
0.8702281713485718
0.8419914245605469
0.5858583450317383
0.6421982645988464
0.6510398983955383
0.8215187191963196
0.951593816280365
0.9656476974487305
0.847710907459259
0.7203145623207092
0.965053379535675
0.9236339926719666
0.5331851840019226
0.8783003091812134
0.9330366253852844
0.8501563668251038
0.4303750693798065
0.8054854869842529
0.893544614315033
0.5696746110916138
0.8456108570098877
0.7438123226165771
0.6795854568481445
0.5292218923568726
0.35689577460289
0.6138670444488525
0.7455219626426697
0.6761550903320312
0.3426694869995117
0.71676105260849
0.3778724670410156
0.2777405083179474
0.3762359619140625
0.713653028011322
0.6866329312324524
0.9085916876792908
0.8444919586181641
0.7568883895874023
0.32198429107666016
0.367509663105011
0.5040719509124756
0.3518378436565399
0.6660158038139343
0.5073285698890686
0.25454774498939514
0.4470932185649872
0.8146303296089172
0.26904842257499695
0.028742576017975807
0.6111462712287903
0.48856666684150696
0.1429499238729477
0.1697128564119339
0.42393073439598083
0.4235638678073883
0.03235188499093056
0.13629844784736633
0.28932544589042664
0.20005841553211212
0.1579608917236328
0.21890217065811157
0.30147501826286316
0.26911187171936035
0.03702167421579361
0.08257215470075607
0.39510810375213623
0.05092903599143028
0.07328436523675919
0.3671150207519531
0.3446972072124481
0.012686782516539097
0.1091814637184143
0.3781227469444275
0.0712764635682106
0.061927590519189835
0.1873471438884735
0.3470490872859955
0.054987549781799316
0.09278569370508194
0.6373634338378906
0.35225415229797363
0.44010841846466064
0.3308863341808319
0.5251378417015076
0.4505019783973694
0.2935408651828766
0.6822155117988586
0.5863186717033386
0.14812684059143066
0.6915073394775391
0.8483696579933167
0.1529957503080368
0.4960903525352478
0.7924743294715881
0.3745960593223572
0.07465475052595139
0.5701426863670349
0.5836352109909058
0.08095543831586838
0.35599419474601746
0.5383914709091187
0.23624004423618317
0.04281337186694145
0.12556858360767365
0.22194869816303253
0.11927631497383118
0.15581925213336945
0.15421335399150848
0.09305117279291153
0.02276516705751419
0.10408380627632141
0.0958012193441391
0.3977757394313812
0.05796521157026291
0.2180102914571762
0.06675419211387634
0.2752786874771118
0.258626252412796
0.303199827671051
0.4742138087749481
0.14004074037075043
0.09166126698255539
0.012121526524424553
0.10978907346725464
0.015735113993287086
0.13082511723041534
0.007900741882622242
0.03917676955461502
0.016729312017560005
0.024362927302718163
0.028267916291952133
0.03531031683087349
0.020253146067261696
0.02901037596166134
0.015205302275717258
0.011119714006781578
0.009817437268793583
0.0012515882262960076
0.0014840541407465935
0.0006069529918022454
0.0012420365819707513
0.002340323757380247
0.027010062709450722
0.11359572410583496
0.29939693212509155
0.4815000593662262
0.2982346713542938
0.3517049252986908
0.09555290639400482
0.354454904794693
0.4823090732097626
0.08522924780845642
0.17288996279239655
0.44952717423439026
0.04433697462081909
0.013940408825874329
0.2557813227176666
0.2883915901184082
0.07744387537240982
0.00956228468567133
0.0335644893348217
0.08259034901857376
0.06984219700098038
0.017432579770684242
0.017325669527053833
0.0036975096445530653
0.003364208387210965
0.006000654771924019
0.01581302285194397
0.008082863874733448
0.04526485875248909
0.030494362115859985
0.11802766472101212
0.12863926589488983
0.24141690135002136
0.21306240558624268
0.46441295742988586
0.031872499734163284
0.3270193934440613
0.469497948884964
0.2028643637895584
0.4008736312389374
0.20834016799926758
0.40698882937431335
0.5880152583122253
0.3081038296222687
0.10109489411115646
0.06980115175247192
0.29294726252555847
0.025136737152934074
0.020283976569771767
0.14875194430351257
0.05219598859548569
0.00795723032206297
0.036976344883441925
0.22928209602832794
0.1372717320919037
0.016710622236132622
0.33116093277931213
0.1887720674276352
0.07571294158697128
0.09451518207788467
0.042111676186323166
0.025586510077118874
0.029760850593447685
0.06325370818376541
0.13415805995464325
0.0458894744515419
0.01019230205565691
0.004473703447729349
0.005648482125252485
0.010820209048688412
0.0013882992789149284
0.01619698852300644
0.13707123696804047
0.11015186458826065
0.01165784802287817
0.004918527323752642
0.08605945110321045
0.0268939808011055
0.007986378856003284
0.08870583027601242
0.22782744467258453
0.016199609264731407
0.058809466660022736
0.36253058910369873
0.2916465699672699
0.0853719562292099
0.13305971026420593
0.22350014746189117
0.20075586438179016
0.030931519344449043
0.07191045582294464
0.019590286538004875
0.008112887851893902
0.010496525093913078
0.0025618404615670443
0.014891366474330425
0.008423736318945885
0.021370556205511093
0.039866816252470016
0.065884530544281
0.33756721019744873
0.3745659291744232
0.19701556861400604
0.1106177344918251
0.3337947726249695
0.2290671169757843
0.27973422408103943
0.554064929485321
0.5365514159202576
0.14363665878772736
0.3175448179244995
0.5493317246437073
0.5171569585800171
0.5921009182929993
0.5208778977394104
0.4189235270023346
0.5551857352256775
0.2087407112121582
0.32049545645713806
0.38633060455322266
0.17061586678028107
0.14413540065288544
0.22855205833911896
0.4237247407436371
0.3041476905345917
0.403688907623291
0.4719490110874176
0.5642921924591064
0.6290720701217651
0.29782944917678833
0.5083204507827759
0.40026989579200745
0.7582013010978699
0.44790974259376526
0.19147911667823792
0.2196466475725174
0.2690531015396118
0.39427176117897034
0.1088441014289856
0.29212823510169983
0.3504173457622528
0.2585444748401642
0.08242043852806091
0.1677618771791458
0.48279523849487305
0.2664697468280792
0.32122427225112915
0.4027799665927887
0.35395875573158264
0.340861052274704
0.6373274922370911
0.6763105392456055
0.655326247215271
0.32239487767219543
0.13841372728347778
0.17704349756240845
0.03595506027340889
0.0954769030213356
0.023423397913575172
0.03341037407517433
0.009828860871493816
0.02683880366384983
0.04633715748786926
0.3280200660228729
0.45136499404907227
0.49345916509628296
0.32565823197364807
0.5550807118415833
0.33116015791893005
0.11451640725135803
0.29783475399017334
0.5013809204101562
0.5909451842308044
0.14297811686992645
0.043982915580272675
0.6260053515434265
0.4900742769241333
0.11280575394630432
0.21752770245075226
0.7320013642311096
0.5469180345535278
0.25707074999809265
0.3518940508365631
0.458320677280426
0.17013847827911377
0.37294450402259827
0.1633695662021637
0.36805033683776855
0.379003643989563
0.19595842063426971
0.34010106325149536
0.5374206304550171
0.5804992914199829
0.5756350755691528
0.6355594396591187
0.7577559947967529
0.6120651364326477
0.1365094929933548
0.3523429036140442
0.3866990804672241
0.38440263271331787
0.11788495630025864
0.11529236286878586
0.23466773331165314
0.34216785430908203
0.0874529778957367
0.06666728109121323
0.23363351821899414
0.3016336262226105
0.053468454629182816
0.1093066930770874
0.24095888435840607
0.2654190957546234
0.04245072603225708
0.19654925167560577
