0.3271197974681854
0.3086094260215759
0.27226439118385315
0.30871933698654175
0.08703642338514328
0.3705027401447296
0.0656629428267479
0.5627596378326416
0.09213341772556305
0.5177084803581238
0.671819806098938
0.45787715911865234
0.3858735263347626
0.24435359239578247
0.7017868757247925
0.5084782838821411
0.06636116653680801
0.23776838183403015
0.7004348635673523
0.5042632818222046
0.11645117402076721
0.7143406271934509
0.6088570356369019
0.45545583963394165
0.35531654953956604
0.6711862683296204
0.5619469881057739
0.5656842589378357
0.3476687967777252
0.30670714378356934
0.2943909466266632
0.2840191721916199
0.5877631306648254
0.7072662115097046
0.49959126114845276
0.7016789317131042
0.4722963571548462
0.7385755777359009
0.7256974577903748
0.8377023339271545
0.7490147948265076
0.7783509492874146
0.3656260073184967
0.7033693790435791
0.11804638057947159
0.4255301058292389
0.07897891104221344
0.4844247102737427
0.08092246949672699
0.26412737369537354
0.15872764587402344
0.2218443900346756
0.20586737990379333
0.09469221532344818
0.043937720358371735
0.32212144136428833
0.352144718170166
0.08661297708749771
0.13593967258930206
0.5944144129753113
0.43976691365242004
0.41270971298217773
0.7256934642791748
0.4674746096134186
0.1647884100675583
0.6595364809036255
0.357170045375824
0.30011290311813354
0.569402813911438
0.5669512748718262
0.4955817759037018
0.41403236985206604
0.4909358024597168
0.5648892521858215
0.6609092950820923
0.4978494644165039
0.7150942087173462
0.6251831650733948
0.5452655553817749
0.619166374206543
0.749409019947052
0.8191112875938416
0.5553248524665833
0.6806777119636536
0.36353814601898193
0.15516646206378937
0.21166467666625977
0.0804818868637085
0.22332806885242462
0.18122750520706177
0.12161827087402344
0.16508932411670685
0.21953731775283813
0.10399558395147324
0.09800227731466293
0.34667354822158813
0.08898778259754181
0.4331592321395874
0.21667282283306122
0.6722201704978943
0.5827169418334961
0.5548306107521057
0.7640766501426697
0.7006627321243286
0.5257506370544434
0.3527495563030243
0.5960062146186829
0.4543197453022003
0.07062768191099167
0.32046547532081604
0.0240978691726923
0.31538519263267517
0.3639063537120819
0.15014982223510742
0.2728736400604248
0.19408652186393738
0.27074211835861206
0.547176718711853
0.27085933089256287
0.29730114340782166
0.08493351936340332
0.41934922337532043
0.07889906316995621
0.41117072105407715
0.5258553624153137
0.5605230927467346
0.6411420106887817
0.6663751006126404
0.7826714515686035
0.783994197845459
0.6865717172622681
0.8294114470481873
0.6709414720535278
0.6885859370231628
0.5730410814285278
0.5127848982810974
0.55003821849823
0.31411054730415344
0.5475752949714661
0.548021137714386
0.29150673747062683
0.6198700070381165
0.3820638060569763
0.5444186329841614
0.2737017273902893
0.2910938560962677
0.3904792368412018
