0.7957394123077393
0.8511388897895813
0.4957852363586426
0.44478633999824524
0.38014551997184753
0.7757152915000916
0.7523275017738342
0.7961450815200806
0.7828038334846497
0.6456687450408936
0.7057844996452332
0.5640836954116821
0.50312340259552
0.571519672870636
0.5078949332237244
0.6066494584083557
0.3344263732433319
0.7358946204185486
0.7235751152038574
0.666889488697052
0.5546104311943054
0.4852684438228607
0.6346712708473206
0.5230562686920166
0.4894264042377472
0.5338366627693176
0.6143551468849182
0.7945197224617004
0.8107240796089172
0.9220910668373108
0.8931227922439575
0.9466545581817627
0.840621292591095
0.9126943945884705
0.5044775009155273
0.9327055811882019
0.8572643399238586
0.714883029460907
0.8235233426094055
0.8669083118438721
0.5710218548774719
0.7606546878814697
0.873788058757782
0.3354687988758087
0.7397719025611877
0.8544905781745911
0.8658503293991089
0.6972828507423401
0.4277362823486328
0.7470688819885254
0.836818516254425
0.8609388470649719
0.7437834739685059
0.880764901638031
0.7007534503936768
0.6196847558021545
0.889960527420044
0.8784641623497009
0.6372097730636597
0.788212239742279
