0.7002428770065308
0.7049944996833801
0.743446946144104
0.6793168187141418
0.7824029326438904
0.6837877631187439
0.6526285409927368
0.7676055431365967
0.7722589373588562
0.7380948066711426
0.7509029507637024
0.7555225491523743
0.7979211211204529
0.8434864282608032
0.7813896536827087
0.8712924122810364
0.8371712565422058
0.8781765699386597
0.7557565569877625
0.9240845441818237
0.9439476132392883
0.6901981234550476
0.9203394651412964
0.9421675205230713
0.9030190706253052
0.7175848484039307
0.8919925689697266
0.9545949101448059
0.6839796900749207
0.7991977334022522
0.9159237742424011
0.9335140585899353
0.856145977973938
0.9054121375083923
0.9736905694007874
0.979223370552063
0.9120201468467712
0.9670953750610352
0.982691764831543
0.8832052946090698
0.8796672821044922
0.9167792201042175
0.8681881427764893
0.8602504730224609
0.904316782951355
0.7999349236488342
0.8449269533157349
0.9515301585197449
0.9093659520149231
0.8168289661407471
0.9329355359077454
0.9522835612297058
0.9035751819610596
0.84639972448349
0.9527152180671692
0.9027580618858337
0.7755244374275208
0.8315915465354919
0.8763381242752075
0.6880013346672058
