0.5901070833206177
0.6648001670837402
0.5928399562835693
0.688704252243042
0.8362268209457397
0.7316060066223145
0.750819981098175
0.8293272852897644
0.7696250081062317
0.700344979763031
0.8158341646194458
0.8062567114830017
0.5431174039840698
0.8526105880737305
0.8310208916664124
0.563554584980011
0.5751278400421143
0.7407227754592896
0.8059181571006775
0.850066065788269
0.7452397346496582
0.8064345717430115
0.6926687955856323
0.8138783574104309
0.5356547832489014
0.7482110857963562
0.8211645483970642
0.7592335939407349
0.6347102522850037
0.7968953251838684
0.8829424977302551
0.741814136505127
0.6953537464141846
0.7862431406974792
0.7118538618087769
0.7793974876403809
0.7782275080680847
0.7443801164627075
0.7920554876327515
0.8980221152305603
0.8330791592597961
0.8163447380065918
0.893195390701294
0.9120314717292786
0.7144489288330078
0.9091663360595703
0.9110901951789856
0.7943485379219055
0.6448588967323303
0.8965418934822083
0.8768109679222107
0.7188487648963928
0.7170947194099426
