0.4863726794719696
0.677523672580719
0.1750487983226776
0.4739901125431061
0.3388395309448242
0.554293692111969
0.5751193165779114
0.46826139092445374
0.309842973947525
0.631536602973938
0.21951644122600555
0.5896516442298889
0.4137606620788574
0.3381413519382477
0.3928891718387604
0.42844030261039734
0.104291632771492
0.5114582180976868
0.07609295845031738
0.2952703535556793
0.044369228184223175
0.2059316486120224
0.43963292241096497
0.5670912861824036
0.5758432745933533
0.7769116759300232
0.8393144607543945
0.7773516178131104
0.8201525807380676
0.8886879086494446
0.7118511199951172
0.9202643632888794
0.8080763220787048
0.8499897122383118
0.4092778265476227
0.6695845723152161
0.4632815718650818
0.519647479057312
0.6091532707214355
0.6294739842414856
0.7388997673988342
0.7009969353675842
0.7155907154083252
0.7072954177856445
0.7083495855331421
0.5735564231872559
0.605373740196228
0.4279634654521942
0.7853304147720337
0.6149806976318359
0.5284328460693359
0.47767820954322815
0.5591127872467041
0.4773879051208496
0.4360574781894684
0.501285970211029
0.39604103565216064
0.43318912386894226
0.44283586740493774
0.41386184096336365
0.5660997033119202
0.6291624307632446
0.735927164554596
0.8365173935890198
0.7346356511116028
0.6196464896202087
0.6744611859321594
0.8351590633392334
0.7255523800849915
0.5366082787513733
0.5623558759689331
0.3961332440376282
0.11699537187814713
0.35700753331184387
0.12650635838508606
0.42539769411087036
0.14045920968055725
0.47597000002861023
0.44377008080482483
0.14436161518096924
0.5423907041549683
0.30100715160369873
0.5057228207588196
0.20302920043468475
0.289806604385376
0.39331233501434326
0.6504548788070679
0.15293383598327637
0.5092114806175232
0.16609933972358704
0.7744091153144836
0.1987421214580536
0.8527276515960693
0.7133601307868958
0.9204251170158386
0.8922960758209229
0.8439981937408447
0.7101331353187561
0.837797224521637
0.5786551237106323
0.7261012196540833
0.43391379714012146
0.6847121119499207
0.4263914227485657
0.18849511444568634
0.545293390750885
0.053210459649562836
0.33797502517700195
0.18840546905994415
0.40741127729415894
0.5054450035095215
0.549972653388977
