0.7313225865364075
0.7476497888565063
0.8768098950386047
0.7602943778038025
0.8536691665649414
0.6638286113739014
0.8130702972412109
0.7610927820205688
0.7551282644271851
0.5929902791976929
0.4383450746536255
0.5655990242958069
0.39720311760902405
0.31947213411331177
0.27923551201820374
0.23250624537467957
0.15201707184314728
0.238346129655838
0.2111368626356125
0.17838779091835022
0.08390472084283829
0.04092498496174812
0.0324338860809803
0.010758300311863422
0.030670739710330963
0.10505309700965881
0.11762461811304092
0.04325425997376442
0.13630688190460205
0.10314730554819107
0.2794455587863922
0.4123961925506592
0.5250210762023926
0.5103570222854614
0.5451098680496216
0.12243425846099854
0.17931164801120758
0.43803802132606506
0.2498132437467575
0.04920275881886482
0.2902229428291321
0.2972573935985565
0.082817941904068
0.1017247661948204
0.1894107609987259
0.25731953978538513
0.08471382409334183
0.1035248413681984
0.046276938170194626
0.02046244405210018
0.010060264728963375
0.01164564210921526
0.018986396491527557
0.11457157135009766
0.19880525767803192
0.2316931039094925
0.08655988425016403
0.04276071488857269
0.05429809167981148
0.023625852540135384
0.11228910833597183
0.06804151833057404
0.08128855377435684
0.04707574471831322
0.01704219914972782
0.03971881419420242
0.17615054547786713
0.19831673800945282
0.06664814800024033
0.40754419565200806
0.09548371285200119
0.04023986682295799
0.07461875677108765
0.0394902303814888
0.12957824766635895
0.020611422136425972
0.03161177039146423
0.028959866613149643
0.022162947803735733
0.11241507530212402
0.09278666973114014
0.3657127022743225
0.6893315315246582
0.82520991563797
0.8353787660598755
0.8814454674720764
0.8623325228691101
0.2927122116088867
0.7752645611763
0.8890272974967957
0.358802855014801
0.38348880410194397
0.8497520685195923
0.7042502164840698
0.07024157792329788
0.6659911274909973
0.7317306399345398
0.2165026217699051
0.24150340259075165
0.07647666335105896
0.17313919961452484
0.15744394063949585
0.10322270542383194
0.2997981905937195
0.23748938739299774
0.5598517656326294
0.8638985753059387
0.8820207715034485
0.6222705245018005
0.8249157667160034
0.8733988404273987
0.9104170203208923
0.9077674150466919
0.5998854041099548
0.8858015537261963
0.9370419383049011
0.8043285608291626
0.7906239032745361
0.8316304683685303
0.7057335376739502
0.7004739046096802
0.6692375540733337
0.46105363965034485
0.4552408456802368
0.6502116918563843
0.6900141835212708
0.6308090090751648
0.3226129710674286
0.37361711263656616
0.7374520897865295
0.32500267028808594
0.2313724160194397
0.43060609698295593
0.6760033965110779
0.2587757408618927
0.3267575800418854
0.24191756546497345
0.3157622814178467
