0.3034082055091858
0.20009179413318634
0.3178028166294098
0.32273849844932556
0.21689237654209137
0.08951295167207718
0.49522700905799866
0.46923840045928955
0.12710516154766083
0.5704461932182312
0.7489947080612183
0.3074621260166168
0.314077764749527
0.6861986517906189
0.7338945865631104
0.42041030526161194
0.5911367535591125
0.49243226647377014
0.49969688057899475
0.503987193107605
0.10520607233047485
0.5804464221000671
0.49239233136177063
0.1678941696882248
0.22977834939956665
0.3487696349620819
0.45078951120376587
0.27816715836524963
0.09824613481760025
0.2681712508201599
0.2210451066493988
0.27080169320106506
0.19464519619941711
0.35539156198501587
0.6139839291572571
0.6284977793693542
0.7562511563301086
0.45071130990982056
0.649935781955719
0.2995784878730774
0.1936226636171341
0.07937701046466827
0.4675173759460449
0.7788289189338684
0.1497974544763565
0.18438702821731567
0.7636144757270813
0.8322062492370605
0.33574000000953674
0.43718770146369934
0.33222222328186035
0.2461259663105011
0.1640332192182541
0.06923911720514297
0.31781330704689026
0.21471162140369415
0.11801233887672424
0.19838760793209076
0.3855630159378052
0.2505544424057007
0.2585362493991852
0.1285291165113449
0.2946835458278656
0.22945430874824524
0.4334888756275177
0.22966165840625763
0.509613037109375
0.5614230632781982
0.6308335661888123
0.7729846239089966
0.4969313442707062
0.7257762551307678
0.3778511881828308
0.35826435685157776
0.13056977093219757
0.6131772398948669
0.8161975145339966
0.19043998420238495
0.28831544518470764
0.9305069446563721
0.8707801103591919
0.4722963571548462
0.5690370202064514
0.5187538266181946
0.25259795784950256
0.13463303446769714
0.09937679022550583
0.40233197808265686
0.1640026867389679
0.0983254462480545
0.29600945115089417
0.45552459359169006
0.3270495533943176
0.38899052143096924
0.21453174948692322
0.5027373433113098
0.43216365575790405
0.446530818939209
0.406864732503891
0.7237309813499451
0.6517975926399231
0.8281388282775879
0.8462458252906799
0.5900879502296448
0.8989529013633728
0.43658095598220825
0.31568443775177
0.1714486926794052
0.6919537782669067
0.7621786594390869
0.30242782831192017
0.4083670973777771
0.9202864766120911
0.8850538730621338
0.5436103343963623
0.7647727131843567
0.7213309407234192
0.44167518615722656
0.2780331075191498
0.23678673803806305
0.5239661931991577
0.36071789264678955
0.2067638784646988
0.5569781064987183
0.6020177006721497
0.6315119862556458
0.4205605387687683
0.2820401191711426
0.42779767513275146
0.5236513018608093
0.6419920325279236
0.40596911311149597
0.791344940662384
0.7921577095985413
0.8328672051429749
0.9391815662384033
0.7587723135948181
0.8477351665496826
0.5456237196922302
0.4162394106388092
0.586169421672821
0.6704934239387512
0.7732346653938293
0.27326881885528564
0.6870124340057373
0.8823121786117554
0.8292937874794006
0.6882448792457581
0.7071231007575989
0.5645820498466492
0.6234584450721741
0.36266613006591797
0.3201979994773865
0.5366066694259644
0.664768397808075
0.29745593667030334
0.5145692229270935
