0.2906232178211212
0.5588616728782654
0.47532981634140015
0.7691991925239563
0.8047038316726685
0.8579955697059631
0.6583170890808105
0.8271816372871399
0.29609769582748413
0.7475814819335938
0.19803936779499054
0.7067257761955261
0.7367877960205078
0.5050104260444641
0.8193181157112122
0.2522646486759186
0.7686012983322144
0.38633644580841064
0.7174273133277893
0.473998486995697
0.4870823919773102
0.3151010572910309
0.3498646318912506
0.20692035555839539
0.21305377781391144
0.3912302553653717
0.15292678773403168
0.45036444067955017
0.6746472716331482
0.44213148951530457
0.8433809280395508
0.579154908657074
0.9017016291618347
0.870508074760437
0.891875684261322
0.8197053670883179
0.8565083146095276
0.5424120426177979
0.777888298034668
0.6891098022460938
0.7676766514778137
0.6132761836051941
0.24961940944194794
0.7117359638214111
0.5482028722763062
0.33905771374702454
0.22650466859340668
0.583063006401062
0.37516045570373535
0.2405516654253006
0.202447772026062
0.5400240421295166
0.22104652225971222
0.2673690617084503
0.17573511600494385
0.2291964739561081
0.17509646713733673
0.22378094494342804
0.11154373735189438
0.13883188366889954
0.1213870719075203
0.0907030701637268
0.04888860508799553
0.15846119821071625
0.11716622859239578
0.15217050909996033
0.19259297847747803
0.196549654006958
0.2618298828601837
0.30199649930000305
0.2801494598388672
0.6530745029449463
0.3826654851436615
0.734258770942688
0.5314314365386963
0.31716540455818176
0.3444310426712036
0.16470199823379517
0.2601831555366516
0.09367991238832474
0.18939122557640076
0.1028653234243393
0.3451472818851471
0.20898444950580597
0.2543451488018036
0.3843499720096588
0.42766398191452026
0.3474368155002594
