0.05502604320645332
0.06822064518928528
0.06462449580430984
0.016897020861506462
0.12190675735473633
0.13784416019916534
0.10571940988302231
0.47694724798202515
0.4071105420589447
0.42628759145736694
0.30782467126846313
0.21843242645263672
0.5399345755577087
0.48758378624916077
0.17205771803855896
0.3262249231338501
0.11621689796447754
0.0951990932226181
0.44157636165618896
0.05516647547483444
0.16430355608463287
0.17789556086063385
0.22976183891296387
0.04869316145777702
0.07093000411987305
0.1910857856273651
0.4068416953086853
0.2012893110513687
0.1481732279062271
0.38820138573646545
0.24586041271686554
0.16872425377368927
0.12190854549407959
0.13596798479557037
0.12125279009342194
0.13220027089118958
0.08553700149059296
0.289363294839859
0.15924344956874847
0.26147717237472534
0.3028550446033478
0.163526251912117
0.20440883934497833
0.17905712127685547
0.08610591292381287
0.07378832995891571
0.2602370083332062
0.1541621834039688
0.15686233341693878
0.838542640209198
0.8934601545333862
0.49925750494003296
0.6750422716140747
0.32532304525375366
0.732507050037384
0.7305375933647156
0.3984818458557129
0.26507532596588135
0.303125262260437
0.4863341152667999
0.3777778744697571
0.2960294485092163
0.060730941593647
0.3941234052181244
0.39508551359176636
0.2681688666343689
0.24547179043293
0.2532271444797516
0.32822754979133606
0.40311625599861145
0.2830323576927185
0.6549039483070374
0.6162843108177185
0.5352646708488464
0.3800770342350006
0.3249753713607788
0.47716575860977173
0.4530175030231476
0.18093068897724152
0.41630005836486816
0.10565074533224106
0.14602945744991302
0.13815021514892578
0.28706902265548706
0.04272427037358284
0.0848471075296402
0.05162452533841133
0.07387351989746094
0.11410428583621979
0.17035774886608124
0.09782572090625763
0.16415639221668243
0.20156104862689972
0.22383615374565125
0.04567619785666466
0.1362651139497757
0.1868988275527954
0.35032525658607483
0.2003783881664276
0.2649417519569397
0.3895895481109619
0.14728863537311554
0.07444953173398972
0.2621738314628601
0.3313283622264862
0.27486321330070496
0.14640623331069946
0.14255689084529877
0.32026639580726624
0.05266159772872925
0.07516612112522125
0.05849449709057808
0.19844143092632294
0.02055252715945244
0.01834569126367569
0.17160888016223907
0.14537252485752106
0.06653252989053726
0.06544087827205658
0.08662902563810349
0.1352711021900177
0.06568040698766708
0.287421852350235
0.40957021713256836
0.26093870401382446
0.5974265336990356
0.4168606996536255
0.2915610373020172
0.29072263836860657
0.048459213227033615
0.09922903776168823
0.09655193239450455
0.2894259989261627
0.34442901611328125
0.27984172105789185
0.20813441276550293
0.279394268989563
0.39833885431289673
0.0668167918920517
0.13772718608379364
0.040707167237997055
0.05111163854598999
0.1562512367963791
0.09317875653505325
0.24680791795253754
0.18598556518554688
0.576153576374054
0.3635571599006653
0.06288657337427139
0.08155477046966553
0.08137843757867813
0.06161132827401161
0.11957792192697525
0.11256995797157288
0.05036141350865364
0.08701891452074051
0.013940274715423584
0.08221641927957535
0.05055289715528488
0.30143940448760986
0.08508054167032242
0.12768900394439697
0.1394507735967636
0.2517637312412262
0.10101056098937988
0.07833339273929596
0.14409013092517853
0.1604754626750946
0.08978872746229172
0.34923312067985535
0.5727591514587402
0.522327721118927
0.7068641781806946
0.6546569466590881
0.4692322909832001
0.7064016461372375
0.7288801670074463
0.36368876695632935
0.5066612958908081
0.6173415780067444
0.46116092801094055
0.25505492091178894
0.41406407952308655
0.4931408166885376
0.250581294298172
0.4356025457382202
0.44149500131607056
0.5277146697044373
0.24189965426921844
0.23063774406909943
0.1172921285033226
0.033374059945344925
0.11263016611337662
0.30108651518821716
0.17751233279705048
0.13039769232273102
0.14804407954216003
0.13260355591773987
0.19360686838626862
0.1449398249387741
0.25048327445983887
0.23116032779216766
0.04146231710910797
0.25308406352996826
0.2080899477005005
0.08700360357761383
0.051499344408512115
0.1028934121131897
0.15024039149284363
0.012568128295242786
0.059080276638269424
0.027658576145768166
0.11637680977582932
0.18951761722564697
0.07936980575323105
0.1348087340593338
0.025814922526478767
0.049682606011629105
0.0379549115896225
0.10437367856502533
0.289045125246048
0.19678732752799988
0.22490283846855164
0.22717656195163727
0.1503242552280426
0.1548769176006317
0.3253324031829834
0.13487620651721954
0.1482427418231964
0.08701915293931961
0.17337222397327423
0.04138210788369179
0.17623327672481537
0.09643067419528961
0.10263575613498688
0.12659309804439545
0.1979636400938034
0.1679120808839798
0.2702864706516266
0.11583353579044342
0.2932678163051605
0.2667405307292938
0.6811867952346802
0.47390106320381165
0.474530428647995
0.3593093156814575
0.5586162805557251
0.2558968663215637
0.7335514426231384
0.5325591564178467
0.8138614296913147
0.6954148411750793
0.6079395413398743
0.4092356264591217
0.4092540740966797
