0.3064426779747009
0.4274764657020569
0.20954090356826782
0.42169252038002014
0.5619391202926636
0.4944554567337036
0.5408305525779724
0.5872375965118408
0.5519574880599976
0.44395285844802856
0.4188756048679352
0.39031124114990234
0.2866474986076355
0.3387923240661621
0.26865631341934204
0.0982963889837265
0.2818647623062134
0.07196205854415894
0.08933147042989731
0.3234888017177582
0.5494388937950134
0.4851190149784088
0.8086073398590088
0.2773148715496063
0.7299594879150391
0.2872108817100525
0.571212112903595
0.46728235483169556
0.4541100859642029
0.6460210084915161
0.3815208971500397
0.6164646744728088
0.40748634934425354
0.47043097019195557
0.4652455747127533
0.47920989990234375
0.5804703235626221
0.3034263253211975
0.7625597715377808
0.26007020473480225
0.47378912568092346
0.4596655070781708
0.4851871132850647
0.7269040942192078
0.819496214389801
0.7704008221626282
0.744359016418457
0.7592248320579529
0.5157870650291443
0.3772456645965576
0.45970070362091064
0.45376864075660706
0.32776036858558655
0.37590351700782776
0.43887799978256226
0.6863808035850525
0.5811995267868042
0.5758570432662964
0.6141036152839661
0.5714646577835083
0.6664871573448181
0.1410527527332306
0.5242100358009338
0.29471880197525024
0.7238791584968567
0.2962673008441925
0.18201850354671478
0.15863049030303955
0.05745012313127518
0.14736445248126984
0.041761793196201324
0.13654468953609467
0.08452574163675308
0.10646440088748932
0.08032743632793427
0.22111280262470245
0.08053641021251678
0.2487790584564209
0.15931203961372375
0.6398206949234009
0.19725260138511658
0.6483127474784851
0.32405856251716614
0.6022537350654602
0.5986416339874268
0.6310413479804993
0.7333437204360962
0.6741872429847717
0.7712674140930176
0.5258100032806396
0.7152274250984192
0.23100543022155762
0.43069204688072205
0.29925721883773804
0.1922200471162796
0.23316499590873718
0.04357459023594856
0.12083972990512848
0.049834925681352615
0.18458329141139984
0.15396375954151154
0.19377237558364868
0.4183647036552429
0.4155382513999939
0.2659303843975067
0.4081190526485443
0.4209727644920349
0.5562776327133179
0.4896637499332428
0.1018734946846962
0.6722636222839355
0.38558900356292725
0.834099531173706
0.6331875920295715
0.6920129060745239
0.4923440217971802
0.6651725769042969
0.5651674270629883
0.37845882773399353
0.6346929669380188
0.12341701984405518
0.47490930557250977
0.2889083921909332
0.1321970373392105
0.2727016806602478
0.26608315110206604
0.08239161968231201
0.36515012383461
0.18117079138755798
0.5330896973609924
0.1700342446565628
0.6086589097976685
0.20443116128444672
0.6493991613388062
0.13079829514026642
0.28528928756713867
0.43026721477508545
0.3097200393676758
0.14025555551052094
0.374429851770401
0.1751750409603119
0.42502695322036743
0.3279394507408142
0.39902108907699585
0.24736765027046204
0.3831165134906769
0.487682968378067
0.25372692942619324
0.22878524661064148
0.26129239797592163
0.0917045846581459
0.18842101097106934
0.19133594632148743
0.1308702528476715
0.3809409737586975
0.4631694257259369
0.5233920216560364
0.5524441599845886
0.5126560926437378
0.29338541626930237
0.35691750049591064
0.3597499132156372
0.12868306040763855
0.3417872488498688
0.08327117562294006
0.295104444026947
0.213496133685112
0.06454066187143326
0.21071453392505646
0.25564131140708923
0.1824037730693817
0.07194691151380539
0.3387563228607178
0.21536894142627716
0.4912477135658264
0.14284905791282654
0.36779680848121643
0.08665360510349274
0.27313145995140076
0.043689556419849396
0.18191781640052795
0.18499967455863953
0.5522083640098572
0.6180946230888367
0.35109660029411316
0.3072394132614136
0.3400192856788635
0.48363441228866577
0.46658632159233093
0.5822365283966064
0.35993343591690063
0.5770314335823059
0.0790746659040451
0.5236180424690247
0.11015485972166061
0.4966517984867096
0.34903302788734436
