0.7074896693229675
0.6438125967979431
0.651689350605011
0.5664762854576111
0.7633322477340698
0.6800099611282349
0.5389680862426758
0.5573695302009583
0.5611855983734131
0.6020462512969971
0.6146638989448547
0.6461105346679688
0.5731862187385559
0.5545524954795837
0.5233995914459229
0.7076687812805176
0.7335134148597717
0.667622983455658
0.7003435492515564
0.5398090481758118
0.49771901965141296
0.5637674331665039
0.5567317605018616
0.5863506197929382
0.5117723941802979
0.4397086203098297
0.3431938588619232
0.2495909333229065
0.4052960276603699
0.5000810027122498
0.23236380517482758
0.5223438739776611
0.5796425938606262
0.652800977230072
0.633996307849884
0.43616917729377747
0.6259257197380066
0.5542775392532349
0.348545640707016
0.5571286678314209
0.5298505425453186
0.38864126801490784
0.4848211109638214
0.4676530659198761
0.3754938244819641
0.3728964924812317
0.2312452793121338
0.2465575486421585
0.1464405208826065
0.1554032564163208
0.23961420357227325
0.2900873124599457
0.26822221279144287
0.11246812343597412
0.3009401857852936
0.34185123443603516
0.3194579482078552
0.12498845160007477
0.36227384209632874
0.13062116503715515
0.567964494228363
0.21320804953575134
0.6479770541191101
0.43506211042404175
0.7744944095611572
0.4640122652053833
0.1950906664133072
0.3889411687850952
0.2311796098947525
0.3482356667518616
0.1549769639968872
0.15675881505012512
0.09425006806850433
0.2154216766357422
0.1302674114704132
0.22169461846351624
0.12507860362529755
0.24657154083251953
0.16894091665744781
0.21662409603595734
0.6401305198669434
0.6174171566963196
0.4622125029563904
0.6056095957756042
0.37880638241767883
0.33352795243263245
0.14705941081047058
0.04687795415520668
0.1402285248041153
0.26857295632362366
0.13502466678619385
0.5056616067886353
0.2555691599845886
0.3924930691719055
0.4830215275287628
0.2749359607696533
0.740759551525116
0.3016315996646881
0.5575922727584839
0.47443124651908875
0.5432991981506348
0.48704656958580017
0.6650882363319397
0.24144813418388367
0.26432403922080994
0.33499082922935486
0.2553187608718872
0.4048236012458801
0.549508810043335
0.7351256608963013
0.7060866951942444
0.7516539096832275
0.7101243138313293
0.5816357731819153
0.22177118062973022
0.15671943128108978
0.17571261525154114
0.15427838265895844
0.31941360235214233
0.08988013863563538
0.4022165834903717
0.16820362210273743
0.20314019918441772
0.2691604197025299
0.26368221640586853
0.4935758411884308
0.6090067625045776
0.30231815576553345
0.33885669708251953
0.2617467939853668
0.32940995693206787
0.42437756061553955
0.3238636553287506
0.08988554775714874
0.5654000639915466
0.6305693984031677
0.4514444172382355
0.7005591988563538
0.29480016231536865
0.5593994855880737
0.2587641477584839
0.33215802907943726
0.11485815048217773
0.13176119327545166
0.09913768619298935
0.12338084727525711
0.19569268822669983
0.1839350461959839
0.4897199273109436
0.2808670997619629
0.2614883780479431
0.3933655023574829
0.4573478102684021
0.33428436517715454
0.19143903255462646
0.444368451833725
0.2870243191719055
0.1477092057466507
0.30495861172676086
0.17891134321689606
0.1657838374376297
0.1660948246717453
0.35993707180023193
0.061786141246557236
0.21696706116199493
0.454246461391449
0.39271029829978943
0.2022637277841568
0.45699071884155273
0.7086732983589172
0.6854292154312134
0.5111773610115051
0.48384565114974976
0.6123893857002258
0.31997597217559814
0.3172559142112732
0.18461178243160248
0.3489055335521698
0.349189817905426
0.2960752844810486
0.23241281509399414
0.10732001811265945
0.18646210432052612
0.2827368974685669
0.22010166943073273
0.1930980682373047
0.2165999561548233
0.3032708168029785
0.22012506425380707
0.15318593382835388
0.25434568524360657
0.19502019882202148
0.17094433307647705
0.22046564519405365
0.35800185799598694
0.3326460123062134
0.6182775497436523
0.16058070957660675
0.289075642824173
0.6668769717216492
0.704637348651886
0.7571509480476379
0.653560221195221
0.7039247155189514
0.4306134581565857
0.5547181367874146
0.5633426308631897
0.49506139755249023
0.1849881261587143
0.45975250005722046
0.31103765964508057
0.22754277288913727
0.17866116762161255
0.1662682145833969
0.3766306936740875
0.2915075719356537
0.5233748555183411
0.2627647817134857
0.34343597292900085
0.18504416942596436
0.21720917522907257
0.44239509105682373
0.3178960382938385
0.19718770682811737
0.22236742079257965
0.4187086522579193
0.3457249402999878
0.3262714743614197
0.709527313709259
0.715873122215271
0.4172837436199188
0.6849746108055115
0.6395084857940674
0.7818545699119568
0.7002129554748535
0.7116791009902954
0.6387446522712708
0.6917273998260498
0.8073981404304504
0.7967241406440735
0.7700644731521606
0.7856952548027039
0.7789995670318604
0.7351587414741516
0.828025221824646
0.5194308757781982
0.7358009815216064
0.7826475501060486
0.5741708278656006
0.6336954832077026
0.7190570831298828
0.8045446872711182
0.7158112525939941
0.5689080357551575
0.7969439029693604
0.6670634746551514
0.753486692905426
0.7266960740089417
0.680343747138977
0.6574096083641052
0.27767711877822876
0.4435810148715973
0.2423945516347885
0.2548386752605438
0.4794546663761139
0.3543994426727295
