0.1113906279206276
0.2741040289402008
0.11327528953552246
0.3648443818092346
0.21120207011699677
0.1313980370759964
0.25266310572624207
0.24062244594097137
0.1293197125196457
0.3358636796474457
0.4179270565509796
0.16514380276203156
0.2078668773174286
0.21733549237251282
0.21954816579818726
0.17562270164489746
0.12550731003284454
0.12781541049480438
0.28776219487190247
0.34462401270866394
0.2881729304790497
0.5509421825408936
0.6052486896514893
0.27381762862205505
0.26875489950180054
0.27321138978004456
0.28475841879844666
0.23666559159755707
0.2651110887527466
0.5585924386978149
0.28807416558265686
0.52656489610672
0.7202253937721252
0.715408980846405
0.369972825050354
0.8016753792762756
0.8782960772514343
0.7575830221176147
0.5181998610496521
0.9409990310668945
0.9266473054885864
0.7197712063789368
0.7525319457054138
0.9277272820472717
0.8711544871330261
0.45892441272735596
0.7534324526786804
0.8700593113899231
0.6273677945137024
0.3103354573249817
0.19904442131519318
0.2767997980117798
0.12936659157276154
0.20266364514827728
0.1476496011018753
0.08197951316833496
0.04331709071993828
0.09212401509284973
0.11021648347377777
0.009670515544712543
0.05899498984217644
0.08646111935377121
0.02038196101784706
0.02237427420914173
0.0986596941947937
0.35485631227493286
0.09940890222787857
0.09455899149179459
0.19475384056568146
0.5321387648582458
0.2074553668498993
0.18692274391651154
0.5040479302406311
0.35318291187286377
0.05771900713443756
0.0491255447268486
0.17845696210861206
0.15986783802509308
0.4787055253982544
0.5328125357627869
0.36982816457748413
0.4931009113788605
0.3070639967918396
0.49256107211112976
0.5593891143798828
0.6411405801773071
0.7876892685890198
0.5675925612449646
0.7111846208572388
0.5195906758308411
0.5544920563697815
0.7392061352729797
0.6004490256309509
0.7238296270370483
0.8238962292671204
0.25596126914024353
0.4477117955684662
0.6803023815155029
0.7029960751533508
0.10811024904251099
0.2769710123538971
0.7155659794807434
0.30115973949432373
0.07330641895532608
0.44674524664878845
0.558839738368988
0.12065383046865463
0.15469522774219513
0.558527946472168
0.4029226005077362
0.38861095905303955
0.29581648111343384
0.12445604801177979
0.37397733330726624
0.2770668566226959
0.24071475863456726
0.3739558458328247
0.3283471167087555
0.4959961473941803
0.48861974477767944
0.07545022666454315
0.09844595938920975
0.4435608983039856
0.39283180236816406
0.04755868390202522
0.07644962519407272
0.5708139538764954
0.13652534782886505
0.10899753123521805
0.2265305519104004
0.5320940017700195
0.060425978153944016
0.3209950625896454
0.6414258480072021
0.14566095173358917
0.1495964080095291
0.0866766944527626
0.11308974772691727
0.2976531684398651
0.3212016522884369
0.09228453785181046
0.07820477336645126
0.1159435510635376
0.5496239066123962
0.03132523223757744
0.04482785984873772
0.4808250963687897
0.2602471709251404
0.05288630723953247
0.05093162879347801
0.5018547177314758
0.2556908428668976
0.14994974434375763
0.08769068866968155
0.5983349680900574
0.41923466324806213
0.17583563923835754
0.3175179958343506
0.3045807182788849
0.4565434455871582
0.24113164842128754
0.4313274919986725
0.5942690968513489
0.6745615601539612
0.6358067393302917
0.5236113667488098
0.5961622595787048
0.8578697443008423
0.7760897874832153
0.6174200177192688
0.6021876335144043
0.7713190913200378
0.8330198526382446
0.2726384699344635
0.6529744267463684
0.7552991509437561
0.7888001203536987
0.28756728768348694
0.7773216366767883
0.9116307497024536
0.8257562518119812
0.7955349683761597
0.3236062228679657
0.6430056691169739
0.634285032749176
0.21639125049114227
0.15497377514839172
0.35029280185699463
0.34021350741386414
0.17527532577514648
0.47446510195732117
0.6262885928153992
0.45099586248397827
0.39468348026275635
0.4553908407688141
0.5607932209968567
0.5169441103935242
0.5427280068397522
