0.5760467648506165
0.7488263249397278
0.6729958057403564
0.7349311709403992
0.8368241190910339
0.7769340872764587
0.6366217732429504
0.8525265455245972
0.8192225694656372
0.803810715675354
0.6934337615966797
0.7974364757537842
0.7477673888206482
0.5752094388008118
0.682162880897522
0.5168974995613098
0.4857426881790161
0.6481006741523743
0.6069367527961731
0.6799395084381104
0.4738016128540039
0.7048215866088867
0.5575469732284546
0.5931267738342285
0.29344046115875244
0.47459712624549866
0.6313540935516357
0.599267840385437
0.6209001541137695
0.7374992370605469
0.47117137908935547
0.48211976885795593
0.30270472168922424
0.38481253385543823
0.4659934639930725
0.6850849390029907
0.5155729055404663
0.6908189058303833
0.7108305096626282
0.7659622430801392
0.6787588596343994
0.6735517978668213
0.8808792233467102
0.5917029976844788
0.5637674331665039
0.8423318862915039
0.7362593412399292
0.5603631138801575
0.6588452458381653
0.7267471551895142
0.7797048091888428
0.4798441529273987
0.7190508842468262
0.5243880748748779
0.48228052258491516
0.2697361409664154
0.36740973591804504
0.44378986954689026
0.3744105398654938
0.31906935572624207
0.355336993932724
0.3280828893184662
0.47932153940200806
0.5871136784553528
0.6112010478973389
0.38816624879837036
0.5956488251686096
0.5085655450820923
0.4782313406467438
0.5507766008377075
0.5614253878593445
0.5665820240974426
0.6691409945487976
0.7307320833206177
0.7868050932884216
0.7503448724746704
0.6618412733078003
0.6460544466972351
0.6257522702217102
0.5284073352813721
0.7755107283592224
0.7277526259422302
0.7051988840103149
0.7285885810852051
0.5093674659729004
0.5727714896202087
0.6749649047851562
0.6908562183380127
0.6759546399116516
0.5430920124053955
0.6112887859344482
0.6093781590461731
0.4723415970802307
0.24200503528118134
0.5140223503112793
0.4358483850955963
0.3922634422779083
0.32886165380477905
0.5171878933906555
0.4951430857181549
0.3466055393218994
0.5140107870101929
0.7333663105964661
0.6098299622535706
0.5125835537910461
0.677771270275116
0.6744718551635742
0.7419076561927795
0.6110079288482666
0.7075493335723877
0.6828764081001282
0.735497772693634
0.5812948346138
0.6525703072547913
0.7492130398750305
