0.04048475623130798
0.07093691825866699
0.08678928017616272
0.06526777893304825
0.10106495022773743
0.08753644675016403
0.11239487677812576
0.15291298925876617
0.2001548409461975
0.3214375078678131
0.20218685269355774
0.1853846162557602
0.10807283222675323
0.13733717799186707
0.08080478757619858
0.1159849688410759
0.17170466482639313
0.3343479633331299
0.162761852145195
0.4456848204135895
0.3288710415363312
0.27000880241394043
0.16862526535987854
0.35949328541755676
0.21359403431415558
0.091777004301548
0.12832137942314148
0.28270256519317627
0.37741562724113464
0.2835359275341034
0.21267300844192505
0.23838993906974792
0.28817492723464966
0.3537551462650299
0.19222944974899292
0.21095998585224152
0.24907104671001434
0.16584809124469757
0.10537208616733551
0.12048055231571198
0.08205781131982803
0.17565087974071503
0.18529696762561798
0.25273868441581726
0.2497500628232956
0.21361906826496124
0.10424914211034775
0.12325353175401688
0.31308475136756897
0.1868324875831604
0.21930404007434845
0.14512458443641663
0.11192374676465988
0.09188482165336609
0.08214524388313293
0.2049415111541748
0.0802261158823967
0.1721547394990921
0.29831743240356445
0.8191349506378174
0.801192581653595
0.2704628109931946
0.7591375708580017
0.3703983724117279
0.5249552726745605
0.3621658980846405
0.3687582314014435
0.3093753457069397
0.31852152943611145
0.6265788674354553
0.2904148995876312
0.31255707144737244
0.5983405709266663
0.603901207447052
0.4395328164100647
0.5654464960098267
0.39442360401153564
0.44308891892433167
0.4225504696369171
0.20265506207942963
0.3210565745830536
0.47459474205970764
0.3149121403694153
0.08080754429101944
0.1852627843618393
0.032868701964616776
0.1436997354030609
0.2045411467552185
0.16891759634017944
0.05011140927672386
0.04219170659780502
0.27200987935066223
0.1496870517730713
0.033085890114307404
0.056602075695991516
0.09539923071861267
0.1317165195941925
0.015674713999032974
0.022431829944252968
0.012442342936992645
0.08452332764863968
0.39712974429130554
0.51376873254776
0.6640002727508545
0.3281823992729187
0.40184998512268066
0.6863055229187012
0.5662620067596436
0.4604329466819763
0.4210759103298187
0.6536887288093567
0.6124768257141113
0.45469802618026733
0.5812543034553528
0.4353589117527008
0.7577934265136719
0.45527586340904236
0.21729858219623566
0.542690098285675
0.683525025844574
0.4000057876110077
0.13610632717609406
0.5107504725456238
0.6576076149940491
0.3107432723045349
0.652028501033783
0.4724266827106476
0.4063720703125
0.684230387210846
0.7018799185752869
0.5393878817558289
0.5414960980415344
0.7691943645477295
0.7631595730781555
0.6508617401123047
0.6252961754798889
0.47347328066825867
0.7819163203239441
0.6495017409324646
0.4758853018283844
0.6311488747596741
0.7333526611328125
0.3713112473487854
0.4910694658756256
0.6903514862060547
0.7141625285148621
0.4271368384361267
0.5680349469184875
0.15597447752952576
0.37060633301734924
0.3591070771217346
0.09376297891139984
0.2465553879737854
0.08785355091094971
0.09304330497980118
0.14861942827701569
0.16945257782936096
0.035791050642728806
0.07678411155939102
0.09145478159189224
0.07061322778463364
0.017170846462249756
0.04125109687447548
0.0812920480966568
0.011211136355996132
0.00856997910887003
0.04408460110425949
0.02120431512594223
0.026072397828102112
0.022719746455550194
0.09858547151088715
0.11890121549367905
0.09522780030965805
0.11582934856414795
0.16955065727233887
0.08050518482923508
0.03811516612768173
0.1548542082309723
0.13046249747276306
0.18766148388385773
0.11636216193437576
0.050291676074266434
0.08237423002719879
0.08596502244472504
0.04311331734061241
0.043920744210481644
0.08765033632516861
0.13481581211090088
0.03712955862283707
0.10659857094287872
0.1606602966785431
0.0679561197757721
0.056800711899995804
0.05515151098370552
0.05374431610107422
0.08910024911165237
0.058656588196754456
0.04975022375583649
0.03762844577431679
0.013152559287846088
0.1077275276184082
0.14626659452915192
0.022542070597410202
0.07041830569505692
0.14121441543102264
0.1289321333169937
0.046216804534196854
0.21559174358844757
0.1299225389957428
0.01615690439939499
0.053567249327898026
0.16831257939338684
0.030240390449762344
0.23188358545303345
0.05663108825683594
0.17575092613697052
0.08046994358301163
0.47390133142471313
0.4939381778240204
0.748433530330658
0.6414697766304016
0.7127972841262817
0.6633212566375732
0.6276527643203735
0.47328463196754456
0.5830987095832825
0.5806474089622498
0.35284730792045593
0.5238165855407715
0.4009940028190613
0.32796770334243774
0.20153816044330597
0.526667594909668
0.6653835773468018
0.3319448232650757
0.3152898848056793
0.48429998755455017
0.5048559308052063
0.21168546378612518
0.05900297686457634
0.10152074694633484
0.45235109329223633
0.13047222793102264
0.11056775599718094
0.24472130835056305
0.38921430706977844
0.17176368832588196
0.23334577679634094
0.4612088203430176
0.7394265532493591
0.8679831624031067
0.7947565317153931
0.8460963368415833
0.6192861795425415
0.7466896772384644
0.40592315793037415
0.7043775320053101
0.7179703116416931
0.574937641620636
0.4643392562866211
0.5911370515823364
0.4338151514530182
0.4104416072368622
0.3192633390426636
0.3215624988079071
0.3427714407444
0.25841060280799866
0.2526220381259918
0.2729586064815521
0.19407615065574646
0.3377533555030823
0.2549428939819336
0.0718747228384018
0.09796343743801117
0.11747954785823822
0.1059274822473526
0.1825062334537506
0.24414174258708954
0.6428750157356262
0.7404125332832336
0.41255661845207214
0.44986873865127563
0.5707129836082458
0.4062386453151703
0.39700081944465637
0.3808661699295044
0.4741634428501129
0.3036178946495056
0.2692532539367676
0.22484774887561798
0.2912021577358246
0.18749256432056427
0.1237216666340828
0.09485535323619843
0.09281854331493378
0.04186280816793442
0.04471631720662117
0.046456530690193176
0.06823223829269409
0.25934457778930664
0.20201215147972107
0.3888554573059082
0.8003271222114563
0.6141235828399658
0.8062251806259155
0.8254833221435547
0.5906599760055542
0.2971191704273224
0.6856306791305542
0.42588287591934204
0.322887659072876
0.5069260001182556
0.5197629928588867
0.15940135717391968
0.4456227123737335
0.42203184962272644
0.44020214676856995
0.16507820785045624
0.18716438114643097
0.2203768491744995
0.126241534948349
0.18537579476833344
0.2869119346141815
0.1162329688668251
0.14057806134223938
0.23174913227558136
0.21646557748317719
0.14693965017795563
0.3384357690811157
0.1912308782339096
0.49121201038360596
0.33113425970077515
0.24223406612873077
0.21928618848323822
0.2172941267490387
0.18981249630451202
0.39793696999549866
0.25382116436958313
0.17186081409454346
0.11951521039009094
0.284098356962204
0.3044043779373169
0.15652228891849518
0.2392784208059311
0.25873807072639465
0.2410099059343338
0.22160601615905762
0.16723114252090454
0.20457454025745392
0.14457137882709503
0.14032822847366333
0.21938009560108185
0.16606751084327698
0.28912588953971863
0.36404678225517273
0.2658553421497345
0.2574128210544586
0.3328990936279297
0.3037365972995758
0.1496768742799759
0.3119182586669922
0.28317132592201233
0.1602102816104889
0.233682319521904
0.22999946773052216
0.5396149754524231
0.4440363943576813
0.28821781277656555
0.4083808362483978
0.42424309253692627
0.6163623332977295
0.4055367410182953
0.26655128598213196
0.646486222743988
0.5828612446784973
0.33326470851898193
0.3383621275424957
0.43822145462036133
0.4361523985862732
0.22187815606594086
0.3758038878440857
0.5054259300231934
0.46437782049179077
0.2917059361934662
0.4719392955303192
0.3174664080142975
0.3516170382499695
0.31810262799263
0.3757772445678711
0.5800033211708069
0.5812647938728333
0.484540194272995
0.42265933752059937
0.3535158634185791
0.24322979152202606
0.2721828818321228
0.26129981875419617
0.3875354528427124
0.24361655116081238
0.1373310685157776
0.371397465467453
0.3240024447441101
0.47001340985298157
0.34703224897384644
0.49736425280570984
0.3678394556045532
0.5240083932876587
0.31561049818992615
0.3839179277420044
0.1995425969362259
0.4509432017803192
0.25279346108436584
0.3863085210323334
0.33313634991645813
0.34429049491882324
0.5204995274543762
0.27724096179008484
0.21712899208068848
0.3172563910484314
0.5275546908378601
0.3003290593624115
0.21775296330451965
0.5088987350463867
0.32473060488700867
0.4185464084148407
0.4615083932876587
0.4120500087738037
0.37212073802948
0.4280624985694885
0.30090388655662537
0.36351197957992554
0.38506999611854553
0.39994072914123535
0.21313516795635223
0.3000188171863556
0.38690441846847534
0.37606436014175415
0.25703686475753784
0.46375465393066406
0.4578929543495178
0.36879420280456543
0.4210400879383087
0.3627578318119049
0.38394537568092346
0.27382105588912964
0.46655094623565674
0.2722691595554352
0.28286585211753845
0.2702345550060272
0.37613433599472046
0.20011241734027863
0.22693456709384918
0.19309170544147491
0.4239255487918854
0.30193981528282166
0.31556829810142517
0.47062191367149353
0.27806076407432556
0.1999521702528
0.46910837292671204
0.5915617942810059
0.2729402780532837
0.4408358931541443
0.6046424508094788
0.32615724205970764
0.609226405620575
0.47440874576568604
0.5563008189201355
0.5020897388458252
0.5728307366371155
0.6142871379852295
0.5634110569953918
0.6091336607933044
0.7263959050178528
0.8336373567581177
0.7387025952339172
0.76133131980896
0.7352942228317261
0.5668608546257019
0.6608937978744507
0.6976608633995056
0.703853189945221
0.6429650783538818
0.7225892543792725
0.3998444974422455
0.6538451910018921
0.6343273520469666
0.6768723726272583
0.46636730432510376
0.23635557293891907
0.5114043951034546
0.3183348774909973
0.42042094469070435
0.22902627289295197
0.5248406529426575
0.42102259397506714
0.19524100422859192
0.36306026577949524
0.38224297761917114
0.5210744738578796
0.2670332193374634
0.35284242033958435
0.4058725833892822
0.583260178565979
0.3684001863002777
0.2669585943222046
0.366661012172699
0.5114275217056274
0.4390273690223694
0.48887911438941956
0.669142484664917
0.6781414151191711
0.6708605289459229
0.7963705062866211
0.8115432858467102
0.7282839417457581
0.666981041431427
0.6434983611106873
0.6345059275627136
0.5937637686729431
0.32461631298065186
0.4669523239135742
0.5760631561279297
0.48774921894073486
0.37975504994392395
0.4001277983188629
