0.036913953721523285
0.10017503798007965
0.1513398140668869
0.07562172412872314
0.1164119616150856
0.15462718904018402
0.11795663833618164
0.20001445710659027
0.450111448764801
0.28121131658554077
0.3765827715396881
0.33528080582618713
0.30661556124687195
0.48194414377212524
0.41705942153930664
0.5711555480957031
0.4275301992893219
0.6506016254425049
0.7395277619361877
0.8366568684577942
0.6925223469734192
0.8531088829040527
0.6563001871109009
0.7400200963020325
0.4811517894268036
0.4581899642944336
0.4743417799472809
0.3641594648361206
0.40054699778556824
0.5917389392852783
0.4821508824825287
0.7046746611595154
0.5043715238571167
0.8074621558189392
0.7085293531417847
0.9044097065925598
0.7856677174568176
0.3568393886089325
0.2769513726234436
0.564186155796051
0.8362204432487488
0.21546180546283722
0.7432291507720947
0.31969577074050903
0.696010172367096
0.3786056935787201
0.5042435526847839
0.8360739350318909
0.8045227527618408
0.6467996835708618
0.885952889919281
0.8410829305648804
0.8460177183151245
0.9009345173835754
0.9743754267692566
0.8574051260948181
0.6188084483146667
0.9455955624580383
0.9683471322059631
0.8841325640678406
0.8135245442390442
0.9767838716506958
0.9550172090530396
0.8012450337409973
0.9286616444587708
0.9412704110145569
0.9674553275108337
0.9811432361602783
0.8124364018440247
0.8872402310371399
0.7611182332038879
0.83623868227005
0.8446990847587585
0.590572714805603
0.9369705319404602
0.8851836919784546
0.9545763731002808
0.9425524473190308
0.9075554609298706
0.9608125686645508
0.9159706830978394
0.8077545166015625
0.8635067343711853
0.4362083375453949
0.7011568546295166
0.3480795919895172
0.9084678292274475
0.5495259165763855
0.8136287927627563
0.1806587427854538
0.6421130299568176
0.326748788356781
0.23794561624526978
0.4163297116756439
0.09199661016464233
0.08306524902582169
0.1177278608083725
0.13481281697750092
0.11681757122278214
0.05792088806629181
0.24155473709106445
0.563426673412323
0.17186793684959412
0.44504302740097046
0.49127429723739624
0.5037735104560852
0.16346365213394165
0.3828974664211273
0.4868887960910797
0.30009952187538147
0.280910849571228
0.3158344328403473
0.806570827960968
0.4743358790874481
0.3622795343399048
0.6010786890983582
0.6436489224433899
0.5600968599319458
0.6832103729248047
