0.9177109599113464
0.8638039827346802
0.9024727940559387
0.797317385673523
0.8720160722732544
0.7763054966926575
0.7703987956047058
0.42454537749290466
0.45815908908843994
0.30847054719924927
0.13070429861545563
0.1242697611451149
0.11262999475002289
0.13615675270557404
0.2786411941051483
0.24863417446613312
0.5341570973396301
0.36161795258522034
0.39491599798202515
0.2884993553161621
0.7470666170120239
0.8056527376174927
0.6083112955093384
0.34618496894836426
0.7153897285461426
0.7898706793785095
0.694414496421814
0.6219161152839661
0.692869246006012
0.8681514263153076
0.8322501182556152
0.5442850589752197
0.6655786633491516
0.9096134305000305
0.612861156463623
0.3381623327732086
0.8182828426361084
0.9064791798591614
0.42972898483276367
0.1658807098865509
0.8681004047393799
0.6928907632827759
0.36706072092056274
0.17803116142749786
0.5336913466453552
0.3812693655490875
0.16428442299365997
0.12840868532657623
0.27242210507392883
0.376165509223938
0.39439108967781067
0.32812273502349854
0.07108364254236221
0.5219589471817017
0.7388958930969238
0.5242425799369812
0.8785208463668823
0.8035199046134949
0.922175943851471
0.9030982255935669
0.7456762790679932
0.7123327851295471
0.3714953362941742
0.35488834977149963
0.04892481863498688
0.09237249940633774
0.04749557003378868
0.11612603813409805
0.2341109663248062
0.5218384861946106
0.4634270668029785
0.4854617714881897
0.36039072275161743
0.5016632080078125
0.5258260369300842
0.37633609771728516
0.29908227920532227
0.5094988346099854
0.42057958245277405
0.09315617382526398
0.24763141572475433
0.4973927140235901
0.10587923228740692
0.12194209545850754
0.5027883648872375
0.29978278279304504
0.09076531231403351
0.3621651232242584
0.4750043451786041
0.1937008947134018
0.08450990170240402
0.2222611904144287
0.34845954179763794
0.25363674759864807
0.3301078677177429
0.15991298854351044
0.35076904296875
0.5474127531051636
0.25586095452308655
0.32532328367233276
0.2599412202835083
0.1598324030637741
0.29861077666282654
0.1751478612422943
0.40669384598731995
0.15724295377731323
0.19487018883228302
0.15921252965927124
0.3471960723400116
0.3129097819328308
0.2053934782743454
0.6003754734992981
0.22588089108467102
0.7441692352294922
0.5000222325325012
0.47916677594184875
0.6746055483818054
0.807097852230072
0.7814200520515442
0.8906052708625793
0.8848728537559509
0.6948573589324951
0.8727951645851135
0.5939274430274963
0.7763566374778748
0.38352128863334656
0.8902724385261536
0.6382631659507751
0.713225781917572
0.48489877581596375
0.4890095293521881
0.6515601873397827
0.3442697525024414
0.23288951814174652
0.6350491642951965
0.5021421909332275
0.2577228248119354
0.5471007227897644
0.7205641865730286
0.5728246569633484
0.27964141964912415
0.4718354642391205
0.5566495060920715
0.5410375595092773
0.38559970259666443
0.2763265371322632
0.1914876401424408
0.13429990410804749
0.15913985669612885
0.24274998903274536
0.3824927508831024
0.15349766612052917
0.20004133880138397
0.3938259184360504
0.4463895857334137
0.32117822766304016
0.5164293050765991
0.4988650679588318
0.5187245607376099
0.5673907399177551
0.3066098093986511
0.33785757422447205
0.1978101283311844
0.24765607714653015
0.13723702728748322
0.26175037026405334
0.37687933444976807
0.23979780077934265
0.288168340921402
0.3704759180545807
0.346328467130661
0.3573604226112366
0.38079744577407837
0.440168172121048
0.6578069925308228
0.47841379046440125
0.4407525360584259
0.39781251549720764
0.5818144083023071
0.5454188585281372
0.48957231640815735
0.22155824303627014
0.20442478358745575
0.08739995956420898
0.141866073012352
0.2945903539657593
0.11864490061998367
0.27222827076911926
0.32834750413894653
0.5533375144004822
0.47145119309425354
