0.8626076579093933
0.8051304817199707
0.43422117829322815
0.8664265871047974
0.9096110463142395
0.7061068415641785
0.6162400841712952
0.9630546569824219
0.9296935200691223
0.8603915572166443
0.8121322989463806
0.979570209980011
0.9535105228424072
0.9672708511352539
0.9076359868049622
0.8664608001708984
0.7310717105865479
0.6260233521461487
0.8417165875434875
0.8335464596748352
0.4800155460834503
0.6261714696884155
0.59574955701828
0.6124865412712097
0.5685252547264099
0.7401989102363586
0.5359013676643372
0.4588429033756256
0.5958512425422668
0.5575330257415771
0.6730857491493225
0.6811566948890686
0.6699885129928589
0.662040650844574
0.5970818400382996
0.4938453137874603
0.6466221809387207
0.7666061520576477
0.7332953214645386
0.6861171722412109
0.8564052581787109
0.8949851989746094
0.8982189893722534
0.905116081237793
0.9446015954017639
0.972122848033905
0.9682936072349548
0.9854971766471863
0.98138427734375
0.9747559428215027
0.9807879328727722
0.986187219619751
0.9760464429855347
0.9745266437530518
0.9783071875572205
0.9817771911621094
0.9682725071907043
0.9533141255378723
0.9416976571083069
0.9552255272865295
0.9305587410926819
0.8322519659996033
0.8984876275062561
0.9588630795478821
0.9723122715950012
0.8382832407951355
0.9097904562950134
0.9588059186935425
0.9552052617073059
0.8372015357017517
0.9168413877487183
0.9555458426475525
0.916935920715332
