0.36315789818763733
0.3760526776313782
0.27510184049606323
0.2308923453092575
0.194524347782135
0.13753563165664673
0.28278717398643494
0.5194820165634155
0.19669890403747559
0.149513840675354
0.6206710338592529
0.6942098736763
0.4823000729084015
0.457305371761322
0.20327889919281006
0.6117199063301086
0.6910960078239441
0.5725076794624329
0.2832688093185425
0.7927343845367432
0.6629305481910706
0.636243462562561
0.5196656584739685
0.8239187002182007
0.6510158181190491
0.854397177696228
0.22467705607414246
0.7694286704063416
0.7808684706687927
0.8343005776405334
0.19860105216503143
0.6855433583259583
0.9510075449943542
0.7482332587242126
0.4473792314529419
0.8648872971534729
0.5657352209091187
0.726449191570282
0.43735986948013306
0.5654267072677612
0.10478616505861282
0.694105863571167
0.6511767506599426
0.12088111788034439
0.2664312422275543
0.7416656613349915
0.5013317465782166
0.2034648060798645
0.706271231174469
0.6491064429283142
0.47891420125961304
0.2507234811782837
0.7406840920448303
0.6902776956558228
0.43674540519714355
0.3171473741531372
0.31297287344932556
0.28857678174972534
0.3180750906467438
0.4510536789894104
0.2911304533481598
0.3049931824207306
0.5978662967681885
0.4945506453514099
0.5059292912483215
0.09590169042348862
0.6235219836235046
0.7368419170379639
0.5639970302581787
0.1754869818687439
0.7813675999641418
0.8780153393745422
0.6328598856925964
0.21977560222148895
0.8992226719856262
0.8961867094039917
0.6411714553833008
0.2490740567445755
0.7660297751426697
0.7351574897766113
0.40824761986732483
0.7864344120025635
0.9215200543403625
0.7911189794540405
0.6684781908988953
0.6657541394233704
0.6376988887786865
0.5785722136497498
0.6755474209785461
0.8104286193847656
0.6367436051368713
0.6493051648139954
0.6988420486450195
0.7082113027572632
0.44461673498153687
0.5427217483520508
0.8453375697135925
0.626768171787262
0.4953214228153229
0.6047325730323792
0.6268947124481201
0.4583447277545929
0.5210185050964355
0.4900217652320862
0.7437905669212341
0.6987032890319824
0.39229223132133484
0.7911386489868164
0.9014369249343872
0.7561838030815125
0.7881415486335754
0.9632456302642822
0.9576631188392639
0.810276985168457
0.7277787327766418
0.8010920882225037
0.7914465069770813
0.7972186803817749
0.5724814534187317
0.6157757639884949
0.372142493724823
0.27827760577201843
0.5234822630882263
0.8199419379234314
0.8000898361206055
0.5188709497451782
0.32697033882141113
0.5426377654075623
0.6430863738059998
0.5245407223701477
0.4473552107810974
0.2675568163394928
0.7413585782051086
0.564657986164093
0.6234867572784424
0.7133822441101074
0.8424412608146667
0.5075993537902832
0.1974097043275833
0.827743411064148
0.6401110291481018
0.4197498857975006
0.6583427786827087
0.8245978355407715
0.5283214449882507
0.5670443773269653
0.6946476101875305
0.6491543650627136
