0.7052385210990906
0.8219311833381653
0.7051399350166321
0.6102094650268555
0.8031315803527832
0.83393394947052
0.5328047871589661
0.7706124186515808
0.852746307849884
0.6896151304244995
0.5545136332511902
0.8417871594429016
0.8243895173072815
0.5183752775192261
0.7575299143791199
0.8866473436355591
0.7320294976234436
0.4665200412273407
0.8789880871772766
0.8636587262153625
0.6434935331344604
0.824652373790741
0.8914448618888855
0.7891205549240112
0.7919308543205261
0.8708010315895081
0.8185781836509705
0.739085853099823
0.8407052159309387
0.9025086164474487
0.81028813123703
0.7687113285064697
0.8015244603157043
0.787903368473053
0.6390424370765686
0.6672334671020508
0.8055784702301025
0.8373978734016418
0.5946794152259827
0.8125308156013489
0.9384762644767761
0.8012478947639465
0.6620355248451233
0.9465991258621216
0.9361898899078369
0.641654372215271
0.9224796295166016
0.9785429835319519
0.8656566739082336
0.6481008529663086
0.945338785648346
0.9276289343833923
0.6808273196220398
0.8959246873855591
0.9584301114082336
0.7833458185195923
0.7837353944778442
0.9228207468986511
0.9534003138542175
0.7327383756637573
0.758448600769043
0.8719359636306763
0.8608901500701904
0.4583978056907654
0.7040849924087524
0.9276354908943176
0.7517696619033813
0.6757805943489075
0.8710421323776245
0.8661717772483826
0.6913087964057922
0.5162318348884583
0.6618283987045288
0.6826323866844177
0.660012423992157
0.6489800214767456
0.6041343212127686
0.47943952679634094
0.4801621437072754
0.36670616269111633
0.29890918731689453
0.3167721927165985
0.28706982731819153
0.24755072593688965
0.31389713287353516
0.3138827979564667
0.3878425061702728
0.37662434577941895
0.2960909903049469
0.48762956261634827
0.579567551612854
0.6827595829963684
0.5705844759941101
0.6712129712104797
0.6200507283210754
0.6059306859970093
0.6104896664619446
0.43275120854377747
0.6110225915908813
0.7307527661323547
0.4557497799396515
0.5817815661430359
0.8467186093330383
0.912648618221283
0.7632046937942505
0.625357985496521
0.6972675323486328
0.5768294334411621
0.7018595933914185
0.803360104560852
0.6667872667312622
0.5246297121047974
0.5242477059364319
0.4415714144706726
0.4605483114719391
0.5400821566581726
0.4275895059108734
0.4285559058189392
0.563310980796814
0.7762039303779602
0.3533904254436493
0.5537920594215393
