0.37144508957862854
0.6286933422088623
0.7687026262283325
0.41237252950668335
0.5419759750366211
0.8350706100463867
0.7421100735664368
0.47135597467422485
0.8098811507225037
0.8550236821174622
0.4148736596107483
0.5838615894317627
0.8849307298660278
0.7762186527252197
0.3979669213294983
0.8509422540664673
0.9234917759895325
0.45583677291870117
0.5023223161697388
0.9180507659912109
0.8395037055015564
0.20956586301326752
0.7614107131958008
0.8902885913848877
0.6148518919944763
0.3663215637207031
0.8838527798652649
0.8517086505889893
0.3750878572463989
0.8090531229972839
0.891219973564148
0.8252169489860535
0.6581722497940063
0.8062035441398621
0.8282445073127747
0.8511917591094971
0.8481553196907043
0.5851492881774902
0.8931082487106323
0.9642446637153625
0.7651221752166748
0.8401971459388733
0.9753141403198242
0.9479606747627258
0.6414754986763
0.9536647796630859
0.9821282625198364
0.9169610142707825
0.8838929533958435
0.9772791266441345
0.9520055055618286
0.9018250703811646
0.9579756855964661
0.9740324020385742
0.9212913513183594
0.9517739415168762
0.9413353800773621
0.9313034415245056
0.7922108769416809
0.9479883909225464
0.886172890663147
0.6323705911636353
0.9319820404052734
0.9156171083450317
0.5693325400352478
0.8075188398361206
0.9088212251663208
0.8734262585639954
0.8361465334892273
0.7651442289352417
0.7907806634902954
0.9023872017860413
0.8436270952224731
0.683250904083252
0.7785307168960571
0.8679372668266296
0.8050497174263
0.8547583818435669
0.9188831448554993
0.8714484572410583
0.8271324634552002
0.7927815914154053
0.8412981629371643
0.8755615949630737
0.8382951021194458
