0.6889455914497375
0.7722839117050171
0.6161416172981262
0.7514060139656067
0.5741610527038574
0.38286539912223816
0.7218807339668274
0.5523562431335449
0.15444865822792053
0.29353174567222595
0.5291445851325989
0.32784461975097656
0.10986402630805969
0.48158085346221924
0.5193251967430115
0.3501242697238922
0.3997175395488739
0.5133666396141052
0.6754248142242432
0.688310980796814
0.6465266346931458
0.5060737729072571
0.4290723502635956
0.21277526021003723
0.4574829339981079
0.4491226375102997
0.4707193970680237
0.2478969842195511
0.38003721833229065
0.1653616726398468
0.2563071548938751
0.1792750209569931
0.4074500501155853
0.12188666313886642
0.11093873530626297
0.21969418227672577
0.285787433385849
0.35300683975219727
0.37505635619163513
0.4689664840698242
0.4009925425052643
0.5360497236251831
0.3812192976474762
0.45286741852760315
0.7441408634185791
0.5896902680397034
0.7302774786949158
0.4100477397441864
0.5891346335411072
0.5104721188545227
0.33764219284057617
0.3459133505821228
0.43242254853248596
0.27074193954467773
0.240571528673172
0.4499407410621643
0.48816999793052673
0.4778585433959961
0.39450281858444214
0.47572293877601624
0.48153945803642273
0.27054715156555176
0.395131379365921
0.29699453711509705
0.27430930733680725
0.4856354892253876
0.43578141927719116
0.12144520878791809
0.3634459972381592
0.619826078414917
0.47520118951797485
0.3594766855239868
0.6652811169624329
0.7012280821800232
0.32497891783714294
0.47775813937187195
0.2978912591934204
0.14741650223731995
0.15701709687709808
0.0952514261007309
0.19908301532268524
0.4127851724624634
0.43811506032943726
0.48814836144447327
0.7943227887153625
0.7494968771934509
0.845707356929779
0.5196762681007385
0.3965602517127991
0.25877317786216736
0.12642411887645721
0.20613479614257812
0.2097185105085373
0.6367576718330383
0.7080262899398804
0.6994017362594604
0.7242776155471802
0.7216408848762512
0.7823352217674255
0.7723115086555481
0.727531909942627
0.5846200585365295
0.515857994556427
0.31631797552108765
0.6382680535316467
0.4269207715988159
0.3744252920150757
0.23187126219272614
0.16637034714221954
0.30466893315315247
0.7310092449188232
0.6803123950958252
0.5393503308296204
0.6423404216766357
0.7422184348106384
0.3778732717037201
0.4279523193836212
0.2540193200111389
0.6070543527603149
0.5587253570556641
0.8429428935050964
0.601574182510376
0.4723254442214966
0.2894705832004547
0.4508841931819916
0.7668102383613586
0.5838412046432495
0.714606761932373
0.7990460395812988
0.8515235185623169
0.7905577421188354
0.5447036027908325
0.5850610136985779
0.5049074292182922
0.6329122185707092
0.37757012248039246
0.29686835408210754
0.16193309426307678
0.18895645439624786
0.17723776400089264
0.5252214074134827
0.5480536818504333
0.7358732223510742
0.5690289735794067
0.35102930665016174
0.7324868440628052
