0.4530171751976013
0.4888486862182617
0.5567708015441895
0.39050427079200745
0.631040632724762
0.7603122591972351
0.5338587164878845
0.7425086498260498
0.4867323935031891
0.7701128721237183
0.7318338751792908
0.693767249584198
0.9002152681350708
0.8448222279548645
0.7602320313453674
0.8150768876075745
0.707511305809021
0.6903182864189148
0.5123550295829773
0.2798098027706146
0.3061561584472656
0.5259065628051758
0.5176357626914978
0.5733820796012878
0.5348422527313232
0.23377230763435364
0.5803754925727844
0.2643052041530609
0.4257659912109375
0.6013328433036804
0.6322457194328308
0.31211358308792114
0.5263885855674744
0.3895981013774872
0.5400997996330261
0.43255195021629333
0.5268552899360657
0.47764819860458374
0.4434627890586853
0.42213863134384155
0.6940737962722778
0.5141265392303467
0.5107598900794983
0.5449913144111633
0.381025105714798
0.39139658212661743
0.40110528469085693
0.2524115741252899
0.6503592133522034
0.1558629870414734
0.2763693332672119
0.16816842555999756
0.6488747000694275
0.5075196623802185
0.3964060842990875
0.48443928360939026
0.535035252571106
0.45594459772109985
0.46934494376182556
0.5893325209617615
0.4179348349571228
0.5618763566017151
0.42991378903388977
0.38540467619895935
0.29156771302223206
0.5242239832878113
0.638802170753479
0.6790739893913269
0.7504963874816895
0.7825801968574524
0.5368167161941528
0.4551420211791992
0.6162693500518799
0.4576839804649353
0.2813864052295685
0.6489862203598022
0.5174993276596069
0.2430620789527893
0.532034695148468
0.4436172544956207
0.2726661264896393
0.3725225627422333
0.3323749005794525
0.738189697265625
0.3257477283477783
0.6450508236885071
0.5228360295295715
0.5743788480758667
0.6572340130805969
0.34059348702430725
0.38354265689849854
0.25378596782684326
0.32186344265937805
0.2980976402759552
0.1656036674976349
0.37562885880470276
0.2692790627479553
0.270699679851532
0.3830360174179077
0.40555962920188904
0.35855430364608765
0.42308321595191956
0.5601967573165894
0.5075243711471558
0.4887554347515106
0.5111650228500366
0.4264735281467438
0.5231526494026184
0.49812331795692444
0.5265712738037109
0.607602059841156
0.6025826334953308
0.552008867263794
0.8269718289375305
0.7550995349884033
0.7293521165847778
0.7606440186500549
0.7203920483589172
0.5971210598945618
0.411348819732666
0.5374887585639954
0.6191801428794861
0.3707508444786072
0.40709352493286133
0.6224599480628967
0.7451355457305908
0.6364815831184387
0.7403932809829712
0.6849526762962341
0.7878544330596924
0.6761877536773682
0.6015905141830444
0.8206029534339905
0.6660674214363098
0.4676017165184021
0.7645144462585449
0.6880270838737488
0.714784562587738
0.7020266652107239
0.7344741225242615
0.566984236240387
0.6250713467597961
0.5021280646324158
0.5684260725975037
0.5530799031257629
0.31789833307266235
0.4435063898563385
0.5229172110557556
