0.6725488901138306
0.7880311608314514
0.7429397702217102
0.24568870663642883
0.7335837483406067
0.8879539370536804
0.5262897610664368
0.38541826605796814
0.9254782795906067
0.964616060256958
0.7477110624313354
0.9252402186393738
0.9683005213737488
0.926474392414093
0.7631222605705261
0.6638458371162415
0.8755193948745728
0.5591827034950256
0.18069007992744446
0.3255036473274231
0.6004231572151184
0.873711884021759
0.7794931530952454
0.8827704787254333
0.8968004584312439
0.9084122180938721
0.8536431193351746
0.5655353665351868
0.6837558746337891
0.22074587643146515
0.3206954896450043
0.34739574790000916
0.16610880196094513
0.24445894360542297
0.39970922470092773
0.5651888251304626
0.23215575516223907
0.2562482953071594
0.47653093934059143
0.5810291171073914
0.27616384625434875
0.34934404492378235
0.41275182366371155
0.31188666820526123
0.337823748588562
0.4756789803504944
0.49493324756622314
0.47347989678382874
0.3916035294532776
0.7605686783790588
0.6007629632949829
0.8941987156867981
0.9282494783401489
0.644400954246521
0.32407599687576294
0.8880496621131897
0.8614214062690735
0.23854398727416992
0.7078728079795837
0.8090823292732239
0.7938434481620789
0.4837481677532196
0.5113725662231445
0.31793099641799927
0.32596319913864136
0.26549863815307617
0.3962996304035187
0.26584959030151367
0.18438145518302917
0.14009003341197968
0.2686710059642792
0.34284335374832153
0.18143948912620544
0.3810058832168579
0.44032320380210876
0.3595777750015259
0.6313620209693909
0.47204697132110596
0.6520874500274658
0.5568698644638062
0.559309184551239
0.7222952246665955
0.6809887886047363
0.6580637693405151
0.31003156304359436
0.43037956953048706
0.35926735401153564
0.34099844098091125
0.2849360704421997
0.2470797747373581
0.24654150009155273
0.3312075734138489
0.046808913350105286
0.23977984488010406
0.17421823740005493
0.05676274374127388
0.22252827882766724
0.1696307510137558
0.1891530156135559
0.1804327815771103
0.17247633635997772
0.4249863922595978
0.5850920677185059
0.49753639101982117
0.3642078936100006
0.5326629877090454
0.42023250460624695
0.1724826693534851
0.13878773152828217
0.2747299373149872
0.42320719361305237
0.69391268491745
0.5899675488471985
0.671427845954895
0.5139955878257751
0.652798056602478
0.6390283703804016
0.49212339520454407
0.7828532457351685
0.5250176191329956
0.5486103296279907
0.25047311186790466
0.1787038892507553
0.7450516819953918
0.6207502484321594
0.5130642056465149
0.8352622985839844
0.9255339503288269
0.5351173281669617
0.8385538458824158
0.9165551066398621
0.848022997379303
0.6536648869514465
0.8163286447525024
0.6652876138687134
0.6232518553733826
0.6798917055130005
0.6412518620491028
0.7081010341644287
0.7410584688186646
0.6876271367073059
0.6037951707839966
0.5449951887130737
0.5779272317886353
0.3788154125213623
0.36084818840026855
0.36109843850135803
0.21088117361068726
0.17724914848804474
0.18611715734004974
0.2779952585697174
0.2748675048351288
0.1812785416841507
0.13192635774612427
0.3573821783065796
0.3076510429382324
0.22581440210342407
0.2620278596878052
0.1990480124950409
0.638388454914093
0.4546421468257904
0.09529249370098114
0.3788893222808838
0.5102132558822632
0.08324501663446426
0.13702113926410675
0.5850791931152344
0.13300523161888123
0.09707149118185043
0.18401089310646057
0.18388715386390686
0.18733134865760803
0.41520777344703674
0.3626531958580017
