0.0651189461350441
0.11158204078674316
0.17560753226280212
0.19858132302761078
0.14317686855793
0.19557617604732513
0.13524262607097626
0.14276966452598572
0.1345021277666092
0.20156919956207275
0.3041084110736847
0.4273424446582794
0.2168705016374588
0.1570587456226349
0.264127641916275
0.09276159107685089
0.043385107070207596
0.14269442856311798
0.06572739034891129
0.05914617329835892
0.05842602998018265
0.07656996697187424
0.08894511312246323
0.027510179206728935
0.04869551211595535
0.1062886193394661
0.042660702019929886
0.014506952837109566
0.07089515775442123
0.13262438774108887
0.08548317104578018
0.1047130599617958
0.0542428232729435
0.2940979301929474
0.11025846749544144
0.3637472689151764
0.30468159914016724
0.41103091835975647
0.49724239110946655
0.6586615443229675
0.928650438785553
0.9539783596992493
0.9210265278816223
0.7854228019714355
0.4649609625339508
0.7768470048904419
0.6195905208587646
0.2081875503063202
0.17116603255271912
0.4086449444293976
0.3375137448310852
0.1796714961528778
0.14813394844532013
0.24426136910915375
0.2363477349281311
0.30728545784950256
0.27605941891670227
0.22578008472919464
0.16632574796676636
0.15450091660022736
0.3723943531513214
0.3627854883670807
0.18657012283802032
0.6615346670150757
0.6769363284111023
0.4330340623855591
0.48096317052841187
0.8692514896392822
0.9184690117835999
0.9138709306716919
0.9374909996986389
0.7485736608505249
0.9382754564285278
0.7021204829216003
0.5582507252693176
0.8162806630134583
0.847448468208313
0.30157461762428284
0.6828858852386475
0.8013655543327332
0.5393187403678894
0.22879216074943542
0.7230239510536194
0.8013060688972473
0.23563440144062042
0.5107520818710327
0.6951362490653992
0.47373130917549133
0.10320795327425003
0.3350890576839447
0.4084959626197815
0.07066445797681808
0.08755016326904297
0.2712831199169159
0.17476503551006317
0.04738054424524307
0.12883466482162476
0.1010589599609375
0.06806979328393936
0.04300375282764435
0.14543382823467255
0.10351185500621796
0.10786420851945877
0.09776625782251358
0.13556444644927979
0.1998205929994583
0.23086023330688477
0.6350551247596741
0.4877771735191345
0.5039708018302917
0.7629174590110779
0.8845385313034058
0.4786607325077057
0.7255070805549622
0.906945526599884
0.7390137910842896
0.3579333424568176
0.7009233832359314
0.8618223667144775
0.7958597540855408
0.5966096520423889
0.6451833248138428
0.7956518530845642
0.829081654548645
0.8051682710647583
0.44660675525665283
0.9228503108024597
0.913384735584259
0.763170599937439
0.7319291234016418
0.957402765750885
0.9009075164794922
0.4930434226989746
0.5902501940727234
0.9242728352546692
0.8688321113586426
0.15448276698589325
0.7671270370483398
0.8311368227005005
0.44455602765083313
0.06721232086420059
0.5374572277069092
0.2643524706363678
0.2526918351650238
0.10450921207666397
0.06641063839197159
0.08159473538398743
0.07069277763366699
0.1082647442817688
0.1910059005022049
0.17908594012260437
0.06844226270914078
0.18523447215557098
0.2590233385562897
0.4189116060733795
0.4355117380619049
0.7706742286682129
0.634589433670044
0.7223559617996216
0.5783960819244385
0.5058573484420776
0.5108766555786133
0.3477918207645416
0.39052122831344604
0.6431313157081604
0.5528159737586975
0.49873414635658264
0.43577879667282104
0.5356996059417725
0.610417902469635
0.5826903581619263
0.5882220268249512
0.7973988652229309
0.8180272579193115
0.8158913850784302
0.6860466003417969
0.8223289251327515
0.41482993960380554
0.44235852360725403
0.8872700333595276
0.6904553174972534
0.5959312915802002
0.8422183990478516
0.9496206641197205
0.9027988910675049
0.36216428875923157
0.5871949195861816
0.4245407283306122
0.3467937409877777
0.2798200249671936
0.4817538857460022
