0.683203399181366
0.692938506603241
0.7497093677520752
0.7693243622779846
0.7852508425712585
0.8607258796691895
0.8321107625961304
0.7752985954284668
0.8123669028282166
0.6741413474082947
0.713408350944519
0.6846664547920227
0.7153165340423584
0.8267911672592163
0.6893549561500549
0.874267578125
0.7744216322898865
0.6779581904411316
0.629148542881012
0.6537235379219055
0.5209976434707642
0.6721037030220032
0.47571808099746704
0.46130478382110596
0.4686499834060669
0.7125073075294495
0.6537845730781555
0.8528079986572266
0.7202639579772949
0.7885931134223938
0.7719835638999939
0.8388144969940186
0.7650842070579529
0.6929049491882324
0.7348511815071106
0.5942581295967102
0.6206179261207581
0.5536822080612183
0.5464761853218079
0.43001213669776917
0.46522438526153564
0.5859196782112122
0.6687142252922058
0.7088915109634399
0.7309096455574036
0.7386558055877686
0.7461955547332764
0.6271932721138
0.7290140986442566
0.7462226748466492
0.7573149800300598
0.7143943309783936
0.8769004940986633
0.7631261944770813
0.784346878528595
0.7804496884346008
0.7628542184829712
0.8042663335800171
0.7379938364028931
0.8301849365234375
