0.8716140985488892
0.8181938529014587
0.6330645680427551
0.9407045841217041
0.9199041724205017
0.5739544034004211
0.8930774331092834
0.9474137425422668
0.8119156956672668
0.7613373398780823
0.9242974519729614
0.9317148923873901
0.7169859409332275
0.9222559332847595
0.9508188366889954
0.835552990436554
0.8772030472755432
0.9698991775512695
0.9403770565986633
0.8013115525245667
0.8842185139656067
0.8544394373893738
0.9113451838493347
0.8881729245185852
0.8800582885742188
0.7504888772964478
0.7810816764831543
0.62806636095047
0.561856210231781
0.5439195036888123
0.7194387912750244
0.6931418180465698
0.6546522974967957
0.684690535068512
0.610892117023468
0.7773608565330505
0.861732542514801
0.35760924220085144
0.48461416363716125
0.7394370436668396
0.505864679813385
0.5796917080879211
0.7949591279029846
0.7128975987434387
0.5328968167304993
0.7374051809310913
0.5435310006141663
0.5139490365982056
0.4899728000164032
0.47302675247192383
0.6095265746116638
0.3319379985332489
0.621077835559845
0.4026467502117157
0.4309002459049225
0.3863525390625
0.4621872901916504
0.6204136610031128
0.7296468019485474
0.45564359426498413
0.5825502872467041
0.6669819355010986
0.5982231497764587
0.5451114177703857
0.737473726272583
0.6034194231033325
0.6636695265769958
0.44893917441368103
0.47085869312286377
0.46346315741539
0.3992992043495178
0.43727609515190125
0.46444034576416016
0.403951495885849
0.408915251493454
0.3781616687774658
0.5588377118110657
0.4843544065952301
0.5332460999488831
0.646384596824646
0.7379822731018066
0.7944477200508118
0.7696307897567749
0.9341698884963989
0.9479594826698303
0.612042248249054
0.4341912269592285
0.8600582480430603
0.8112120628356934
0.5364969968795776
0.4872751235961914
0.8812530040740967
0.65647292137146
0.26648131012916565
0.4819834530353546
0.6172386407852173
0.40097200870513916
0.34201890230178833
0.31783634424209595
0.6139883995056152
0.3128148317337036
0.260646253824234
0.3278197646141052
