0.20804615318775177
0.3979252278804779
0.312918096780777
0.43744149804115295
0.4561119079589844
0.37031450867652893
0.6085434556007385
0.4540230333805084
0.5870031714439392
0.4129238426685333
0.4068004786968231
0.3720543384552002
0.3242815136909485
0.20134150981903076
0.23744112253189087
0.21997101604938507
0.20055262744426727
0.38029995560646057
0.36201319098472595
0.3997260630130768
0.4019378125667572
0.23285436630249023
0.5285027027130127
0.47422897815704346
0.411119669675827
0.2314891815185547
0.2945946753025055
0.27674707770347595
0.43900591135025024
0.21398141980171204
0.28300413489341736
0.12588368356227875
0.20616696774959564
0.18038256466388702
0.17618529498577118
0.5573365092277527
0.5254162549972534
0.3854960501194
0.5912542343139648
0.5264226794242859
0.452627032995224
0.6427871584892273
0.5412800908088684
0.4959438145160675
0.4413265287876129
0.378601998090744
0.3159988522529602
0.4582909643650055
0.23313000798225403
0.5593138933181763
0.6509214043617249
0.3641372621059418
0.1621798425912857
0.6672745943069458
0.4288364052772522
0.19697971642017365
0.5032432675361633
0.5365925431251526
0.2282412052154541
0.2612523138523102
0.2489503026008606
0.3588474690914154
0.40957704186439514
0.48139360547065735
0.48967245221138
0.4861434996128082
0.28772374987602234
0.38430705666542053
0.32661527395248413
0.16024430096149445
0.30655637383461
0.4587498903274536
0.17532184720039368
0.35147884488105774
0.2624589502811432
0.23693901300430298
0.29369720816612244
0.1855536550283432
0.12709695100784302
0.24516937136650085
0.05670945718884468
0.14024777710437775
0.05021237954497337
0.08337169140577316
0.17257995903491974
0.19668518006801605
0.04462278634309769
0.09571687877178192
0.0433526448905468
0.023807760328054428
0.05137862637639046
0.06393947452306747
0.038706421852111816
0.03465307503938675
0.03531882166862488
0.02418888919055462
0.009906682185828686
0.026393482461571693
0.010841276496648788
0.025283323600888252
0.02620251476764679
0.01691088080406189
0.026937270537018776
0.13878819346427917
0.3777426779270172
0.553699254989624
0.19022025167942047
0.18637247383594513
0.7573440670967102
0.4732247591018677
0.048172999173402786
0.5275037884712219
0.6227521300315857
0.220564603805542
0.1276157647371292
0.7258580327033997
0.4664679765701294
0.18063507974147797
0.3874799311161041
0.3596087396144867
0.31836333870887756
0.1354970932006836
0.49925291538238525
0.38311314582824707
0.23731987178325653
0.29606786370277405
0.10991901904344559
0.18328793346881866
0.29406923055648804
0.09029844403266907
0.248256653547287
0.38349059224128723
0.5479839444160461
0.1997852623462677
0.4010504484176636
0.3367438018321991
0.6323712468147278
0.5334697365760803
0.6025183796882629
0.6872894763946533
0.5696015954017639
0.6739816665649414
0.7085361480712891
0.7765982747077942
0.7149268388748169
0.7302030920982361
0.5399278998374939
0.5190008282661438
0.5413676500320435
0.2549174726009369
0.20227453112602234
0.34693214297294617
0.0962449312210083
0.2999500334262848
0.5462396740913391
0.02815401926636696
0.0531991608440876
0.15887470543384552
0.46168771386146545
0.01639571413397789
0.03616321459412575
0.2671104967594147
0.13712313771247864
0.012991566210985184
0.10077964514493942
0.015208272263407707
0.0330103263258934
0.018196268007159233
0.03423231467604637
0.004876210354268551
0.022393368184566498
0.0033835938666015863
0.009615636430680752
0.002300503896549344
0.023821290582418442
0.054916732013225555
0.3306053578853607
0.12142378836870193
0.1021900549530983
0.2248496264219284
0.14179623126983643
0.14814125001430511
0.1040048748254776
0.016359476372599602
0.07212551683187485
0.035586338490247726
0.020407291129231453
0.025266675278544426
0.07144800573587418
0.033676695078611374
0.005799673497676849
0.04515543580055237
0.12937846779823303
0.035811156034469604
0.04518190026283264
0.03451281040906906
0.03914148733019829
0.02064170129597187
0.04002223536372185
0.009540680795907974
0.019339391961693764
0.017336085438728333
0.05302242562174797
0.03552655503153801
0.25219279527664185
0.13587678968906403
0.2836131155490875
0.19098183512687683
0.39989039301872253
0.21263135969638824
0.051656320691108704
0.26126614212989807
0.33715397119522095
0.36643242835998535
0.5206908583641052
0.20330122113227844
0.1833351105451584
0.386115700006485
0.4695880711078644
0.5482202768325806
0.16505862772464752
0.19789884984493256
0.1264277845621109
0.12968991696834564
0.21164673566818237
0.11794064193964005
0.07254648208618164
0.15734314918518066
0.1312805861234665
0.024602660909295082
0.14171329140663147
0.09466586261987686
0.044612303376197815
0.10925773531198502
0.1615019589662552
0.08701791614294052
0.17183344066143036
0.10324729979038239
0.025703392922878265
0.09534516930580139
0.1130916178226471
0.1296393722295761
0.19466739892959595
0.2049238681793213
0.22682911157608032
0.31949079036712646
0.14215512573719025
0.25465092062950134
0.45457425713539124
0.2544693350791931
0.6069610118865967
0.4427050054073334
0.5883585214614868
0.7541966438293457
0.70572829246521
0.9107242226600647
0.6491214036941528
0.5595346689224243
0.4187602996826172
0.4894445240497589
0.6714168190956116
0.35906848311424255
0.2428150475025177
0.5254159569740295
0.5258795619010925
0.3684436082839966
0.16961641609668732
0.39458340406417847
0.32184872031211853
0.11301598697900772
0.21896709501743317
0.28363746404647827
0.1519303172826767
0.041845835745334625
0.18392769992351532
0.4111347198486328
0.19612924754619598
0.09865514189004898
0.27739083766937256
0.4889276921749115
0.35614094138145447
0.44031256437301636
0.3966232240200043
0.3243485987186432
0.399432510137558
0.5185263752937317
0.4496331810951233
0.593268632888794
0.48353567719459534
0.3719595670700073
0.6039899587631226
0.4420740008354187
0.5023623704910278
0.49836036562919617
0.6702952980995178
0.520332932472229
0.34100353717803955
0.44083425402641296
0.6552059650421143
0.3701396882534027
0.28709182143211365
0.6231955289840698
0.4723163843154907
0.12381614744663239
0.3661936819553375
0.31166231632232666
0.19313019514083862
0.25352129340171814
0.3922368288040161
0.466890811920166
0.11747556179761887
0.1129106655716896
0.15655770897865295
0.04274861887097359
0.007068481761962175
0.09482003003358841
0.19732244312763214
0.05680220201611519
0.12731236219406128
0.034917354583740234
0.08093399554491043
0.054707057774066925
0.13416382670402527
0.08293550461530685
0.07954252511262894
0.044441282749176025
0.19992664456367493
0.3558548390865326
0.557761013507843
0.3329133093357086
0.2572614848613739
0.592997670173645
0.45045873522758484
0.18720926344394684
0.5319387316703796
0.6452599167823792
0.5783687829971313
0.5177680253982544
0.7083596587181091
0.8245163559913635
0.4563070833683014
0.6170256733894348
0.7350002527236938
0.8233633637428284
0.8379373550415039
0.7370255589485168
0.5870605707168579
0.6052207350730896
0.675932765007019
0.5559467077255249
0.35777807235717773
0.4493851661682129
0.6102358102798462
0.3786434829235077
0.2391204535961151
0.3084889054298401
0.49828973412513733
0.474906861782074
0.23916755616664886
0.4531042277812958
0.6893177628517151
0.6662952899932861
0.5904583930969238
0.7403400540351868
0.4738612174987793
0.8258689045906067
0.6231734156608582
0.38063088059425354
0.32350972294807434
0.1398984044790268
0.15262070298194885
0.3306780457496643
0.4197109639644623
0.26991716027259827
0.4022809565067291
0.5831792950630188
0.35648074746131897
0.18564119935035706
0.27959784865379333
0.1331786960363388
0.14896844327449799
0.1603393852710724
0.171122744679451
0.03944612294435501
0.015242267400026321
0.0673861876130104
0.19232498109340668
0.05362359806895256
0.018681364133954048
0.05005117133259773
0.03197066858410835
0.011898920871317387
0.0200458113104105
0.009969010017812252
0.01564735546708107
0.009118272922933102
0.010837182402610779
0.007014544680714607
0.024151379242539406
0.007150639314204454
0.04743054509162903
0.11273768544197083
0.21617746353149414
0.17221161723136902
0.3703623414039612
0.29768767952919006
0.16759462654590607
0.06708753108978271
0.1093854084610939
0.07613525539636612
0.032964106649160385
0.021855860948562622
0.07880502939224243
0.01152737531810999
0.003764556022360921
0.013265921734273434
0.013089408166706562
0.003947319928556681
0.016597015783190727
0.013343212194740772
0.01890677772462368
0.0057541923597455025
0.014421120285987854
0.018925603479146957
0.00789226870983839
0.02708209864795208
0.018256084993481636
0.11294737458229065
0.07506478577852249
0.21509529650211334
0.07754607498645782
0.15136763453483582
0.29346564412117004
0.26661163568496704
0.29812556505203247
0.2650860548019409
0.08176585286855698
0.04607074335217476
0.03530192747712135
0.026104385033249855
0.014530698768794537
0.049707405269145966
0.10212443023920059
0.039766065776348114
0.0277303084731102
0.04840758442878723
0.12488828599452972
0.04221271723508835
0.10354285687208176
0.09407629072666168
0.2057010978460312
0.2805411219596863
0.2514657974243164
0.4251546561717987
0.3741163909435272
0.2976400554180145
0.5532568097114563
0.2824568450450897
0.38960906863212585
0.3478112518787384
0.23017700016498566
0.09969183057546616
0.20494027435779572
0.14171190559864044
0.14352421462535858
0.18587447702884674
0.48865023255348206
0.3780946135520935
0.23030413687229156
0.34846338629722595
0.4388197660446167
0.5781154632568359
0.29380735754966736
0.3684651553630829
0.7093180418014526
0.8229120373725891
0.43382248282432556
0.5466184020042419
0.8409885168075562
0.6634212732315063
0.4561642110347748
0.6493573784828186
0.7498374581336975
0.35397061705589294
0.22367922961711884
0.6011404395103455
0.5156449675559998
0.5818710923194885
0.649791955947876
0.7157208919525146
0.6372115015983582
0.6715251207351685
0.6250547170639038
0.6479877233505249
0.3161071836948395
0.7868035435676575
0.7995442748069763
0.44943326711654663
0.6489516496658325
0.7162240147590637
0.4837350845336914
0.18421299755573273
0.4040168225765228
0.1986992508172989
0.1361134648323059
0.4635666310787201
0.3341863453388214
0.2717368006706238
0.4747838079929352
0.7618325352668762
0.1561160832643509
0.17042997479438782
0.4159148931503296
0.6062995791435242
0.08873717486858368
0.2711390554904938
0.8041899800300598
0.6335150003433228
0.33894506096839905
0.3772784173488617
0.3433195948600769
0.301577091217041
0.4167567789554596
0.19801560044288635
0.2188943773508072
0.052097972482442856
0.21833570301532745
0.15872740745544434
0.1333344727754593
0.11990851908922195
0.13727924227714539
0.09579499810934067
0.05945026874542236
0.1264227330684662
0.2485579401254654
0.20205765962600708
0.27088677883148193
0.2433764934539795
0.21689949929714203
0.19056935608386993
0.14110179245471954
0.1314079612493515
0.22608047723770142
0.15757454931735992
0.22371138632297516
0.23503108322620392
0.15321524441242218
0.16032540798187256
0.16568471491336823
0.17652897536754608
0.06857726722955704
0.1415444165468216
0.09446197003126144
0.21502238512039185
0.11706876754760742
0.06564166396856308
0.2063860297203064
0.21088571846485138
0.18366947770118713
0.3640751540660858
0.33035483956336975
0.1866883784532547
0.24493233859539032
0.192399799823761
0.18041597306728363
0.07026972621679306
0.1500726342201233
0.08803875744342804
0.09850750118494034
0.2004839926958084
0.19373901188373566
0.40907028317451477
0.3321232199668884
0.34821367263793945
0.2293892204761505
0.1239410936832428
0.19582143425941467
0.17950110137462616
0.05714534968137741
0.2545991539955139
0.1950569450855255
0.29165130853652954
0.19406668841838837
0.28419503569602966
0.23946449160575867
0.16068337857723236
0.34430691599845886
0.3412199020385742
0.28484058380126953
0.5222084522247314
0.13306720554828644
0.07283609360456467
0.19356361031532288
0.251268595457077
0.20699697732925415
0.13368119299411774
0.2955462634563446
0.3027787506580353
