0.07806537300348282
0.131862074136734
0.10691867023706436
0.1348681002855301
0.036267414689064026
0.058003347367048264
0.015249490737915039
0.1666993498802185
0.03344862163066864
0.12072174996137619
0.029454311355948448
0.24407508969306946
0.41025447845458984
0.34104976058006287
0.6606824994087219
0.5767884254455566
0.42845872044563293
0.29051676392555237
0.311307817697525
0.24661323428153992
0.23728270828723907
0.623607337474823
0.47977888584136963
0.17373277246952057
0.24688799679279327
0.27671489119529724
0.399743914604187
0.36799588799476624
0.18199600279331207
0.19241948425769806
0.29342058300971985
0.3188673257827759
0.1844758540391922
0.11655928194522858
0.20079441368579865
0.24495434761047363
0.06437516957521439
0.035667698830366135
0.15150956809520721
0.11026690155267715
0.008615781553089619
0.053759075701236725
0.1987280696630478
0.07129710912704468
0.01585085317492485
0.11567245423793793
0.24703113734722137
0.12232685089111328
0.10093638300895691
0.1172168105840683
0.23306280374526978
0.42241546511650085
0.19369974732398987
0.18137159943580627
0.35055479407310486
0.3580058217048645
0.19538837671279907
0.14177806675434113
0.18205001950263977
0.5263214111328125
0.24924291670322418
0.22058625519275665
0.09442388266324997
0.16962280869483948
0.11489322781562805
0.16298629343509674
0.047262996435165405
0.21047787368297577
0.22775502502918243
0.3280383348464966
0.19028319418430328
0.17070423066616058
0.16930045187473297
0.10962586104869843
0.05136563256382942
0.0638362467288971
0.09660539776086807
0.11019113659858704
0.11664005368947983
0.26877593994140625
0.19501623511314392
0.22046305239200592
0.23786208033561707
0.2341742217540741
0.22280876338481903
0.42921972274780273
0.021751439198851585
0.24405206739902496
0.020639870315790176
0.170134037733078
0.026500996202230453
0.06888175755739212
0.13034497201442719
0.18475450575351715
0.04241802915930748
0.045149464160203934
0.3757137954235077
0.1621892899274826
0.05219930410385132
0.19464169442653656
0.27913886308670044
0.13336485624313354
0.03805892914533615
0.25041866302490234
0.16214098036289215
0.2068643867969513
0.08488873392343521
0.21239247918128967
0.15570293366909027
0.2631484568119049
0.08080728352069855
0.1472468078136444
0.15857148170471191
0.10705367475748062
0.07576189935207367
0.14479027688503265
0.12446130812168121
0.054471369832754135
0.04679872468113899
0.0981428399682045
0.1594211608171463
0.04853034019470215
0.040989428758621216
0.18031345307826996
0.2904417812824249
0.16849756240844727
0.08667504042387009
0.0784037858247757
0.257286936044693
0.1529645323753357
0.16943849623203278
0.19523416459560394
0.15675583481788635
0.15991945564746857
0.2231399565935135
0.27083224058151245
0.13880154490470886
0.13346107304096222
0.36927488446235657
0.46996989846229553
0.24740324914455414
0.31106269359588623
0.3029056191444397
0.13959646224975586
0.16163784265518188
0.09191736578941345
0.0324690118432045
0.11698082834482193
0.19125887751579285
0.4017913043498993
0.17323113977909088
0.14478027820587158
0.07967031747102737
0.12364143878221512
0.11577902734279633
0.2290211319923401
0.25710320472717285
0.27165940403938293
0.13142387568950653
0.13775208592414856
0.1230287179350853
0.18121899664402008
0.12484735995531082
0.08217498660087585
0.17227523028850555
0.06955210864543915
0.17439694702625275
0.16088728606700897
0.10132095962762833
0.04532555118203163
0.09730390459299088
0.25615715980529785
0.20737721025943756
0.17040374875068665
0.26793086528778076
0.06521879881620407
0.21808229386806488
0.1830320954322815
0.47580772638320923
0.16646893322467804
0.09092896431684494
0.3352743685245514
0.5378900766372681
0.11353283375501633
0.15980441868305206
0.5291420817375183
0.09228110313415527
0.07596885412931442
0.2929826080799103
0.4131762683391571
0.19726382195949554
0.31671178340911865
0.17872455716133118
0.0982426181435585
0.18383224308490753
0.13699749112129211
0.124197818338871
0.08056966960430145
0.21208816766738892
0.27975112199783325
0.12522338330745697
0.3613756000995636
0.45541641116142273
0.18271127343177795
0.08207549899816513
0.40226152539253235
0.611318051815033
0.2528175413608551
0.12072616070508957
0.4749949872493744
0.5714560151100159
0.5124591588973999
0.10773911327123642
0.6152553558349609
0.7462674379348755
0.3046432435512543
0.2408948689699173
0.6690876483917236
0.6387590169906616
0.32622581720352173
0.42763909697532654
0.7464054226875305
0.48636019229888916
0.40687096118927
0.3465123176574707
0.3917721211910248
0.2367464154958725
0.4129885733127594
0.5833619236946106
0.3108120262622833
0.43330827355384827
0.36301684379577637
0.08009875565767288
0.3643963038921356
0.25114262104034424
0.25079411268234253
0.40426602959632874
0.5478465557098389
0.21856899559497833
0.17370006442070007
0.0924275815486908
0.20917555689811707
0.22583286464214325
0.10743885487318039
0.3400091230869293
0.4977026581764221
0.3351978361606598
0.4987491965293884
0.41831260919570923
0.3916721045970917
0.3807392716407776
0.17811234295368195
0.2513338625431061
0.3313826024532318
0.26720568537712097
0.16347192227840424
0.26664310693740845
0.37004926800727844
0.3155772089958191
0.39931562542915344
0.1676393300294876
0.13263295590877533
0.039204418659210205
0.049902256578207016
0.08803160488605499
0.032447002828121185
0.04629304260015488
0.05253995954990387
0.1438073068857193
0.301128089427948
0.07616375386714935
0.21382203698158264
0.12252582609653473
0.12490338832139969
0.21324066817760468
0.09824955463409424
0.1365440934896469
0.11154939234256744
0.18187853693962097
0.04807180538773537
0.053739242255687714
0.05578886717557907
0.12316980957984924
0.1787000447511673
0.14051291346549988
0.06447190791368484
0.14904244244098663
0.04845200851559639
0.10053955018520355
0.03767228499054909
0.047882627695798874
0.015263644978404045
0.006576873827725649
0.021594254299998283
0.020642602816224098
0.03325971961021423
0.08126033842563629
0.056456711143255234
0.032892391085624695
0.04780574515461922
0.04943389445543289
0.06050802022218704
0.03085903637111187
0.021047526970505714
0.053107693791389465
0.06832495331764221
0.06385975331068039
0.026769587770104408
0.06010572239756584
0.041912198066711426
0.08348976820707321
0.04207778349518776
0.03903750330209732
0.10628541558980942
0.04976636543869972
0.08812261372804642
0.08276307582855225
0.10437539964914322
0.11569467931985855
0.0907629132270813
0.10881641507148743
0.07969140261411667
0.032586611807346344
0.07565227895975113
0.09056117385625839
0.11907670646905899
0.08297721296548843
0.07400964200496674
0.07470648735761642
0.09874627739191055
0.028956588357686996
0.10261857509613037
0.07618875056505203
0.05312620475888252
0.14193052053451538
0.2248811274766922
0.33796802163124084
0.1375771164894104
0.22942212224006653
0.33857399225234985
0.25667038559913635
0.1954364776611328
0.13952428102493286
0.28043127059936523
0.15705616772174835
0.13737143576145172
0.20264315605163574
0.2839176058769226
0.1609693020582199
0.10994044691324234
0.27684909105300903
0.23052623867988586
0.14353503286838531
0.17438645660877228
0.2180708348751068
0.14748723804950714
0.08094056695699692
0.29033511877059937
0.25945961475372314
0.18039479851722717
0.08202473074197769
0.029420340433716774
0.09369463473558426
0.05507928878068924
0.018207859247922897
0.13467980921268463
0.2322307974100113
0.16869039833545685
0.0338241383433342
0.070425845682621
0.025419533252716064
0.04947759956121445
0.016480039805173874
0.12303362786769867
0.030055996030569077
0.04751240834593773
0.1502046138048172
0.31861379742622375
0.5723581910133362
0.5475901365280151
0.3152400553226471
0.5573329329490662
0.39298364520072937
0.42700424790382385
0.5463340282440186
0.27905401587486267
0.5936701893806458
0.7953135967254639
0.7969573736190796
0.44330406188964844
0.6135538816452026
0.7810952663421631
0.67545086145401
0.5030900835990906
0.598667562007904
0.681874692440033
0.4701925814151764
0.3367272615432739
0.44483375549316406
0.39403221011161804
0.19319505989551544
0.1394154578447342
0.35653969645500183
0.08623958379030228
0.09711507707834244
0.197913259267807
0.3426007330417633
0.11577735096216202
0.08770184218883514
0.23194779455661774
0.09958013892173767
0.045969266444444656
0.045703087002038956
0.11891530454158783
0.09577778726816177
0.08567708730697632
0.025624729692935944
0.11751154810190201
0.09990552067756653
0.1568887084722519
0.2598671019077301
0.10651430487632751
0.081907257437706
0.08305785059928894
0.13896065950393677
0.15862585604190826
0.01449036318808794
0.09332815557718277
0.0054568941704928875
0.03764411807060242
0.009349088184535503
0.021266812458634377
0.13914918899536133
0.17178651690483093
0.08344531804323196
0.08071623742580414
0.6015682220458984
0.3162387013435364
0.05434051528573036
0.12436442822217941
0.4180767834186554
0.22275474667549133
0.0502287931740284
0.17610929906368256
0.21336856484413147
0.10627077519893646
0.10501255095005035
0.12871618568897247
0.31385818123817444
0.29822850227355957
0.34748581051826477
0.45892441272735596
0.6829324960708618
0.5133956074714661
0.20606039464473724
0.1942232996225357
0.3143121898174286
0.09331325441598892
0.03298095986247063
0.016777267679572105
0.01930781826376915
0.008545242249965668
0.07342904061079025
0.09658912569284439
0.21443742513656616
0.2875872850418091
0.4507121443748474
0.28941893577575684
0.6272948384284973
0.7024519443511963
0.8204699158668518
0.4388108253479004
0.7362942099571228
0.7199230790138245
0.15516309440135956
0.3555764853954315
0.5588552951812744
0.6152260899543762
0.051484365016222
0.4275074601173401
0.39007341861724854
0.08637996762990952
0.03241146355867386
0.22705571353435516
0.26402872800827026
0.22115571796894073
0.0122957993298769
0.06044686585664749
0.10113007575273514
0.07646588236093521
0.1841604858636856
0.05762527510523796
0.06466110050678253
0.11231736093759537
0.0355629101395607
0.12181022763252258
0.05223167687654495
0.33502471446990967
0.15202046930789948
0.2911056578159332
0.49235910177230835
0.6739795804023743
0.7977622151374817
0.8561472296714783
0.8471210598945618
0.8103404641151428
0.8989413380622864
0.6150692701339722
0.5874164700508118
0.2838531732559204
0.20627246797084808
0.19535739719867706
0.20096760988235474
0.37447890639305115
0.3391059935092926
0.3031783401966095
0.37987130880355835
0.4392448365688324
0.14668585360050201
0.20476014912128448
0.5076420903205872
0.34285661578178406
0.06432009488344193
0.08509887754917145
0.08130456507205963
0.29777899384498596
0.12139773368835449
0.0705544501543045
0.11594889312982559
0.27420225739479065
0.13625971972942352
0.17638760805130005
0.3307460844516754
0.3129216730594635
0.09806797653436661
0.5474126935005188
0.5842180848121643
0.14893309772014618
0.13850577175617218
0.6435813307762146
0.4853782057762146
0.11977353692054749
0.36912742257118225
0.6777670383453369
0.3604655861854553
0.08631857484579086
0.48796096444129944
0.4349651038646698
0.4066515266895294
0.11630790680646896
0.3536762595176697
0.4128164052963257
0.21275492012500763
0.056598860770463943
0.17593570053577423
0.40896734595298767
0.23241925239562988
0.058755047619342804
0.2282065600156784
0.4799967408180237
0.30079385638237
0.0647154301404953
0.38971808552742004
0.6203694939613342
0.3963373005390167
0.10964769124984741
0.47779884934425354
0.21560093760490417
0.3723450005054474
0.23481294512748718
0.25401848554611206
0.12534141540527344
0.11833999305963516
0.09630335122346878
0.12134236842393875
0.11105161905288696
0.12196150422096252
0.22462238371372223
0.14315590262413025
0.11619390547275543
0.10558825731277466
0.25097063183784485
0.04918495938181877
0.1505996584892273
0.10632237792015076
0.15628279745578766
0.22419105470180511
0.21277792751789093
0.1572953164577484
0.3562581241130829
0.2985685467720032
0.16464872658252716
0.2235802263021469
0.1795351207256317
0.24260874092578888
0.15479227900505066
0.1250849962234497
0.15691207349300385
0.21865449845790863
0.1508619487285614
0.07192300260066986
0.33077898621559143
0.17528745532035828
0.20911557972431183
0.12523749470710754
0.2745666801929474
0.28989458084106445
0.13428887724876404
0.33968058228492737
0.25408926606178284
0.37874290347099304
0.17620515823364258
0.29532429575920105
0.3315545618534088
0.4051511585712433
0.11781774461269379
0.2301679402589798
0.0787726491689682
