0.1889306753873825
0.11819668859243393
0.014601273462176323
0.03895319253206253
0.010116512887179852
0.0182087030261755
0.03790292143821716
0.1626274585723877
0.24746966361999512
0.27840104699134827
0.5913101434707642
0.19058309495449066
0.10960276424884796
0.051860131323337555
0.020739542320370674
0.02186569757759571
0.04389849305152893
0.13581040501594543
0.05428224056959152
0.23256522417068481
0.2940460443496704
0.2936798632144928
0.4238673746585846
0.3003459870815277
0.2623068690299988
0.6891566514968872
0.6612536311149597
0.7489125728607178
0.7829205393791199
0.38383904099464417
0.7835066318511963
0.9010615944862366
0.7337100505828857
0.48629602789878845
0.9166735410690308
0.8975743055343628
0.6561287045478821
0.19984984397888184
0.8983238935470581
0.7423556447029114
0.2906958758831024
0.18879200518131256
0.6373890042304993
0.5322907567024231
0.12959647178649902
0.19650302827358246
0.28251370787620544
0.2679459750652313
0.22568075358867645
0.1493895798921585
0.11595068871974945
0.20529219508171082
0.4413929283618927
0.39470869302749634
0.12439881265163422
0.07814780622720718
0.1744975745677948
0.029068151488900185
0.03586922585964203
0.002752752508968115
0.018025115132331848
0.012572722509503365
0.09546465426683426
0.02440054714679718
0.13120444118976593
0.2572469413280487
0.7811527848243713
0.8700690269470215
0.9338696599006653
0.31352531909942627
0.32757335901260376
0.9588868021965027
0.6753026843070984
0.10558191686868668
0.4919038414955139
0.848084032535553
0.6450608372688293
0.0689181461930275
0.8118566870689392
0.8867986798286438
0.614734411239624
0.1677779108285904
0.9085870385169983
0.8433659672737122
0.4741024971008301
0.6963847279548645
0.3460329473018646
0.200985386967659
0.08187565207481384
0.018620774149894714
0.025501050055027008
0.0026217724662274122
0.02214263565838337
0.021569443866610527
0.013969046995043755
0.020687919110059738
0.014378054067492485
0.012459692545235157
0.004361079074442387
0.04704095050692558
0.012570391409099102
0.0123981311917305
0.21449466049671173
0.27797165513038635
0.1245395764708519
0.02335754968225956
0.02702815644443035
0.011093744076788425
0.06112293526530266
0.10868433117866516
0.005314737092703581
0.032623399049043655
0.007368207909166813
0.018133027479052544
0.04833557829260826
0.22903040051460266
0.23182612657546997
0.8925478458404541
0.8169184923171997
0.4308859705924988
0.4437163174152374
0.08896086364984512
0.13753454387187958
0.1308000534772873
0.04157285392284393
0.1240297183394432
0.07925563305616379
0.1796513944864273
0.1434275358915329
0.19393187761306763
0.21630820631980896
0.2791633903980255
0.1028510332107544
0.2251635193824768
0.09601645916700363
0.2026078999042511
0.21273240447044373
0.3129125237464905
0.6111324429512024
0.2594391405582428
0.12586554884910583
0.4556244909763336
0.47540104389190674
0.299458384513855
0.5473239421844482
0.31785351037979126
0.47110217809677124
0.42812380194664
0.10613512992858887
0.04238756373524666
0.23683364689350128
0.3038622736930847
0.06085328385233879
0.1642569750547409
0.20979250967502594
0.11019176244735718
0.06667621433734894
0.016733843833208084
0.02978307008743286
0.019502365961670876
0.011687865480780602
0.02223367989063263
0.010413617826998234
0.009712464176118374
0.16751033067703247
0.032332394272089005
0.13459081947803497
0.154806986451149
0.22152936458587646
0.28469955921173096
0.24126672744750977
0.2713577449321747
0.12159029394388199
0.07705716043710709
0.19911950826644897
0.2217535376548767
0.06403931230306625
0.09729170054197311
0.03541559725999832
0.04822101071476936
0.03785127401351929
0.06653785705566406
0.06455601751804352
0.011862133629620075
0.1062975525856018
0.046172577887773514
0.18548327684402466
0.2874869108200073
0.09785902500152588
0.06194215267896652
0.008943837136030197
0.17158780992031097
0.04261172562837601
0.007102553267031908
0.027315517887473106
0.2362551987171173
0.04308396205306053
0.012230352498590946
0.11612547934055328
0.15688717365264893
0.08262594789266586
0.14841294288635254
0.19918189942836761
0.193685382604599
0.22299663722515106
0.17967385053634644
0.13897857069969177
0.2854633033275604
0.39741793274879456
0.4953964650630951
0.8547018766403198
0.5948877930641174
0.33597514033317566
0.7259662747383118
0.7076497673988342
0.3509298264980316
0.8368832468986511
0.5521412491798401
0.7214692234992981
0.8536607623100281
0.7642754912376404
0.7908253073692322
0.7583904266357422
0.8139863610267639
0.6439092755317688
0.6208220720291138
0.687028706073761
0.5287043452262878
0.4554336965084076
0.5112696290016174
