0.059573132544755936
0.32786035537719727
0.20969046652317047
0.6531449556350708
0.4666465222835541
0.1778850555419922
0.5878759622573853
0.7190260887145996
0.3724135160446167
0.18085826933383942
0.6211655139923096
0.2963699400424957
0.533512532711029
0.33347681164741516
0.6125947833061218
0.7884789109230042
0.4017041325569153
0.2389545738697052
0.37814879417419434
0.1414368599653244
0.3119373023509979
0.05290168151259422
0.12047786265611649
0.07919979095458984
0.04601839557290077
0.18501505255699158
0.2164107859134674
0.09902232885360718
0.18174150586128235
0.2090175598859787
0.14328239858150482
0.3263382017612457
0.06316140294075012
0.1907341629266739
0.06791937351226807
0.1914769858121872
0.09745235741138458
0.14633972942829132
0.3884705603122711
0.14490224421024323
0.2937032878398895
0.2055557519197464
0.3466845154762268
0.19500747323036194
0.21880216896533966
0.31425201892852783
0.5826766490936279
0.6325830817222595
0.6278393268585205
0.7311237454414368
0.7557570338249207
0.5441089272499084
0.7113401889801025
0.506514847278595
0.4174712002277374
0.2749277651309967
0.3033771514892578
0.38649746775627136
0.4959721565246582
0.2994193136692047
0.16342705488204956
0.3545953333377838
0.38941970467567444
0.5501810312271118
0.6481955647468567
0.6851871013641357
0.7346356511116028
0.7540372014045715
0.8014687895774841
0.6826186776161194
0.5920127034187317
0.6617162823677063
0.6243063807487488
0.7561725378036499
0.8951937556266785
0.7471622824668884
0.8308387398719788
0.6307692527770996
0.5868028402328491
0.6218706369400024
0.6903213262557983
0.3549804091453552
0.8166599869728088
0.6346200108528137
0.3331877291202545
0.6641473174095154
0.14902542531490326
0.1604226529598236
0.08102194964885712
0.12897974252700806
0.14881163835525513
0.2472906857728958
0.44516298174858093
0.19692982733249664
0.14332100749015808
0.3191904127597809
0.2246846705675125
0.1729186326265335
0.16194850206375122
0.4408978819847107
0.20530636608600616
0.36237555742263794
0.38444292545318604
0.47551435232162476
0.525281548500061
0.4376510977745056
0.7699767351150513
0.6937564015388489
0.45548015832901
0.7077256441116333
0.7794786095619202
0.7426427602767944
0.697684109210968
0.8333007097244263
0.8479259610176086
0.7345467805862427
0.7000787258148193
0.7072136998176575
0.6138995885848999
0.3540675938129425
0.14527453482151031
0.4259381890296936
0.09756205230951309
0.03003043308854103
0.05827777460217476
0.08289054781198502
0.2621786892414093
0.22548829019069672
0.46964406967163086
0.34577614068984985
0.1690714955329895
0.49496546387672424
0.6323946118354797
0.6227335333824158
0.4107039272785187
0.6089352369308472
0.5996896028518677
0.44866663217544556
0.1306106299161911
0.04412630572915077
0.01456107571721077
0.2081790268421173
0.0961451306939125
0.031073391437530518
0.040835339576005936
0.1820901483297348
0.2554513216018677
0.06958279758691788
0.18128253519535065
0.09036167711019516
0.11514821648597717
0.13209250569343567
0.05430585891008377
0.04832899197936058
0.038338553160429
0.0813138335943222
0.1733686327934265
0.19050021469593048
0.28175318241119385
0.29831257462501526
0.25685974955558777
0.3381744921207428
0.2770426869392395
0.13909804821014404
0.14019109308719635
0.08144370466470718
0.05970870330929756
0.057033367455005646
0.037539657205343246
0.06427458673715591
0.2982269823551178
0.3521142303943634
0.48286962509155273
0.47709211707115173
0.25770217180252075
0.1835385262966156
0.26732125878334045
0.23690049350261688
0.34822773933410645
0.27870461344718933
0.19191642105579376
0.2390592098236084
0.050250373780727386
0.091251440346241
0.0724218562245369
0.06745514273643494
0.12064775079488754
0.12133901566267014
0.3345911502838135
0.3199631869792938
0.10231927037239075
0.0733160600066185
0.02648048847913742
0.03611002862453461
0.026456790044903755
0.05396166816353798
0.06702561676502228
0.052201516926288605
0.07728821784257889
0.0963001549243927
0.1783190667629242
0.13971062004566193
0.2473062425851822
0.21295608580112457
0.1949375569820404
0.32120275497436523
0.21731604635715485
0.1523224264383316
0.09649481624364853
0.1351747065782547
0.1313396692276001
0.0628136694431305
0.04014984890818596
0.16362403333187103
0.2512059807777405
0.2695735991001129
0.04595917463302612
0.16529250144958496
0.13181665539741516
0.33216533064842224
0.2292233556509018
0.4153049886226654
0.5396987199783325
0.654441237449646
0.5145151615142822
0.23412100970745087
0.3844539225101471
0.1097063198685646
0.10018866509199142
0.3675709068775177
0.19834579527378082
0.11745033413171768
0.15148034691810608
0.3134762644767761
0.12729473412036896
0.14042416214942932
0.48274102807044983
0.3556152880191803
0.1254483014345169
0.23938433825969696
0.4200388789176941
0.5487650632858276
0.3257955014705658
0.39116424322128296
0.6253730058670044
0.6561622619628906
0.521056592464447
0.46949365735054016
0.5256776213645935
0.5728824734687805
0.564824640750885
0.44068989157676697
0.31550708413124084
0.5241912007331848
0.5254753232002258
0.5686917901039124
0.7344511151313782
0.6611454486846924
0.673311710357666
0.4800700545310974
0.564587414264679
0.6187155842781067
0.6524893641471863
0.6412613987922668
0.610661506652832
0.5575726628303528
0.45890915393829346
0.4552766978740692
0.6188604831695557
0.5386253595352173
0.5450316071510315
0.40448814630508423
0.29810792207717896
0.18474499881267548
0.06842073053121567
0.021021420136094093
0.051091518253088
0.06637982279062271
0.02939945086836815
0.1523008495569229
0.09471742063760757
0.20336592197418213
0.1822548657655716
0.16372078657150269
0.1978277713060379
0.22152665257453918
0.05873047187924385
0.13425631821155548
0.0791424810886383
0.09083501994609833
0.07611656188964844
0.11882723867893219
0.18910261988639832
0.21042059361934662
0.3075120747089386
0.26614633202552795
0.47677817940711975
0.43285226821899414
0.6308819651603699
0.7472293972969055
0.8077605962753296
0.8870404362678528
0.6781213283538818
0.6784024834632874
0.7773885130882263
0.7030283212661743
0.6171098947525024
0.495767742395401
0.5289137363433838
0.5027704238891602
0.7029250860214233
0.4755036532878876
0.369937002658844
0.29103660583496094
0.4455048143863678
0.37738940119743347
0.13930411636829376
0.3666608929634094
0.41523388028144836
0.2732483446598053
0.11490394175052643
0.2052692025899887
0.26140886545181274
0.07936672866344452
0.2375132292509079
0.25186753273010254
0.19416987895965576
0.22478395700454712
0.3043029010295868
0.11148146539926529
0.15766875445842743
0.18697205185890198
0.08814825862646103
0.07482250034809113
0.08147957921028137
0.05993565544486046
0.12122676521539688
0.11276388168334961
0.1980772316455841
0.09803524613380432
0.11182843148708344
0.06789856404066086
0.09872090816497803
0.1942315250635147
0.10835589468479156
0.10172201693058014
0.12751205265522003
0.25152888894081116
0.3936518728733063
0.09864015877246857
0.28271394968032837
0.33939409255981445
0.41975918412208557
0.41830840706825256
0.4118368923664093
0.22895237803459167
0.1551729440689087
0.08160684257745743
0.12855267524719238
0.04688761383295059
0.1327727884054184
0.1104239895939827
0.1558728963136673
0.1280566304922104
0.11248011142015457
0.062442854046821594
0.1376526951789856
0.17723029851913452
0.0904097929596901
0.11335469782352448
0.116892509162426
0.09428249299526215
0.055072586983442307
0.05635629966855049
0.06995483487844467
0.09384148567914963
