0.7423580884933472
0.8328872323036194
0.5898271799087524
0.8854966759681702
0.7180858254432678
0.9063923954963684
0.8040381669998169
0.8434916734695435
0.7626923322677612
0.8542750477790833
0.6886392831802368
0.7287238240242004
0.7182759642601013
0.5819089412689209
0.4999583661556244
0.7386460900306702
0.6498733162879944
0.9158918857574463
0.4926380515098572
0.858649730682373
0.457153856754303
0.8403258919715881
0.6578970551490784
0.8517178297042847
0.8183519244194031
0.8934957981109619
0.8484840393066406
0.6661102771759033
0.645487368106842
0.7063363194465637
0.5614544749259949
0.7061187624931335
0.2756897509098053
0.5306524038314819
0.49876347184181213
0.6249966025352478
0.5821017026901245
0.8663445115089417
0.77293461561203
0.8872190117835999
0.8998027443885803
0.9019327163696289
0.8600631952285767
0.9358020424842834
0.8033750653266907
0.8957344889640808
0.5081178545951843
0.30166110396385193
0.6623404622077942
0.39464274048805237
0.29971569776535034
0.6844285130500793
0.7544671297073364
0.536781907081604
0.859271228313446
0.8144336342811584
0.6901735067367554
0.8183327317237854
0.7960802316665649
0.6684429049491882
0.8578851819038391
0.6843708157539368
0.5727570652961731
0.830216646194458
0.7842131853103638
0.791334331035614
0.5941992998123169
0.8577133417129517
0.4392276108264923
0.7934383749961853
0.7619614601135254
0.8203511834144592
0.6943836212158203
0.870305597782135
0.9148435592651367
0.7645950317382812
0.8230071663856506
0.5543999075889587
0.9119289517402649
0.5193267464637756
0.8585585355758667
0.40028467774391174
0.7683676481246948
0.6933630108833313
0.3624984920024872
0.7723973393440247
0.7180469036102295
0.8154141306877136
0.578770101070404
0.7042098641395569
0.6287853121757507
0.876054584980011
0.5818575024604797
0.7346659302711487
0.36864006519317627
0.6822851896286011
0.4400368928909302
0.8355393409729004
0.8062900304794312
0.9154787063598633
0.8872824907302856
0.7255334258079529
0.9043442606925964
0.7228569388389587
0.6504279971122742
0.8589802384376526
0.4032896161079407
0.7239328622817993
0.2176586091518402
0.5112427473068237
0.5796661972999573
0.5381782054901123
0.6722935438156128
