0.06402664631605148
0.1752474159002304
0.04604298248887062
0.017857873812317848
0.06700124591588974
0.06832703202962875
0.5144968032836914
0.36051836609840393
0.16150136291980743
0.4510926306247711
0.7406689524650574
0.8853157162666321
0.4622337520122528
0.9256759285926819
0.8731931447982788
0.1613871306180954
0.5880264043807983
0.9326452612876892
0.36517271399497986
0.06545373797416687
0.6690480709075928
0.8391569256782532
0.06442660838365555
0.097770556807518
0.549747884273529
0.3094903826713562
0.3029641807079315
0.27336063981056213
0.3128258287906647
0.19135309755802155
0.3669479191303253
0.32261911034584045
0.5431730151176453
0.7693189382553101
0.16941696405410767
0.48362255096435547
0.3117031157016754
0.19955547153949738
0.33487215638160706
0.33979716897010803
0.28429102897644043
0.11838173866271973
0.19321374595165253
0.08372826129198074
0.02696794643998146
0.019948558881878853
0.03201761841773987
0.012668386101722717
0.08672130107879639
0.06617888808250427
0.5423313975334167
0.35671496391296387
0.6690638661384583
0.06397444754838943
0.11145289987325668
0.46748918294906616
0.0869128480553627
0.10456307977437973
0.48434749245643616
0.4298549294471741
0.13207226991653442
0.3935288190841675
0.506904661655426
0.2555825114250183
0.2783273160457611
0.07350907474756241
0.18131990730762482
0.1750478446483612
0.04852619767189026
0.028899818658828735
0.17886917293071747
0.0990903228521347
0.02758229523897171
0.04623420536518097
0.14327573776245117
0.05109630897641182
0.061445314437150955
0.03443187475204468
0.04799611121416092
0.0076500060968101025
0.045832324773073196
0.005472611170262098
0.049075592309236526
0.04223160073161125
0.08482734858989716
0.011917058378458023
0.012032014317810535
0.04749345779418945
0.02295302413403988
0.005218135192990303
0.009159822948276997
0.058848779648542404
0.09717138856649399
0.019829746335744858
0.3335799276828766
0.17324645817279816
0.10552572458982468
0.3855276107788086
0.33302202820777893
0.20022788643836975
0.22345300018787384
0.059061434119939804
0.08228618651628494
0.08582311123609543
0.045880723744630814
0.04816276580095291
0.09506382048130035
0.03519221767783165
0.07980106770992279
0.0256044939160347
0.12431306391954422
0.3750275671482086
0.18634934723377228
0.22378291189670563
0.17694662511348724
0.6935223937034607
0.7321369051933289
0.530040979385376
0.7211626768112183
0.46713584661483765
0.8608120083808899
0.7222208380699158
0.9147003293037415
0.461227685213089
0.7024110555648804
0.1881663054227829
0.5516935586929321
0.29899826645851135
0.3806505501270294
0.41310134530067444
0.41049453616142273
0.22742652893066406
0.18701337277889252
0.2642596960067749
0.23628221452236176
0.7838262915611267
0.22586604952812195
0.7168461084365845
0.3893689215183258
0.7009601593017578
0.41342270374298096
0.49250784516334534
0.1687854677438736
0.15955466032028198
0.029941298067569733
0.06546412408351898
0.041187822818756104
0.12332577258348465
0.16660526394844055
0.14389312267303467
0.07217147201299667
0.1580502688884735
0.18216080963611603
0.08128778636455536
0.19812649488449097
0.1575411707162857
0.38110917806625366
0.4528959095478058
0.32271233201026917
0.17238743603229523
0.163320854306221
0.2769414484500885
0.1636447012424469
0.04139387235045433
0.0652347207069397
0.07875030487775803
0.012433625757694244
0.26809045672416687
0.08550379425287247
0.1286742240190506
0.07683253288269043
0.026834774762392044
0.0946321040391922
0.03570037707686424
0.1324385553598404
0.21580833196640015
0.20451903343200684
0.36401286721229553
0.2944174110889435
0.6697288751602173
0.8416156768798828
0.3285238444805145
0.8064616322517395
0.7043541073799133
0.4525127410888672
0.1542382836341858
0.4744203984737396
0.3286067247390747
0.266610324382782
0.15288303792476654
0.17564931511878967
0.2317013293504715
0.1356508582830429
0.04442742094397545
0.18636097013950348
0.18246354162693024
0.04622732475399971
0.14565736055374146
0.1070488691329956
0.14549560844898224
0.1056911051273346
