0.3308068811893463
0.5443200469017029
0.2988903224468231
0.07131046801805496
0.2436036318540573
0.0742369070649147
0.08634841442108154
0.0886024460196495
0.23378212749958038
0.22090347111225128
0.45793989300727844
0.10571473091840744
0.4015343487262726
0.28581660985946655
0.2315727025270462
0.4101424515247345
0.29874566197395325
0.6342167258262634
0.36121782660484314
0.2570067048072815
0.06227654218673706
0.08900553733110428
0.18553610146045685
0.395699143409729
0.023078512400388718
0.15805639326572418
0.5088177919387817
0.27162033319473267
0.1513492316007614
0.2623785138130188
0.4076293110847473
0.11615884304046631
0.10460370779037476
0.14424091577529907
0.13057251274585724
0.06780661642551422
0.08780292421579361
0.05150889232754707
0.4531359076499939
0.12948797643184662
0.6135901808738708
0.40163454413414
0.6185282468795776
0.6456589102745056
0.6332762837409973
0.46334850788116455
0.2310812771320343
0.4115966260433197
0.10974135249853134
0.16751791536808014
0.05631636455655098
0.17715497314929962
0.06018276885151863
0.06434793025255203
0.06149102747440338
0.15662017464637756
0.13624218106269836
0.051534995436668396
0.29320698976516724
0.277779757976532
0.19852183759212494
0.1629045456647873
0.560620129108429
0.31548014283180237
0.4003217816352844
0.11690139770507812
0.12571318447589874
0.060876037925481796
0.05249877646565437
0.15371103584766388
0.28441646695137024
0.04919353500008583
0.40661922097206116
0.21587705612182617
0.4307763874530792
0.47470441460609436
0.14402854442596436
0.09350084513425827
0.49385929107666016
0.45004647970199585
0.05098395422101021
0.3496706783771515
0.7281506061553955
0.29481592774391174
0.28551408648490906
0.13567110896110535
0.4836817979812622
0.43586403131484985
0.0551828071475029
0.057898759841918945
0.031948380172252655
0.12265586853027344
0.1754707247018814
0.11934942752122879
0.0646313726902008
0.15782487392425537
0.2048119157552719
0.19975045323371887
0.12855090200901031
0.12601825594902039
0.10015521198511124
0.04775359481573105
0.13630041480064392
0.2823266088962555
0.06763225048780441
0.22999589145183563
0.5710989832878113
0.6233860850334167
0.6123016476631165
0.2261960506439209
0.2561555504798889
0.7956234216690063
0.20217423141002655
0.05112802982330322
0.12568290531635284
0.04411977156996727
0.10805580765008926
0.0416579432785511
0.09362655133008957
0.044020939618349075
0.13343298435211182
0.17410767078399658
0.11059994995594025
0.14078743755817413
0.05793486908078194
0.1009819284081459
0.06931483000516891
0.06577277928590775
0.03180583938956261
0.1195596307516098
0.17308881878852844
0.4928087592124939
0.6650543212890625
0.24978606402873993
0.46145758032798767
0.20593126118183136
0.17859192192554474
0.1606590300798416
0.13213904201984406
0.247279092669487
0.1432274729013443
0.025905897840857506
0.18185828626155853
0.17292235791683197
0.2525579631328583
0.012378151528537273
0.08664077520370483
0.18518635630607605
0.04126659780740738
0.04149796441197395
0.11445850878953934
0.2253170758485794
0.09196572005748749
0.029680080711841583
0.053217366337776184
0.15913240611553192
0.013688596896827221
0.06358411908149719
0.020914310589432716
0.058366212993860245
0.03597255423665047
0.2632610499858856
0.28004834055900574
0.11605264246463776
0.24323341250419617
0.386837899684906
0.3849457800388336
0.42088213562965393
0.12863536179065704
0.019794948399066925
0.026643192395567894
0.01858045533299446
0.015349545516073704
0.05709865316748619
0.0220728050917387
0.004548406694084406
0.05556021258234978
0.08150026947259903
0.014107320457696915
0.06387645751237869
0.1034938395023346
0.06756449490785599
0.04565637186169624
0.15165573358535767
0.04821009188890457
0.15037420392036438
0.010817584581673145
0.03452280908823013
0.009293114766478539
0.04238899052143097
0.03620608523488045
0.021503707394003868
0.0537184476852417
0.04800152778625488
0.13886094093322754
0.06609608232975006
0.09859359264373779
0.04084407538175583
0.01990230567753315
0.048522014170885086
0.027785642072558403
0.004204801749438047
0.039242763072252274
0.0775100365281105
0.012713861651718616
0.01811952143907547
0.011012603528797626
0.060843996703624725
0.049119558185338974
0.01296293456107378
0.0540815144777298
0.06067965552210808
0.33367428183555603
0.47181999683380127
0.20285950601100922
0.20364226400852203
0.6288678050041199
0.804089367389679
0.7785700559616089
0.3763093054294586
0.16327901184558868
0.35381147265434265
0.2844625413417816
0.31842803955078125
0.267924964427948
0.0690239891409874
0.17438827455043793
0.15220817923545837
0.09676045924425125
0.044626276940107346
0.1539410501718521
0.11944344639778137
0.11284780502319336
0.12625128030776978
0.0690682902932167
0.24627743661403656
0.12483199685811996
0.5415081977844238
0.4535534679889679
0.3721155822277069
0.28603988885879517
0.5313660502433777
