0.1401659995317459
0.1550646424293518
0.2306239902973175
0.2020530253648758
0.2345813363790512
0.3694876730442047
0.2933453321456909
0.396474689245224
0.2788759768009186
0.34903332591056824
0.3424426019191742
0.38613656163215637
0.2952539324760437
0.3895348608493805
0.40576907992362976
0.208450049161911
0.5699598789215088
0.21829791367053986
0.6055338382720947
0.7692775130271912
0.5849149823188782
0.33373507857322693
0.3637274205684662
0.25653764605522156
0.2828848958015442
0.23545487225055695
0.20317605137825012
0.22245267033576965
0.152959942817688
0.1777660846710205
0.20550031960010529
0.2307174950838089
0.3126888871192932
0.2551935911178589
0.4090069532394409
0.5363682508468628
0.16748100519180298
0.6043965220451355
0.24332189559936523
0.6818624138832092
0.7285997271537781
0.34193530678749084
0.404105544090271
0.23952896893024445
0.21365053951740265
0.19683943688869476
0.15589548647403717
0.253167062997818
0.1489536315202713
0.27299997210502625
0.24652957916259766
0.13767360150814056
0.3058512508869171
0.35825905203819275
0.17682325839996338
0.27698153257369995
0.36624979972839355
0.1025833860039711
0.3359288275241852
0.3071819245815277
0.14787989854812622
0.6030591726303101
0.1682867407798767
0.38394322991371155
0.7431888580322266
0.258411169052124
0.23747330904006958
0.11439527571201324
0.22557565569877625
0.2925666570663452
0.1518951952457428
0.29235178232192993
0.30665650963783264
0.11172204464673996
0.10577322542667389
0.1487998515367508
0.34378671646118164
0.16559189558029175
0.14558269083499908
0.2220725566148758
0.28537100553512573
0.11366794258356094
0.3925747871398926
0.32091280817985535
0.17146550118923187
0.6235819458961487
0.16962119936943054
0.6353715062141418
0.6623854041099548
0.18174318969249725
0.34251073002815247
0.11970333009958267
0.1307418942451477
0.1669759303331375
0.14855676889419556
0.1508491486310959
0.10755176097154617
0.2427598088979721
0.3150923550128937
0.16338573396205902
0.46473434567451477
0.5133020877838135
0.17324969172477722
0.3911532461643219
0.36354032158851624
0.11476895958185196
0.4873289167881012
0.3911392390727997
0.17591382563114166
0.7409886121749878
0.14006786048412323
0.6743013858795166
0.7044389843940735
0.24224525690078735
0.1762620359659195
0.10599274188280106
0.12584854662418365
0.06407848745584488
0.04681520536541939
0.10627872496843338
0.12782660126686096
0.344953328371048
0.11318985372781754
0.12592476606369019
0.2679808735847473
0.4087218940258026
0.19540227949619293
0.32535478472709656
0.24514760076999664
0.11060492694377899
0.22964859008789062
0.3532441556453705
0.1129440888762474
0.44342121481895447
0.13656537234783173
0.3319626450538635
0.6771965026855469
0.22519893944263458
0.5945623517036438
0.3203100264072418
0.11586324125528336
0.17842403054237366
0.21836592257022858
0.050426967442035675
0.06794467568397522
0.10532862693071365
0.04784553125500679
0.04746376723051071
0.04493465647101402
0.1998271346092224
0.20244868099689484
0.13397932052612305
0.4154203236103058
0.4095005691051483
0.05809720978140831
0.1948496401309967
0.3195980489253998
0.062210626900196075
0.49580541253089905
0.12412428855895996
0.2384932041168213
0.6948898434638977
0.24601517617702484
0.32498517632484436
0.11868850141763687
0.10878492146730423
0.07954304665327072
0.03542280197143555
0.05943213775753975
0.07738418877124786
0.020327940583229065
0.1373320370912552
0.19005823135375977
0.06265979260206223
0.29765528440475464
0.1054745614528656
0.0425177700817585
0.14050745964050293
0.18973395228385925
0.052829138934612274
0.4453117549419403
0.04825683310627937
0.39402538537979126
0.2768496572971344
0.08658453822135925
0.08780926465988159
0.04085425287485123
0.04138055816292763
0.06086147576570511
0.02478047087788582
0.04225386679172516
0.05406057834625244
0.07564759254455566
0.05917053669691086
0.0380934476852417
0.23939625918865204
0.09958334267139435
0.0625074952840805
0.16137941181659698
0.173841193318367
0.03491004928946495
0.1444280445575714
0.14546719193458557
0.046554066240787506
0.41517359018325806
0.0405227355659008
0.3168441653251648
0.5585320591926575
0.03778805956244469
0.1327279955148697
0.014960171654820442
0.03077046386897564
0.044520944356918335
0.02581566385924816
0.06475839018821716
0.15290692448616028
0.07123718410730362
0.050924479961395264
0.040497198700904846
0.1532103717327118
0.07883842289447784
0.05230415239930153
0.1974887251853943
0.18629145622253418
0.03224128112196922
0.22522030770778656
0.19511358439922333
0.058178406208753586
0.3312218487262726
0.05693010613322258
0.23805053532123566
0.3629397451877594
0.06723485887050629
0.07144016772508621
0.02545098029077053
0.05035034567117691
0.04436322674155235
0.05776839703321457
0.07102657109498978
0.17371605336666107
0.21147821843624115
0.08225750178098679
0.08657145500183105
0.21311993896961212
0.23071534931659698
0.10150553286075592
0.4024313986301422
0.48873674869537354
0.10594544559717178
0.3719755709171295
0.519684910774231
0.19618572294712067
0.46661368012428284
0.09919063001871109
0.5427934527397156
0.5401803851127625
0.08244280517101288
0.17380106449127197
0.10564414411783218
0.11467403918504715
0.07621465623378754
0.26314765214920044
0.21044450998306274
0.14479249715805054
0.11814520508050919
0.17792095243930817
0.28057828545570374
0.0732860416173935
0.19576337933540344
0.3919543921947479
0.26533323526382446
0.20400479435920715
0.40284326672554016
0.3960466682910919
0.43176743388175964
0.33803054690361023
0.4685696065425873
0.5871313214302063
0.4835599958896637
0.13150808215141296
0.17118951678276062
0.41074007749557495
0.0601004958152771
0.24565573036670685
0.1709139049053192
0.3044992983341217
0.3245964050292969
0.31161847710609436
0.16927796602249146
0.3776759207248688
0.2792430520057678
0.37246695160865784
0.4627678096294403
0.1613585203886032
0.3527139723300934
0.37074434757232666
0.1198599636554718
0.19593973457813263
0.1938972771167755
0.19617827236652374
0.27114465832710266
0.2148718386888504
0.25254857540130615
0.21235303580760956
0.36002492904663086
0.3056602478027344
0.12332238256931305
0.43858036398887634
0.1875620186328888
0.37990474700927734
0.26512622833251953
0.2094133198261261
0.08245495706796646
0.26824966073036194
0.2581464946269989
0.17425090074539185
0.30408573150634766
0.16741453111171722
0.2837670147418976
0.23747463524341583
0.15813715755939484
0.2734598219394684
0.3123517334461212
0.06662910431623459
0.15491291880607605
0.020570047199726105
0.11044589430093765
0.023767367005348206
0.2675166726112366
0.07730669528245926
0.2641260623931885
0.17073430120944977
0.13509167730808258
0.16485631465911865
0.1942712515592575
0.07228958606719971
0.23334826529026031
0.07813135534524918
0.16520124673843384
0.1318478137254715
0.1325535774230957
0.19023235142230988
0.18330895900726318
0.20316459238529205
0.24137990176677704
0.17920953035354614
0.20500758290290833
0.15467984974384308
0.15446896851062775
0.19143866002559662
0.4973219335079193
0.23646847903728485
0.21002435684204102
0.2921382486820221
0.20633341372013092
0.15697628259658813
0.15280085802078247
0.2163398116827011
0.11295145004987717
0.17164643108844757
0.04264000430703163
0.09259512275457382
0.057846799492836
0.1779925525188446
0.04243475943803787
0.2628563940525055
0.2662833631038666
0.04955364391207695
0.16982945799827576
0.15619713068008423
0.11243324726819992
0.06930844485759735
0.1098390594124794
0.05562131851911545
0.14204712212085724
0.048155058175325394
0.1345328986644745
0.031059350818395615
0.22071681916713715
0.04021156206727028
0.25857096910476685
0.13629750907421112
0.36928698420524597
0.34090033173561096
0.3804343044757843
0.38161924481391907
0.2583564817905426
0.34969213604927063
0.11827000230550766
0.1495831310749054
0.06329532712697983
0.24807381629943848
0.017662204802036285
0.17702652513980865
0.12888744473457336
