0.270365834236145
0.3605460524559021
0.3520389795303345
0.2328181266784668
0.21849335730075836
0.2910836338996887
0.28530576825141907
0.4996241629123688
0.4316749572753906
0.40173688530921936
0.30695316195487976
0.3729288876056671
0.2177499234676361
0.25993064045906067
0.6088874340057373
0.3457746207714081
0.7207091450691223
0.7595742344856262
0.5026407837867737
0.6154085993766785
0.269709974527359
0.17739757895469666
0.43695205450057983
0.3265175521373749
0.10344335436820984
0.2179563194513321
0.10328207165002823
0.15004213154315948
0.06995457410812378
0.17406542599201202
0.44172829389572144
0.5105489492416382
0.39577147364616394
0.3645828366279602
0.19970768690109253
0.12424450367689133
0.10244978964328766
0.32890769839286804
0.39911285042762756
0.2913885712623596
0.25259706377983093
0.3672598898410797
0.2312111109495163
0.18084068596363068
0.19698746502399445
0.3741251528263092
0.3969331681728363
0.3214406371116638
0.25132638216018677
0.4097476303577423
0.37457790970802307
0.27939584851264954
0.5256773829460144
0.48274388909339905
0.3891281187534332
0.12575988471508026
0.2188660353422165
0.22925372421741486
0.3761187791824341
0.3877359628677368
0.4161229133605957
0.4074164628982544
0.2794843912124634
0.2515306770801544
0.17909862101078033
0.19541963934898376
0.10562096536159515
0.32017776370048523
0.15570734441280365
0.03957199677824974
0.1664240062236786
0.3984186053276062
0.49244943261146545
0.3910468518733978
0.49172332882881165
0.5892899632453918
0.47387006878852844
0.4825204908847809
0.3583659827709198
0.3402222692966461
0.2811582386493683
0.11397609859704971
0.1957198679447174
0.19091197848320007
0.31691986322402954
0.241178959608078
0.3861613869667053
0.4613690972328186
0.5567156672477722
0.6350485682487488
0.6740019917488098
0.5693933367729187
0.682793378829956
0.2693191468715668
0.5263136029243469
0.12258544564247131
0.12280962616205215
0.01439201831817627
0.04354231432080269
0.033742036670446396
0.12550365924835205
0.17164769768714905
0.492899626493454
0.616359531879425
0.642853856086731
0.645717442035675
0.8284105062484741
0.6811886429786682
0.8100779056549072
0.7130072712898254
0.5334182977676392
0.1083173006772995
0.4535808563232422
0.13510368764400482
0.26981061697006226
0.22779859602451324
0.469025194644928
0.5387684106826782
0.15999756753444672
0.2923561930656433
0.18551203608512878
0.22539421916007996
0.26466798782348633
0.0812099426984787
0.15999548137187958
0.01735473796725273
0.09570366889238358
0.4079647660255432
0.10806753486394882
0.6183775067329407
0.40782466530799866
0.3175680339336395
0.16805174946784973
0.4162522852420807
0.4314791262149811
0.37774571776390076
0.5244869589805603
0.516636312007904
0.6139353513717651
0.35435497760772705
0.33756083250045776
0.343087762594223
0.14911490678787231
0.5107647776603699
0.5943176746368408
0.1914227306842804
0.6783632040023804
0.6677585244178772
0.34068095684051514
0.6722226738929749
0.6147794127464294
0.4551319479942322
0.5811446309089661
0.38976016640663147
0.4658440053462982
0.4245888888835907
0.26804354786872864
0.5183309316635132
0.5048113465309143
0.5157443881034851
0.7171619534492493
0.7340220808982849
0.778235673904419
0.6489635109901428
0.575969398021698
0.14798066020011902
0.31994879245758057
0.43862929940223694
0.5327464938163757
0.4226011335849762
0.18333204090595245
0.5442661643028259
0.4455108046531677
0.38513970375061035
0.1951567679643631
0.3733522593975067
0.5642167925834656
0.5770044922828674
0.47685158252716064
0.4089214503765106
0.5312297344207764
0.11040134727954865
0.4571402370929718
0.3686109483242035
0.41035184264183044
0.3857567608356476
0.7822426557540894
0.4718877971172333
0.6296496987342834
0.7384850382804871
0.673455536365509
0.6872103810310364
0.6923894882202148
0.7461366057395935
0.7852339744567871
0.7643491625785828
0.8464296460151672
0.7160329818725586
0.809474766254425
0.868567705154419
0.8168304562568665
0.7643006443977356
0.8099373579025269
0.7386463284492493
0.5375927090644836
0.26067227125167847
0.14763613045215607
0.06327128410339355
0.05168047174811363
0.01722690649330616
0.14955605566501617
0.10506325960159302
0.4027939736843109
0.47825342416763306
0.3329363763332367
0.3294326663017273
0.5219430923461914
0.39664462208747864
0.5775165557861328
0.6536346673965454
0.801233172416687
0.587346613407135
0.5852001905441284
0.7355872988700867
0.5170215368270874
0.32093217968940735
0.42217177152633667
0.33784279227256775
0.2707500755786896
0.31409111618995667
0.3183318078517914
0.35574251413345337
0.10676629841327667
0.060767922550439835
0.16066962480545044
0.21774207055568695
0.08607026934623718
0.4509120583534241
0.2218390256166458
0.6383957266807556
0.4162130653858185
0.7083161473274231
0.34284740686416626
0.7585504651069641
0.3602374792098999
0.6967104077339172
0.47967925667762756
0.18240483105182648
0.09004639834165573
0.3034254312515259
0.34379470348358154
0.2053617686033249
0.4045763909816742
0.38695240020751953
0.5013248920440674
0.5183149576187134
0.31739354133605957
0.3098152279853821
0.26219111680984497
0.34580668807029724
0.11887428909540176
0.410537987947464
0.2299722582101822
0.17287471890449524
0.2220308482646942
0.276146799325943
0.10840421169996262
0.3217819631099701
0.4800393879413605
0.5791677236557007
0.4429515302181244
0.10731307417154312
0.2882741689682007
0.5757814645767212
0.24196206033229828
0.3723028600215912
0.47421470284461975
0.4711633324623108
0.29881682991981506
0.5196762084960938
0.4081059694290161
0.4757702052593231
0.5004505515098572
0.6653505563735962
0.5768442153930664
0.5590899586677551
0.2905036509037018
0.4790235757827759
0.5946845412254333
0.5849950313568115
0.5386267900466919
0.5236743688583374
0.46297720074653625
0.38815179467201233
0.1761728823184967
0.32928070425987244
0.24283677339553833
0.3933849334716797
0.1730414181947708
0.10604740679264069
0.24318289756774902
0.27110517024993896
0.36174672842025757
