0.3224520981311798
0.376093327999115
0.43548887968063354
0.3234153389930725
0.23240076005458832
0.3294021487236023
0.39353734254837036
0.20268075168132782
0.3851911425590515
0.4366781711578369
0.3054896593093872
0.21536007523536682
0.4829336404800415
0.5626940727233887
0.2073492854833603
0.5569384098052979
0.4086337685585022
0.3433327376842499
0.5190115571022034
0.4588129222393036
0.6997278332710266
0.7624357342720032
0.4930926561355591
0.5443124175071716
0.6654477715492249
0.28629055619239807
0.6590752005577087
0.363297700881958
0.36827290058135986
0.5200298428535461
0.39355558156967163
0.6241750121116638
0.40289026498794556
0.5130917429924011
0.3571757674217224
0.5243954658508301
0.5779690146446228
0.47114506363868713
0.7359187602996826
0.5108636021614075
0.7569148540496826
0.8315100073814392
0.6491959691047668
0.7950138449668884
0.8351198434829712
0.5515626668930054
0.5624254941940308
0.8185498714447021
0.767708420753479
0.39679020643234253
0.7307313084602356
0.767670750617981
0.7108400464057922
0.5617560744285583
0.8491633534431458
0.827660858631134
0.6854324340820312
0.7054129838943481
0.7343180775642395
0.8251466155052185
0.5262567400932312
0.7557756304740906
0.7401368021965027
0.7172791361808777
0.7604950070381165
0.800614595413208
0.2966214716434479
0.7376585602760315
0.7297657132148743
0.6976493000984192
0.6293490529060364
0.5586597919464111
0.7826992273330688
0.7219810485839844
0.779340386390686
0.7056891322135925
0.7829411625862122
0.7659414410591125
0.8986748456954956
0.8832153677940369
