0.21455758810043335
0.24293909966945648
0.2087181657552719
0.21218319237232208
0.15944086015224457
0.22194430232048035
0.27610036730766296
0.12597592175006866
0.2687670588493347
0.16877628862857819
0.0892639234662056
0.3049473464488983
0.2529321610927582
0.3641015589237213
0.32470113039016724
0.38606780767440796
0.3076811730861664
0.4296601414680481
0.43848323822021484
0.4212617874145508
0.45760828256607056
0.6326602101325989
0.7200207114219666
0.7107478976249695
0.7672253251075745
0.656907856464386
0.732295036315918
0.8016507625579834
0.8227324485778809
0.7065556645393372
0.4247584640979767
0.5194891691207886
0.7702453136444092
0.472366601228714
0.17745020985603333
0.20874781906604767
0.38852301239967346
0.3333338499069214
0.23768311738967896
0.3106820583343506
0.3202627897262573
0.3068092465400696
0.2363765984773636
0.3876086175441742
0.28491196036338806
0.4189505875110626
0.4540702998638153
0.3553123474121094
0.7207186818122864
0.7056686878204346
0.43258723616600037
0.7009814381599426
0.576721727848053
0.21173527836799622
0.37557554244995117
0.22516441345214844
0.20906828343868256
0.18237081170082092
0.36587461829185486
0.3936479687690735
0.4384510815143585
0.44654935598373413
0.32094377279281616
0.26617351174354553
0.22133997082710266
0.24726083874702454
0.4587317705154419
0.213938370347023
0.3544779121875763
0.29636362195014954
0.4854172170162201
0.39967575669288635
0.1984243243932724
0.5186296701431274
0.6148019433021545
0.29530099034309387
0.12410483509302139
0.21159304678440094
0.1684277355670929
0.2514254152774811
0.31626859307289124
0.21896623075008392
0.376928448677063
0.5386807322502136
0.6727719902992249
0.3867489993572235
0.5874902606010437
0.7681735157966614
0.8627710342407227
0.501279890537262
0.6819099187850952
0.8484360575675964
0.8260625004768372
0.7283880710601807
0.5873994827270508
0.5246084928512573
0.5448359847068787
0.5853333473205566
0.34539172053337097
0.2133043110370636
0.7738811373710632
0.785140335559845
0.6758633255958557
0.7010116577148438
0.5178413987159729
0.6543596386909485
0.4006865918636322
0.7038218379020691
0.5275002717971802
0.7584233283996582
0.7416321039199829
0.7858110070228577
0.8990403413772583
0.8186153173446655
0.892842710018158
0.8970937728881836
0.9197474718093872
0.7482851147651672
0.4073238968849182
0.6860207319259644
0.7691285610198975
0.7207669019699097
0.6684043407440186
0.7964334487915039
0.7057569622993469
0.8214357495307922
0.4498973488807678
0.6123226881027222
0.23570819199085236
0.4294845461845398
0.7628723382949829
0.7123488187789917
0.7316136956214905
0.8179618120193481
0.8599434494972229
0.8918249607086182
0.7819411158561707
0.8288609385490417
0.7376844882965088
0.5308708548545837
0.5112941861152649
0.6056800484657288
0.7922129034996033
0.7728126645088196
0.858757734298706
0.8254178166389465
0.7748941779136658
0.6965047717094421
