0.08302143961191177
0.11198944598436356
0.1776214838027954
0.11556702107191086
0.09463068097829819
0.13798457384109497
0.23412418365478516
0.21376736462116241
0.4395989775657654
0.3886450231075287
0.2237502485513687
0.2638297975063324
0.524502694606781
0.5461886525154114
0.4453669786453247
0.4634724259376526
0.6140620112419128
0.6348450183868408
0.7018330693244934
0.7256703972816467
0.7078461050987244
0.5811295509338379
0.7036058902740479
0.5873525142669678
0.6034141182899475
0.2883300185203552
0.33688560128211975
0.1658906489610672
0.27931421995162964
0.181490957736969
0.300681471824646
0.2482491284608841
0.22490054368972778
0.22568531334400177
0.3713441789150238
0.20278841257095337
0.25388696789741516
0.41368380188941956
0.3778532147407532
0.3395521640777588
0.47551003098487854
0.31964799761772156
0.4347074031829834
0.23403432965278625
0.30361661314964294
0.11213397979736328
0.13786724209785461
0.24106137454509735
0.26759666204452515
0.4284510612487793
0.21514678001403809
0.21539251506328583
0.12044093757867813
0.36380308866500854
0.1569589525461197
0.48773840069770813
0.4600544571876526
0.5875664949417114
0.6316059231758118
0.4037199020385742
0.5788110494613647
0.5177077054977417
0.5546599626541138
0.5109972953796387
0.29004091024398804
0.43548375368118286
0.28786030411720276
0.24293319880962372
0.1732267141342163
0.27805718779563904
0.295683354139328
0.16243265569210052
0.18318302929401398
0.16785667836666107
0.2790752649307251
0.09237930178642273
0.2385789304971695
0.13235455751419067
0.2867075800895691
0.31999507546424866
0.43307727575302124
0.32620969414711
0.27502477169036865
0.3134538531303406
0.33266758918762207
0.3119378685951233
0.4125409424304962
0.5269443392753601
0.45109161734580994
0.5529991388320923
0.4891854524612427
0.5821954607963562
0.6571817994117737
0.4069659411907196
0.7183001041412354
0.3779902458190918
0.749951183795929
0.3536173105239868
0.5972258448600769
0.253397136926651
0.5194790959358215
0.14880423247814178
0.3281176686286926
0.2741885483264923
0.41090935468673706
0.4942103624343872
0.5830485820770264
0.7295029759407043
0.6730720400810242
0.8095988035202026
0.7126485109329224
0.7632476687431335
0.3802822232246399
0.7918146252632141
0.19483958184719086
0.6230524182319641
0.20313012599945068
0.6581083536148071
0.3909335136413574
0.43168923258781433
0.2216578722000122
0.4438377022743225
0.28654617071151733
0.2969878613948822
0.06689766049385071
0.3116208612918854
0.4229804277420044
0.34523680806159973
0.4663969576358795
0.5879853367805481
0.6331602931022644
0.5456063747406006
0.6786938905715942
0.318512886762619
0.44322365522384644
0.17443592846393585
0.29822444915771484
0.395896315574646
0.4429090619087219
0.2289293110370636
0.2808443605899811
0.24427758157253265
0.2972707748413086
0.28775814175605774
0.38659438490867615
0.15389858186244965
0.3682754337787628
0.4450951814651489
0.3294955790042877
0.43488410115242004
0.493930459022522
0.48684316873550415
0.4005526900291443
0.4904545843601227
0.11550985276699066
0.08133938163518906
0.2781834602355957
0.1185862347483635
0.32526981830596924
0.12825308740139008
0.4482917785644531
0.3909807801246643
0.46498993039131165
0.16200238466262817
0.15944428741931915
0.5316243767738342
0.4202538728713989
0.6863914132118225
0.3829992413520813
0.6397125124931335
0.4106646776199341
0.6877250671386719
0.657630980014801
0.503271222114563
0.5995258688926697
0.6195384860038757
0.3873700499534607
0.3813606798648834
0.4164733290672302
0.2926448881626129
0.30863890051841736
0.3450431227684021
0.3048439621925354
0.14906853437423706
0.3507090210914612
0.42627689242362976
0.6297300457954407
0.5399361848831177
0.613406240940094
0.7233628630638123
0.5804350972175598
0.3292120397090912
0.47154179215431213
0.16785652935504913
0.2542719841003418
0.09994174540042877
0.289619117975235
0.33758068084716797
0.3445807099342346
0.29296866059303284
0.5769482851028442
0.5242121815681458
0.6518943309783936
0.4517029821872711
0.5481105446815491
0.3912023901939392
0.711066722869873
0.38712090253829956
0.6802830696105957
0.21286043524742126
0.5915701389312744
0.16131819784641266
0.5366631746292114
0.05876409262418747
0.4134727716445923
0.16954965889453888
0.6426090002059937
0.36936885118484497
0.5915189981460571
0.4617816209793091
0.687624990940094
0.5493444204330444
0.43021360039711
0.42614150047302246
0.28897395730018616
0.43145132064819336
0.19079764187335968
0.6467036604881287
0.40316593647003174
0.6671708226203918
0.178109273314476
0.47597068548202515
0.08884608745574951
0.5176823735237122
0.19384105503559113
0.3718153238296509
0.4650111794471741
0.47001972794532776
