0.42287105321884155
0.40091457962989807
0.42963865399360657
0.3239542245864868
0.3879125416278839
0.3561224341392517
0.5524666905403137
0.41468143463134766
0.6156051158905029
0.6566811203956604
0.7102321982383728
0.6750648617744446
0.7856701612472534
0.4792787730693817
0.7176807522773743
0.6017053723335266
0.4433448910713196
0.5695675611495972
0.7101975679397583
0.8391078114509583
0.8128573298454285
0.690318763256073
0.47954061627388
0.40312615036964417
0.22547098994255066
0.15305198729038239
0.2764851152896881
0.23245902359485626
0.237741157412529
0.3418211042881012
0.34365788102149963
0.19678238034248352
0.2609553337097168
0.1497865468263626
0.05282082408666611
0.11862226575613022
0.09793432801961899
0.26485446095466614
0.15763762593269348
0.23530340194702148
0.16134728491306305
0.03352832421660423
0.3877498209476471
0.2071383148431778
0.36366334557533264
0.46707645058631897
0.3626495599746704
0.4863685071468353
0.5893958210945129
0.5865948796272278
0.5558001399040222
0.6574941873550415
0.45567306876182556
0.49973031878471375
0.24046464264392853
0.14532679319381714
0.23551113903522491
0.11334363371133804
0.31013551354408264
0.2998875677585602
0.5009495615959167
0.15752191841602325
0.30824753642082214
0.11253629624843597
0.05540208891034126
0.10892993956804276
0.34886103868484497
0.3766317665576935
0.3640284836292267
0.41148990392684937
0.17202246189117432
0.3515084981918335
0.2666819393634796
0.05402454361319542
0.037828970700502396
0.03682725876569748
0.027053628116846085
0.09536345303058624
0.3857499361038208
0.21608243882656097
0.024854732677340508
0.1285988837480545
0.007607036270201206
0.055933959782123566
0.08649826049804688
0.08108709007501602
0.24882854521274567
0.2539595067501068
0.43995821475982666
0.37203431129455566
0.43417659401893616
0.23657703399658203
0.17377202212810516
0.35433095693588257
0.2496173083782196
0.23419152200222015
0.07541414350271225
0.15083029866218567
0.07896687835454941
0.061902862042188644
0.4290599822998047
0.5078652501106262
0.5616019368171692
0.028094137087464333
0.1430688500404358
0.07710780948400497
0.01898033358156681
0.040022511035203934
0.27604857087135315
0.09922271221876144
0.26357734203338623
0.23343536257743835
0.11926566064357758
0.02636754885315895
0.014417850412428379
0.005835259333252907
0.01722024753689766
0.05208863690495491
0.6767489314079285
0.15414150059223175
0.2785221040248871
0.09242871403694153
0.00907311774790287
0.027241410687565804
0.029360320419073105
0.08141745626926422
0.1451597511768341
0.20339202880859375
0.4154621660709381
0.23540081083774567
0.2512458860874176
0.15075384080410004
0.12147098034620285
0.1227223202586174
0.17107842862606049
0.05429859086871147
0.06688989698886871
0.02849666029214859
0.15819051861763
0.07545813173055649
0.15046612918376923
0.36409682035446167
0.5701637268066406
0.4675084352493286
0.083697110414505
0.17199648916721344
0.020768161863088608
0.013647194020450115
0.070607028901577
0.10302751511335373
0.05191797390580177
0.18288281559944153
0.13815097510814667
0.09018941968679428
0.11430785804986954
0.060797110199928284
0.03364966809749603
0.01032231468707323
0.010449744760990143
0.020574048161506653
0.04544740915298462
0.5603043437004089
0.2337484359741211
0.1874161958694458
0.08585281670093536
0.006296467501670122
0.023931995034217834
0.0295176450163126
0.03261081874370575
0.22835345566272736
0.11225534975528717
0.07869203388690948
0.10334762185811996
0.07781600207090378
0.06626961380243301
0.07932769507169724
0.23506157100200653
0.11720146238803864
0.10556881129741669
0.11562857776880264
0.11758221685886383
0.1481996327638626
0.08749306201934814
0.41209444403648376
0.1806022971868515
0.29098013043403625
0.061105530709028244
0.34027352929115295
0.062315523624420166
0.017872555181384087
0.02205755189061165
0.036003850400447845
0.052998367697000504
0.11129426956176758
0.18863840401172638
0.31628283858299255
0.21539334952831268
0.03893478587269783
0.09655866771936417
0.011687365360558033
0.004394021350890398
0.010510007850825787
0.02522544376552105
0.06863100081682205
0.16547763347625732
0.6354565024375916
0.5671111345291138
0.08004742115736008
0.2230803668498993
0.11172905564308167
0.017968859523534775
0.0546439029276371
0.048390794545412064
0.085434690117836
0.23049230873584747
0.16578389704227448
0.31292834877967834
0.44295862317085266
0.359424889087677
0.33987462520599365
0.3888516426086426
0.4401513934135437
0.15823450684547424
0.23038549721240997
0.3310953676700592
0.4816267192363739
0.11938624829053879
0.24483820796012878
0.28549957275390625
0.39497777819633484
0.11134163290262222
0.25595393776893616
0.14666099846363068
0.010344509035348892
0.03419141843914986
0.05055377632379532
0.12597642838954926
0.13833840191364288
0.07729548960924149
0.14466720819473267
0.17952556908130646
0.15065592527389526
0.014522322453558445
0.037359729409217834
0.019248398020863533
0.07368778437376022
0.19797389209270477
0.2109549641609192
0.8608330488204956
0.7884851694107056
0.37122902274131775
0.39270979166030884
0.1593160182237625
0.037956345826387405
0.05961077660322189
0.13682027161121368
0.2396112084388733
0.22658903896808624
0.32030847668647766
0.5045855641365051
0.4649236500263214
0.29011109471321106
0.3870554566383362
0.4153199791908264
0.4546399712562561
0.13870520889759064
0.33108291029930115
0.17706885933876038
0.4028116464614868
0.47567886114120483
0.3867640793323517
0.7750393152236938
0.7585721015930176
0.7966598868370056
0.15473270416259766
0.5734401345252991
0.402534157037735
0.030377574265003204
0.15093249082565308
0.1402176171541214
0.15320910513401031
0.2568931579589844
0.18531115353107452
0.03643009066581726
0.1302289515733719
0.11934297531843185
0.05333101004362106
0.1523773968219757
0.12225496768951416
0.21704217791557312
0.2390979379415512
0.5281721949577332
0.587944746017456
0.6505276560783386
0.5793165564537048
0.23327858746051788
0.2514670789241791
0.37199142575263977
0.24473115801811218
0.2656767666339874
0.1504962146282196
0.17486828565597534
0.18268299102783203
0.24620962142944336
0.2843737006187439
