0.5434231758117676
0.5712228417396545
0.5686957240104675
0.5435757637023926
0.670744001865387
0.776342511177063
0.8864524960517883
0.8896039128303528
0.7479978203773499
0.9221890568733215
0.9109392166137695
0.8141516447067261
0.8267883062362671
0.36245104670524597
0.6474781632423401
0.6354852318763733
0.5764268040657043
0.5704931616783142
0.7206841707229614
0.5555872321128845
0.6822830438613892
0.755975067615509
0.4579762816429138
0.6311660408973694
0.5596721768379211
0.7982270121574402
0.845217227935791
0.5443099141120911
0.5717834234237671
0.8997147083282471
0.8524014949798584
0.4974713921546936
0.8564513921737671
0.9528847932815552
0.9458406567573547
0.6367254257202148
0.9540601372718811
0.9341924786567688
0.8014008402824402
0.8388145565986633
0.9633782505989075
0.9213224053382874
0.7708321213722229
0.8280351758003235
0.6635655164718628
0.882900059223175
0.7132790684700012
0.6037561297416687
0.5546834468841553
0.6997073292732239
0.9131916761398315
0.7711156606674194
0.7435744404792786
0.791864275932312
0.8773267269134521
0.889389157295227
0.8987115025520325
0.7816327214241028
0.833227276802063
0.8415126204490662
0.7878067493438721
0.7802765369415283
0.46190351247787476
0.733966588973999
0.6613449454307556
0.46913522481918335
0.3920535147190094
0.7388511896133423
0.5502672791481018
0.5376408100128174
0.7000203728675842
0.7147571444511414
0.520704448223114
0.677007257938385
0.6491146087646484
0.7168982028961182
0.6254134774208069
0.8673158288002014
0.5686833262443542
0.8555015325546265
0.7891396284103394
0.36517077684402466
0.46948179602622986
0.728693962097168
0.6299828290939331
0.3883916437625885
0.5125258564949036
0.586841881275177
0.6789900064468384
0.8102462887763977
0.7045137286186218
0.6263361573219299
0.5900094509124756
0.5622265934944153
