0.8506771922111511
0.8997500538825989
0.891422688961029
0.904587984085083
0.9746725559234619
0.9863582253456116
0.9717900156974792
0.962408721446991
0.9742048978805542
0.9662163853645325
0.9562452435493469
0.9390498399734497
0.9280220866203308
0.9100247621536255
0.8810945749282837
0.9302639365196228
0.8351139426231384
0.8848446011543274
0.8332922458648682
0.8691561818122864
0.8503255248069763
0.8359556198120117
0.888090193271637
0.8612025380134583
0.911213219165802
0.9625524878501892
0.942540168762207
0.9597678780555725
0.9623350501060486
0.9258900880813599
0.9608597159385681
0.9543142318725586
0.9262365698814392
0.8865096569061279
0.9170108437538147
0.8209053874015808
0.9299392700195312
0.8145157098770142
0.9248769879341125
0.8380849361419678
0.8354092240333557
0.8961517810821533
0.8917387127876282
0.9533300399780273
0.8685251474380493
0.9521574378013611
0.8310365676879883
0.9189124703407288
0.92430180311203
0.9613306522369385
0.9541009068489075
0.95445317029953
0.9855144619941711
0.9576624035835266
0.9533811211585999
0.9483627676963806
0.9657517671585083
0.9620043635368347
0.9640445709228516
0.9572238922119141
0.9452202916145325
0.9419856667518616
0.9288496375083923
0.8841086626052856
0.9081724286079407
0.9510025382041931
0.9393534064292908
0.9426437020301819
0.9668249487876892
0.9573273062705994
0.9603900909423828
0.9390035271644592
0.9169794917106628
0.9145767688751221
0.8897654414176941
0.902099609375
0.9328069686889648
0.9492329359054565
0.9635674357414246
0.9543200731277466
0.9526873826980591
0.9313390851020813
0.8900651931762695
0.8434667587280273
0.8084072470664978
