0.0901569202542305
0.12518306076526642
0.04847576841711998
0.11334528028964996
0.20761153101921082
0.11570405960083008
0.10773680359125137
0.09030518680810928
0.1626811921596527
0.15296630561351776
0.14636512100696564
0.12023618817329407
0.12222850322723389
0.09031018614768982
0.059606924653053284
0.06908994168043137
0.029048718512058258
0.08347662538290024
0.06074630096554756
0.06337278336286545
0.10324487090110779
0.1613844782114029
0.10468389093875885
0.1332000494003296
0.09961817413568497
0.05034489557147026
0.3105769753456116
0.22347599267959595
0.21645565330982208
0.14236243069171906
0.25112321972846985
0.07950840890407562
0.0439341738820076
0.050017569214105606
0.08226606994867325
0.04005100578069687
0.012464596889913082
0.030541623011231422
0.06667190790176392
0.05434542894363403
0.032319582998752594
0.09623532742261887
0.2575196623802185
0.1157931461930275
0.13053525984287262
0.09442499279975891
0.011496584862470627
0.013795452192425728
0.0057190838269889355
0.03542162850499153
0.02581878751516342
0.09719546139240265
0.13437862694263458
0.044104937463998795
0.04908229410648346
0.028466228395700455
0.03515057638287544
0.06512054055929184
0.05216316878795624
0.005235207732766867
0.01646166667342186
0.0421890988945961
0.037978556007146835
0.028779923915863037
0.015395843423902988
0.05279172211885452
0.054547179490327835
0.07746521383523941
0.1318776160478592
0.022670233622193336
0.029383940622210503
0.01403522677719593
0.010915783233940601
0.008601103909313679
0.015103201381862164
0.03284372761845589
0.06046386435627937
0.14644452929496765
0.12006163597106934
0.14967738091945648
0.1463838368654251
0.05159306898713112
0.25149455666542053
0.2338213175535202
0.11561323702335358
0.07597468048334122
0.28617796301841736
0.3988402783870697
0.061728622764348984
0.1798791140317917
0.12246494740247726
0.2402656078338623
0.1132618859410286
0.06642613559961319
0.08874259144067764
0.020043792203068733
0.09257375448942184
0.07383593171834946
0.027360860258340836
0.05185390263795853
0.0644962266087532
0.1582314521074295
0.09716569632291794
0.08157903701066971
0.12448213994503021
0.0724649578332901
0.0568859837949276
0.03382337838411331
0.08183780312538147
0.07860729843378067
0.027515089139342308
0.1234423890709877
0.1598079353570938
0.08205584436655045
0.029137874022126198
0.1283835917711258
0.16854311525821686
0.05624222755432129
0.09151587635278702
0.06891760975122452
0.15827901661396027
0.0439109280705452
0.028557807207107544
0.010734652169048786
0.01462570670992136
0.042938653379678726
0.025691108778119087
0.052754323929548264
0.026205485686659813
0.11705359071493149
0.05730943754315376
0.026692718267440796
0.047188058495521545
0.05814414471387863
0.033473629504442215
0.0805782824754715
0.16496388614177704
0.02108853869140148
0.04092460870742798
0.05405987426638603
0.037297721952199936
0.009312164969742298
0.05250271037220955
0.054044876247644424
0.01305865217000246
0.0603209026157856
0.06691540777683258
0.07876662164926529
0.10277020931243896
0.025327112525701523
0.014699269086122513
0.0325101763010025
0.028321215882897377
0.01201048493385315
0.01304064691066742
0.021585291251540184
0.03708275407552719
0.06288357079029083
0.02141169086098671
0.05886763334274292
0.03203601390123367
0.02794477716088295
0.04283684492111206
0.3602982759475708
0.2229112833738327
0.13156962394714355
0.32589441537857056
0.14066658914089203
0.26286858320236206
0.15294227004051208
0.2868410646915436
0.06365882605314255
0.059591252356767654
0.19071419537067413
0.13453559577465057
0.017322322353720665
0.05980360507965088
0.06723523139953613
0.016476476565003395
0.07747343927621841
0.08046314865350723
0.06418617814779282
0.029929574579000473
0.11843808740377426
0.10203580558300018
0.044206686317920685
0.08851416409015656
0.020684735849499702
0.011705185286700726
0.0052170841954648495
0.011002528481185436
0.02792011760175228
0.11469265073537827
0.09368270635604858
0.09932733327150345
0.12036929279565811
0.11149957776069641
0.2799399197101593
0.06314851343631744
0.09376248717308044
0.1306694746017456
0.10255033522844315
0.025285696610808372
0.06987977772951126
0.06524097919464111
0.10290724784135818
0.03237917646765709
0.09686730802059174
0.04489194229245186
0.14643938839435577
0.19554512202739716
0.07117893546819687
0.1004704013466835
0.0902552381157875
0.028614941984415054
0.10388197004795074
0.12702374160289764
0.12049464136362076
0.1104363277554512
0.1268872320652008
0.14465594291687012
0.14765016734600067
0.11680730432271957
0.044267769902944565
0.07715754956007004
0.05063249543309212
0.06445042788982391
0.01595919393002987
0.0640873834490776
0.11753373593091965
0.024184467270970345
0.0384979210793972
0.04127064347267151
0.09849116951227188
0.040721356868743896
0.02140941098332405
0.05398273840546608
0.1111316829919815
0.046389974653720856
0.01805049367249012
0.0433194674551487
0.06121636927127838
0.10306322574615479
0.015862178057432175
0.06676457077264786
0.07761112600564957
0.08721452951431274
0.04562826827168465
0.03244743496179581
0.10477978736162186
0.08634588867425919
0.051961541175842285
0.004338716622442007
0.028319384902715683
0.0036115976981818676
0.054921578615903854
0.011075720191001892
0.17609770596027374
0.20962722599506378
0.20747685432434082
0.2576434314250946
0.07603161782026291
0.008957009762525558
0.11429110914468765
0.10569193214178085
0.016810929402709007
0.01901223696768284
0.10801661014556885
0.09637302160263062
0.0165170319378376
0.15794800221920013
0.2209247350692749
0.1345011293888092
0.07885074615478516
0.06601487100124359
0.07869690656661987
0.014775832183659077
0.04367024451494217
0.028258612379431725
0.026338839903473854
0.04131241515278816
0.1801547259092331
0.10092037916183472
0.05021718889474869
0.07035472989082336
0.10160408169031143
0.043903421610593796
0.02417788840830326
0.06091244891285896
0.07330706715583801
0.06348343193531036
0.02202114276587963
0.10339910537004471
0.1775360405445099
0.06116248667240143
0.04921742528676987
0.2788781523704529
0.3054010570049286
0.20220209658145905
0.16534766554832458
0.0767643079161644
0.03776411712169647
0.046566192060709
0.0075002373196184635
0.0078066810965538025
0.0038139745593070984
0.01364219095557928
0.04720022529363632
0.19596198201179504
0.2257457822561264
0.0835816040635109
0.040116097778081894
0.27057409286499023
0.10938260704278946
0.06690843403339386
0.1191704124212265
0.16559021174907684
0.21184074878692627
0.12810230255126953
0.02089954912662506
0.06194330006837845
0.014328600838780403
0.008542260155081749
0.007912594825029373
0.025407226756215096
0.021397866308689117
0.03704587370157242
0.060116562992334366
0.14866335690021515
0.3161766529083252
0.14823396503925323
0.12001369893550873
0.23380067944526672
0.1329478621482849
0.11351154744625092
0.3123823404312134
0.27539241313934326
0.22765584290027618
0.03609239310026169
0.08429966121912003
0.1560501605272293
0.015083804726600647
0.014435946941375732
0.11018847674131393
0.08493239432573318
0.049262311309576035
0.11437621712684631
0.08301495760679245
0.024928955361247063
0.03813107684254646
0.0047052339650690556
0.026371248066425323
0.023622902110219002
0.01884339563548565
0.05899936705827713
0.07321186363697052
0.22874167561531067
0.06852486729621887
0.03296981006860733
0.08076617866754532
0.16625554859638214
0.11175023019313812
0.08314477652311325
0.1319648027420044
0.18330927193164825
0.22228455543518066
0.1784791350364685
0.1160934790968895
0.11305104196071625
0.15577247738838196
0.15898194909095764
0.13215231895446777
0.12813740968704224
0.09373665601015091
0.25773704051971436
0.1311139613389969
0.063778355717659
0.16119535267353058
0.24060355126857758
0.07009664922952652
0.052548009902238846
0.2661323845386505
0.07046184688806534
0.09799370169639587
0.1493791937828064
0.07203280180692673
0.030467357486486435
0.044877637177705765
0.030643505975604057
0.04681942239403725
0.0620092898607254
0.061224956065416336
0.060606155544519424
0.1499103158712387
0.2505550682544708
0.19368989765644073
0.1856045126914978
0.11925838142633438
0.17246657609939575
0.11796307563781738
0.10556648671627045
0.0926579013466835
0.06830361485481262
0.059224896132946014
0.06432229280471802
0.021602123975753784
0.03586539253592491
0.06595005840063095
0.10533475875854492
0.08245884627103806
0.1656167060136795
0.05584504082798958
0.05267273262143135
0.0182235985994339
0.059054791927337646
0.021641433238983154
0.020020505413413048
0.06158453971147537
0.04867317155003548
0.0171541478484869
0.025010714307427406
0.028790630400180817
0.08821067959070206
0.05702671781182289
0.0520949512720108
0.08991272002458572
0.06495306640863419
0.048357654362916946
0.07111060619354248
0.06760511547327042
0.084490567445755
0.04422164335846901
0.1719740927219391
0.09670675545930862
0.037109214812517166
0.047109827399253845
0.13147437572479248
0.06159896403551102
0.062716044485569
0.13824410736560822
0.09876474738121033
0.1520262509584427
0.38362884521484375
0.18711061775684357
0.20132076740264893
0.22377578914165497
0.3048108220100403
0.15378010272979736
0.038158733397722244
0.06294716149568558
0.08798254281282425
0.04538264498114586
0.03302107751369476
0.07804987579584122
0.042763616889715195
0.12247201055288315
0.16596268117427826
0.11760210990905762
0.04021647199988365
0.14457912743091583
0.09190844744443893
0.08770674467086792
0.06303036212921143
0.02933223731815815
0.03126533702015877
0.07688532769680023
0.03418835252523422
0.06082364544272423
0.030614938586950302
0.09797971695661545
0.057776015251874924
0.07682434469461441
0.06849987804889679
0.20298928022384644
0.16458313167095184
0.09948348999023438
0.025905460119247437
0.2883976995944977
0.2928607761859894
0.07521165907382965
0.07066696137189865
0.6150315403938293
0.40719786286354065
0.05253930389881134
0.37743625044822693
0.6375992894172668
0.33462411165237427
0.25414320826530457
0.09575843811035156
0.06662849336862564
0.30543947219848633
0.45840755105018616
0.5356073975563049
0.6262087225914001
0.5854771137237549
0.5733273029327393
0.5167092680931091
0.5054781436920166
0.4906451404094696
0.5036852955818176
0.5447550415992737
0.5224158763885498
0.4908386766910553
0.4173547327518463
0.3847425878047943
0.07911214232444763
0.2850130498409271
0.2174951583147049
0.09272408485412598
0.29213911294937134
0.23053571581840515
0.0859246477484703
0.19091708958148956
0.18650603294372559
0.11061034351587296
0.2047223299741745
0.23304282128810883
0.14410461485385895
0.26714110374450684
0.2027321457862854
0.1835380494594574
0.07353369146585464
0.15027804672718048
0.1056382805109024
0.13166654109954834
0.08717136085033417
0.10099951177835464
0.09654625505208969
0.08647603541612625
0.10362628847360611
0.07566342502832413
0.06419427692890167
0.06825283914804459
0.04627631977200508
0.034836046397686005
0.061821356415748596
0.041553009301424026
0.02238941565155983
0.0862150490283966
0.05369212105870247
0.055414505302906036
0.12112987041473389
0.18495377898216248
0.11360278725624084
0.12015105783939362
0.20631642639636993
0.17320160567760468
0.1080855280160904
0.13766862452030182
0.08695591986179352
0.11300100386142731
0.1239030659198761
0.0564659982919693
0.12235993891954422
0.03751879185438156
0.11713707447052002
0.04779423400759697
0.3803970515727997
0.16251321136951447
0.08872052282094955
0.22655089199543
0.40587499737739563
0.19788487255573273
0.2848353385925293
0.2164132446050644
0.4388792812824249
0.3428022563457489
0.5539535284042358
0.48942142724990845
0.505050003528595
0.46872976422309875
0.5662039518356323
0.4746582806110382
0.4712320864200592
0.388947069644928
0.44175979495048523
0.4820716679096222
0.37360042333602905
0.30371206998825073
0.35473647713661194
0.19736051559448242
0.2616000175476074
0.3430279791355133
0.17755138874053955
0.06372081488370895
0.246425598859787
0.17751403152942657
0.14201517403125763
0.1413421332836151
0.12028065323829651
0.23338842391967773
0.23790355026721954
0.23788605630397797
0.14395014941692352
0.07380793243646622
0.2097780853509903
0.24970586597919464
0.23752304911613464
0.3456932604312897
0.16543228924274445
0.19418826699256897
0.12693367898464203
0.18830442428588867
0.13599848747253418
0.2602841258049011
0.19759614765644073
0.19992494583129883
0.37506264448165894
0.2996865510940552
0.19482456147670746
0.1393844336271286
0.2022886425256729
0.0565669946372509
0.18048438429832458
0.08062440156936646
0.04613562300801277
0.07675158232450485
0.13542383909225464
0.1025480106472969
0.09074792265892029
0.11325076222419739
0.12693805992603302
0.09541655331850052
0.10252872109413147
0.14428813755512238
