0.63015216588974
0.6263693571090698
0.5966118574142456
0.6304391622543335
0.6173933148384094
0.710243284702301
0.5767157673835754
0.24884499609470367
0.3864089548587799
0.6441985368728638
0.4845942556858063
0.2091163992881775
0.45935630798339844
0.4287005066871643
0.35283875465393066
0.3024050295352936
0.3257442116737366
0.26436737179756165
0.19860072433948517
0.4033447206020355
0.10563064366579056
0.505749523639679
0.2156500667333603
0.40776562690734863
0.2420060932636261
0.43472152948379517
0.486066073179245
0.48140689730644226
0.659060537815094
0.5410842895507812
0.4545559287071228
0.3597848117351532
0.14172787964344025
0.2907717525959015
0.2439846247434616
0.3185426890850067
0.5225746035575867
0.47246333956718445
0.215031698346138
0.3266753554344177
0.5229104161262512
0.43731099367141724
0.3305143415927887
0.6460184454917908
0.7844192981719971
0.7774307727813721
0.8317696452140808
0.8306761384010315
0.8279682993888855
0.29796352982521057
0.6708095669746399
0.3412456512451172
0.5637869238853455
0.7212294340133667
0.7414251565933228
0.8404309749603271
0.5995292663574219
0.7942470908164978
0.4335591793060303
0.5482156872749329
0.3929618000984192
0.27997300028800964
0.48556816577911377
0.3143586218357086
0.16081218421459198
0.28214967250823975
0.4225925803184509
0.5172971487045288
0.31028079986572266
0.49840211868286133
0.15909692645072937
0.45483165979385376
0.1813935488462448
0.5199776887893677
0.3139902651309967
0.5227496027946472
0.5609591007232666
0.5341777801513672
0.8436644077301025
0.5020481944084167
0.4497748613357544
0.22330018877983093
0.5265184640884399
0.7001481652259827
0.6202371716499329
0.7396728992462158
0.8340811729431152
0.5218333601951599
0.6182251572608948
0.810750424861908
0.6053152680397034
0.4232524335384369
0.8604475855827332
0.8082354664802551
0.2439577281475067
0.5102947950363159
0.8634776473045349
0.7472591400146484
0.5242907404899597
0.7565403580665588
0.5147486329078674
0.6198875308036804
0.13323895633220673
0.5560868382453918
0.20668856799602509
0.4034896790981293
0.3568862974643707
0.5984825491905212
0.38305118680000305
0.35434895753860474
0.39348769187927246
0.5273752212524414
0.44211170077323914
0.602003276348114
0.7225856781005859
0.5817000269889832
0.7881991267204285
0.393345445394516
0.6099685430526733
0.5059566497802734
0.739983856678009
