0.32746651768684387
0.4894488751888275
0.3791452944278717
0.367122083902359
0.11283857375383377
0.11191490292549133
0.16875723004341125
0.1191454753279686
0.09336484223604202
0.24460750818252563
0.11199050396680832
0.2389279156923294
0.3323652148246765
0.3514685034751892
0.30557647347450256
0.2719362676143646
0.42391496896743774
0.3815280795097351
0.5716511011123657
0.6439570188522339
0.42832401394844055
0.4149867594242096
0.48006895184516907
0.29059284925460815
0.25043824315071106
0.5160203576087952
0.5385065674781799
0.189375638961792
0.5346416234970093
0.5625165104866028
0.6035733222961426
0.319001168012619
0.56081223487854
0.5456320643424988
0.3686524033546448
0.12919016182422638
0.26139625906944275
0.5821245908737183
0.22531181573867798
0.3799542486667633
0.1700686663389206
0.2615390419960022
0.11008086800575256
0.41363394260406494
0.2908876836299896
0.52491694688797
0.6281992197036743
0.4807114005088806
0.38520941138267517
0.36613035202026367
0.4897284507751465
0.3207298815250397
0.38028496503829956
0.29374513030052185
0.12194985896348953
0.425616979598999
0.18852178752422333
0.19890528917312622
0.4784461557865143
0.3837244212627411
0.20886433124542236
0.15788187086582184
0.2825044095516205
0.34865206480026245
0.24003130197525024
0.09308550506830215
0.19839034974575043
0.4611823856830597
0.5049275755882263
0.3173978626728058
0.42503660917282104
0.7186235189437866
0.40460655093193054
0.27958932518959045
0.42861416935920715
0.4618362784385681
0.6222745180130005
0.404712051153183
0.3251258432865143
0.48242759704589844
0.6298717260360718
0.5812884569168091
0.48837006092071533
0.6766420006752014
0.5995094776153564
0.3278355896472931
0.38045749068260193
0.37753984332084656
0.1279395967721939
0.2841581106185913
0.6230282783508301
0.2283395677804947
0.1579316258430481
0.4568825364112854
0.5578939318656921
0.4015476405620575
0.5333043932914734
0.5409020781517029
0.19315989315509796
0.3076607584953308
0.21729180216789246
0.25429168343544006
0.13423378765583038
0.2520950138568878
0.1838018298149109
0.15185633301734924
0.34674474596977234
0.11729264259338379
0.07874887436628342
0.14073915779590607
0.41987165808677673
0.06505035609006882
0.1486448496580124
0.3306240141391754
0.4326983690261841
0.16297046840190887
0.45239078998565674
0.6739591956138611
0.2740841805934906
0.35184523463249207
0.7634258270263672
0.6742904782295227
0.45967617630958557
0.2763369083404541
0.2246844470500946
0.12953875958919525
0.11251845955848694
0.1396966576576233
0.11842351406812668
0.23666149377822876
0.2262575924396515
0.4090772569179535
0.22033175826072693
0.240383118391037
0.1487704962491989
0.10323002934455872
0.2535977363586426
0.1572788953781128
0.07882901281118393
0.17425665259361267
0.16663138568401337
0.2291182428598404
0.1177976131439209
0.2648889124393463
0.1745212823152542
0.37573233246803284
0.21134234964847565
0.5985731482505798
0.8440408706665039
0.7629969120025635
0.6704966425895691
0.7677396535873413
0.306653767824173
0.41267839074134827
0.4418849050998688
0.4078536033630371
0.24271488189697266
0.253962904214859
0.33011871576309204
0.3631048798561096
0.1953193098306656
0.13231755793094635
0.31820419430732727
0.30759552121162415
0.15809130668640137
0.1564047932624817
0.4772963523864746
0.4527553915977478
0.2284175306558609
0.48951053619384766
0.5336547493934631
0.6419601440429688
0.42252475023269653
0.5803691148757935
0.22038602828979492
0.31984394788742065
0.46471548080444336
0.29529455304145813
0.24972622096538544
0.15447711944580078
0.3333650231361389
0.24470993876457214
0.49339306354522705
0.16060513257980347
0.1405324637889862
0.08947300910949707
0.29707440733909607
0.1463811695575714
0.2777537703514099
0.1536293923854828
0.21302075684070587
0.243138387799263
0.26799917221069336
0.161063089966774
0.17137868702411652
0.1650574952363968
0.09294237196445465
0.08070658147335052
0.08012253791093826
0.11621761322021484
0.10355452448129654
0.1019374206662178
0.09809529781341553
0.17222392559051514
0.06644550710916519
0.10372143983840942
0.14599916338920593
0.12758120894432068
0.08706855028867722
0.18645764887332916
0.2905222177505493
0.15828780829906464
0.2196342498064041
0.41623902320861816
0.2911595404148102
0.326009601354599
0.7170175313949585
0.7138323783874512
0.3741113543510437
0.7132895588874817
0.8171334266662598
0.6953957080841064
0.3257215619087219
0.8054581880569458
0.9163018465042114
0.7214582562446594
0.31544727087020874
0.40759536623954773
0.774843156337738
0.6107091903686523
0.3654860854148865
0.6513954997062683
0.883854329586029
0.8201164603233337
0.45099422335624695
0.539707601070404
0.2873024046421051
0.46757814288139343
0.6051231622695923
0.7505093812942505
0.40011194348335266
0.7352903485298157
0.8138373494148254
0.5531144142150879
0.5573930144309998
0.840150773525238
0.7438091039657593
0.80181884765625
0.6916176080703735
0.6708712577819824
0.8157761096954346
0.7580313682556152
0.7465825080871582
0.7912478446960449
0.8750923871994019
0.8384626507759094
0.8631752133369446
0.8933977484703064
0.8720214366912842
0.8469815850257874
0.7929656505584717
