0.35539689660072327
0.5133123993873596
0.38280391693115234
0.47937482595443726
0.2834741175174713
0.4630487263202667
0.215116485953331
0.6331799626350403
0.41305071115493774
0.3813144862651825
0.521734893321991
0.43590062856674194
0.2528606355190277
0.34804025292396545
0.17252525687217712
0.3316161036491394
0.4416464865207672
0.48453277349472046
0.18374542891979218
0.1421051323413849
0.556389570236206
0.4692091941833496
0.13230016827583313
0.593990683555603
0.7806506752967834
0.5738698244094849
0.2535814642906189
0.801140546798706
0.8915413022041321
0.7989745140075684
0.35156211256980896
0.45774275064468384
0.38961729407310486
0.3836253881454468
0.4011034667491913
0.29263177514076233
0.16463662683963776
0.12589454650878906
0.14187276363372803
0.1643955409526825
0.33684924244880676
0.2927777171134949
0.49010705947875977
0.23599041998386383
0.10539782792329788
0.1655326783657074
0.14133134484291077
0.22237582504749298
0.12700854241847992
0.07495032995939255
0.33186769485473633
0.27950870990753174
0.40795764327049255
0.18613456189632416
0.368364542722702
0.24967309832572937
0.14597851037979126
0.12901116907596588
0.11462635546922684
0.18489386141300201
0.15516653656959534
0.05481391400098801
0.0847073420882225
0.22575564682483673
0.1968258023262024
0.06507780402898788
0.15245670080184937
0.2434041053056717
0.32080498337745667
0.14205840229988098
0.07052532583475113
0.03862440213561058
0.03577180579304695
0.012926241382956505
0.016273485496640205
0.016699716448783875
0.013372481800615788
0.036525335162878036
0.19417430460453033
0.053952015936374664
0.25389930605888367
0.04702642187476158
0.07800540328025818
0.17767475545406342
0.018285498023033142
0.040114641189575195
0.010419796220958233
0.03626846894621849
0.018551960587501526
0.03602089360356331
0.06865640729665756
0.08517637103796005
0.0761086717247963
0.1309199035167694
0.045678503811359406
0.03795229271054268
0.16254077851772308
0.25241267681121826
0.4087964594364166
0.4296402931213379
0.28897690773010254
0.16036958992481232
0.3799319863319397
0.29054439067840576
0.14556238055229187
0.09792497754096985
0.0638241246342659
0.054847944527864456
0.14174795150756836
0.06810029596090317
0.2079765945672989
0.23975412547588348
0.604640543460846
0.4953034818172455
0.17716653645038605
0.5654197335243225
0.3530111014842987
0.12434845417737961
0.1912200003862381
0.5145434737205505
0.2707434594631195
0.16644249856472015
0.11499954760074615
0.11656086891889572
0.08519145846366882
0.08632735908031464
0.06147928535938263
0.03050750494003296
0.05806880071759224
0.05555053427815437
0.032781973481178284
0.013703896664083004
0.07513584196567535
0.05847056582570076
0.01825062371790409
0.018627721816301346
0.07424984127283096
0.06783853471279144
0.023783938959240913
0.022361766546964645
0.020932385697960854
0.06693373620510101
0.02301405929028988
0.052889108657836914
0.03993385657668114
0.12235184758901596
0.030839331448078156
0.06330080330371857
0.09800783544778824
0.022964637726545334
0.020456144586205482
0.003986300900578499
0.023379908874630928
0.009631897322833538
0.047464922070503235
0.019190892577171326
0.021166063845157623
0.03405412659049034
0.20996034145355225
0.09223759919404984
0.07927430421113968
0.3281210958957672
0.19354982674121857
0.3946792185306549
0.48287779092788696
0.6464968323707581
0.48047664761543274
0.6465474963188171
0.7415172457695007
0.8442928791046143
0.671036958694458
0.5851881504058838
0.7304003834724426
0.7070094347000122
0.23815865814685822
0.74986332654953
0.7662231922149658
0.2580948770046234
0.5570840835571289
0.7173979878425598
0.7667503356933594
0.30841338634490967
0.4678376615047455
0.6916128993034363
0.4336235225200653
0.2929938733577728
0.3975469172000885
0.7722435593605042
0.33391785621643066
0.3855481743812561
0.6484007835388184
0.6166155934333801
0.27258506417274475
0.6061931252479553
0.7281206250190735
0.585705578327179
0.6067100167274475
0.8034245371818542
0.7327704429626465
0.5102803111076355
0.627500593662262
0.6119762063026428
0.3196425139904022
0.3817065954208374
0.5901060700416565
0.2553512156009674
0.17064635455608368
0.6147788166999817
0.4600049555301666
0.19732075929641724
0.3396928906440735
0.40312933921813965
0.1825045794248581
0.20130279660224915
0.14974065124988556
0.13908442854881287
0.29292672872543335
0.26942551136016846
0.21046508848667145
0.2490784078836441
0.26965466141700745
0.0911446288228035
0.2911827564239502
0.5097458362579346
0.2506672441959381
0.1392727792263031
0.15304185450077057
0.2319553941488266
0.20317834615707397
0.1314617395401001
0.1721314936876297
0.06251796334981918
0.04526105895638466
0.0739399865269661
0.04460949823260307
0.03769618272781372
0.01997763104736805
0.006188737694174051
0.00542570510879159
0.004540700931102037
0.005939440336078405
0.02096739038825035
0.005222905892878771
0.020604874938726425
0.02386406809091568
0.03162423148751259
0.10249195247888565
0.10103324800729752
0.07568822056055069
0.061280507594347
0.019930336624383926
0.034229811280965805
0.07141665369272232
0.04407291114330292
0.028382625430822372
0.021449856460094452
0.0601593442261219
0.035592932254076004
0.0073889801278710365
0.01162094995379448
0.017431039363145828
0.007636093534529209
0.003312024287879467
0.010318845510482788
0.02798551693558693
0.017987709492444992
0.009489224292337894
0.008532090112566948
0.029499227181077003
0.06056162342429161
0.025058705359697342
0.04591729864478111
0.029151545837521553
0.01286813709884882
0.02065938524901867
0.018208108842372894
0.012898333370685577
0.04732687398791313
0.023149697110056877
0.036837417632341385
0.051767926663160324
0.015194307081401348
0.03945358470082283
0.02033652365207672
0.07046274095773697
0.04163924977183342
0.09499173611402512
0.03151664882898331
0.007757184561342001
0.04526878893375397
0.04940080642700195
0.013018251396715641
0.012883087620139122
0.07027129083871841
0.04592958465218544
0.04388856887817383
0.13490189611911774
0.2539316415786743
0.07051843404769897
0.0647491067647934
0.10886849462985992
0.12352124601602554
0.17598013579845428
0.16059847176074982
0.08550647646188736
0.22374407947063446
0.0402420349419117
0.051822662353515625
0.05321330949664116
0.01826433278620243
0.024912437424063683
0.04026084020733833
0.08962155878543854
0.10842696577310562
0.05536345764994621
0.27632346749305725
0.21593210101127625
0.44754329323768616
0.26255002617836
0.3926909565925598
0.6462990045547485
0.4923575222492218
0.42459335923194885
0.24711312353610992
0.2750619947910309
0.13667292892932892
0.0959165096282959
0.055702585726976395
0.11428817361593246
0.04280756786465645
0.3852800130844116
0.15324930846691132
0.5066770911216736
0.3786524832248688
0.37749677896499634
0.3213712275028229
0.22280865907669067
0.40582481026649475
0.6474366784095764
0.6878693103790283
0.436370313167572
0.3371824622154236
0.32767578959465027
0.411503404378891
0.38760095834732056
0.3560313880443573
0.44203847646713257
0.5159710049629211
0.3576095700263977
0.27977314591407776
0.2915027141571045
0.6746671199798584
0.48140233755111694
0.4697227478027344
0.4696001410484314
0.5029581189155579
0.4716379940509796
0.23969756066799164
0.29590320587158203
0.4733871519565582
0.26819315552711487
0.416776567697525
0.40463095903396606
0.3434832692146301
0.14859846234321594
0.4180932343006134
0.4155944287776947
0.30697542428970337
0.2249893844127655
0.12623567879199982
0.18226803839206696
0.0914468765258789
0.17302347719669342
0.2483644038438797
0.15667489171028137
0.1007617861032486
0.23020021617412567
0.44929853081703186
0.34388861060142517
0.1812019944190979
0.5702109932899475
0.5608300566673279
0.5971502661705017
0.7000952363014221
0.7030044198036194
0.841943621635437
0.6194986701011658
0.24206100404262543
0.49415943026542664
0.5660709738731384
0.14376145601272583
0.18073530495166779
0.43105071783065796
0.13888013362884521
0.22368642687797546
0.22545559704303741
0.20021232962608337
0.24863535165786743
0.6116447448730469
0.41757073998451233
0.42594975233078003
0.6301682591438293
0.5074967741966248
0.5539024472236633
0.7182140946388245
0.6885648965835571
0.2977389991283417
