0.17273911833763123
0.12778432667255402
0.19097663462162018
0.28424322605133057
0.10883688181638718
0.14452777802944183
0.1757480502128601
0.11997701227664948
0.12619918584823608
0.21277853846549988
0.10997775942087173
0.29212895035743713
0.3567296266555786
0.41895607113838196
0.5209525227546692
0.5183593034744263
0.49241411685943604
0.7889006733894348
0.36661073565483093
0.825852632522583
0.5928815603256226
0.36869296431541443
0.5003949999809265
0.5989658236503601
0.5150003433227539
0.18474586308002472
0.2135157734155655
0.10730008035898209
0.14946526288986206
0.1703609973192215
0.32837429642677307
0.4427558481693268
0.17221231758594513
0.39753445982933044
0.15783299505710602
0.5041924715042114
0.10061219334602356
0.19530270993709564
0.4605003893375397
0.39360296726226807
0.8059343099594116
0.6396504044532776
0.8445760011672974
0.9041619896888733
0.874618411064148
0.931121289730072
0.9222089052200317
0.7548351883888245
0.6084878444671631
0.56836998462677
0.9041476845741272
0.8382406234741211
0.9419270753860474
0.5767639875411987
0.8088684678077698
0.5820909142494202
0.47292986512184143
0.6977888345718384
0.3380281627178192
0.8306302428245544
0.544340968132019
0.914108395576477
0.9197055101394653
0.9191246032714844
0.9262263178825378
0.5491504669189453
0.7789193987846375
0.4272708594799042
0.35539498925209045
0.36488276720046997
0.6661763787269592
0.5216734409332275
0.23428191244602203
0.5923372507095337
0.7891278266906738
0.7477577924728394
0.7413583993911743
0.9412134885787964
0.9062569737434387
0.4699035882949829
0.8525763154029846
0.828856885433197
0.46071821451187134
0.4964977502822876
0.374376118183136
0.17586615681648254
0.1448790580034256
0.09230852872133255
0.19666220247745514
0.16660507023334503
0.11172439157962799
0.15818476676940918
0.10850409418344498
0.17530129849910736
0.11289855092763901
0.032569777220487595
0.09575718641281128
0.03414549306035042
0.07327017188072205
0.10223115235567093
0.13965806365013123
0.07687936723232269
0.032970525324344635
0.1875506192445755
0.4829639792442322
0.2190084457397461
