0.7414272427558899
0.8621004223823547
0.8611107468605042
0.8236647248268127
0.577155351638794
0.4491247534751892
0.7747848629951477
0.6026093363761902
0.1746557354927063
0.29396626353263855
0.6014103889465332
0.3560287356376648
0.11338060349225998
0.5631446838378906
0.5923647880554199
0.39814385771751404
0.4648274779319763
0.5353707671165466
0.6517242789268494
0.7057684063911438
0.6668937802314758
0.4915189743041992
0.4451256990432739
0.2232227623462677
0.4330902695655823
0.5340866446495056
0.4387951195240021
0.25974783301353455
0.35974398255348206
0.18506281077861786
0.24654650688171387
0.18643566966056824
0.41844263672828674
0.12669667601585388
0.13326622545719147
0.20733755826950073
0.30680349469184875
0.38608038425445557
0.3131152093410492
0.4675982892513275
0.4131244421005249
0.5441663265228271
0.41731080412864685
0.4585173428058624
0.7436723113059998
0.5609714388847351
0.720707893371582
0.38168030977249146
0.5756006836891174
0.4801620841026306
0.31936582922935486
0.3157871961593628
0.4591951370239258
0.2885831296443939
0.2460588961839676
0.43944013118743896
0.4696864187717438
0.4841267168521881
0.4326525926589966
0.4832950234413147
0.41379407048225403
0.28748416900634766
0.3874347507953644
0.2870542109012604
0.2816164493560791
0.494845986366272
0.4092266857624054
0.13672499358654022
0.3764564096927643
0.6654040813446045
0.4833148419857025
0.495898574590683
0.7631734609603882
0.7655839920043945
0.512546956539154
0.5209275484085083
0.30852022767066956
0.10969077050685883
0.16904130578041077
0.08797866851091385
0.2258581668138504
0.3976401090621948
0.4510944187641144
0.46180227398872375
0.7722547650337219
0.7447760701179504
0.8463857769966125
0.4827032685279846
0.364558607339859
0.23567183315753937
0.13531695306301117
0.2611770033836365
0.20803354680538177
0.6507883071899414
0.8034934997558594
0.7033219337463379
0.7474948167800903
0.7384808659553528
0.7709704637527466
0.7665262818336487
0.7214468121528625
0.5710479021072388
0.46639856696128845
0.3424159288406372
0.6304925084114075
0.41648346185684204
0.3737945556640625
0.2160361111164093
0.16619978845119476
0.29709529876708984
0.7431500554084778
0.6868032217025757
0.5455935001373291
0.6430491209030151
0.7371087074279785
0.37300267815589905
0.42843490839004517
0.2556507885456085
0.644290566444397
0.5698162913322449
0.8376614451408386
0.6009851098060608
0.4928942918777466
0.2902217507362366
0.454572468996048
0.7545274496078491
0.5889926552772522
0.7042282819747925
0.7963655591011047
0.8448099493980408
0.7788086533546448
0.5415289998054504
0.5583816766738892
0.49224886298179626
0.590839684009552
0.3905937969684601
0.28706780076026917
0.15908728539943695
0.1824902892112732
0.19034002721309662
0.5450120568275452
0.5668860077857971
0.7293421626091003
0.6218218207359314
0.40056321024894714
0.7297371625900269
