0.4610261023044586
0.47144678235054016
0.2762162387371063
0.549987256526947
0.40999308228492737
0.594109058380127
0.7318742871284485
0.552322506904602
0.7472045421600342
0.4709101915359497
0.7595438957214355
0.757058322429657
0.6998036503791809
0.9117721915245056
0.8518931269645691
0.8380947709083557
0.815964937210083
0.6958498954772949
0.6946986317634583
0.44362542033195496
0.2645961344242096
0.2948324382305145
0.49167993664741516
0.47630083560943604
0.5641195178031921
0.5186587572097778
0.2271868735551834
0.6306626796722412
0.29507917165756226
0.4698876440525055
0.6197354197502136
0.6117987036705017
0.3009082078933716
0.6140034198760986
0.4092969298362732
0.6096826791763306
0.45507511496543884
0.53962641954422
0.4813232421875
0.46347060799598694
0.4271167516708374
0.7039492726325989
0.5047851800918579
0.5341403484344482
0.5415590405464172
0.3799149990081787
0.4154758155345917
0.41161900758743286
0.2505124807357788
0.6402747631072998
0.1481885462999344
0.3161669671535492
0.15704557299613953
0.6583073139190674
0.451678067445755
0.36233997344970703
0.45457378029823303
0.4493654668331146
0.5747049450874329
0.3698980510234833
0.5685081481933594
0.41144219040870667
0.567694365978241
0.42588964104652405
0.3879912495613098
0.2933797240257263
0.5760096311569214
0.6505963802337646
0.6864537000656128
0.7316434979438782
0.7715693712234497
0.5215210914611816
0.4756864607334137
0.6095700263977051
0.4373207688331604
0.27712059020996094
0.5839328765869141
0.5351980328559875
0.24114860594272614
0.5278207063674927
0.3472687304019928
0.2930920422077179
0.3944360017776489
0.3403209149837494
0.7593960762023926
0.32429638504981995
0.6486518383026123
0.5147719979286194
0.5991441011428833
0.6491327285766602
0.45399248600006104
0.379038006067276
0.2848769724369049
0.3449360132217407
0.30946069955825806
0.15113301575183868
0.36589428782463074
0.23285044729709625
0.18437297642230988
0.35575777292251587
0.3772382140159607
0.3093797266483307
0.4112226068973541
0.468413770198822
0.5193997621536255
0.5185179114341736
0.5343679785728455
0.46622562408447266
0.5322240591049194
0.5166508555412292
0.5453769564628601
0.6285706758499146
0.6909512281417847
0.5579474568367004
0.8380400538444519
0.7833407521247864
0.6939700245857239
0.7707419991493225
0.7272069454193115
0.6592528223991394
0.458482950925827
0.592279851436615
0.6212097406387329
0.4638170301914215
0.41020840406417847
0.7069381475448608
0.7873337268829346
0.6352354884147644
0.7565844655036926
0.686722457408905
0.8005594611167908
0.7195020318031311
0.598480224609375
0.8335670828819275
0.677659273147583
0.47079071402549744
0.7925775647163391
0.7546510696411133
0.7881731986999512
0.7815030217170715
0.7755207419395447
0.6673880815505981
0.5861291885375977
0.4667552411556244
0.47131475806236267
0.5142230987548828
0.3434126675128937
0.22567588090896606
0.4430944621562958
0.370434433221817
