0.11699873954057693
0.1028764396905899
0.09617197513580322
0.0824480876326561
0.044583261013031006
0.022101521492004395
0.01934674195945263
0.013980825431644917
0.11958171427249908
0.2843928337097168
0.3684084415435791
0.28391700983047485
0.5659982562065125
0.3031083643436432
0.1024615541100502
0.2979380190372467
0.2878510653972626
0.03679916262626648
0.08051867038011551
0.20211435854434967
0.1277374029159546
0.022942861542105675
0.10136677324771881
0.3443305492401123
0.17139241099357605
0.08445578813552856
0.0751299187541008
0.060094866901636124
0.0465964637696743
0.058875806629657745
0.0891442522406578
0.054057661443948746
0.2033252716064453
0.09989134222269058
0.05197485163807869
0.2142886221408844
0.1934482902288437
0.010667943395674229
0.19108779728412628
0.21342168748378754
0.08158788830041885
0.23274512588977814
0.3612920343875885
0.28137385845184326
0.1871890276670456
0.12334949523210526
0.15967611968517303
0.13131417334079742
0.0692727118730545
0.02673485316336155
0.07227186858654022
0.054624781012535095
0.2208450436592102
0.2875009775161743
0.587673008441925
0.17431995272636414
0.6001734137535095
0.4857842028141022
0.40434810519218445
0.47644075751304626
0.042860157787799835
0.40328195691108704
0.6818404793739319
0.15850438177585602
0.1128765121102333
0.5880213975906372
0.2820076048374176
0.2422747164964676
0.4935885965824127
0.300467312335968
0.3347027599811554
0.2333892434835434
0.27872928977012634
0.20196694135665894
0.2150973677635193
0.35567137598991394
0.3058417737483978
0.27800360321998596
0.22629663348197937
0.16638299822807312
0.30865731835365295
0.31566235423088074
0.41004934906959534
0.2876394987106323
0.2745702564716339
0.29284027218818665
0.309655100107193
0.38638606667518616
0.18143756687641144
0.18298174440860748
0.38302966952323914
0.2254936248064041
0.1835102140903473
0.04684546962380409
0.17294688522815704
0.12919504940509796
0.14982970058918
0.31967249512672424
0.5231608152389526
0.6970880627632141
0.7604140043258667
0.7866343855857849
0.5148470997810364
0.3274804651737213
0.5644695162773132
0.5041558146476746
0.4149816036224365
0.3757348656654358
0.18489348888397217
0.7271040081977844
0.3325176239013672
0.44655391573905945
0.41619673371315
0.2343209832906723
0.4061024785041809
0.46471983194351196
0.5484611392021179
0.3463781476020813
0.6261245012283325
0.639872133731842
0.5702254176139832
0.3184684216976166
0.4565376341342926
0.3890537619590759
0.28631412982940674
0.48188841342926025
0.18085671961307526
0.44277459383010864
0.37153056263923645
0.26047149300575256
0.17526060342788696
0.38817429542541504
0.4515213966369629
0.34414762258529663
0.1050737127661705
0.24429236352443695
