0.1253092736005783
0.1582169383764267
0.18433375656604767
0.13249358534812927
0.2361322045326233
0.23934465646743774
0.2848050892353058
0.27525484561920166
0.28024783730506897
0.3125395178794861
0.3546401560306549
0.2686046063899994
0.4664077162742615
0.3725217580795288
0.36522984504699707
0.3012219965457916
0.17321038246154785
0.4217908978462219
0.38328802585601807
0.4104357361793518
0.14661923050880432
0.14813579618930817
0.14602209627628326
0.5114792585372925
0.4764114022254944
0.7262296676635742
0.5038259029388428
0.32802897691726685
0.7506794333457947
0.6085294485092163
0.3295506536960602
0.3397095501422882
0.6373245120048523
0.3123715817928314
0.25576111674308777
0.3469669222831726
0.5400450825691223
0.559106171131134
0.5477521419525146
0.5603421926498413
0.7380905151367188
0.49922975897789
0.4640408754348755
0.7332537770271301
0.8069285154342651
0.5317655205726624
0.6055136322975159
0.8904730677604675
0.7719549536705017
0.6546906232833862
0.6338680386543274
0.7449347376823425
0.3553386330604553
0.33917856216430664
0.5106242895126343
0.34340450167655945
0.21012239158153534
0.1524980217218399
0.1326688826084137
0.06986108422279358
0.09572730213403702
0.06899014115333557
0.06312653422355652
0.10176556557416916
0.10174873471260071
0.12749893963336945
0.16488638520240784
0.11136550456285477
0.07150725275278091
0.12787070870399475
0.22237330675125122
0.1490830034017563
0.1546308398246765
0.04373626783490181
0.24811461567878723
0.3799327313899994
0.29840749502182007
0.1290709674358368
0.8178066611289978
0.8467347025871277
0.360869824886322
0.7509375214576721
0.7477038502693176
0.7907127141952515
0.3235141336917877
0.7842429876327515
0.920644998550415
0.6849988102912903
0.29296615719795227
0.4007421135902405
0.4197624623775482
0.4038006365299225
0.3055899739265442
0.6543118953704834
0.5694658756256104
0.33453232049942017
0.2913629710674286
0.6488692164421082
0.6123061180114746
0.19977302849292755
0.6137855052947998
0.3518870770931244
0.4000491797924042
0.21597884595394135
0.4447259306907654
0.37419983744621277
0.19911228120326996
0.36467984318733215
0.23244592547416687
0.22258393466472626
0.3421271741390228
0.15406377613544464
0.32030168175697327
0.5025145411491394
0.3657427728176117
0.2825305163860321
0.28284770250320435
0.5279830098152161
0.2088494449853897
0.36748600006103516
0.3052408695220947
0.28033262491226196
0.4647960066795349
0.3009813725948334
0.26901522278785706
0.2163887470960617
0.35007715225219727
0.24235029518604279
0.36881282925605774
0.3253299295902252
0.3008944094181061
0.25834277272224426
0.3954971432685852
0.5449807643890381
0.2605053186416626
0.27340975403785706
0.3654382526874542
0.24465012550354004
0.25868749618530273
0.1902415007352829
0.20515362918376923
0.1549561321735382
0.19996878504753113
0.2003595530986786
0.19546303153038025
0.32204726338386536
0.321184903383255
0.2662334740161896
0.2607678472995758
0.2607426047325134
0.248641699552536
0.27030089497566223
