0.30427613854408264
0.4304611086845398
0.46741142868995667
0.5811909437179565
0.6821670532226562
0.7435508370399475
0.6989743709564209
0.7669907808303833
0.8524248600006104
0.8158815503120422
0.5912344455718994
0.659247636795044
0.6026507019996643
0.6854698061943054
0.8068960309028625
0.8365311026573181
0.7086606621742249
0.6633611917495728
0.5722258687019348
0.5656862258911133
0.5075302124023438
0.4578234851360321
0.41323572397232056
0.36626189947128296
0.31897392868995667
0.2299947738647461
0.2579079270362854
0.30903711915016174
0.2232559472322464
0.15268410742282867
0.08789513260126114
0.255666583776474
0.2842734754085541
0.37002435326576233
0.23855869472026825
0.2730320394039154
0.5064840912818909
0.4080207049846649
0.21254655718803406
0.3177860379219055
0.5345691442489624
0.23469236493110657
0.22706079483032227
0.5351603627204895
0.36794885993003845
0.40237194299697876
0.21723493933677673
0.4803279936313629
0.7638605237007141
0.35258278250694275
0.09715795516967773
0.7751865386962891
0.42209041118621826
0.2214333564043045
0.15183819830417633
0.7218891978263855
0.5062037706375122
0.4907015860080719
0.7976946234703064
0.5773618221282959
0.8896461129188538
0.875464141368866
0.8537907004356384
0.3052819073200226
0.4161476194858551
0.7532293200492859
0.6009426116943359
0.09069541841745377
0.3898477256298065
0.6576741933822632
0.5856350660324097
0.1814899891614914
0.8366841077804565
0.8105297088623047
0.28839626908302307
0.42937418818473816
0.39974290132522583
0.6634489297866821
0.4807147979736328
0.13603822886943817
0.12543721497058868
0.1252002716064453
0.20376215875148773
0.30079978704452515
0.23144979774951935
0.21770958602428436
0.2888815999031067
0.21770602464675903
0.05421989783644676
0.03505580127239227
0.10589514672756195
0.07815314084291458
0.04701967164874077
0.06126093119382858
0.4471724331378937
0.4267612099647522
0.24490195512771606
0.30651694536209106
0.8753439784049988
0.7671223282814026
0.816945493221283
0.9210501909255981
0.8916312456130981
0.7468017339706421
0.8940911889076233
0.5474821329116821
0.7481527924537659
0.6711657643318176
0.6589506268501282
0.7488769888877869
0.178267240524292
0.23859477043151855
0.44781139492988586
0.26860710978507996
0.2492755800485611
0.2470792979001999
0.3787764608860016
0.24007055163383484
0.21958544850349426
0.29909202456474304
0.517105758190155
0.6317041516304016
0.3871338665485382
0.3710331618785858
0.48769453167915344
0.15655219554901123
0.3542691767215729
0.3763694763183594
0.2704557478427887
0.33832770586013794
0.21122963726520538
0.330714613199234
0.22407051920890808
0.5784652233123779
0.5083444714546204
0.7263059616088867
0.39742404222488403
0.12374024838209152
0.8682951927185059
0.7660930752754211
0.25471118092536926
0.5944945216178894
0.921916127204895
0.8213456869125366
0.17398667335510254
0.7111275792121887
0.9085221886634827
0.6438443660736084
0.5531437397003174
0.8693293333053589
0.9049573540687561
0.7172724604606628
0.8747928142547607
0.8720195889472961
0.8609282970428467
0.8318682909011841
0.8410382866859436
0.29242488741874695
0.8458013534545898
0.8123360872268677
0.5501039028167725
0.14241744577884674
0.7355093955993652
0.768704354763031
0.5480160713195801
0.10793437063694
0.5989058613777161
0.5695421695709229
0.2712509334087372
0.2594986855983734
0.20001734793186188
0.4871208965778351
0.505138099193573
0.17733056843280792
0.06783179193735123
0.417071670293808
0.6277474164962769
0.42604929208755493
0.07913070917129517
0.7681575417518616
0.8196778893470764
0.25149309635162354
0.27295318245887756
0.843964695930481
0.5504534840583801
0.24969278275966644
0.8576706051826477
0.6024659872055054
0.4402078688144684
0.6814468502998352
0.35612064599990845
0.4780040979385376
0.4950273334980011
0.4347620904445648
0.3899599611759186
0.4313283860683441
0.3154721260070801
0.6203372478485107
0.18882541358470917
0.09296686947345734
0.04891309514641762
0.35078421235084534
0.15604129433631897
0.08321557193994522
0.09098395705223083
0.5339943170547485
0.3632206916809082
0.08029817789793015
0.12999209761619568
0.5752100944519043
0.5493758320808411
0.3556845486164093
0.41799768805503845
0.15271560847759247
0.25893011689186096
0.2048894315958023
0.4975801110267639
0.37982526421546936
0.41773226857185364
0.5049315690994263
0.3764796853065491
0.5324600338935852
0.6322161555290222
0.5438780188560486
0.5318067669868469
0.5265483856201172
0.6468050479888916
0.6385000348091125
0.45122671127319336
0.2816777229309082
0.7272335290908813
0.5264967083930969
0.21259969472885132
0.5644329190254211
0.8193705677986145
0.5507440567016602
0.2858540117740631
0.7897785305976868
0.6393874287605286
0.5152305960655212
0.7637481689453125
0.6495875120162964
0.4597136080265045
0.7207313776016235
0.6197068691253662
0.5041868090629578
0.40741798281669617
0.33845755457878113
0.35303235054016113
0.5981021523475647
0.38232624530792236
0.3392760455608368
0.2821829617023468
0.2730847895145416
0.25538644194602966
0.2203182876110077
0.38325420022010803
0.29525020718574524
0.33658498525619507
0.2768715023994446
0.17143194377422333
0.2740139961242676
0.21002011001110077
0.270790696144104
0.27997368574142456
0.28690412640571594
0.29827454686164856
