0.18820428848266602
0.23899966478347778
0.42788663506507874
0.44648849964141846
0.6413186192512512
0.5660257339477539
0.7134016156196594
0.5652989149093628
0.5553868412971497
0.6531743407249451
0.7059130072593689
0.4175783395767212
0.5100191235542297
0.6913798451423645
0.7282106876373291
0.5823498964309692
0.5703101754188538
0.31583622097969055
0.5519177913665771
0.3963050842285156
0.2631846070289612
0.11055199056863785
0.1945844441652298
0.1669372320175171
0.43517017364501953
0.2486073523759842
0.1790541410446167
0.26866939663887024
0.1706361621618271
0.11880004405975342
0.5611622929573059
0.36073651909828186
0.6371634602546692
0.6125958561897278
0.1323937028646469
0.37523481249809265
0.08687379211187363
0.1212899461388588
0.09411932528018951
0.008223289623856544
0.09725550562143326
0.10271097719669342
0.23438501358032227
0.14939278364181519
0.09500818699598312
0.1923404484987259
0.0845440998673439
0.1048024445772171
0.09630024433135986
0.08822044730186462
0.04243873804807663
0.0213515255600214
0.03889203444123268
0.11856172233819962
0.21847641468048096
0.33051079511642456
0.5563234686851501
0.36656221747398376
0.6548163890838623
0.5737589001655579
0.8377460837364197
0.6412699222564697
0.7892722487449646
0.6318624019622803
0.3464209735393524
0.8159410953521729
0.7954322695732117
0.5092825293540955
0.6640204191207886
0.8059566617012024
0.6747560501098633
0.2693638205528259
0.8179433345794678
0.8092838525772095
0.3862486183643341
0.5011096000671387
0.3663550913333893
0.276964396238327
0.11484675854444504
0.08802734315395355
0.11611347645521164
0.12995630502700806
0.2796410620212555
0.39357125759124756
0.6002501249313354
0.7003043293952942
0.4771225154399872
0.8597866296768188
0.4742834270000458
0.722939133644104
0.6261856555938721
0.6493611931800842
0.7313476204872131
0.40146562457084656
0.26751697063446045
0.2780914902687073
0.14812734723091125
0.026057977229356766
0.06920014321804047
0.06780903041362762
0.14985662698745728
0.07441302388906479
0.3022104799747467
0.3201611340045929
0.34026941657066345
0.09566066414117813
0.7410538196563721
0.3945789337158203
0.28174442052841187
0.2811015844345093
0.6507358551025391
0.4199696183204651
0.24831345677375793
0.41657280921936035
0.4258573055267334
0.3637680411338806
0.465921550989151
0.410046249628067
0.2531350553035736
0.25268521904945374
0.24540066719055176
0.4207049012184143
0.09440059959888458
0.24471460282802582
0.0652334988117218
0.20859244465827942
0.125777930021286
0.1716279834508896
0.06974180042743683
0.44779226183891296
0.18418796360492706
0.054225824773311615
0.15119118988513947
0.35837364196777344
0.05683057755231857
0.05666181817650795
0.3364202082157135
0.5515642762184143
0.14668869972229004
0.2741919159889221
0.5261921286582947
0.6663514971733093
0.7212262749671936
0.35992956161499023
0.25556322932243347
0.12267572432756424
0.4397472143173218
0.34850063920021057
0.13218365609645844
0.32506829500198364
0.32484546303749084
0.4118786156177521
0.20178112387657166
0.07788638770580292
0.17729498445987701
0.10408139228820801
0.11888859421014786
0.13119199872016907
0.4069095551967621
0.3241928815841675
0.2717575132846832
0.10871497541666031
0.2595882713794708
0.04864019528031349
0.22421270608901978
0.041790757328271866
0.04303860664367676
0.02432226575911045
0.128029927611351
0.2418709099292755
0.3131149709224701
0.15528923273086548
0.5406651496887207
0.5834336876869202
0.4516327679157257
0.3432270884513855
0.3780730068683624
0.41943684220314026
0.2918170690536499
0.43905845284461975
0.2689974308013916
0.37455612421035767
0.2897737920284271
0.3958383798599243
0.25621291995048523
0.22347338497638702
0.2966935634613037
0.3692397177219391
0.7978183031082153
0.7266635298728943
0.4464239478111267
0.2695848345756531
0.37788739800453186
0.15010567009449005
0.17603108286857605
0.06857345998287201
0.07189612090587616
0.1968761831521988
0.07966294139623642
0.09376174211502075
0.039615992456674576
0.15780755877494812
0.11760804802179337
0.052124813199043274
0.10557055473327637
0.2587815821170807
0.15156778693199158
0.18680132925510406
0.28217560052871704
0.2352958768606186
0.5722233653068542
0.5278213620185852
0.3797406256198883
0.218175008893013
0.6635483503341675
0.2990269958972931
0.6890769600868225
0.571265697479248
0.5540092587471008
0.7156327366828918
0.551915168762207
0.5464337468147278
0.47283437848091125
0.6076930165290833
0.5486311316490173
0.13952146470546722
0.3161606192588806
0.4494251608848572
0.4782983362674713
0.19164371490478516
0.22432875633239746
0.566098690032959
0.34701499342918396
0.24389240145683289
0.1727442443370819
0.3291636109352112
0.2731124460697174
0.35977789759635925
0.288528174161911
0.36322468519210815
0.3403385877609253
0.19694441556930542
0.27600380778312683
0.31369343400001526
0.28839388489723206
0.4055381119251251
0.4054681360721588
0.31578531861305237
0.48024240136146545
0.3175375759601593
0.37341225147247314
0.3158741593360901
0.3259962797164917
0.35393714904785156
0.41818180680274963
0.4905085563659668
0.4283607304096222
0.3557808995246887
0.5411253571510315
0.46522241830825806
0.5573320984840393
0.43510985374450684
0.32955029606819153
0.5759685635566711
0.618524968624115
0.29510894417762756
0.406771719455719
0.28638967871665955
0.3091529309749603
0.42778366804122925
0.5097218751907349
0.1521923989057541
0.2843356728553772
0.6508976817131042
0.5464946031570435
0.5077411532402039
0.19794556498527527
0.26157423853874207
0.28097888827323914
0.29283323884010315
0.12720978260040283
0.17951688170433044
0.11454387754201889
0.10298110544681549
0.18394310772418976
0.1014326810836792
0.10380462557077408
0.19335468113422394
0.13738369941711426
0.13473647832870483
0.2232717126607895
0.17926979064941406
0.22518369555473328
0.16518385708332062
0.24742121994495392
0.37744516134262085
0.29292240738868713
0.291964054107666
0.23806145787239075
0.25262928009033203
0.15138885378837585
0.4536884129047394
0.2717633843421936
0.1130949929356575
0.4115290939807892
0.5123119950294495
0.15623588860034943
0.23777620494365692
0.2178698033094406
0.21703405678272247
0.3819834887981415
0.2013976126909256
0.4084128439426422
0.34310439229011536
0.44386783242225647
0.22085006535053253
0.2883278727531433
0.37990760803222656
0.1449412703514099
0.15497522056102753
0.40927180647850037
0.3482780158519745
0.44867080450057983
0.6233642101287842
0.6794012188911438
0.50981605052948
0.577096700668335
0.5886104702949524
0.6457509994506836
0.4676128029823303
0.47487321496009827
0.48251545429229736
0.3990402817726135
0.4783470928668976
