0.6494748592376709
0.7649053931236267
0.9033339619636536
0.606091320514679
0.8384159803390503
0.5871638655662537
0.7089895009994507
0.52259761095047
0.6818814873695374
0.5419153571128845
0.4746868908405304
0.6075947880744934
0.5486704111099243
0.48494789004325867
0.8415232300758362
0.8247989416122437
0.7336334586143494
0.7650024890899658
0.7681848406791687
0.8392574787139893
0.9254043698310852
0.7662305235862732
0.8147836327552795
0.3112336993217468
0.28408437967300415
0.2906862795352936
0.5874059796333313
0.7468166351318359
0.5300543904304504
0.7846620678901672
0.5174387693405151
0.5578085780143738
0.5999164581298828
0.6662563681602478
0.5384388566017151
0.5601375699043274
0.7162579298019409
0.5707405209541321
0.44086143374443054
0.7295792698860168
0.38970568776130676
0.894653856754303
0.4218423664569855
0.8175228238105774
0.5807803869247437
0.5775622725486755
0.40175971388816833
0.5003213882446289
0.37603941559791565
0.4696628749370575
0.6493444442749023
0.5997658967971802
0.8626528382301331
0.6450942158699036
0.7642457485198975
0.30905723571777344
0.6570456624031067
0.222657710313797
0.5822726488113403
0.14088506996631622
0.7113330960273743
0.8520038723945618
0.5803403258323669
0.6993783116340637
0.5839377045631409
0.8790271878242493
0.7056412100791931
0.6921855211257935
0.22361738979816437
0.4642517864704132
0.3395039141178131
0.2048179656267166
0.42375826835632324
0.3568650782108307
0.3256628215312958
0.3332866430282593
0.23133394122123718
0.23764163255691528
0.4958985149860382
0.13512232899665833
0.31230393052101135
0.13490945100784302
0.3702191412448883
0.5846861600875854
0.30852851271629333
0.4096696674823761
0.4952508509159088
0.6356634497642517
0.200857013463974
0.35657092928886414
0.6503729224205017
0.4811600148677826
0.4508282244205475
0.6670138239860535
0.5074320435523987
