0.1326516717672348
0.15736989676952362
0.0931907370686531
0.07375532388687134
0.05851133540272713
0.0787537470459938
0.04401560500264168
0.07046327739953995
0.10470771789550781
0.04193320870399475
0.07435844093561172
0.06554289162158966
0.06057475879788399
0.09298769384622574
0.08979034423828125
0.08677790313959122
0.057139802724123
0.11174707859754562
0.051717858761548996
0.05374512821435928
0.06635569036006927
0.036243341863155365
0.11070788651704788
0.04395459592342377
0.01784760318696499
0.05534537509083748
0.03398760035634041
0.013072177767753601
0.07259952276945114
0.02454107441008091
0.030439265072345734
0.09100590646266937
0.025591665878891945
0.16874152421951294
0.07415411621332169
0.2185693383216858
0.2905005216598511
0.36341726779937744
0.7319011688232422
0.7848971486091614
0.7988103032112122
0.8902958035469055
0.8713852763175964
0.8852867484092712
0.5863680243492126
0.6947541832923889
0.3140849471092224
0.3084222376346588
0.13751062750816345
0.12984344363212585
0.015512700192630291
0.23126156628131866
0.06587526947259903
0.3119651973247528
0.05697168409824371
0.07756967842578888
0.14241139590740204
0.10797138512134552
0.167208731174469
0.30637282133102417
0.41303756833076477
0.18300063908100128
0.40869641304016113
0.3478296101093292
0.556626558303833
0.28797152638435364
0.1290285736322403
0.2204655557870865
0.2635113298892975
0.10017033666372299
0.039032984524965286
0.3477669060230255
0.17700651288032532
0.14637336134910583
0.25474610924720764
0.051034294068813324
0.15114526450634003
0.09855170547962189
0.03929786756634712
0.018340950831770897
0.018606511875987053
0.036523375660181046
0.01656567119061947
0.004002706613391638
0.0031151671428233385
0.008970425464212894
0.02912162058055401
0.003094341140240431
0.006043948233127594
0.05334927514195442
0.04950113594532013
0.01278685498982668
0.02401280589401722
0.07356057316064835
0.14872772991657257
0.08564259856939316
0.10423187166452408
0.11843252182006836
0.1951175183057785
0.2419406920671463
0.2890194356441498
0.05116644501686096
0.1398390233516693
0.010962766595184803
0.06409318000078201
0.006612599827349186
0.16060055792331696
0.019048551097512245
0.056676317006349564
0.09781783074140549
0.1711122989654541
0.043198179453611374
0.09755051136016846
0.15574626624584198
0.03626985847949982
0.08982127904891968
0.06775472313165665
0.010327775031328201
0.03206320106983185
0.0274003017693758
0.011874871328473091
0.007236082572489977
0.07867960631847382
0.05012040212750435
0.012422476895153522
0.009985063225030899
0.03229868784546852
0.06527722626924515
0.05683507025241852
0.06284429132938385
0.036030709743499756
0.08351754397153854
0.02906937338411808
0.19001689553260803
0.11283896118402481
0.018659261986613274
0.1639193594455719
0.01175614446401596
0.08517709374427795
0.038872264325618744
0.2019706517457962
0.16681095957756042
0.42831751704216003
0.3584902882575989
0.20120200514793396
0.7557469606399536
0.49614033102989197
0.384085088968277
0.5804230570793152
0.6043248772621155
0.23539863526821136
0.0724949985742569
0.5047580003738403
0.27837011218070984
0.03555489704012871
0.08065826445817947
0.16146577894687653
0.053997237235307693
0.014188695698976517
0.08812689781188965
0.07843788713216782
0.08074001967906952
0.09720354527235031
0.02787775546312332
0.07528257369995117
0.045489855110645294
0.020823417231440544
0.06385518610477448
0.09361954778432846
0.20988857746124268
0.1300903707742691
0.08120046555995941
0.46154341101646423
0.444047749042511
0.7811835408210754
0.6781978607177734
0.23695288598537445
0.363714337348938
0.79920893907547
0.6276167035102844
0.3610857129096985
0.6112129092216492
0.7425910234451294
0.2488221824169159
0.42927736043930054
0.15809446573257446
0.11328236013650894
0.07258530706167221
0.023479407653212547
0.07305406779050827
0.04130929335951805
0.1500387042760849
0.4166484773159027
0.16518698632717133
0.09211588650941849
0.08977942913770676
0.10055451095104218
0.1988694816827774
0.1620231717824936
0.35144248604774475
0.24922366440296173
0.20889179408550262
0.2975284159183502
0.10825005918741226
0.04662569239735603
0.25972941517829895
0.2715494632720947
0.21056148409843445
0.05778126046061516
0.6951993107795715
0.18544505536556244
0.06319300085306168
0.08413352072238922
0.13489007949829102
0.2722455859184265
0.07095840573310852
0.4309186339378357
0.27946388721466064
0.2734617292881012
0.16354162991046906
0.11929187923669815
0.21763846278190613
0.05161318928003311
0.05861072987318039
0.04597458243370056
0.12700261175632477
0.4115898311138153
0.287298321723938
0.6040060520172119
0.6983512043952942
0.8932037353515625
0.7073424458503723
0.21957333385944366
0.861517608165741
0.9133632779121399
0.5652271509170532
0.21405251324176788
0.937775194644928
0.8734555840492249
0.33313578367233276
0.4818333685398102
0.34362897276878357
0.5923383235931396
0.422763466835022
0.25047004222869873
0.2591089904308319
0.226275235414505
0.8496487736701965
0.8834487199783325
0.7648780941963196
0.6596754193305969
0.6507962942123413
0.40721261501312256
0.21072004735469818
0.43259721994400024
0.4155254364013672
0.2535085380077362
0.6161443591117859
0.6841320395469666
0.761793315410614
0.7009990811347961
0.7444467544555664
