0.6298986673355103
0.7412598729133606
0.7827435731887817
0.6608846783638
0.6982067823410034
0.5330065488815308
0.6780494451522827
0.5633052587509155
0.4161147177219391
0.5087823271751404
0.4804628789424896
0.2657678425312042
0.13836446404457092
0.2678336203098297
0.346212774515152
0.05978464335203171
0.04541029408574104
0.47011810541152954
0.22608140110969543
0.053931500762701035
0.1717803031206131
0.42878440022468567
0.31761789321899414
0.12773828208446503
0.28167271614074707
0.6234717965126038
0.5241199731826782
0.35271021723747253
0.7515851855278015
0.4387739300727844
0.5614024996757507
0.17450430989265442
0.337855726480484
0.10210250318050385
0.36684566736221313
0.2525457739830017
0.38582199811935425
0.41501426696777344
0.34302717447280884
0.57142174243927
0.8014513850212097
0.6083881855010986
0.5230118632316589
0.3528555929660797
0.43916162848472595
0.5878775715827942
0.2501542568206787
0.6060989499092102
0.6659821271896362
0.5105828642845154
0.46494626998901367
0.4899858832359314
0.516166627407074
0.5869994759559631
0.23111703991889954
0.1468449831008911
0.40112802386283875
0.11371258646249771
0.2916678488254547
0.03655160963535309
0.16194291412830353
0.10047326236963272
0.1930263191461563
0.5441819429397583
0.5632666945457458
0.21122628450393677
0.24591350555419922
0.38930216431617737
0.057695116847753525
0.2284938544034958
0.0479593388736248
0.15287679433822632
0.08141407370567322
0.146301731467247
0.23916397988796234
0.30683326721191406
0.19932477176189423
0.12521794438362122
0.4228445887565613
0.22055715322494507
0.2376760095357895
0.47048288583755493
0.4814511835575104
0.5024051070213318
0.6229570508003235
0.9145487546920776
0.7952726483345032
0.5418007969856262
0.6727551817893982
0.17664982378482819
0.39040568470954895
0.26383116841316223
0.5053977370262146
0.3676963746547699
0.45616409182548523
0.36225754022598267
0.7238479852676392
0.5358195304870605
0.5631484389305115
0.7048496603965759
0.8028489947319031
0.9257683157920837
0.5725678205490112
0.349642276763916
0.7810891270637512
0.7115092277526855
0.07852229475975037
0.19197334349155426
0.4294171631336212
0.2045355588197708
0.04847103729844093
0.1996251791715622
0.2976129353046417
0.0898042693734169
0.06166859343647957
0.14893068373203278
0.15690548717975616
0.19278569519519806
0.09339423477649689
0.21300888061523438
0.20686480402946472
0.4222892224788666
0.26645341515541077
0.48742231726646423
0.6437584161758423
0.44606849551200867
0.368575781583786
0.1254158467054367
0.25370141863822937
0.12215732038021088
0.10667012631893158
0.25960031151771545
0.45901599526405334
0.48164060711860657
0.5998502373695374
0.7532814741134644
0.5286511182785034
0.7267647385597229
0.7550485134124756
0.8642678260803223
0.8846645355224609
0.8186741471290588
0.8730222582817078
0.759404182434082
0.5866840481758118
0.771551787853241
0.6846912503242493
0.771708071231842
0.6029778718948364
0.7872452735900879
0.19524569809436798
0.26863327622413635
0.18903674185276031
0.07163058966398239
0.235758975148201
0.05128147453069687
0.24758706986904144
0.10647115111351013
0.3338831067085266
0.17215819656848907
0.30226653814315796
0.5496854782104492
0.31761807203292847
0.47839218378067017
0.2360367774963379
0.2726985812187195
0.04865967482328415
0.12067759037017822
0.061931006610393524
0.12194384634494781
0.34856897592544556
0.23359458148479462
0.747797429561615
0.8617984652519226
0.49024900794029236
0.5180827379226685
0.8364391326904297
0.7470828890800476
0.4798855185508728
0.6681115627288818
0.6827129125595093
0.6210054755210876
