0.5550163388252258
0.7149611711502075
0.3907012343406677
0.31406351923942566
0.6327720284461975
0.36637040972709656
0.2955116629600525
0.4537234306335449
0.45403221249580383
0.494259774684906
0.12892816960811615
0.31908515095710754
0.5601869821548462
0.2915717363357544
0.17334072291851044
0.4475440979003906
0.7210586667060852
0.5375998020172119
0.4481033682823181
0.7167046666145325
0.817213773727417
0.9185307621955872
0.7640705704689026
0.9142112731933594
0.8394216299057007
0.49012190103530884
0.3938962519168854
0.8331111073493958
0.53812575340271
0.5719436407089233
0.8621277213096619
0.8181494474411011
0.4725741446018219
0.6375036239624023
0.7949321866035461
0.5975785255432129
0.32345321774482727
0.42400923371315
0.667468249797821
0.3684234917163849
0.13822995126247406
0.577099084854126
0.49761295318603516
0.47978079319000244
0.4807433485984802
0.6093639135360718
0.6510133147239685
0.6867062449455261
0.661851167678833
0.7347857356071472
0.7852076292037964
0.8403452038764954
0.5958831906318665
0.8636507391929626
0.8938934803009033
0.8687674403190613
0.8102555871009827
0.9023640155792236
0.9303587079048157
0.922756016254425
0.8440331220626831
0.8977571129798889
0.9111005067825317
0.8802996277809143
0.7092604637145996
0.8049910664558411
0.9060261249542236
0.691385805606842
0.39387431740760803
0.8084468841552734
0.7709168195724487
0.28724342584609985
0.3909323215484619
0.7766849994659424
0.5227110981941223
0.3975190222263336
0.42967286705970764
0.768002986907959
0.4932045042514801
0.5284984707832336
