0.45093193650245667
0.39429137110710144
0.4168913662433624
0.41105738282203674
0.3360542953014374
0.397291362285614
0.5150235891342163
0.39328721165657043
0.5122051239013672
0.3587731420993805
0.3068326711654663
0.2829034626483917
0.4927772879600525
0.6349363923072815
0.3981589376926422
0.6460974812507629
0.6692841649055481
0.7013040781021118
0.584777295589447
0.5315326452255249
0.5512089133262634
0.580228328704834
0.5203530192375183
0.6612275242805481
0.6241941452026367
0.6515831351280212
0.6258123517036438
0.7485130429267883
0.5934799909591675
0.518059253692627
0.5000396370887756
0.48835262656211853
0.4468982517719269
0.5930640697479248
0.5740208625793457
0.5420369505882263
0.4538799822330475
0.745231032371521
0.7271708846092224
0.5321991443634033
0.626680314540863
0.7419971227645874
0.6455930471420288
0.7122362852096558
0.7944223880767822
0.8064353466033936
0.7323835492134094
0.7023602724075317
0.5745331645011902
0.603797435760498
0.7087958455085754
0.7936785817146301
0.5831338763237
0.7161514759063721
0.8629242777824402
0.8450133204460144
0.7433077692985535
0.8083373308181763
0.8977258801460266
0.8438754081726074
0.7254315614700317
0.8175728917121887
0.8398987650871277
0.6953710317611694
0.7519428730010986
0.7771997451782227
0.8064296245574951
0.7021939754486084
0.7493414878845215
0.7153515815734863
0.6062712669372559
