0.13559044897556305
0.21365627646446228
0.23965054750442505
0.1766592413187027
0.21168364584445953
0.2508743703365326
0.27265262603759766
0.23833931982517242
0.19161830842494965
0.20860107243061066
0.24805013835430145
0.19930125772953033
0.15486539900302887
0.192377507686615
0.39560666680336
0.30258363485336304
0.24251072108745575
0.5327568650245667
0.4285282492637634
0.6353557109832764
0.6397889256477356
0.735377311706543
0.7476571202278137
0.45128217339515686
0.6297382116317749
0.7138857245445251
0.5932758450508118
0.7528441548347473
0.7386963963508606
0.8903534412384033
0.4990934431552887
0.7669298052787781
0.6937586665153503
0.8972256779670715
0.8414431810379028
0.9236922860145569
0.7987643480300903
0.8017328381538391
0.8299182653427124
0.6782430410385132
0.5937029719352722
0.8152342438697815
0.45493921637535095
0.8232408165931702
0.5864757299423218
0.7605558037757874
0.5990365147590637
0.6693412065505981
0.5220603346824646
0.6393037438392639
0.8519372940063477
0.4777635931968689
0.7367718815803528
0.4384661912918091
0.8100603222846985
0.2666861414909363
0.8801851272583008
0.4387870132923126
0.8591368794441223
0.3576306402683258
0.5591767430305481
0.3949567377567291
0.6321859955787659
0.5956953763961792
0.668213427066803
0.6922234892845154
0.8112926483154297
0.9331070780754089
0.9454157948493958
0.8527620434761047
0.8706821203231812
0.9654713869094849
0.9376627802848816
0.7282834649085999
0.936896562576294
0.9727725982666016
0.8690336346626282
0.9056004285812378
0.9742804765701294
0.9662050604820251
0.9032001495361328
0.8477827310562134
0.6432185769081116
0.5211312770843506
0.5245581865310669
0.7619965672492981
0.8853976130485535
0.9553669691085815
0.9178344011306763
0.9669644236564636
0.9428168535232544
0.8936612010002136
0.7770271301269531
0.9215187430381775
0.690811038017273
0.8802875876426697
0.24319005012512207
0.9287218451499939
0.5620636940002441
0.8950027823448181
0.3788710832595825
0.615094780921936
0.48621490597724915
0.5597096085548401
0.5880325436592102
0.37645435333251953
0.4888101816177368
0.3703821003437042
0.5765402913093567
0.5095638632774353
0.272494375705719
0.658405065536499
0.7006587386131287
0.40724876523017883
0.5705000162124634
0.7069310545921326
0.3673690855503082
0.11544736474752426
0.4178153872489929
0.6165469288825989
0.6360929608345032
0.137361079454422
0.6036407947540283
0.507659375667572
0.5541455149650574
0.5174406170845032
0.3977549374103546
0.3697223663330078
