0.4512728750705719
0.382191002368927
0.39240336418151855
0.5788965225219727
0.6276394724845886
0.5759587287902832
0.641335666179657
0.6827275156974792
0.6250166296958923
0.6811361312866211
0.6598528027534485
0.5899567008018494
0.6912521123886108
0.6264253258705139
0.7651591897010803
0.5299499034881592
0.4501854479312897
0.7203812599182129
0.6638683676719666
0.40148794651031494
0.4646907448768616
0.6429240703582764
0.4119863510131836
0.18741686642169952
0.666337251663208
0.6505588889122009
0.5243782997131348
0.5462242960929871
0.8190981149673462
0.7058635354042053
0.531352162361145
0.5739600658416748
0.5801316499710083
0.45210495591163635
0.6102707386016846
0.36931681632995605
0.3537556827068329
0.3379225730895996
0.17707890272140503
0.5133398175239563
0.1394580602645874
0.6377448439598083
0.27560967206954956
0.7356113195419312
0.3974062502384186
0.7339552044868469
0.6739614605903625
0.6808485984802246
0.6927534937858582
0.6632264256477356
0.3613918125629425
0.32014182209968567
0.7120689749717712
0.6985776424407959
0.7053878903388977
0.6733621954917908
0.6845107078552246
0.5138123631477356
0.5326861143112183
0.6311424374580383
0.5549266934394836
0.4243405759334564
0.3302229046821594
0.44550132751464844
0.701995849609375
0.18058845400810242
0.26927047967910767
0.6054432392120361
0.5372520685195923
0.15025532245635986
0.6912253499031067
0.8326078057289124
0.24370649456977844
0.24913723766803741
0.6052770018577576
0.732291042804718
0.4152180254459381
0.6415979266166687
0.5790274739265442
0.4174380600452423
0.650543212890625
0.3690711259841919
0.5436477065086365
0.5987240672111511
0.6351442337036133
0.48686933517456055
0.6274417042732239
0.5734131932258606
0.47052329778671265
0.46500492095947266
0.6500779986381531
0.7036347389221191
0.4920114576816559
0.6564496755599976
0.6279914975166321
0.5185121893882751
0.6852195262908936
0.5137557983398438
0.6087005734443665
0.2061678171157837
0.40520939230918884
0.40508517622947693
