0.19290213286876678
0.42781463265419006
0.3418319523334503
0.2913682460784912
0.383728563785553
0.06357153505086899
0.2666196823120117
0.3561166822910309
0.1797916442155838
0.33573079109191895
0.4622458517551422
0.6017066836357117
0.6542159914970398
0.23795612156391144
0.5893429517745972
0.8542860746383667
0.5105474591255188
0.31072157621383667
0.3429602086544037
0.28170719742774963
0.2874109447002411
0.34127843379974365
0.30857598781585693
0.3020070791244507
0.47239604592323303
0.39776143431663513
0.508168637752533
0.770359456539154
0.2780247926712036
0.2924240231513977
0.1450985074043274
0.2820136845111847
0.2420794665813446
0.16569073498249054
0.3393324315547943
0.2404938042163849
0.384356826543808
0.5725037455558777
0.41119828820228577
0.1966782808303833
0.12116935849189758
0.45610925555229187
0.3097652494907379
0.42551594972610474
0.5421139597892761
0.4402350187301636
0.5365102887153625
0.390626460313797
0.3378939926624298
0.35959959030151367
0.22228993475437164
0.2033354938030243
0.18918068706989288
0.31061628460884094
0.23564620316028595
0.3084033131599426
0.32215791940689087
0.3599194586277008
0.43162813782691956
0.2318553626537323
0.21408367156982422
0.4075452387332916
0.33307403326034546
0.2254384607076645
0.40490245819091797
0.4633055329322815
0.5446736812591553
0.426841676235199
0.340397447347641
0.40760624408721924
0.34265315532684326
0.49590009450912476
0.5469104051589966
0.5290592312812805
0.22330988943576813
0.35584771633148193
0.33169034123420715
0.28777387738227844
0.5295112729072571
0.467562735080719
0.796710193157196
0.6762356162071228
0.6972036957740784
0.4503282904624939
0.43148863315582275
0.6906943321228027
0.5045544505119324
0.3325934112071991
0.32178163528442383
0.32266125082969666
0.2577374577522278
0.24404263496398926
0.10814602673053741
0.08924172073602676
0.21390238404273987
0.1903005689382553
0.22449596226215363
0.15670008957386017
0.3404008746147156
0.3072975277900696
0.23173454403877258
0.3133322298526764
