0.9437059760093689
0.9638340473175049
0.93218994140625
0.8829345107078552
0.9237051010131836
0.9081827998161316
0.7871981859207153
0.6279723644256592
0.930012583732605
0.41851362586021423
0.7495289444923401
0.7102601528167725
0.13675457239151
0.07744254171848297
0.04657462239265442
0.12503840029239655
0.09308643639087677
0.09565289318561554
0.06269755959510803
0.09371886402368546
0.3779314458370209
0.14508795738220215
0.48084136843681335
0.29242151975631714
0.8716357350349426
0.6749717593193054
0.9566680192947388
0.3697298765182495
0.753984272480011
0.679190993309021
0.44690248370170593
0.30620071291923523
0.33491963148117065
0.6071118116378784
0.32053688168525696
0.49680498242378235
0.33686700463294983
0.11352355033159256
0.18960267305374146
0.07136852294206619
0.32507288455963135
0.1398206353187561
0.7488072514533997
0.8220934867858887
0.9590132832527161
0.9861115217208862
0.9514488577842712
0.8971884250640869
0.5860215425491333
0.6334621906280518
0.25826412439346313
0.26642242074012756
0.10388762503862381
0.21109353005886078
0.10062958300113678
0.26714009046554565
0.3244841396808624
0.24465152621269226
0.2514971196651459
0.23369356989860535
0.35515034198760986
0.2575623095035553
0.5687198638916016
0.4562586843967438
0.36596694588661194
0.6157296299934387
0.6256342530250549
0.24928872287273407
0.5795512199401855
0.8190900087356567
0.799141526222229
0.8417869210243225
0.924358069896698
0.9553557634353638
0.7885786294937134
0.9545276761054993
0.5710422992706299
0.6501940488815308
0.24839149415493011
0.5462990999221802
0.06153930723667145
0.12354765087366104
0.011475401930510998
0.08377103507518768
0.0493871308863163
0.24765290319919586
0.24671418964862823
0.20150823891162872
0.6616970300674438
0.6555702686309814
0.514122724533081
0.6659336090087891
0.3850976526737213
0.07713154703378677
0.1293606162071228
0.13873037695884705
0.07439149171113968
0.24044251441955566
0.12413386255502701
0.660793662071228
0.6761531233787537
0.5563011765480042
0.9024122953414917
0.9173396229743958
0.976883053779602
0.9808765053749084
0.9558693766593933
0.9343475699424744
