0.5277143120765686
0.7105206847190857
0.7200837731361389
0.6395245790481567
0.8665329217910767
0.7975156903266907
0.8214379549026489
0.5265915989875793
0.4431072473526001
0.6735307574272156
0.5567064881324768
0.2700488567352295
0.6271994113922119
0.7665227055549622
0.4882875084877014
0.3264369070529938
0.32543104887008667
0.38800540566444397
0.5602642297744751
0.5019716620445251
0.48394080996513367
0.4690810739994049
0.4713920056819916
0.43083909153938293
0.39742425084114075
0.2345634549856186
0.25021597743034363
0.2723793685436249
0.3588537275791168
0.23962095379829407
0.10218263417482376
0.14775648713111877
0.6646295785903931
0.5685179233551025
0.32605069875717163
0.2768164277076721
0.6843423247337341
0.6800159215927124
0.5595192313194275
0.33401086926460266
0.5798996090888977
0.41833439469337463
0.5957117676734924
0.5880265235900879
0.5499271750450134
0.4399036467075348
0.46832624077796936
0.3681100904941559
0.20999658107757568
0.25249534845352173
0.2565735876560211
0.3382205665111542
0.3980173170566559
0.13330669701099396
0.2878648638725281
0.19033408164978027
0.30059492588043213
0.21940776705741882
0.3184826076030731
0.07080171257257462
0.2594342529773712
0.41837742924690247
0.25204601883888245
0.08065877854824066
0.18992523849010468
0.222209632396698
0.34809383749961853
0.516836941242218
0.1881297081708908
0.3927028477191925
0.3402431607246399
0.24024009704589844
0.39189350605010986
0.25090548396110535
0.37118151783943176
0.15171261131763458
0.3466677665710449
0.21920475363731384
0.27585548162460327
0.19092701375484467
0.4426625370979309
0.3325320780277252
0.3067095875740051
0.5774583220481873
0.5696924924850464
0.6726675629615784
0.5722522735595703
0.45356884598731995
0.5234524607658386
0.24978484213352203
0.18096067011356354
0.202167347073555
0.4114522337913513
0.11244098097085953
0.13242842257022858
0.43189677596092224
0.33424821496009827
0.2437157928943634
0.22885942459106445
0.3443261682987213
0.38867896795272827
0.4891558885574341
0.5302196741104126
0.2337474822998047
0.2618865668773651
0.4742642939090729
0.4284970164299011
0.3515769839286804
0.5908136367797852
0.30854788422584534
0.2493317723274231
0.5182145833969116
0.5055771470069885
0.5900143980979919
0.2529795169830322
0.42730236053466797
0.5056226849555969
0.573813259601593
0.7006019353866577
0.3874448239803314
0.7176077961921692
0.670756995677948
0.7559689283370972
0.6412950754165649
0.8187083601951599
0.8176640272140503
0.6955638527870178
0.8252564668655396
0.7647559642791748
