0.11613351851701736
0.17054744064807892
0.05145098641514778
0.14714407920837402
0.0886048898100853
0.1621696501970291
0.10091719776391983
0.18634222447872162
0.3887839615345001
0.6710835695266724
0.3902741074562073
0.27689695358276367
0.3725350499153137
0.25836697220802307
0.2224380522966385
0.06587009876966476
0.13675300776958466
0.14428694546222687
0.0880858525633812
0.3037256896495819
0.17767953872680664
0.17300868034362793
0.08054909855127335
0.029032668098807335
0.01958419196307659
0.012874236330389977
0.034829821437597275
0.006799053866416216
0.010685550048947334
0.02186276949942112
0.0209010262042284
0.14441555738449097
0.06514250487089157
0.7356266975402832
0.800984799861908
0.6454814076423645
0.21401818096637726
0.13862042129039764
0.1289401799440384
0.37539318203926086
0.3354009687900543
0.13271699845790863
0.0339653454720974
0.6178976893424988
0.24363616108894348
0.30711427330970764
0.343302845954895
0.2806602120399475
0.7283441424369812
0.6197354197502136
0.4481876790523529
0.17312319576740265
0.22828936576843262
0.1690683364868164
0.23122446238994598
0.11801568418741226
0.23423844575881958
0.13036246597766876
0.18982447683811188
0.1289319396018982
0.2451622188091278
0.23285357654094696
0.1283445954322815
0.33005833625793457
0.5212004780769348
0.693413257598877
0.25958213210105896
0.24636131525039673
0.8603451251983643
0.6460508108139038
0.286067932844162
0.13064077496528625
0.1280038207769394
0.3707585036754608
0.09758700430393219
0.5688881278038025
0.5587414503097534
0.778343141078949
0.3359150290489197
0.8079237937927246
0.8799206018447876
0.8142974972724915
0.7352607250213623
0.9419068098068237
0.6839594841003418
0.8508608341217041
0.7040814161300659
0.10538987070322037
0.3150169551372528
0.8247880935668945
0.5601803064346313
0.11130228638648987
0.688343346118927
0.9343585968017578
0.6013935208320618
0.32184305787086487
0.8938643336296082
0.8831787705421448
0.7053034901618958
0.5800175070762634
0.6826282143592834
0.521041989326477
0.6722286939620972
0.13797205686569214
0.1802736222743988
0.2720615565776825
0.48362961411476135
0.17265628278255463
0.27920570969581604
0.14504943788051605
0.10988865792751312
0.23327909409999847
0.12423188239336014
0.049579981714487076
0.21034303307533264
0.2735513150691986
0.15892772376537323
0.1573285311460495
0.15948252379894257
0.17631596326828003
0.25650879740715027
0.3732661306858063
0.24884775280952454
0.4842797517776489
0.4241541922092438
0.7578293085098267
0.4986630082130432
0.877444863319397
0.7760611772537231
0.5696290135383606
0.7502445578575134
0.598355770111084
0.24442382156848907
0.3770847022533417
0.4445285201072693
0.31293535232543945
0.3284212052822113
0.12436943501234055
0.3113457262516022
0.20750847458839417
0.038246721029281616
0.4550711214542389
0.31963294744491577
0.42192837595939636
0.23914681375026703
0.8033285737037659
0.5210914015769958
0.30674198269844055
0.1606181114912033
0.03839348256587982
0.0277823805809021
0.006444788072258234
0.0054840147495269775
0.033630575984716415
0.1485540121793747
0.08753955364227295
0.21553663909435272
0.44846031069755554
0.702343225479126
0.43704959750175476
0.7891596555709839
0.758601725101471
0.6059980392456055
0.4422156512737274
0.41996899247169495
0.4702625274658203
0.5581510066986084
0.164703831076622
0.301935613155365
0.31399810314178467
0.30984222888946533
0.051623184233903885
0.16950106620788574
0.1643080711364746
0.1014271154999733
0.03083690069615841
0.08860315382480621
0.15527071058750153
0.03760598972439766
0.0412350557744503
0.01132039725780487
0.004112343303859234
0.007729060016572475
0.00833622831851244
0.029346175491809845
0.10522603243589401
0.7865109443664551
0.5432226061820984
0.6916649341583252
0.8329071402549744
0.5856534838676453
0.3384806513786316
0.5492165088653564
0.28055205941200256
0.15352703630924225
0.08392748981714249
0.06837669014930725
0.05436241254210472
0.07612614333629608
0.140121191740036
0.08299247175455093
0.2431303709745407
0.3169921934604645
0.1295124739408493
0.10042768716812134
0.197865828871727
0.37735888361930847
0.22611281275749207
0.18882112205028534
0.08808450400829315
0.1468261033296585
0.4042696952819824
0.32741639018058777
0.2001386284828186
0.2760571241378784
0.47576677799224854
0.3966592848300934
0.393774151802063
0.6120002865791321
0.3212374746799469
0.6947811841964722
0.49742427468299866
0.6454166173934937
0.9063753485679626
0.7618581652641296
0.7653079628944397
0.9068348407745361
0.7914983630180359
0.7109221816062927
0.7984521985054016
0.7551860809326172
0.6732870936393738
0.5154769420623779
0.7347806096076965
0.800842821598053
0.5989546179771423
0.3608752191066742
0.5734379887580872
0.5563049912452698
0.38811835646629333
0.3947661817073822
0.3365911841392517
0.22639338672161102
0.31697097420692444
0.3361256718635559
