0.576109766960144
0.7024511098861694
0.7067500352859497
0.6435917615890503
0.6159707903862
0.6527720093727112
0.6836685538291931
0.6518163084983826
0.48787328600883484
0.46748924255371094
0.40022900700569153
0.09566892683506012
0.30653563141822815
0.12848249077796936
0.33293622732162476
0.12327682971954346
0.40688589215278625
0.4083230793476105
0.1493670791387558
0.40875735878944397
0.34086087346076965
0.5047195553779602
0.3252904415130615
0.26086655259132385
0.27032968401908875
0.3701898455619812
0.3567256033420563
0.31671857833862305
0.33640778064727783
0.31155791878700256
0.2899351716041565
0.2114725410938263
0.15405981242656708
0.3904702365398407
0.3732113838195801
0.12789857387542725
0.26612988114356995
0.30638357996940613
0.4862123131752014
0.4377357065677643
0.4948071539402008
0.654492199420929
0.5484259724617004
0.486240029335022
0.32684749364852905
0.6837227940559387
0.5113938450813293
0.5456967353820801
0.664099931716919
0.5944832563400269
0.6244730353355408
0.7302193641662598
0.5468279719352722
0.7077722549438477
0.7217076420783997
0.7300914525985718
0.7263185977935791
0.6658827662467957
0.8176823258399963
0.47917503118515015
0.5155972242355347
0.6045683026313782
0.41691091656684875
0.38619837164878845
0.30022192001342773
0.23040781915187836
0.17516721785068512
0.31126779317855835
0.3813221752643585
0.170853391289711
0.30932527780532837
0.16532133519649506
0.26864418387413025
0.34225910902023315
0.17870831489562988
0.14024007320404053
0.07812736928462982
0.21863405406475067
0.3616862893104553
0.22634492814540863
0.44901955127716064
0.4953412115573883
0.47311243414878845
0.5281267762184143
0.6231206059455872
0.6145262122154236
0.5680827498435974
0.4505140483379364
0.41663774847984314
0.3823593258857727
0.2772349417209625
0.09441503137350082
0.1348559558391571
0.06869528442621231
0.2873453199863434
0.3762824237346649
0.5740530490875244
0.3737194538116455
0.2905256748199463
0.14612820744514465
0.13679386675357819
0.14065669476985931
0.06226466968655586
0.219355046749115
0.27513113617897034
0.12231046706438065
0.13337330520153046
0.1216510683298111
0.06366489082574844
0.12657882273197174
0.13294830918312073
0.3064746558666229
0.09276614338159561
0.4274753928184509
0.19044585525989532
0.31638553738594055
0.37206050753593445
0.39236360788345337
0.15046225488185883
0.22553753852844238
0.11533355712890625
0.5162796378135681
0.34745118021965027
0.5810307264328003
0.6221506595611572
0.8023902177810669
0.5629188418388367
0.8489628434181213
0.8774901628494263
0.9205071330070496
0.472648948431015
0.6350270509719849
0.934438169002533
0.581018328666687
0.2159654051065445
0.89570152759552
0.8743686676025391
0.5035125017166138
0.7718905806541443
0.8646463751792908
0.5617998838424683
0.4654695689678192
0.7676052451133728
0.7498480677604675
0.5883340835571289
0.46958127617836
0.4924629032611847
0.450271874666214
0.3055180609226227
0.4940865933895111
0.39994779229164124
0.4714772403240204
0.40121111273765564
0.2830005884170532
0.1173187866806984
0.5502298474311829
0.1900070607662201
0.5250957608222961
0.4202391505241394
0.17100465297698975
0.4275359809398651
0.36668482422828674
0.376007616519928
0.32706981897354126
0.4056020677089691
0.24320043623447418
0.6151039600372314
0.4828241169452667
0.16526754200458527
0.5286275148391724
0.5536704063415527
0.16823460161685944
0.13364043831825256
0.575786292552948
0.4330906271934509
0.16988402605056763
0.49954843521118164
0.7117078900337219
0.7316073775291443
0.6758031845092773
0.7236100435256958
0.5462878346443176
0.4914644658565521
0.664755642414093
0.7225675582885742
0.6537637114524841
0.5849396586418152
0.6454250812530518
0.7275568246841431
0.5092961192131042
0.5982497334480286
0.2426452338695526
0.31733113527297974
0.5521394610404968
0.6222375631332397
0.7176752686500549
0.47462230920791626
0.7974509000778198
0.8450490236282349
0.9256818890571594
0.44124507904052734
0.6638906598091125
0.9392793774604797
0.7308591604232788
0.34379151463508606
0.925693929195404
0.9213570356369019
0.6331759691238403
0.8785095810890198
0.9219474792480469
0.7722994685173035
0.6288555264472961
0.86396324634552
0.8840616345405579
0.6734395623207092
0.7355371117591858
0.6522026658058167
0.6397746205329895
0.6389239430427551
0.3164002299308777
0.4860759973526001
0.49947792291641235
0.6189544796943665
0.27274858951568604
0.5918062925338745
0.595424473285675
0.6422364711761475
0.50937420129776
0.40063539147377014
0.6285447478294373
0.7198194861412048
0.7220807671546936
0.7015764117240906
0.5751327276229858
0.3553830683231354
0.5151852369308472
0.31704017519950867
