0.7216528654098511
0.8707310557365417
0.8579577207565308
0.8335646986961365
0.755288302898407
0.91661536693573
0.8903043866157532
0.7565052509307861
0.6899703145027161
0.7753322720527649
0.8213725090026855
0.5545322895050049
0.40902233123779297
0.5403349995613098
0.5690234899520874
0.6831225752830505
0.49696964025497437
0.6310940980911255
0.6912198066711426
0.8065393567085266
0.7484118938446045
0.7765072584152222
0.8099711537361145
0.7592219114303589
0.7757766246795654
0.7608463764190674
0.8188583254814148
0.7889087200164795
0.7600688934326172
0.7766805291175842
0.8465004563331604
0.8437951803207397
0.7242751717567444
0.850671112537384
0.7488876581192017
0.6714094281196594
0.8728970885276794
0.6668885350227356
0.7375742197036743
0.7102075219154358
0.8417044878005981
0.7779916524887085
0.8105701208114624
0.5583804249763489
0.7797368168830872
0.8013707995414734
0.7958979606628418
0.8506372570991516
0.7151662111282349
0.7136042714118958
0.7661474347114563
0.7604807615280151
0.8528304696083069
0.8058487772941589
0.8299156427383423
0.7948178648948669
0.731704831123352
0.8482527732849121
0.8139808773994446
0.705649197101593
0.8261781930923462
0.780119001865387
0.6983311772346497
0.8597584962844849
0.8313637971878052
0.7155328989028931
0.441992849111557
0.71433025598526
0.529303252696991
0.7894159555435181
0.8346757292747498
0.8321332931518555
0.7744323015213013
0.6965655088424683
0.7318688035011292
0.6640630960464478
0.6840109825134277
