0.5362245440483093
0.6855365633964539
0.4912499785423279
0.5020838975906372
0.43548548221588135
0.49722200632095337
0.6084907650947571
0.7468121647834778
0.5952037572860718
0.6314414143562317
0.3153320848941803
0.39009585976600647
0.7335041165351868
0.6714375615119934
0.510761559009552
0.37496134638786316
0.4053841829299927
0.18975920975208282
0.18917866051197052
0.34039363265037537
0.1930461823940277
0.20282401144504547
0.15776127576828003
0.5845072269439697
0.2415434569120407
0.16363830864429474
0.4150252640247345
0.5172532796859741
0.2784392237663269
0.4224766790866852
0.22782696783542633
0.2657148838043213
0.1359790712594986
0.2770351767539978
0.1666627675294876
0.3363487422466278
0.25162366032600403
0.464508593082428
0.43104317784309387
0.3760485351085663
0.30995506048202515
0.3936436176300049
0.4269133508205414
0.1307564526796341
0.35795655846595764
0.42777878046035767
0.40823984146118164
0.33461180329322815
0.4510076344013214
0.5229315161705017
0.4422101080417633
0.46841928362846375
0.3931741416454315
0.3237624168395996
0.4154796600341797
0.19358927011489868
0.3698369562625885
0.12440408766269684
0.2002631574869156
0.10947088152170181
0.395410418510437
0.1701652705669403
0.3248666822910309
0.5023005604743958
0.4978786110877991
0.5385020971298218
0.7087370157241821
0.5525853633880615
0.46111223101615906
0.2447076141834259
0.3507692217826843
0.5564177632331848
0.1485108882188797
0.2789582312107086
0.3317355513572693
0.37687939405441284
0.3265992999076843
0.24147672951221466
0.16436217725276947
0.3337560296058655
0.5448701977729797
0.6300058364868164
0.5940125584602356
0.7456186413764954
0.5157520174980164
0.4123283326625824
0.258040189743042
0.4147440493106842
0.33844396471977234
0.40200111269950867
0.6074315905570984
0.354768842458725
0.24174979329109192
0.5082437992095947
0.2652680575847626
0.6078218817710876
0.4854099452495575
0.3900071680545807
0.5813283920288086
0.5011064410209656
0.27347883582115173
0.6519033908843994
0.6138347387313843
0.4484874904155731
0.35822048783302307
0.6147060394287109
0.5531740188598633
0.4194662868976593
0.5352438688278198
0.5759398341178894
0.42195644974708557
0.8093574047088623
0.5484992265701294
0.9137545824050903
0.8484966158866882
0.6618886590003967
0.6966992020606995
0.4579005837440491
0.5990411043167114
0.4553719162940979
0.6364920139312744
0.43799030780792236
0.3052332401275635
0.25667938590049744
0.39568883180618286
0.34244850277900696
0.31726017594337463
0.18970292806625366
0.3293117582798004
0.41283518075942993
0.5023205876350403
0.26285314559936523
0.5029541254043579
0.4534408152103424
0.3468616008758545
0.5193639993667603
0.3597603738307953
0.2142924815416336
0.47040584683418274
0.21866287291049957
0.4413584768772125
0.5459485054016113
0.6692259907722473
0.7225525975227356
0.5325949192047119
0.5885500907897949
0.2991794943809509
0.7022086381912231
0.335117369890213
0.5997427105903625
0.560076117515564
0.6648481488227844
0.671779990196228
0.7222037315368652
0.6493533253669739
0.6700541377067566
0.64908367395401
0.7104452252388
0.6803064346313477
0.7830801010131836
0.7552841305732727
0.7448399662971497
0.8164833784103394
0.6848331093788147
0.5864967703819275
0.730378270149231
0.45323508977890015
0.6330728530883789
0.6445429921150208
0.6538650989532471
0.6071972250938416
0.2763861119747162
0.6539262533187866
0.5948338508605957
0.628379762172699
0.2891502380371094
0.7982003688812256
0.7556220293045044
0.7816500067710876
0.6455515027046204
0.7607174515724182
0.555542528629303
0.4635370075702667
0.5269712209701538
0.33887413144111633
0.5614175200462341
0.5160669684410095
0.5580014586448669
0.2999400198459625
0.2742072641849518
0.42030829191207886
0.6375722885131836
0.7079828381538391
0.40009933710098267
0.7755246758460999
0.7550891041755676
0.7744609713554382
0.6941496729850769
0.698879063129425
0.6695225834846497
0.6990354657173157
0.5335291028022766
0.6346874833106995
0.8144696354866028
0.7349109053611755
0.8108392953872681
0.49306467175483704
0.6817353367805481
0.5701317191123962
0.3394358158111572
0.5198570489883423
0.5685609579086304
0.7882208824157715
0.7201182246208191
0.7616394758224487
0.4768018126487732
0.5892531275749207
0.3035943806171417
0.45780542492866516
0.706158459186554
0.7285907864570618
0.5737165808677673
0.40124091506004333
0.4751138687133789
0.39677146077156067
0.7320554852485657
0.7438551783561707
0.734524667263031
0.7268006801605225
0.731905460357666
0.7033959031105042
0.3199458718299866
0.43693819642066956
0.5242419838905334
0.5205738544464111
0.3582918643951416
0.43412846326828003
0.5725494623184204
0.43899109959602356
0.7045100331306458
0.4724116921424866
0.7434784770011902
0.6492292284965515
0.7537713646888733
