0.7471726536750793
0.8578959703445435
0.8154224157333374
0.7244705557823181
0.8734280467033386
0.794089138507843
0.8019495606422424
0.9080919623374939
0.7038999199867249
0.7716377377510071
0.48458677530288696
0.6956518292427063
0.6454893350601196
0.2066318541765213
0.32292670011520386
0.44788387417793274
0.29521822929382324
0.5692765712738037
0.326652467250824
0.3650661110877991
0.20995807647705078
0.22340822219848633
0.20243540406227112
0.6328127980232239
0.3639579713344574
0.9297885894775391
0.43328988552093506
0.8634468913078308
0.48198428750038147
0.8410390019416809
0.18172013759613037
0.6176131367683411
0.5694576501846313
0.48996153473854065
0.4783083498477936
0.49748939275741577
0.6023389101028442
0.509885311126709
0.3028411865234375
0.5533236265182495
0.1820312887430191
0.4349861145019531
0.2685583233833313
0.6086875200271606
0.5625927448272705
0.7499964833259583
0.668563187122345
0.6244600415229797
0.6455236673355103
0.6037440299987793
0.6801123023033142
0.6264517903327942
0.5780915021896362
0.31499233841896057
0.28181925415992737
0.20812316238880157
0.3253392279148102
0.36110010743141174
0.5913938879966736
0.8622873425483704
0.7222184538841248
0.6050136089324951
0.6575034260749817
0.5242164731025696
0.698590099811554
0.5452744364738464
0.7115169167518616
0.6574590802192688
0.6551079154014587
0.6688185930252075
0.8179001212120056
0.6299296021461487
0.9255656003952026
0.3815695345401764
0.8898027539253235
0.24765987694263458
0.6618569493293762
0.08487391471862793
0.3510132133960724
0.30797985196113586
0.33177125453948975
0.3285825848579407
0.33781176805496216
0.4910556375980377
0.2562624514102936
0.24184028804302216
0.31624284386634827
0.263958215713501
0.6553353667259216
0.24805600941181183
0.9362073540687561
0.9471144080162048
0.626278281211853
0.941731870174408
0.8039520382881165
0.8911842703819275
0.8504881858825684
0.8893861770629883
0.9086881279945374
0.9528233408927917
0.9267279505729675
0.8657601475715637
0.9591332674026489
0.9274781346321106
0.8299902081489563
0.8801387548446655
0.9337193369865417
0.8834938406944275
0.857984185218811
0.8957083821296692
0.9138251543045044
0.8347007036209106
0.791636049747467
0.9064425230026245
0.853706419467926
0.689049243927002
0.7522249221801758
0.8661562204360962
