0.9004567265510559
0.8612172603607178
0.8717634081840515
0.8094102740287781
0.88960862159729
0.6744803786277771
0.9048650860786438
0.49765655398368835
0.8653523921966553
0.6853979825973511
0.3267084062099457
0.6705906987190247
0.6967066526412964
0.3972533345222473
0.4305160939693451
0.31258726119995117
0.3556709885597229
0.5557869672775269
0.47533920407295227
0.5236237645149231
0.49530649185180664
0.4328438341617584
0.5128259062767029
0.37488579750061035
0.45286205410957336
0.6576707363128662
0.6385581493377686
0.5126795768737793
0.6114118695259094
0.5813375115394592
0.37913283705711365
0.621069610118866
0.7604535222053528
0.22424764931201935
0.8298118114471436
0.36650076508522034
0.877477765083313
0.4019532799720764
0.8861287832260132
0.17606937885284424
0.8660380244255066
0.4440159201622009
0.38315775990486145
0.6761270761489868
0.3848937153816223
0.6951861381530762
0.4343077540397644
0.5264293551445007
0.5856195092201233
0.20040106773376465
0.3321455419063568
0.12415175884962082
0.27004358172416687
0.17846259474754333
0.8957282304763794
0.7562195658683777
0.959884762763977
0.892618715763092
0.616752028465271
0.8735753893852234
0.47789207100868225
0.4494311511516571
0.061214011162519455
0.3876070976257324
0.2739305794239044
0.7783969044685364
0.4429223835468292
0.4958541691303253
0.3895011842250824
0.36018961668014526
0.3982347249984741
0.21858175098896027
0.3244383931159973
0.5115479230880737
0.28598546981811523
0.13780751824378967
0.26578158140182495
0.3182500898838043
0.16013117134571075
0.1889483481645584
0.4248867332935333
0.5605022311210632
0.2437223643064499
0.4345574378967285
0.5986906886100769
0.844727635383606
0.8132160305976868
0.5533282160758972
0.8402665257453918
0.3560643792152405
0.9408043026924133
0.37343335151672363
0.9141715168952942
0.2726687788963318
0.759006679058075
0.2685878574848175
0.6525526642799377
0.5578091144561768
0.8059665560722351
0.8284489512443542
0.5359261631965637
0.7009127736091614
0.5334731340408325
0.5137267112731934
0.2775020897388458
0.75691157579422
0.42326682806015015
0.90450119972229
0.9210336804389954
0.6429451107978821
0.960536003112793
0.7532489895820618
0.8905603885650635
0.8848848342895508
0.8706833124160767
0.9464928507804871
0.9737281799316406
0.9750014543533325
0.9650076031684875
0.9224476218223572
0.9470940828323364
0.9794044494628906
0.9434318542480469
0.9473189115524292
0.9696739912033081
0.9712256193161011
0.9312708377838135
0.9235062003135681
0.9502262473106384
0.862247109413147
0.8310444951057434
0.8881303668022156
0.9135212302207947
0.8063437938690186
0.8369036316871643
0.7534014582633972
0.735617458820343
0.7663394808769226
0.8030312657356262
0.7080209851264954
0.6602877378463745
