0.42024099826812744
0.4094027578830719
0.5002534985542297
0.40179920196533203
0.2591076195240021
0.2436182200908661
0.12233449518680573
0.2589310109615326
0.4340444803237915
0.1681322157382965
0.1217375099658966
0.20544274151325226
0.22229841351509094
0.14257654547691345
0.1361754834651947
0.2885432839393616
0.3444996774196625
0.3328614830970764
0.2361716777086258
0.35742613673210144
0.572794497013092
0.44290032982826233
0.23219908773899078
0.13346096873283386
0.18199817836284637
0.16627243161201477
0.23253849148750305
0.05885448679327965
0.3521360456943512
0.44044047594070435
0.689373254776001
0.5553812980651855
0.630192756652832
0.32986676692962646
0.08630101382732391
0.14702489972114563
0.03806886449456215
0.20086060464382172
0.10759156197309494
0.4045459032058716
0.263151079416275
0.2199029177427292
0.32883134484291077
0.3973937928676605
0.38586974143981934
0.2914070785045624
0.28871768712997437
0.11628995835781097
0.3136131763458252
0.4882723391056061
0.36762118339538574
0.4119410812854767
0.41369402408599854
0.41673412919044495
0.43923434615135193
0.2997846007347107
0.30329805612564087
0.27855005860328674
0.2528936564922333
0.23666207492351532
0.27148327231407166
0.11922887712717056
0.3704172670841217
0.38794276118278503
0.3606199622154236
0.7738140225410461
0.5217995047569275
0.7580612301826477
0.36152854561805725
0.14802376925945282
0.2478126734495163
0.7573705315589905
0.2889010012149811
0.7326714396476746
0.2656400799751282
0.28848323225975037
0.08657204359769821
0.382386177778244
0.11983460932970047
0.2707456648349762
0.12726548314094543
0.2097742110490799
0.2824581563472748
0.17793560028076172
0.2451850026845932
0.2030981183052063
0.24556125700473785
0.06633133441209793
0.1748279333114624
0.04529384523630142
0.08741572499275208
0.577395498752594
0.3924356997013092
0.14945197105407715
0.5443272590637207
0.3582538664340973
0.044620443135499954
0.038928527384996414
0.02809141017496586
0.13876697421073914
0.05046848952770233
0.12445171922445297
0.10422174632549286
0.1938682645559311
0.2903982996940613
0.30122700333595276
0.24226471781730652
0.348413348197937
0.5242522954940796
0.4634511172771454
0.2607972025871277
0.7288461923599243
0.7707424163818359
0.16077692806720734
0.4928387999534607
0.7896521687507629
0.39760667085647583
0.1569606214761734
0.8176867365837097
0.7814745306968689
0.041117113083601
0.12601807713508606
0.8262937068939209
0.1160949096083641
0.04878747835755348
0.6137212514877319
0.5029687881469727
0.09558849781751633
0.16975614428520203
0.5857293605804443
0.4012044072151184
0.39979133009910583
0.3090473711490631
0.2491370290517807
0.08303669095039368
0.5122353434562683
0.33625712990760803
0.1019771620631218
0.11110532283782959
0.09433767944574356
0.08026036620140076
0.024970153346657753
0.021018492057919502
0.0776316300034523
0.1613045185804367
0.3196302652359009
0.5993931889533997
0.7618585228919983
0.7082982063293457
0.6812393665313721
0.14997859299182892
0.17216165363788605
0.02322462759912014
0.03468663617968559
0.0465904176235199
0.20305348932743073
0.2922779321670532
0.21809084713459015
0.06007969379425049
0.3703824579715729
0.43121835589408875
0.1573074609041214
0.26893293857574463
0.4280843436717987
0.4441848695278168
0.5225671529769897
0.5287575125694275
0.5602315068244934
0.46963533759117126
0.5541186928749084
0.2657698094844818
0.07879490405321121
0.1626853495836258
0.5085733532905579
0.3417392373085022
0.30772966146469116
0.38304874300956726
0.5386495590209961
0.6727622747421265
0.33567726612091064
0.46197521686553955
0.5618288516998291
0.25502198934555054
0.1659248024225235
0.08762505650520325
0.10862541943788528
0.13432545959949493
0.031120359897613525
0.23763836920261383
0.17497123777866364
0.12014947086572647
0.08347459882497787
0.21560081839561462
0.0895572081208229
0.08762440085411072
0.10810592770576477
0.17955783009529114
0.07511387020349503
0.0731920376420021
0.11091438680887222
0.06682468950748444
0.1453370749950409
0.37158772349357605
0.24939434230327606
0.22336851060390472
0.286201149225235
0.4216860234737396
0.36822205781936646
0.3792295455932617
0.47692304849624634
0.5410993695259094
0.3457675576210022
0.2111252099275589
0.49267610907554626
0.22468386590480804
0.15624834597110748
0.1490182727575302
0.13217878341674805
0.1719435602426529
0.0828767940402031
0.14565373957157135
0.16349612176418304
0.16779406368732452
0.2769382894039154
0.11539653688669205
0.08068737387657166
0.10975226014852524
0.15731842815876007
0.1551179736852646
0.12123264372348785
0.18902458250522614
0.12646827101707458
0.2389594167470932
0.1615556925535202
0.10528580099344254
0.09864689409732819
0.13396234810352325
0.05731695890426636
0.06985455006361008
0.07933960855007172
0.045356009155511856
0.16401690244674683
0.022059576585888863
0.09882605075836182
0.1009533554315567
0.06732474267482758
0.08101961761713028
0.06361325085163116
0.09972336143255234
0.11851329356431961
0.16256287693977356
0.17602024972438812
0.5729716420173645
0.19505850970745087
0.19446547329425812
0.4833078384399414
0.5460443496704102
0.38360273838043213
0.44092097878456116
0.5600759983062744
0.43093791604042053
0.5127711296081543
0.6261636018753052
0.7138084173202515
