0.10930843651294708
0.04050027206540108
0.027158280834555626
0.007572779897600412
0.0019289811607450247
0.0014805580722168088
0.0012910387013107538
0.0030292458832263947
0.007600767072290182
0.03743329644203186
0.7038590908050537
0.05751098692417145
0.008283808827400208
0.08557721972465515
0.13753512501716614
0.13519494235515594
0.0062009599059820175
0.030879437923431396
0.08290211111307144
0.027546942234039307
0.012934031896293163
0.1696658879518509
0.1096588745713234
0.04166087135672569
0.043416667729616165
0.043089330196380615
0.009882614947855473
0.005231468938291073
0.0009960730094462633
0.004249842371791601
0.00626871082931757
0.0441339910030365
0.08145786076784134
0.0316961407661438
0.10043422132730484
0.03558984026312828
0.008448253385722637
0.02646747976541519
0.12962797284126282
0.05729183927178383
0.049989547580480576
0.03369840979576111
0.0327034629881382
0.19481666386127472
0.12333675473928452
0.26220035552978516
0.5027269721031189
0.5262059569358826
0.2735978364944458
0.5082510113716125
0.3358577787876129
0.12626950442790985
0.1650494635105133
0.2202155590057373
0.1064138412475586
0.0248307753354311
0.015223746187984943
0.20185086131095886
0.00965820997953415
0.04175208881497383
0.05825604498386383
0.0617559477686882
0.06772740185260773
0.11298695206642151
0.01563756726682186
0.021189579740166664
0.02285640500485897
0.006486436352133751
0.06877338886260986
0.01386025920510292
0.004744226112961769
0.007411538623273373
0.012622937560081482
0.0009739013039506972
0.003042865078896284
0.011960378848016262
0.014845234341919422
0.013128482736647129
0.059555258601903915
0.015415421687066555
0.001813927898183465
0.007364837918430567
0.001332070678472519
0.002491047140210867
0.0037216031923890114
0.031851574778556824
0.03498877212405205
0.24324828386306763
0.4175218939781189
0.25018876791000366
0.5229275822639465
0.4769503176212311
0.3760671019554138
0.21863238513469696
0.13874192535877228
0.12902766466140747
0.03132617473602295
0.09849366545677185
0.03986065462231636
0.002495897701010108
0.01826324500143528
0.023127837106585503
0.0019322657026350498
0.0010440654587000608
0.014211688190698624
0.003504220861941576
0.0017176445107907057
0.0015325271524488926
0.020427396520972252
0.004327808972448111
0.0037204106338322163
0.015925893560051918
0.007472643628716469
0.013933219946920872
0.009234805591404438
0.06628735363483429
0.1715790182352066
0.018452079966664314
0.03047582507133484
0.0011130217462778091
0.006230677478015423
0.0034593374002724886
0.02350802533328533
0.028715409338474274
0.23260556161403656
0.10967590659856796
0.37584489583969116
0.712731659412384
0.23133066296577454
0.030299408361315727
0.012099047191441059
0.1699972152709961
0.030904138460755348
0.028727330267429352
0.0006989397807046771
0.010075394064188004
0.03713871166110039
0.004460049793124199
0.0014830054715275764
0.014410770498216152
0.041513439267873764
0.011524699628353119
0.0023907155264168978
0.013529467396438122
0.009215173311531544
0.018460432067513466
0.05919338017702103
0.02663988620042801
0.03716779872775078
0.012984550558030605
0.008084800094366074
0.1397169828414917
0.21934443712234497
0.36177167296409607
0.60465008020401
0.9348917007446289
0.46145641803741455
0.8498574495315552
0.4290532171726227
0.2723624110221863
0.46882057189941406
0.1407957673072815
0.36409372091293335
0.613839864730835
0.45922815799713135
0.29418277740478516
0.38808465003967285
0.5808234214782715
0.4404893219470978
0.9175823330879211
0.9574026465415955
0.24253803491592407
0.6132105588912964
0.12382891774177551
0.1313849538564682
0.08085556328296661
0.17369961738586426
0.15743573009967804
0.18731550872325897
0.17711329460144043
0.028072694316506386
0.035131145268678665
0.08956278860569
0.09475348889827728
0.027946697548031807
0.12061849981546402
0.12008199840784073
0.025742048397660255
0.15638786554336548
0.13069671392440796
0.2086630016565323
0.21876607835292816
0.3674699068069458
0.42085006833076477
0.775649905204773
0.4304761290550232
0.9014237523078918
0.642844021320343
0.8727357983589172
0.7218146324157715
0.31878235936164856
0.6970626711845398
0.8597970008850098
0.4762948453426361
0.38816583156585693
0.9531721472740173
0.9317216873168945
0.7927559018135071
0.8142966032028198
0.9671441316604614
0.9633230566978455
0.7343075275421143
0.8638990521430969
0.9843221306800842
0.960780680179596
0.6906932592391968
0.9476656317710876
0.9430447816848755
0.8337996006011963
0.8614182472229004
0.9678057432174683
0.7755038142204285
0.7850503325462341
0.9726406931877136
0.8570318222045898
0.5856833457946777
0.9280257821083069
0.9558801651000977
0.530038595199585
0.5015144348144531
0.9335975646972656
0.9559098482131958
0.7458415627479553
0.8387673497200012
0.6074286699295044
0.5086901783943176
0.8058649301528931
0.9003028869628906
0.737931489944458
0.7249472737312317
0.8664261698722839
0.8625237941741943
0.8670397996902466
0.6970661282539368
0.9093961715698242
0.9307767152786255
0.9251633882522583
0.9630036950111389
0.9265381693840027
0.7491015791893005
0.9010301232337952
0.9510989785194397
0.9658259153366089
0.8811271786689758
0.8484695553779602
0.4882318675518036
0.23733918368816376
0.12122122198343277
0.6257694363594055
0.8474929928779602
0.5600525140762329
0.3062423765659332
0.4159010946750641
0.7285888195037842
0.7860389351844788
0.7887540459632874
0.5632985234260559
0.5379542708396912
0.5184164047241211
0.7605623602867126
0.3392249643802643
0.7511225342750549
0.6953202486038208
0.7652444839477539
0.650460958480835
0.4155639410018921
0.7088669538497925
0.6449234485626221
0.8733738660812378
0.7556830644607544
0.9373374581336975
0.9448025226593018
0.7137628197669983
0.9398530125617981
0.983124315738678
0.8502604365348816
0.8008366227149963
0.9253977537155151
0.8519732356071472
0.8785834312438965
0.9361760020256042
0.8923384547233582
0.6365986466407776
0.7539046406745911
0.8843402862548828
0.41765210032463074
0.06369315832853317
0.5216692090034485
0.5964769721031189
0.038716837763786316
0.03956760838627815
0.21351245045661926
0.15433473885059357
0.009347861632704735
0.07251746952533722
0.17269112169742584
0.10861530900001526
0.03554658219218254
0.03709983825683594
0.024864904582500458
0.005782636348158121
0.03250061348080635
0.009340018033981323
0.025673890486359596
0.011090782471001148
0.0015338938683271408
0.001183347892947495
0.0015264289686456323
0.004140971228480339
0.0020672164391726255
0.00862304586917162
0.020777802914381027
0.2266077995300293
0.2761158347129822
0.09782664477825165
0.16752363741397858
0.1331627070903778
0.1297846883535385
0.1354363113641739
0.05513807758688927
0.558668315410614
0.47664874792099
0.08151144534349442
0.3541487753391266
0.014443975873291492
0.06947427242994308
0.20615817606449127
0.01780705712735653
0.014445306733250618
0.18923278152942657
0.1437317579984665
0.014399811625480652
0.1006401777267456
0.19412632286548615
0.0826353207230568
0.014031653292477131
0.007944577373564243
0.02657320536673069
0.007520433049649
0.005590352695435286
0.002149503445252776
0.018216529861092567
0.0102350153028965
0.03420982509851456
0.10908009856939316
0.030237920582294464
0.01939191110432148
0.04347414895892143
0.13967224955558777
0.016451360657811165
0.024583181366324425
0.10830355435609818
0.18701407313346863
0.048128772526979446
0.03293900191783905
0.05498318001627922
0.07739994674921036
0.02809932269155979
0.012557365000247955
0.027895798906683922
0.006422683596611023
0.031619854271411896
0.015678562223911285
0.005478313658386469
0.006983404513448477
0.013001956045627594
0.0016860786126926541
0.0036215942818671465
0.008622926659882069
0.013705971650779247
0.005551439244300127
0.026119545102119446
0.0018911082297563553
0.0011189114302396774
0.0006873709498904645
0.0005951150669716299
0.002072450239211321
0.008110384456813335
0.013780820183455944
0.028284694999456406
0.025185009464621544
0.023720508441329002
0.005169398616999388
0.017940549179911613
0.006821903865784407
0.006698608864098787
0.01498987153172493
0.005156711209565401
0.036097873002290726
0.011070100590586662
0.006651969160884619
0.015546951442956924
0.002600578125566244
0.010565269738435745
0.0033263207878917456
0.008538720197975636
0.0677562728524208
0.22261513769626617
0.01327353436499834
0.10500368475914001
0.02484745904803276
0.004293297883123159
0.04940253496170044
0.017749279737472534
0.0062647620216012
0.040100742131471634
0.02460995875298977
0.04259843751788139
0.0843244418501854
0.056311190128326416
0.16182972490787506
0.32124462723731995
0.1851859837770462
0.4121094346046448
