0.042102135717868805
0.09832696616649628
0.051982805132865906
0.03648405149579048
0.028120405972003937
0.010098394006490707
0.0549980103969574
0.16473574936389923
0.4875124990940094
0.636127769947052
0.7227293848991394
0.6291750073432922
0.11692561209201813
0.09736120700836182
0.04367663711309433
0.2134278267621994
0.41123536229133606
0.04567709565162659
0.00525426771491766
0.303229957818985
0.3575834035873413
0.04692409932613373
0.028218653053045273
0.14837969839572906
0.10522281378507614
0.06268168240785599
0.0869215875864029
0.36655178666114807
0.12793166935443878
0.10481562465429306
0.10095909982919693
0.051935382187366486
0.04284133017063141
0.03588288277387619
0.0457574836909771
0.03860728442668915
0.1650666445493698
0.22723494470119476
0.48477479815483093
0.8540200591087341
0.855114758014679
0.5338683724403381
0.6498246788978577
0.12756209075450897
0.2250792533159256
0.7011946439743042
0.4818747937679291
0.1477527916431427
0.49480220675468445
0.42558398842811584
0.37001290917396545
0.3152531385421753
0.1437894105911255
0.21331854164600372
0.3145850598812103
0.2439698725938797
0.22344104945659637
0.38454726338386536
0.43627145886421204
0.3385436236858368
0.6749771237373352
0.5536892414093018
0.7295536398887634
0.8078150749206543
0.3254578113555908
0.33962854743003845
0.8761783838272095
0.4548722505569458
0.10386375337839127
0.6017609238624573
0.5914856195449829
0.3484813868999481
0.099794901907444
0.10700694471597672
0.13889701664447784
0.20726478099822998
0.06778840720653534
0.029759062454104424
0.025731606408953667
0.019438141956925392
0.01682789996266365
0.049661628901958466
0.08663251250982285
0.5016877055168152
0.5281275510787964
0.8028172254562378
0.8360862135887146
0.7971173524856567
0.8714855909347534
0.48383522033691406
0.39146560430526733
0.829587996006012
0.5848018527030945
0.11220208555459976
0.3485662043094635
0.8482798337936401
0.4341384768486023
0.20168791711330414
0.16439825296401978
0.059651151299476624
0.02476782537996769
0.045158516615629196
0.033681243658065796
0.04498980939388275
0.17182260751724243
0.46836593747138977
0.6894589066505432
0.8279675245285034
0.8892844319343567
0.9470082521438599
0.5867426991462708
0.7166690230369568
0.8893880844116211
0.6245545148849487
0.13116399943828583
0.4524354040622711
0.6451786756515503
0.1685599833726883
0.3978968858718872
0.7816991806030273
0.5947843194007874
0.1689683198928833
0.5526084899902344
0.7570298910140991
0.6054350137710571
0.47067728638648987
0.8474438786506653
0.7829793095588684
0.7019362449645996
0.2378694713115692
0.3359191119670868
0.19380754232406616
0.12272298336029053
0.2788100838661194
0.1957029104232788
0.12058819830417633
0.37353450059890747
0.15038305521011353
0.6473687291145325
0.582850456237793
0.7846212983131409
0.7429944276809692
0.8214227557182312
0.6440413594245911
0.809125542640686
0.8841506838798523
0.6798776388168335
0.6196825504302979
0.843344509601593
0.6564982533454895
0.5065772533416748
0.5574741959571838
0.7260285019874573
0.2972661256790161
0.308269202709198
0.5603270530700684
0.5451841354370117
0.27649447321891785
0.2758348882198334
0.44476568698883057
0.4888850450515747
0.6056152582168579
0.713117241859436
0.59791499376297
0.6263160705566406
0.34540674090385437
0.6126931309700012
0.7637143731117249
0.7222045660018921
0.8316047191619873
0.3808773159980774
0.5642855763435364
0.8683515787124634
0.7320736050605774
0.2542293965816498
0.6681702136993408
0.891734778881073
0.6623626351356506
0.372965008020401
0.4764772057533264
0.37614262104034424
0.25674229860305786
0.37531787157058716
0.44670090079307556
0.42360031604766846
0.516142725944519
0.33666741847991943
0.2182370126247406
0.49367555975914
0.16506631672382355
0.2785748839378357
0.22941122949123383
0.4744509756565094
0.1625252217054367
0.21123158931732178
0.39224135875701904
0.20606325566768646
0.08223557472229004
0.2154005616903305
0.4247018098831177
0.10188669711351395
0.06264323741197586
0.20161910355091095
0.1666538268327713
0.13393224775791168
0.10715746879577637
