0.6060178875923157
0.8330290913581848
0.6651867032051086
0.8230134844779968
0.8643923997879028
0.6622009873390198
0.6113079190254211
0.7039474248886108
0.8177458643913269
0.5442435145378113
0.5519087910652161
0.845956027507782
0.8292873501777649
0.6102191209793091
0.8161290287971497
0.8727810978889465
0.7456485629081726
0.45041894912719727
0.839776873588562
0.8817684054374695
0.5889495611190796
0.6953132748603821
0.8975977301597595
0.8031136989593506
0.5651686191558838
0.8986978530883789
0.9074298143386841
0.6299054622650146
0.44948112964630127
0.7492292523384094
0.566112756729126
0.8751987218856812
0.5863435864448547
0.9020328521728516
0.7118352055549622
0.9128195643424988
0.9480941891670227
0.8860682845115662
0.944036066532135
0.9265684485435486
0.9385915398597717
0.9570234417915344
0.9434378147125244
0.6605157852172852
0.950515627861023
0.9482021331787109
0.8117731809616089
0.8892470598220825
0.92583167552948
0.9534735083580017
0.9565721154212952
0.7440343499183655
0.9662677049636841
0.9699919819831848
0.8945501446723938
0.955832302570343
0.444243848323822
0.8935173749923706
0.5817657709121704
0.8348105549812317
0.4805254340171814
0.7087530493736267
0.8106752038002014
0.7681740522384644
0.9438262581825256
0.9306302666664124
0.8786892890930176
0.787290632724762
0.5140504837036133
0.8099221587181091
0.8443950414657593
0.42708173394203186
0.48812150955200195
0.7825766801834106
0.47236305475234985
0.3927311897277832
0.5139999985694885
0.6412577629089355
0.10646729916334152
0.358284056186676
0.17672593891620636
0.3973501920700073
0.07604768127202988
0.30060407519340515
0.3481646180152893
0.32259124517440796
0.27354127168655396
0.354123592376709
0.1911458522081375
0.4482690393924713
0.3415636122226715
0.23463495075702667
0.4490393102169037
0.3103792369365692
0.7420492768287659
0.711953341960907
0.9514947533607483
0.8471682667732239
0.4307200610637665
0.9183902740478516
0.9138680696487427
0.2751484215259552
0.40096476674079895
0.9479548335075378
0.6148155927658081
0.3231998085975647
0.5873293280601501
0.9426360726356506
0.8165882229804993
0.5864460468292236
0.7485612034797668
0.9067738056182861
0.7872607707977295
0.39695659279823303
0.5436568260192871
0.10241196304559708
0.10183945298194885
0.021192826330661774
0.029526645317673683
0.08664560317993164
0.3310266435146332
0.803669273853302
0.6467779874801636
0.3250752389431
0.18817411363124847
0.20068107545375824
0.798107922077179
0.9206823706626892
0.7259312868118286
0.37692245841026306
0.4230908453464508
0.7405129671096802
0.8744885325431824
0.9389286041259766
0.8717092275619507
0.9248396754264832
0.6707838177680969
0.6500939130783081
0.9345458149909973
0.8997173309326172
0.6442827582359314
0.4144095480442047
0.4216381907463074
0.07855084538459778
0.22578279674053192
0.07866822928190231
0.09190279245376587
0.21838098764419556
0.16577468812465668
0.3273913860321045
0.31925830245018005
0.33855998516082764
0.22727568447589874
0.11615435034036636
0.08423095941543579
0.08616489171981812
0.07685411721467972
0.03587004542350769
0.007538634818047285
0.02321367897093296
0.03170293569564819
0.03334083408117294
0.005247286520898342
0.038532089442014694
0.049876678735017776
0.0772813931107521
0.07014373689889908
0.05282776430249214
0.2931133806705475
0.09671927988529205
0.02259381301701069
0.04472985863685608
0.022081071510910988
0.0462239570915699
0.0655304566025734
0.40490788221359253
0.24152980744838715
0.2584763467311859
0.09829717874526978
0.26684120297431946
0.2859974205493927
0.10025224834680557
0.10503897815942764
0.029456833377480507
0.14098632335662842
0.09484309703111649
0.016021182760596275
0.06170736998319626
0.15301354229450226
0.021631348878145218
0.03485918045043945
0.31245723366737366
0.0659259781241417
0.11779824644327164
0.27098068594932556
0.07967713475227356
0.3962653577327728
0.024753326550126076
0.04281645268201828
0.023873770609498024
0.07808353751897812
0.04457509517669678
0.21074636280536652
0.3335464298725128
0.17659211158752441
0.16018541157245636
0.11723092198371887
0.08609548956155777
0.13160249590873718
0.2034519761800766
0.09161164611577988
0.16141237318515778
0.18462057411670685
0.15002937614917755
0.17753249406814575
0.2502393126487732
0.06271617114543915
0.17724914848804474
0.3347741961479187
0.08155057579278946
0.04081687331199646
0.25389665365219116
0.19343151152133942
0.035004112869501114
0.2540212571620941
0.24434812366962433
0.6471750140190125
0.58026123046875
0.9025132060050964
0.7309682965278625
0.5380093455314636
0.545052707195282
0.8974527716636658
0.7745581865310669
0.7813808917999268
0.9737340211868286
0.5618994832038879
0.37690508365631104
0.25909486413002014
0.30303749442100525
0.15167759358882904
0.2312989979982376
0.5134854912757874
0.2874923646450043
0.4128783047199249
0.4694211184978485
0.5556263327598572
0.7046462893486023
0.7668274641036987
0.4022751450538635
0.7127660512924194
0.9028152823448181
0.7481308579444885
0.7429329752922058
0.8746866583824158
0.9648329615592957
0.9506449103355408
0.9630357027053833
0.9172539114952087
0.8887377977371216
0.8905594348907471
0.8664482831954956
0.9620562791824341
0.7356580495834351
0.8419798016548157
0.8272250294685364
0.5941039323806763
0.6515911817550659
0.6286066174507141
0.6123518347740173
0.3536909222602844
0.7539174556732178
0.5663847327232361
0.34945017099380493
0.7319148182868958
0.7356720566749573
0.13425742089748383
0.44676780700683594
0.27132517099380493
0.23296983540058136
0.5017819404602051
0.41095903515815735
0.1587604433298111
0.2156549096107483
0.8151927590370178
0.2252659797668457
0.23851580917835236
0.43231669068336487
0.2508503198623657
0.2882966101169586
0.14876791834831238
0.04762421175837517
0.04219125956296921
0.26033028960227966
0.024533994495868683
0.022994311526417732
0.061449844390153885
0.09154287725687027
0.01601862721145153
0.01835412159562111
0.32192471623420715
0.10433337092399597
0.08549194782972336
0.17714305222034454
0.09363619983196259
0.6748709082603455
0.25048667192459106
0.2045254409313202
0.1898975670337677
0.3594870865345001
0.5966573357582092
0.12577278912067413
0.32938864827156067
0.1234196200966835
0.1983606368303299
0.13461408019065857
0.039027418941259384
0.2386796772480011
0.17268919944763184
0.4178280830383301
0.08138145506381989
0.4929957985877991
0.20506975054740906
0.11953222751617432
0.23216578364372253
0.09443787485361099
0.11050532013177872
0.08971724659204483
0.3489603102207184
0.06393054872751236
0.019941799342632294
0.5252178907394409
0.35808315873146057
0.061265282332897186
0.07595787197351456
0.30547797679901123
0.3990834057331085
0.05957453325390816
0.43293777108192444
0.26079049706459045
0.8945395350456238
0.6116604804992676
0.8644030690193176
0.44469308853149414
0.4869177043437958
0.4619845747947693
0.4658234417438507
0.613359272480011
0.6271317601203918
0.3430842161178589
0.5209004878997803
0.33674538135528564
0.5297905206680298
0.662666916847229
0.7774231433868408
0.313529908657074
0.13496218621730804
0.2529703676700592
0.1107863113284111
0.15975189208984375
0.5152153968811035
0.2733837366104126
0.3437347710132599
0.1959569752216339
0.6427929997444153
0.674552321434021
0.36922335624694824
0.41746631264686584
0.855419397354126
0.7820214629173279
0.2209678590297699
0.15173815190792084
0.027373433113098145
0.07180730253458023
0.026299158111214638
0.061351675540208817
0.011946063488721848
0.017008613795042038
0.045191384851932526
0.030650820583105087
0.004884074442088604
0.01740347035229206
0.04180508852005005
0.022212298586964607
0.017781183123588562
0.028816452249884605
0.02445700392127037
0.026809649541974068
0.05664130672812462
0.02782220020890236
0.02092152088880539
0.04860274866223335
0.03279366344213486
0.054433632642030716
0.02626275271177292
0.018183741718530655
0.05569775402545929
0.04180219769477844
0.05006030574440956
0.022182239219546318
0.22664785385131836
0.030078258365392685
0.08836695551872253
0.04121582955121994
0.12677502632141113
0.036781538277864456
0.07782360166311264
0.19703252613544464
0.2457541972398758
0.20609600841999054
0.28891637921333313
0.6393697261810303
0.7915518879890442
0.9247570037841797
0.7448850870132446
