0.2979675829410553
0.2993354797363281
0.12446893751621246
0.08891536295413971
0.053879283368587494
0.04300328716635704
0.0756840705871582
0.11539152264595032
0.04321025684475899
0.09952745586633682
0.17415782809257507
0.0334646999835968
0.15828970074653625
0.006238191854208708
0.02028634585440159
0.01004383061081171
0.03508298471570015
0.24656091630458832
0.2502792179584503
0.15519900619983673
0.2620556652545929
0.07504452764987946
0.051491934806108475
0.0031205255072563887
0.007249291520565748
0.0041968971490859985
0.035852156579494476
0.020381756126880646
0.07867072522640228
0.06612836569547653
0.1251002997159958
0.11812487244606018
0.049459099769592285
0.012007898651063442
0.00752405496314168
0.005950568709522486
0.1170429140329361
0.09608445316553116
0.3774034380912781
0.7478439807891846
0.5707632899284363
0.8446370959281921
0.9226072430610657
0.5482101440429688
0.9035865068435669
0.9378812909126282
0.19721947610378265
0.4435214102268219
0.9220293164253235
0.699354350566864
0.07720983028411865
0.5779454708099365
0.9360580444335938
0.9208554029464722
0.2242065817117691
0.2849346399307251
0.8399433493614197
0.8748363852500916
0.18963199853897095
0.35446903109550476
0.3148854672908783
0.6780489087104797
0.38345903158187866
0.1350998431444168
0.6458504796028137
0.8003774285316467
0.6816359758377075
0.9635651707649231
0.9145476222038269
0.4418967068195343
0.6473527550697327
0.9554114937782288
0.8974543809890747
0.3649458885192871
0.8741796016693115
0.9694179892539978
0.9331682324409485
0.9323152899742126
0.9916403889656067
0.9833305478096008
0.9613062739372253
0.915191113948822
0.791718065738678
0.8810346722602844
0.7979334592819214
0.7296316027641296
0.494188517332077
0.3052729666233063
0.03407125547528267
0.1429288536310196
0.059140972793102264
0.008014978840947151
0.0117369769141078
0.13041402399539948
0.02970123291015625
0.013802248984575272
0.08038779348134995
0.6167765259742737
0.04425059258937836
0.05741553381085396
0.6173118948936462
0.14187589287757874
0.2564247250556946
0.3920789659023285
0.802324116230011
0.7420624494552612
0.6346017122268677
0.1939864456653595
0.16094982624053955
0.19037331640720367
0.7957392930984497
0.8202043771743774
0.8926618695259094
0.9635990262031555
0.779464840888977
0.7119781970977783
0.8636064529418945
0.6552355289459229
0.4422028362751007
0.09831742197275162
0.025149328634142876
0.09340768307447433
0.003937039524316788
0.04052986204624176
0.01487759780138731
0.06779734045267105
0.014051309786736965
0.07235541194677353
0.024309242144227028
0.1769264191389084
0.059178758412599564
0.03037082776427269
0.04139663651585579
0.011246134527027607
0.011611499823629856
0.04265759512782097
0.030415037646889687
0.018764840438961983
0.003026286605745554
0.012586829252541065
0.020602330565452576
0.016598040238022804
0.040431778877973557
0.05359188839793205
0.04102574661374092
0.019675467163324356
0.02520228736102581
0.06320790201425552
0.0427718311548233
0.0051810177974402905
0.0535595566034317
0.004765442106872797
0.023713424801826477
0.025995025411248207
0.023740028962492943
0.6995136141777039
0.6833732724189758
0.2586516737937927
0.1432952582836151
0.17409834265708923
0.38461315631866455
0.4408528208732605
0.5475054383277893
0.47544431686401367
0.6610298752784729
0.42669880390167236
0.6112056374549866
0.74383544921875
0.6754418611526489
0.5103912949562073
0.6170386075973511
0.7217574119567871
0.396781861782074
0.5251368284225464
0.6247571110725403
0.7142756581306458
0.38246625661849976
0.715449869632721
0.7501545548439026
0.15199978649616241
0.33734190464019775
0.37327948212623596
0.248036727309227
0.06426693499088287
0.030011305585503578
0.07237017899751663
0.052544254809617996
0.00870473962277174
0.015135160647332668
0.049173906445503235
0.022447871044278145
0.0033854625653475523
0.07603470981121063
0.08421803265810013
0.02455037645995617
0.022880572825670242
0.05305072292685509
0.30232638120651245
0.08481287956237793
0.05453742295503616
0.2919667959213257
0.04706640914082527
0.049785614013671875
0.05880267173051834
0.23702022433280945
0.103086918592453
0.7822454571723938
0.6966903805732727
0.7044909596443176
0.7320683598518372
0.9312958121299744
0.8792214393615723
0.9390501379966736
0.8208430409431458
0.18241770565509796
0.7648280262947083
0.881005585193634
0.1572711020708084
0.14817343652248383
0.8145979046821594
0.5062304139137268
0.10273616760969162
0.43136507272720337
0.3394550681114197
0.0984291210770607
0.5160158276557922
0.2733992636203766
0.44952303171157837
0.17226727306842804
0.07161949574947357
0.11185644567012787
0.21729785203933716
0.24557992815971375
0.55614173412323
0.8512260913848877
0.8353359699249268
0.9583504796028137
0.912243664264679
0.7508891224861145
0.9559134244918823
0.9175549745559692
0.3509145975112915
0.8123823404312134
0.8789141774177551
0.4055653214454651
0.7850867509841919
0.8269914388656616
0.8970592617988586
0.6143389940261841
0.7631027102470398
0.36075568199157715
0.5434131622314453
0.1875823587179184
0.09917346388101578
0.2682667374610901
0.2173212170600891
0.46572649478912354
0.8463907241821289
0.5871899127960205
0.7801188826560974
0.9091579914093018
0.9586158394813538
0.9840096235275269
0.8603976368904114
0.6007157564163208
0.9766218662261963
0.8917048573493958
0.36830493807792664
0.6460726857185364
0.9665919542312622
0.8516750931739807
0.8938615918159485
0.6446158289909363
0.45239871740341187
0.7312265038490295
0.2565714120864868
0.10416258871555328
0.2592647671699524
0.14433033764362335
0.258348673582077
0.04303254932165146
0.17347414791584015
0.6466169357299805
0.3549773693084717
0.16046424210071564
0.10883986949920654
0.346508651971817
0.5022557377815247
0.48454704880714417
0.08257713168859482
0.9223889112472534
0.9643888473510742
0.3675927519798279
0.3281313478946686
0.9812405705451965
0.9432843327522278
0.18358513712882996
0.9270899295806885
0.9771257042884827
0.9384549260139465
0.8430769443511963
0.5603417158126831
0.7403997778892517
0.16009216010570526
0.06055278331041336
0.18460768461227417
0.30945104360580444
0.06314287334680557
0.4009048044681549
0.4430500268936157
0.6299408078193665
0.20793117582798004
0.1565578728914261
0.004876394290477037
0.005753312725573778
0.03083021752536297
0.025353441014885902
0.0038485373370349407
0.06658279895782471
0.026191970333456993
0.0058212862350046635
0.07868964970111847
0.08569774031639099
0.037832845002412796
0.11001010239124298
0.7459951043128967
0.561294674873352
0.9513924717903137
0.6811803579330444
0.3163723349571228
0.27935415506362915
0.11685074865818024
0.01588263362646103
0.050249114632606506
0.02588127739727497
0.07615906000137329
0.09972081333398819
0.0853457972407341
0.0959317684173584
0.037897635251283646
0.02357969433069229
0.014321671798825264
0.01541746687144041
0.0371914766728878
0.00555653590708971
0.004766597878187895
0.008639922365546227
0.01032521016895771
0.0028367131017148495
0.027151642367243767
0.039965320378541946
0.03570431098341942
0.05544019863009453
0.04560743272304535
0.017049457877874374
0.07003623992204666
0.009055075235664845
0.04826328158378601
0.03466426208615303
0.023293092846870422
0.3404988646507263
0.13299208879470825
0.20764388144016266
0.07370254397392273
0.017374221235513687
0.012123048305511475
0.0014240771997720003
0.00341482600197196
0.0036136144772171974
0.008375125005841255
0.020230373367667198
0.008451439440250397
0.00868556834757328
0.006419408600777388
0.022279134020209312
0.024960514158010483
0.02763795107603073
0.1530398726463318
0.13233758509159088
0.10921147465705872
0.6588863730430603
0.3311408460140228
0.32715311646461487
0.37829747796058655
0.4854130744934082
0.6963068842887878
0.5219827890396118
0.5020297169685364
0.3799988329410553
0.40103965997695923
0.6245081424713135
0.47958579659461975
0.7041090130805969
0.46190205216407776
0.6425056457519531
0.773527204990387
0.763729989528656
0.7484388947486877
0.6060632467269897
