0.3928672969341278
0.39465659856796265
0.47688722610473633
0.7238121628761292
0.6077430248260498
0.6289127469062805
0.6341195106506348
0.6456508040428162
0.666347324848175
0.5623677372932434
0.695362389087677
0.602948784828186
0.5822919011116028
0.6536844372749329
0.7013177871704102
0.7609705924987793
0.5171327590942383
0.6175311207771301
0.6628172993659973
0.65675288438797
0.7132798433303833
0.7450287342071533
0.7247956395149231
0.7793371081352234
0.5320461392402649
0.7716327905654907
0.7702109813690186
0.7345736622810364
0.7103258967399597
0.8275198936462402
0.735693633556366
0.5382989048957825
0.6690472364425659
0.5375195741653442
0.5851495862007141
0.5777409672737122
0.5544717907905579
0.22361107170581818
0.5248862504959106
0.38852253556251526
0.4806920289993286
0.2312895953655243
0.39775165915489197
0.280370831489563
0.3279079496860504
0.24564893543720245
0.23612995445728302
0.388127863407135
0.4304641783237457
0.5388725399971008
0.6455495953559875
0.678744912147522
0.37675610184669495
0.4784720838069916
0.846867561340332
0.7562175989151001
0.3314962089061737
0.3100159466266632
0.6953673958778381
0.4879065155982971
0.2777622640132904
0.49064743518829346
0.7625902891159058
0.7721579670906067
0.5019553899765015
0.37498074769973755
0.5820261240005493
0.34907880425453186
0.4936046004295349
0.6299715042114258
0.30749011039733887
0.39545977115631104
0.4374648630619049
0.6154993176460266
0.671031653881073
0.6873138546943665
0.4928331971168518
0.556894063949585
0.46492448449134827
0.4987015128135681
0.4987339377403259
0.729066014289856
0.4641835391521454
0.42596712708473206
0.416977196931839
0.38234275579452515
0.5356855988502502
0.47449928522109985
0.435891330242157
0.3173046112060547
0.3248894512653351
0.33343449234962463
0.35837629437446594
0.4224257469177246
0.6265009641647339
0.3816083073616028
0.6176465153694153
0.5918639302253723
0.7158330082893372
0.5468258857727051
0.4377422332763672
0.342567503452301
0.2531769275665283
0.2558937966823578
0.502976655960083
0.31161415576934814
0.3026524782180786
0.31083646416664124
0.6541597843170166
0.49708494544029236
0.7676399350166321
0.4769720435142517
0.7731012105941772
0.8456676006317139
0.4053145945072174
0.32188859581947327
0.7429165244102478
0.6085777878761292
0.36075785756111145
0.5239360332489014
0.7825393676757812
0.6758778691291809
0.713662326335907
0.7494283318519592
0.8806015253067017
0.6555773615837097
0.6660364270210266
0.45323848724365234
0.3148363530635834
0.5692657828330994
0.6238919496536255
0.6097996830940247
0.38224342465400696
0.7441580891609192
0.7887681722640991
0.5699715614318848
0.5749593377113342
0.6760320067405701
0.6152635812759399
0.6508134007453918
0.37900394201278687
0.5365732312202454
0.4118455946445465
0.48636600375175476
0.3484877645969391
0.5775989890098572
0.8722988367080688
0.5250264406204224
0.6351267695426941
0.4367097318172455
0.5716140270233154
0.5020588040351868
0.4129053056240082
0.4104696214199066
0.750167727470398
0.5950597524642944
0.37422868609428406
0.4052414894104004
0.5497750043869019
0.5666419267654419
0.5528243780136108
0.5163987278938293
0.5174172520637512
0.5665753483772278
0.41526535153388977
0.386305570602417
0.554343044757843
0.3509637713432312
0.18673354387283325
0.7156580090522766
0.3461184501647949
0.24672579765319824
0.584585964679718
0.5694783329963684
0.24350731074810028
0.3713700473308563
0.664959192276001
0.5198832154273987
0.5119293928146362
0.6961535215377808
0.7930873036384583
0.6790204048156738
0.7119415402412415
0.7145053148269653
0.47344446182250977
0.7206172347068787
0.4027066230773926
0.3402973711490631
0.3571424186229706
0.49103689193725586
0.4903089106082916
0.39519721269607544
0.2512913942337036
0.5703668594360352
0.47739696502685547
0.4852578341960907
0.6816897392272949
0.6351481676101685
0.6764687895774841
0.6908466815948486
0.571254551410675
0.7322133779525757
0.663994312286377
0.6399276256561279
0.5743236541748047
0.7949360013008118
0.7550036311149597
0.8424709439277649
0.8370715975761414
0.803431510925293
0.7108314633369446
0.4938013255596161
0.49786895513534546
0.6015377640724182
0.6572292447090149
0.15811073780059814
0.4752773344516754
0.6747583746910095
0.1850663125514984
0.23698383569717407
0.3992922902107239
0.5587542653083801
0.1624055951833725
0.2993476390838623
0.1851666122674942
0.15076042711734772
0.31830650568008423
0.26989883184432983
0.14687229692935944
0.32065269351005554
0.25261345505714417
0.3456869125366211
0.6687374711036682
0.6333708167076111
0.20948666334152222
0.4948873519897461
0.5282091498374939
0.37490570545196533
0.23417255282402039
0.3670080602169037
0.45260804891586304
0.5204693078994751
0.6922574043273926
0.5177905559539795
0.5013000965118408
