0.7507484555244446
0.9478574395179749
0.8337070345878601
0.6535226106643677
0.811149001121521
0.9005349278450012
0.3959968388080597
0.6984335780143738
0.9193527698516846
0.7600277662277222
0.6385807394981384
0.8029606938362122
0.9563772678375244
0.8586012125015259
0.8717563152313232
0.8510196208953857
0.9305508136749268
0.8729813694953918
0.8391788601875305
0.9416826367378235
0.9160001873970032
0.8205567002296448
0.9397536516189575
0.9286120533943176
0.8390232920646667
0.8751020431518555
0.6776745915412903
0.5172340869903564
0.7336539030075073
0.41383111476898193
0.3118620216846466
0.2994292378425598
0.1588611751794815
0.34875282645225525
0.15341578423976898
0.6403594017028809
0.2450745850801468
0.8007298707962036
0.76767498254776
0.7772806882858276
0.533013105392456
0.4958260953426361
0.31261077523231506
0.4734002351760864
0.32168880105018616
0.3749571740627289
0.8315240740776062
0.6596415638923645
0.1243981122970581
0.20456424355506897
0.6072832942008972
0.23334439098834991
0.12083206325769424
0.41352811455726624
0.4984802305698395
0.24999067187309265
0.16175046563148499
0.08676501363515854
0.17965388298034668
0.10576463490724564
0.11010334640741348
0.4032115042209625
0.1424306035041809
0.3183493912220001
0.4034653306007385
0.6105127930641174
0.7493970990180969
0.4149002432823181
0.7944516539573669
0.29340970516204834
0.4282180070877075
0.4678730368614197
0.7420259714126587
0.2485484629869461
0.28038862347602844
0.2348995953798294
0.053405314683914185
0.1337401568889618
0.0510188490152359
0.17889167368412018
0.18919490277767181
0.37156572937965393
0.7009098529815674
0.6070101857185364
0.3541152775287628
0.25974172353744507
0.8694101572036743
0.7578399777412415
0.27088209986686707
0.8111727833747864
0.9646328687667847
0.6809870600700378
0.18194222450256348
0.5090695023536682
0.9362250566482544
0.6797827482223511
0.3590860068798065
0.7232620716094971
0.8538904190063477
0.5801362991333008
0.5824003219604492
0.3468753397464752
0.45168331265449524
0.32134318351745605
0.5870852470397949
0.47900402545928955
0.1710694432258606
0.5909397602081299
0.7123539447784424
0.15960422158241272
0.352196604013443
0.5338024497032166
0.13196353614330292
0.07477244734764099
0.23015014827251434
0.05816115438938141
0.5473737716674805
0.22112901508808136
0.03629017993807793
0.27733147144317627
0.07160154730081558
0.09101060777902603
0.3881455659866333
0.6294205784797668
0.9236493706703186
0.8458389639854431
0.820080578327179
0.9588420987129211
0.9778077006340027
0.963725209236145
0.8646472096443176
0.9316475987434387
0.9632919430732727
0.9124045968055725
0.549690842628479
0.7834128737449646
0.9147583842277527
0.400583952665329
0.21904157102108002
0.8147907257080078
0.517275333404541
0.38139697909355164
0.5836236476898193
0.2667612135410309
0.6049864888191223
0.8085201978683472
0.6681334376335144
0.8378117084503174
0.9589933753013611
0.8738200664520264
0.9237358570098877
0.939188539981842
0.8416016697883606
0.5867512822151184
0.5582081079483032
0.5174853205680847
0.15715214610099792
0.518600583076477
0.4102334976196289
0.611797571182251
0.5360097885131836
0.23877021670341492
0.6061872839927673
0.5450061559677124
0.20561711490154266
0.2555765211582184
0.08374904841184616
0.0451895073056221
0.04117912799119949
0.051736850291490555
0.14019136130809784
0.03398330137133598
0.10632936656475067
0.3547970652580261
0.14543737471103668
0.5283962488174438
0.4834217131137848
0.7976305484771729
0.7339866757392883
0.8231052756309509
0.8897379636764526
0.901923418045044
0.659791886806488
0.6914508938789368
0.09413819760084152
0.08097723126411438
0.025371212512254715
0.10421828180551529
0.03375710919499397
0.2366514801979065
0.0891360342502594
0.08431041240692139
0.10626141726970673
0.08594910055398941
0.006327485200017691
0.056880466639995575
0.061829566955566406
0.015056380070745945
0.027603773400187492
0.07451505213975906
0.039596009999513626
0.03133908659219742
0.043875038623809814
0.3064868152141571
0.10481119155883789
0.0071761938743293285
0.034137800335884094
0.01056399941444397
0.06412609666585922
0.20037801563739777
0.10810807347297668
0.11618741601705551
0.08896562457084656
0.11252781003713608
0.08120280504226685
0.009033157490193844
0.08691824972629547
0.12117592245340347
0.004727581981569529
0.035448670387268066
0.09689833968877792
0.07290419936180115
0.029379520565271378
0.13565698266029358
0.07544276863336563
0.10919038206338882
0.08884140104055405
0.21454407274723053
0.396860808134079
0.07197066396474838
0.14741727709770203
0.011974568478763103
0.02281784452497959
0.006986675318330526
0.06000765040516853
0.10853181034326553
0.4572368264198303
0.16119693219661713
0.23260726034641266
0.34128838777542114
0.2949064075946808
0.17116135358810425
0.055699534714221954
0.10580223053693771
0.09316135197877884
0.07122715562582016
0.028805995360016823
0.16016390919685364
0.031763434410095215
0.034755002707242966
0.021586831659078598
0.1249108612537384
0.03594861552119255
0.011438384652137756
0.04871881380677223
0.11778388917446136
0.2917383909225464
0.4128626585006714
0.29113879799842834
0.4662446081638336
0.8760517239570618
0.7758057713508606
0.5011799931526184
0.9065335392951965
0.949952244758606
0.7806234955787659
0.9014566540718079
0.5145977139472961
0.8270741701126099
0.6151654124259949
0.8620713353157043
0.8661878108978271
0.777572512626648
