0.15390834212303162
0.18679407238960266
0.1422872394323349
0.44432899355888367
0.1437709480524063
0.08411189913749695
0.22431203722953796
0.27475473284721375
0.10629185289144516
0.048833150416612625
0.1537647396326065
0.10542862862348557
0.35582396388053894
0.27197515964508057
0.04395885765552521
0.03360717371106148
0.02214379981160164
0.10055282711982727
0.011263317428529263
0.04143385589122772
0.11332304030656815
0.09856932610273361
0.03185170888900757
0.06069670990109444
0.2989484667778015
0.2648809552192688
0.0686095580458641
0.21739400923252106
0.13191886246204376
0.20980018377304077
0.1807052493095398
0.44414377212524414
0.6082080602645874
0.2790488302707672
0.3199407756328583
0.20401868224143982
0.14587615430355072
0.21227134764194489
0.34848153591156006
0.24983088672161102
0.32730725407600403
0.3491925299167633
0.39707010984420776
0.4367224872112274
0.6448618769645691
0.39703652262687683
0.4102229177951813
0.5566866993904114
0.3993808329105377
0.6723608374595642
0.6587283611297607
0.29136601090431213
0.41326409578323364
0.5570071935653687
0.47063323855400085
0.38367584347724915
0.22223849594593048
0.19084306061267853
0.4164750576019287
0.2135443240404129
0.13215935230255127
0.29959365725517273
0.5267527103424072
0.35314062237739563
0.11146882176399231
0.47317758202552795
0.3045150339603424
0.17623509466648102
0.2143559753894806
0.1938280612230301
0.06607459485530853
0.2947515845298767
0.17112159729003906
0.11892543733119965
0.2670290768146515
0.10749594122171402
0.17047958076000214
0.13087080419063568
0.024216555058956146
0.06602945923805237
0.19079288840293884
0.04824994131922722
0.031902194023132324
0.03699803352355957
0.06984943151473999
0.027805060148239136
0.0835663229227066
0.13448846340179443
0.06373153626918793
0.1488213837146759
0.09637590497732162
0.03622899577021599
0.17654412984848022
0.07935875654220581
0.011612550355494022
0.029024630784988403
0.02664950117468834
0.35083112120628357
0.16269290447235107
0.17257890105247498
0.1757330298423767
0.22029437124729156
0.057359881699085236
0.04907543212175369
0.22302848100662231
0.2517152428627014
0.05253400653600693
0.13182470202445984
0.04651309549808502
0.21025583148002625
0.20750652253627777
0.1720784455537796
0.2953420579433441
0.4243696331977844
0.29585227370262146
0.6052296757698059
0.27798977494239807
0.296259343624115
0.1907188892364502
0.4881727993488312
0.299957275390625
0.31480851769447327
0.7197640538215637
0.19013379514217377
0.53188157081604
0.485048770904541
0.44614607095718384
0.580071210861206
0.25145164132118225
0.4507524073123932
0.5435048937797546
0.48712995648384094
0.41344505548477173
0.41484320163726807
0.2937594950199127
0.22145968675613403
0.3168622553348541
0.4456034302711487
0.18793322145938873
0.4179122745990753
0.387469083070755
0.3381262421607971
0.2585233747959137
0.47821786999702454
0.18956436216831207
0.502621591091156
0.4535103440284729
0.4899881184101105
0.3143029510974884
0.3172820806503296
0.45756006240844727
0.2412601262331009
0.488627552986145
0.5117126107215881
0.30446159839630127
0.5353784561157227
0.6638699769973755
0.6321804523468018
0.8571237921714783
0.82384192943573
0.7737540602684021
0.8421587944030762
0.697277843952179
0.5988092422485352
0.7201859354972839
0.6093305945396423
0.4714852571487427
0.7877376079559326
0.7211890816688538
0.4942184090614319
0.2350328266620636
0.7525381445884705
0.6466894149780273
0.1968984156847
0.27688470482826233
0.7219223380088806
0.45392805337905884
0.1065424457192421
0.32141977548599243
0.06935925036668777
0.029378831386566162
0.037372078746557236
0.02786935307085514
0.021277910098433495
0.06176355108618736
0.3939594328403473
0.6163198351860046
0.48290327191352844
0.8476504683494568
0.8321718573570251
0.9525266289710999
0.8519079089164734
0.37229403853416443
0.7580121159553528
0.9073598980903625
0.41879451274871826
0.3226456642150879
0.9234364628791809
0.811251699924469
0.09353058785200119
0.6441658735275269
0.873651385307312
0.6926224827766418
0.5291680097579956
0.44670137763023376
0.30159619450569153
0.1458006352186203
0.06471583247184753
0.1476362645626068
0.057303182780742645
0.16021136939525604
0.4831972122192383
0.5499265789985657
0.5626056790351868
0.47176408767700195
0.841640830039978
0.556140124797821
0.4688713252544403
0.7693030834197998
0.7524770498275757
0.5265344977378845
0.546563982963562
0.3824848234653473
0.2811308205127716
0.28630101680755615
0.6384158730506897
0.19639946520328522
0.28955334424972534
0.03588574007153511
0.056558240205049515
0.1507125198841095
0.06195640563964844
0.030224600806832314
0.11306165158748627
0.10975739359855652
0.05308132246136665
0.047648414969444275
0.1292085349559784
0.07237992435693741
0.03973463177680969
0.103628970682621
0.08065275102853775
0.07927349954843521
0.0977778211236
0.1114950031042099
