0.030583258718252182
0.056945402175188065
0.008632685989141464
0.018639354035258293
0.00986483320593834
0.017955444753170013
0.011848773807287216
0.06161544844508171
0.0523688942193985
0.0999637171626091
0.349547415971756
0.13449813425540924
0.08305323123931885
0.11874723434448242
0.177785262465477
0.2561574876308441
0.22020156681537628
0.30273550748825073
0.5212417840957642
0.25763553380966187
0.3678061068058014
0.2644821107387543
0.15152418613433838
0.3040648102760315
0.23602809011936188
0.1144481897354126
0.03366817161440849
0.06058879569172859
0.2222399264574051
0.10518703609704971
0.074269600212574
0.22892437875270844
0.31902608275413513
0.12319368869066238
0.2698976397514343
0.16237324476242065
0.2056417316198349
0.06001747399568558
0.22974109649658203
0.06660032272338867
0.08076917380094528
0.055263131856918335
0.06393079459667206
0.09522708505392075
0.11493877321481705
0.15202797949314117
0.10295266658067703
0.22505323588848114
0.2058379203081131
0.37519851326942444
0.6009088158607483
0.38019347190856934
0.8776220679283142
0.8301082849502563
0.5988462567329407
0.8611475229263306
0.6188514828681946
0.5336276292800903
0.340345561504364
0.7079897522926331
0.3287486732006073
0.5307925343513489
0.04359462484717369
0.06804006546735764
0.11677763611078262
0.04694189503788948
0.009959190152585506
0.07169660180807114
0.07071515172719955
0.031095005571842194
0.03112652525305748
0.1339697390794754
0.05899441987276077
0.042344752699136734
0.05731070786714554
0.01761304959654808
0.011393357999622822
0.02130964957177639
0.023172087967395782
0.05656540393829346
0.19742776453495026
0.17738807201385498
0.5613265633583069
0.8803406953811646
0.6079556345939636
0.2646784782409668
0.6408284306526184
0.912382960319519
0.22435146570205688
0.26412078738212585
0.6848388910293579
0.5753615498542786
0.12069442868232727
0.6180451512336731
0.806914210319519
0.2083902806043625
0.04503750801086426
0.2484411895275116
0.09560280293226242
0.07159724086523056
0.0798937976360321
0.0487411692738533
0.04020743444561958
0.0190228633582592
0.02825593575835228
0.08472946286201477
0.027225051075220108
0.0877702608704567
0.12394784390926361
0.7283235192298889
0.5367686748504639
0.2094254195690155
0.1826489120721817
0.364207923412323
0.4696632921695709
0.7250943183898926
0.7545788288116455
0.28495872020721436
0.3878028988838196
0.0840587317943573
0.2916114032268524
0.71484375
0.2007472962141037
0.06067689135670662
0.3616276979446411
0.2646721303462982
0.05506409704685211
0.032273247838020325
0.37473195791244507
0.18292953073978424
0.04974653944373131
0.1830536425113678
0.5307286977767944
0.2705163061618805
0.40382763743400574
0.361476331949234
0.2187739759683609
0.31995144486427307
0.3618850111961365
0.14219476282596588
0.10472662001848221
0.41263023018836975
0.5485123991966248
0.4717133939266205
0.5966764092445374
0.412233829498291
0.5699084997177124
0.7119074463844299
0.7040196657180786
0.8152308464050293
0.8751224875450134
0.5141289830207825
0.827555239200592
0.9069363474845886
0.9370810389518738
0.9425227046012878
0.9596985578536987
0.9546628594398499
0.8142728805541992
0.8505135774612427
0.9144686460494995
0.6316589713096619
0.5056262016296387
0.8476544618606567
0.7763978242874146
0.8526627421379089
0.8573098182678223
0.8956990838050842
0.8825379014015198
0.767673134803772
0.5114109516143799
0.3393515944480896
0.6460161805152893
0.6100579500198364
0.8153970837593079
0.8319545388221741
0.7440232038497925
0.6033018231391907
0.5308103561401367
0.7352282404899597
0.741184413433075
0.8468826413154602
0.9159359335899353
0.840495765209198
0.772261917591095
0.8011764883995056
0.5804224014282227
0.7813576459884644
0.28048720955848694
0.413327693939209
0.32149043679237366
0.14276763796806335
0.38780850172042847
0.08456332236528397
0.20714621245861053
0.25026193261146545
0.1939406394958496
0.17698782682418823
0.06210517883300781
0.23018305003643036
0.18277999758720398
0.033574797213077545
0.2809027135372162
0.37913432717323303
0.5954435467720032
0.9170662760734558
0.6221175789833069
0.9621132612228394
0.9439601898193359
0.9138334393501282
0.8726263046264648
0.7508273124694824
0.2369363009929657
0.8596827387809753
0.868068516254425
0.12361420691013336
0.5695522427558899
0.8446715474128723
0.3396207392215729
0.17625753581523895
0.6396645903587341
0.5802696943283081
0.06963307410478592
0.22704847157001495
0.058715298771858215
0.01304837130010128
0.008216612972319126
0.03436567261815071
0.03962951526045799
0.37243399024009705
0.13942253589630127
0.9123170971870422
0.4880961775779724
0.42815279960632324
0.14906972646713257
0.19051718711853027
0.0847584679722786
0.677719235420227
0.31130167841911316
0.9017953872680664
0.7802713513374329
0.6317766904830933
0.6144314408302307
0.28904104232788086
0.09513696283102036
0.11856993287801743
0.10241077095270157
0.01643238216638565
0.044003646820783615
0.08179027587175369
0.02788509614765644
0.010210692882537842
0.09140516817569733
0.12941718101501465
0.03216525912284851
0.017181003466248512
0.009911632165312767
0.04740237072110176
0.045303214341402054
0.13976077735424042
0.3067258894443512
0.8400009274482727
0.8235012888908386
0.9093089699745178
0.9575234651565552
0.9209694266319275
0.454814076423645
0.37990912795066833
0.5141513347625732
0.16190393269062042
0.4777225852012634
0.7473955154418945
0.6974702477455139
0.4122244119644165
0.2867302894592285
0.043747130781412125
0.22867362201213837
0.10493599623441696
0.022119970992207527
0.148154616355896
0.13292425870895386
0.04353050887584686
0.02355109341442585
0.022637685760855675
0.08963767439126968
0.40985092520713806
0.513633131980896
0.4866234362125397
0.8389554619789124
0.8041106462478638
0.7421078085899353
0.8001107573509216
0.7968829870223999
0.6867697834968567
0.12353835999965668
0.5280511975288391
0.7453902363777161
0.7100017666816711
0.024056700989603996
0.21725407242774963
0.45222246646881104
0.10244747251272202
0.038246288895606995
0.16034111380577087
0.2874024510383606
0.0331013984978199
0.049950987100601196
0.07805866748094559
0.04202341288328171
0.06246135011315346
0.11494472622871399
0.029634688049554825
0.1388154774904251
0.2982286810874939
0.297939658164978
0.4378517270088196
0.5381832122802734
0.7710402011871338
0.8740020990371704
0.786358654499054
0.741461992263794
0.7023202776908875
0.6968874335289001
0.7899930477142334
0.8994067311286926
0.8455925583839417
0.8152268528938293
0.32027238607406616
