0.05462725833058357
0.10363427549600601
0.0988176167011261
0.1024576723575592
0.14220018684864044
0.10597066581249237
0.22535057365894318
0.359144002199173
0.3362594544887543
0.1298704594373703
0.3221360445022583
0.45301830768585205
0.21515785157680511
0.11516662687063217
0.3354092240333557
0.48172008991241455
0.13056717813014984
0.07860121876001358
0.5442227721214294
0.5795271992683411
0.29566898941993713
0.09181501716375351
0.6384894847869873
0.5154818296432495
0.37020403146743774
0.07526157051324844
0.4051018953323364
0.49906688928604126
0.6133447289466858
0.48415979743003845
0.48413515090942383
0.7667282223701477
0.6689727306365967
0.5522500872612
0.5032584071159363
0.6213358640670776
0.565517246723175
0.5304580330848694
0.4349842369556427
0.7707613706588745
0.7613400220870972
0.15873019397258759
0.4990411400794983
0.7755429148674011
0.7536866068840027
0.22737108170986176
0.7119466662406921
0.8593428134918213
0.2700554132461548
0.1558212786912918
0.6168431043624878
0.7406194806098938
0.10542932152748108
0.11113296449184418
0.44825661182403564
0.28560158610343933
0.1799071580171585
0.18136508762836456
0.22254109382629395
0.14483176171779633
0.2506929934024811
0.2226881980895996
0.32833370566368103
0.3569572865962982
0.08934462070465088
0.18343539535999298
0.3179174065589905
0.4655526578426361
0.04734688252210617
0.41280969977378845
0.7166962027549744
0.6486595273017883
0.0882275328040123
0.6277431845664978
0.6338293552398682
0.5006102323532104
0.22191186249256134
0.7768879532814026
0.8150043487548828
0.7149568796157837
0.616108238697052
0.8279957175254822
0.8103380799293518
0.7792887091636658
0.69500732421875
0.6113260388374329
0.7171943783760071
0.7095745801925659
0.6367287635803223
0.5506928563117981
0.5249072909355164
0.6774757504463196
0.3737543523311615
0.28635767102241516
0.7158597707748413
0.5106581449508667
0.21505454182624817
0.30301234126091003
0.5653172135353088
0.27457883954048157
0.10630062222480774
0.22439217567443848
0.32361599802970886
0.24931952357292175
0.15846721827983856
0.3378441035747528
0.4029248058795929
0.3063618540763855
0.3478941321372986
0.3073868751525879
0.430452823638916
0.21771833300590515
0.18473339080810547
0.20378877222537994
0.34160423278808594
0.17446449398994446
0.18475762009620667
0.10557936877012253
0.09167693555355072
0.13698014616966248
0.22456124424934387
0.2781524956226349
0.1421094685792923
0.14893721044063568
0.11227671056985855
0.297037810087204
0.1688968986272812
0.14848282933235168
0.22156111896038055
0.45830509066581726
0.3492671251296997
0.31515613198280334
0.4939368665218353
0.6162279844284058
0.4503306746482849
0.570984423160553
0.810749351978302
0.8092426061630249
0.7123884558677673
0.800091564655304
0.8143258690834045
0.7507506608963013
0.6911981105804443
0.6954864859580994
0.745091438293457
0.679009735584259
0.5608006715774536
0.8174007534980774
0.6885756850242615
0.4517645835876465
0.6551803350448608
0.5528948903083801
0.6062594652175903
0.52120441198349
0.7049610614776611
0.527022123336792
0.6184542775154114
0.7655118107795715
0.6986695528030396
0.4594818353652954
0.45049068331718445
0.3933805823326111
0.4300087094306946
0.2728964686393738
0.6515042781829834
0.6501442193984985
0.3393994867801666
0.44219401478767395
0.7106541395187378
0.662077009677887
0.5833985805511475
0.6275103688240051
0.7612744569778442
0.7363061904907227
0.6972110867500305
0.43736541271209717
0.5546966195106506
0.7025907039642334
0.6133195161819458
0.23311413824558258
0.1907009482383728
0.49828752875328064
0.29263073205947876
0.2733002305030823
0.21094144880771637
0.2896532416343689
0.4614972174167633
0.6107896566390991
0.17231741547584534
0.45168834924697876
0.8386214971542358
0.22940482199192047
0.28849974274635315
0.8719871044158936
0.7718296051025391
0.5984347462654114
0.8881747126579285
0.9374449253082275
0.914280354976654
0.742150068283081
0.8023841977119446
0.6240840554237366
0.34653007984161377
0.41228771209716797
0.6683509349822998
0.43926069140434265
0.14184802770614624
0.43853724002838135
0.8722394108772278
0.6978581547737122
0.4540310502052307
0.2999749183654785
0.16743023693561554
0.2633857727050781
0.24291753768920898
0.3630913197994232
0.12764781713485718
0.4320831000804901
0.5252483487129211
0.21879346668720245
0.5871649384498596
0.465238094329834
0.4118783175945282
0.08656169474124908
0.6575089693069458
0.522559642791748
0.3493575155735016
0.4280814826488495
0.6892021298408508
0.22803126275539398
0.3945764899253845
0.5776070356369019
0.42026978731155396
0.4095093309879303
0.6638820171356201
0.6723169684410095
