0.06831254810094833
0.153041273355484
0.21543681621551514
0.46581628918647766
0.5320086479187012
0.9166853427886963
0.9392168521881104
0.9783661961555481
0.9836820960044861
0.5714066624641418
0.8673956990242004
0.9792622327804565
0.8708271980285645
0.5698072910308838
0.9386026859283447
0.9282949566841125
0.5564111471176147
0.88356614112854
0.914907693862915
0.8522704839706421
0.8324965834617615
0.8127522468566895
0.8303771018981934
0.7520727515220642
0.9278582334518433
0.9388279318809509
0.6446876525878906
0.9271020889282227
0.9307156801223755
0.7773764729499817
0.4558038115501404
0.8891437649726868
0.9537488222122192
0.5856229662895203
0.34387487173080444
0.9570884704589844
0.9247927069664001
0.4201335310935974
0.4200308918952942
0.9757919311523438
0.9044079184532166
0.20165114104747772
0.6949856281280518
0.9076423645019531
0.6045529246330261
0.6888131499290466
0.45689859986305237
0.5874248147010803
0.37136760354042053
0.3371462821960449
0.3604906499385834
0.34385964274406433
0.5242060422897339
0.583337664604187
0.6192863583564758
0.7131245732307434
0.6569953560829163
0.38674888014793396
0.44207707047462463
0.5233100652694702
0.43139898777008057
0.3639339506626129
0.4462238848209381
0.6041343808174133
0.7228233814239502
0.5866679549217224
0.6295671463012695
0.7338696718215942
0.46519750356674194
0.4139246940612793
0.17703650891780853
0.23147286474704742
0.16552627086639404
0.20075860619544983
0.3185942471027374
0.9035373330116272
0.9441105723381042
0.5478401184082031
0.5076775550842285
0.9417304992675781
0.5018712282180786
0.28769198060035706
0.7479077577590942
0.967546284198761
0.5873354077339172
0.36619725823402405
0.9517759680747986
0.9617581963539124
0.8835539221763611
0.8297035098075867
0.9713844656944275
0.8893151879310608
0.7257433533668518
0.8598026633262634
0.9071928858757019
0.6554642915725708
0.9295652508735657
0.3689328134059906
0.6248603463172913
0.36029043793678284
0.7692041993141174
0.4500845968723297
0.2916218340396881
0.44589313864707947
0.2843574285507202
0.21292178332805634
0.39863139390945435
0.20309588313102722
0.12847718596458435
0.6600660681724548
0.6198475956916809
0.905889630317688
0.9322255253791809
0.73978590965271
0.9332405924797058
0.6337109804153442
0.7191775441169739
0.6250918507575989
0.0868765190243721
0.09370427578687668
0.10046615451574326
0.1980627328157425
0.17953486740589142
0.021050384268164635
0.11735406517982483
0.030021289363503456
0.14111268520355225
0.12277139723300934
0.17423994839191437
0.1511109471321106
0.10016917437314987
0.1692931205034256
0.15201188623905182
0.038991376757621765
0.08493714779615402
0.29089900851249695
0.02759784273803234
0.06315472722053528
0.17373497784137726
0.05231610685586929
0.008157123811542988
0.06492900848388672
0.34680989384651184
0.05439935252070427
0.04640733450651169
0.14890125393867493
0.12638750672340393
0.06884417682886124
0.032657016068696976
0.17800408601760864
0.2437187284231186
0.024698184803128242
0.1366298943758011
0.015012204647064209
0.043371107429265976
0.05772765353322029
0.08537522703409195
0.09142123907804489
0.09602970629930496
0.11334008723497391
0.3355529010295868
0.18283584713935852
0.036461252719163895
0.14237791299819946
0.13995017111301422
0.12303183227777481
0.02530800923705101
0.05281968414783478
0.06309591233730316
0.06125815585255623
0.04642205685377121
0.07262063771486282
0.06116379052400589
0.038945551961660385
0.0765714943408966
0.03167371079325676
0.11625587940216064
0.08659966289997101
0.1855728030204773
0.29897862672805786
0.44218698143959045
0.28578224778175354
0.6191086173057556
0.48953115940093994
0.2904428541660309
0.5022532343864441
0.5055704116821289
0.6097312569618225
0.34183040261268616
0.7206385731697083
0.17218637466430664
0.5111866593360901
0.7758734822273254
0.3523702323436737
0.48860421776771545
0.5837402939796448
0.7421756982803345
0.38848620653152466
0.6296752691268921
0.7431990504264832
0.636511504650116
0.6276237964630127
0.9301261901855469
0.8421723246574402
0.9315486550331116
0.8167646527290344
0.8939151763916016
0.8650262951850891
