0.665368378162384
0.6390771865844727
0.5311816334724426
0.6792729496955872
0.4614052176475525
0.3458532392978668
0.40657103061676025
0.31916317343711853
0.35276147723197937
0.4541982114315033
0.3487747013568878
0.4916307032108307
0.4839361608028412
0.44373634457588196
0.43098559975624084
0.5042093992233276
0.6200171113014221
0.5920565128326416
0.6645620465278625
0.6311367750167847
0.577619194984436
0.6726226806640625
0.3629526197910309
0.4553586542606354
0.714708149433136
0.6757462620735168
0.5356815457344055
0.33061403036117554
0.5531086325645447
0.5458610653877258
0.3720511198043823
0.5286176800727844
0.7549901008605957
0.5171127915382385
0.4397510588169098
0.30031585693359375
0.6267125010490417
0.3821864128112793
0.30101650953292847
0.42843231558799744
0.41541045904159546
0.2678142488002777
0.3845626413822174
0.5879378318786621
0.639468252658844
0.17625536024570465
0.26083362102508545
0.7897416353225708
0.4803043603897095
0.360559344291687
0.6754497289657593
0.8073738813400269
0.6436113715171814
0.653645396232605
0.6976814270019531
0.6877620816230774
0.8636557459831238
0.7749163508415222
0.8222979307174683
0.8116704225540161
0.5921177268028259
0.7727298736572266
0.4402526319026947
0.48780637979507446
0.4246697425842285
0.6424486637115479
0.15204063057899475
0.4097765386104584
0.714424729347229
0.5709242820739746
0.4905402958393097
0.6308503150939941
0.7925905585289001
0.5968966484069824
0.5941706895828247
0.19691035151481628
0.3642055094242096
0.4242265522480011
0.5394511818885803
0.3769727647304535
0.5156539082527161
0.7030101418495178
0.4700663387775421
0.6082938313484192
0.5727734565734863
0.42937523126602173
0.501703143119812
0.5634123086929321
0.6850329637527466
0.5116068720817566
0.618453323841095
0.6121178865432739
0.5350244641304016
0.6354163885116577
0.7464030981063843
0.6203435063362122
0.6006801724433899
0.8652616739273071
0.8437560200691223
0.47219276428222656
0.789445161819458
0.7348199486732483
0.5696373581886292
0.6040406227111816
0.5840026140213013
0.3285806477069855
0.3674600422382355
0.4348073899745941
0.5273125767707825
0.3696613013744354
