0.49600881338119507
0.6024124026298523
0.7569756507873535
0.8195595741271973
0.8693189024925232
0.8752589821815491
0.7172914147377014
0.824993908405304
0.7001737356185913
0.7359152436256409
0.6982114315032959
0.39150530099868774
0.4485090672969818
0.06999200582504272
0.1138077825307846
0.17486679553985596
0.2346547245979309
0.07826880365610123
0.13064098358154297
0.09532467275857925
0.13235922157764435
0.1598992496728897
0.15590651333332062
0.1786913424730301
0.18520453572273254
0.5595768094062805
0.15505875647068024
0.19413484632968903
0.16413094103336334
0.1351943016052246
0.08664797246456146
0.20107783377170563
0.3423864245414734
0.4002254903316498
0.5735207796096802
0.6411620378494263
0.7306660413742065
0.5681400299072266
0.3521290421485901
0.3747912347316742
0.13809122145175934
0.09776202589273453
0.11599821597337723
0.13714927434921265
0.46364423632621765
0.3238191306591034
0.4147755205631256
0.2835201621055603
0.24643881618976593
0.1151004210114479
0.1824711710214615
0.10730940103530884
0.1484891027212143
0.22911903262138367
0.04119817912578583
0.1343330293893814
0.07837723195552826
0.6005057096481323
0.31424251198768616
0.33550575375556946
0.38315629959106445
0.1298448145389557
0.2948976457118988
0.4253953993320465
0.2528800964355469
0.41364917159080505
0.40249136090278625
0.4876537322998047
0.6020553112030029
0.5726565718650818
0.6051820516586304
0.26611199975013733
0.4874939024448395
0.11824548244476318
0.3807377815246582
0.3050796091556549
0.28257906436920166
0.613204300403595
0.3352227509021759
0.047416675835847855
0.31138330698013306
0.6068260669708252
0.2272709161043167
0.21680372953414917
0.09072408825159073
0.049032870680093765
0.1175856962800026
0.12063303589820862
0.2860637605190277
0.23927712440490723
0.49504750967025757
0.42235198616981506
0.5604845285415649
0.6628008484840393
0.6145840883255005
0.6536224484443665
0.7905088663101196
0.7200844287872314
0.7921600341796875
0.6520727276802063
0.6950419545173645
0.568137526512146
0.16389940679073334
0.16295237839221954
0.03156713396310806
0.10529843717813492
0.11263060569763184
0.046019360423088074
0.1744111329317093
0.11686763912439346
0.14963187277317047
0.0772065818309784
0.10010335594415665
0.026490893214941025
0.03116004727780819
0.06648995727300644
0.2790718376636505
0.340407133102417
0.5631725788116455
0.7967947125434875
0.8261064291000366
0.8157179951667786
0.8655087351799011
0.7893911004066467
0.7775366902351379
0.8303102254867554
0.6652323007583618
0.5984623432159424
0.702276349067688
0.43855020403862
0.6220735907554626
0.06750816851854324
0.3161179721355438
0.042958639562129974
0.08566784858703613
0.12584809958934784
0.3239433169364929
0.24266298115253448
0.32034412026405334
0.2936243414878845
0.14069050550460815
0.21886414289474487
0.15298962593078613
0.2291899472475052
0.12133345752954483
0.2797291576862335
0.3197000026702881
0.21680624783039093
0.07469271123409271
0.2657565772533417
0.377247154712677
0.2576369643211365
0.1644250899553299
0.4261623024940491
0.5131732225418091
0.3932484984397888
0.521848738193512
0.8160257339477539
0.6066920757293701
0.4332863688468933
0.5750340819358826
0.33023735880851746
0.4473287761211395
0.5428836941719055
0.2338416874408722
0.4224191904067993
0.4143996238708496
0.1824771910905838
0.15358980000019073
0.193435937166214
0.18193146586418152
0.2920772135257721
0.25102561712265015
0.10075020045042038
0.21308735013008118
0.26660534739494324
0.4381829798221588
0.6521313190460205
0.6012173891067505
0.5450989007949829
0.6621509790420532
0.5580704212188721
0.555412769317627
0.36989226937294006
0.3401464819908142
0.5562098622322083
0.41039130091667175
0.3207138776779175
0.3774036467075348
