0.2730309069156647
0.22341220080852509
0.3943076729774475
0.38010895252227783
0.4433457851409912
0.4628594219684601
0.5415040254592896
0.42354193329811096
0.5215457081794739
0.49527058005332947
0.41429638862609863
0.27248063683509827
0.4094657599925995
0.43572482466697693
0.16000765562057495
0.39945971965789795
0.31087395548820496
0.24806271493434906
0.4478643238544464
0.5578571557998657
0.5772251486778259
0.6244478821754456
0.6560435891151428
0.4239116907119751
0.6475955843925476
0.2100466638803482
0.5347503423690796
0.617168664932251
0.5516007542610168
0.6760713458061218
0.555640459060669
0.6109996438026428
0.7382577061653137
0.8080328702926636
0.6963915824890137
0.724593997001648
0.7789910435676575
0.8439125418663025
0.8739354610443115
0.7287662029266357
0.631136417388916
0.41191941499710083
0.5443850159645081
0.35240140557289124
0.4693697988986969
0.36011114716529846
0.24358494579792023
0.2219821959733963
0.2261418253183365
0.34008800983428955
0.3398265540599823
0.4443856477737427
0.4988933801651001
0.30633214116096497
0.357769638299942
0.31169378757476807
0.37264886498451233
0.3717692494392395
0.4078494608402252
0.48983627557754517
0.4534209668636322
0.6368469595909119
0.5618969798088074
0.656736433506012
0.3976205885410309
0.521048903465271
0.6447782516479492
0.5713129639625549
0.6500833630561829
0.6976449489593506
0.6346995234489441
0.7283530831336975
0.5495769381523132
0.730543851852417
0.7363887429237366
0.5307639241218567
0.7530971765518188
0.8351756930351257
0.6476442813873291
0.7627984881401062
0.713485062122345
0.6427851915359497
0.6562267541885376
0.4827517569065094
0.5158675909042358
0.5511655807495117
0.6284859776496887
0.42693233489990234
0.5262011885643005
0.4572187662124634
0.5239537358283997
0.2888096570968628
0.48604413866996765
0.429146945476532
0.3565889894962311
0.4783100187778473
0.5589498281478882
0.612596333026886
0.4949246048927307
0.5947274565696716
0.46768611669540405
0.33763977885246277
0.35253918170928955
0.45284250378608704
0.4996027946472168
0.38769617676734924
0.39692968130111694
0.5242533683776855
0.6753351092338562
0.46435001492500305
0.6900210976600647
0.6730149984359741
0.4430064857006073
0.6823392510414124
0.5008038282394409
0.6813287138938904
0.3291725516319275
0.3071333169937134
0.5011959075927734
0.5924327969551086
0.5990527272224426
0.5732778906822205
0.822682797908783
0.7982346415519714
0.6279698610305786
0.7548673152923584
0.5858996510505676
0.7034952640533447
0.3792976438999176
0.48470067977905273
0.6678619384765625
0.6969510912895203
0.5671212077140808
0.5976784229278564
0.7821678519248962
0.5500646829605103
0.4963897168636322
0.5512397885322571
0.6871158480644226
0.4983675181865692
0.7587436437606812
0.5249636769294739
0.3585369288921356
0.44131579995155334
0.6082562804222107
0.5558164715766907
0.8287702798843384
0.744397759437561
0.5658864974975586
0.646094024181366
0.5677186846733093
0.702836275100708
0.7062716484069824
0.6765302419662476
0.4723905920982361
0.5124589204788208
0.4363737106323242
0.3767322897911072
0.4180370271205902
0.3071260154247284
0.42011547088623047
0.21432335674762726
0.5468586683273315
0.3286910653114319
0.5940119028091431
0.6364221572875977
0.7061442732810974
0.5919135212898254
0.6705722808837891
0.7062489986419678
0.780508816242218
0.8085221648216248
0.6821030378341675
0.6501722931861877
0.4185590147972107
0.6094211339950562
0.46667662262916565
0.5475338697433472
0.4877943992614746
0.4763525426387787
0.3793415129184723
