0.20214498043060303
0.24406464397907257
0.41523924469947815
0.4555852711200714
0.6960344314575195
0.2524315118789673
0.18760700523853302
0.674567461013794
0.6954939961433411
0.2215901017189026
0.5385162830352783
0.8596429228782654
0.7260587811470032
0.2917220890522003
0.6838316321372986
0.931183934211731
0.9134811758995056
0.5978009104728699
0.5512318015098572
0.726492166519165
0.6709259152412415
0.819632887840271
0.6250854134559631
0.40956294536590576
0.30796098709106445
0.19314320385456085
0.351961225271225
0.604598343372345
0.47459089756011963
0.35826316475868225
0.4177926778793335
0.5800014138221741
0.7255725860595703
0.7870338559150696
0.47226133942604065
0.7707799673080444
0.9408692121505737
0.8112401366233826
0.6034978628158569
0.881946861743927
0.9272591471672058
0.7816259264945984
0.7727587819099426
0.6454725861549377
0.5003792643547058
0.4622100293636322
0.39061203598976135
0.3452279567718506
0.3375430107116699
0.4919182360172272
0.445783406496048
0.34702470898628235
0.7018297910690308
0.6404919028282166
0.3991643190383911
0.3407730162143707
0.7137296795845032
0.48427581787109375
0.43721333146095276
0.47255101799964905
0.47468286752700806
0.32456472516059875
0.3992721438407898
0.3110334575176239
0.2105119675397873
0.3067822754383087
0.2255028933286667
0.45519909262657166
0.14005808532238007
0.14969690144062042
0.2815089821815491
0.30293965339660645
0.41261833906173706
0.42354026436805725
0.30695322155952454
0.26169267296791077
0.16484220325946808
0.23483774065971375
0.4413018822669983
0.2460891157388687
0.18771682679653168
0.2934892475605011
0.10305855423212051
0.19378028810024261
0.14245402812957764
0.23015542328357697
0.1796521693468094
0.3299921452999115
0.17267531156539917
0.16946573555469513
0.20720946788787842
0.3550858795642853
0.15076349675655365
0.5278089046478271
0.35974451899528503
0.34995490312576294
0.4337725043296814
0.27517014741897583
0.3134099543094635
0.36142492294311523
0.49839842319488525
0.4084834158420563
0.50791335105896
0.35863855481147766
0.6746365427970886
0.7872334718704224
0.26437175273895264
0.520731508731842
0.881927490234375
0.7141358256340027
0.18336908519268036
0.8053300976753235
0.8614202737808228
0.5340202450752258
0.2655206322669983
0.6392085552215576
0.4802173674106598
0.529248833656311
0.5334318280220032
0.4103972315788269
0.37686049938201904
0.25439953804016113
0.35807958245277405
0.4194755554199219
0.4577914774417877
0.3828413188457489
0.23289762437343597
0.37814489006996155
0.6826343536376953
0.8020361065864563
0.3496483266353607
0.6604592204093933
0.8795775771141052
0.9028046727180481
0.8176412582397461
0.7322255969047546
0.7713090181350708
0.20920133590698242
0.4677853584289551
0.6724032759666443
0.3294018507003784
0.23353269696235657
0.39967846870422363
0.31416332721710205
0.17078228294849396
0.21288760006427765
0.3254384398460388
0.2669812738895416
0.15089252591133118
0.3341923952102661
0.266517698764801
0.20258580148220062
0.5042880177497864
0.3470546305179596
0.24400891363620758
0.18650709092617035
0.2557760775089264
0.3833576738834381
0.3493489623069763
0.4297982454299927
0.3696209788322449
0.2545138895511627
0.5489121675491333
0.27195119857788086
0.4908588230609894
0.3830818235874176
0.6014768481254578
0.5018655061721802
0.4057174026966095
0.47071948647499084
0.5468049645423889
0.5569970607757568
0.6375243067741394
0.6178147196769714
0.5791800618171692
0.5135121941566467
0.19447800517082214
0.31213629245758057
0.21704018115997314
0.6543763875961304
0.6630874872207642
0.25290241837501526
0.5141890645027161
0.33418846130371094
0.4309293031692505
