0.7805715799331665
0.9179168343544006
0.9462401270866394
0.9421205520629883
0.9381188154220581
0.9148075580596924
0.9278309941291809
0.9068272709846497
0.8786323070526123
0.6819162368774414
0.6481669545173645
0.8870152235031128
0.81174236536026
0.508068859577179
0.7249762415885925
0.7853326201438904
0.5838930010795593
0.4392293691635132
0.788227379322052
0.5264463424682617
0.578938901424408
0.7068883180618286
0.879124104976654
0.7355930805206299
0.8174912333488464
0.8190203309059143
0.868904173374176
0.8802609443664551
0.9244125485420227
0.8961216807365417
0.6773150563240051
0.8956736326217651
0.9492575526237488
0.8599990010261536
0.9098809361457825
0.93220454454422
0.9317076802253723
0.8586766123771667
0.9422659277915955
0.9444190263748169
0.8148418068885803
0.8685758709907532
0.8734089136123657
0.6205635070800781
0.5566990375518799
0.46215301752090454
0.38100117444992065
0.5076279640197754
0.3774561882019043
0.368790864944458
0.589518666267395
0.6833320260047913
0.9654049277305603
0.6977480053901672
0.969985842704773
0.6605000495910645
0.9627166390419006
0.7038052082061768
0.9023828506469727
0.7824247479438782
0.7267770171165466
0.8179407715797424
0.8048608303070068
0.6452001333236694
0.7745219469070435
0.5407697558403015
0.3780851662158966
0.7672207355499268
0.5887568593025208
0.5058714151382446
0.6681733727455139
0.9056751728057861
0.680985689163208
0.5579360127449036
0.8865678906440735
0.9326956868171692
0.6096668839454651
0.6209907531738281
0.9242702126502991
0.8683013319969177
0.6892469525337219
0.9224777221679688
0.9844158887863159
0.9917014241218567
0.9785029292106628
0.9961315989494324
0.9888759255409241
0.9891456961631775
0.9833308458328247
0.9750564694404602
0.9318144917488098
0.93324214220047
0.8672417402267456
0.8725468516349792
0.8858898282051086
0.9593055844306946
0.7562636137008667
0.9777458310127258
0.590856671333313
0.9824812412261963
0.6051663160324097
0.9376482367515564
0.4518202841281891
0.23558981716632843
0.31963735818862915
0.18825235962867737
0.3751908540725708
0.30520570278167725
0.7305476069450378
0.4997398555278778
0.5307741165161133
0.7458496689796448
0.8158915638923645
0.5511309504508972
0.49447330832481384
0.9172903895378113
0.6684876680374146
0.6391847729682922
0.8351547122001648
0.7298554182052612
0.6072878837585449
0.9433581233024597
0.9804219007492065
0.9576892852783203
0.9845695495605469
0.8884545564651489
0.987895131111145
0.8674347996711731
0.9649477005004883
0.778765082359314
0.8272602558135986
0.7720394730567932
0.577832043170929
