0.694692075252533
0.7417475581169128
0.8855400085449219
0.7595799565315247
0.8106440901756287
0.8701069951057434
0.7586873173713684
0.7470250725746155
0.7311670780181885
0.7213144898414612
0.7982586622238159
0.5291982889175415
0.581272304058075
0.7135098576545715
0.7675148844718933
0.6249459385871887
0.7077502608299255
0.80018550157547
0.8240098357200623
0.7167556881904602
0.7125480771064758
0.8532423377037048
0.7210739850997925
0.811738133430481
0.7867958545684814
0.8512976169586182
0.9081862568855286
0.8792923092842102
0.5807493329048157
0.6246538758277893
0.5700901746749878
0.6624777913093567
0.4513914883136749
0.46660274267196655
0.21781694889068604
0.4022914469242096
0.20887476205825806
0.3604671061038971
0.1424296498298645
0.7636975049972534
0.7256935238838196
0.6155617237091064
0.5972631573677063
0.724932849407196
0.7061777114868164
0.7052252888679504
0.43664732575416565
0.8305156230926514
0.8023846745491028
0.6885142922401428
0.652816653251648
0.67997145652771
0.5686421990394592
0.5346376299858093
0.6488007307052612
0.6631277203559875
0.24995023012161255
0.5539125800132751
0.37834832072257996
0.3812025189399719
0.3649027347564697
0.33235660195350647
0.4772726595401764
0.6070201992988586
0.603182852268219
0.45822301506996155
0.5749533772468567
0.7744846940040588
0.7426922917366028
0.59791499376297
0.682801365852356
0.6380467414855957
0.6673896908760071
0.6223627328872681
0.48842087388038635
0.4189877212047577
0.226333886384964
0.49958935379981995
0.3115830421447754
0.4686136245727539
0.2960701286792755
0.20216454565525055
0.31025469303131104
0.23195262253284454
0.4131852388381958
0.37233251333236694
0.5686231255531311
0.34978559613227844
0.7642849683761597
0.6165980100631714
0.8443511128425598
0.7187483906745911
0.7482021450996399
0.7042509913444519
0.6376397013664246
0.6123592853546143
0.78664231300354
0.8150926828384399
0.8185213208198547
0.7930492758750916
0.7427428364753723
0.7576073408126831
0.710784375667572
0.6305024027824402
0.41742056608200073
0.7551397085189819
0.36156952381134033
0.8127937912940979
0.431604266166687
0.7581989765167236
0.5381863713264465
0.5568469166755676
0.7448488473892212
0.7005630135536194
0.5882182717323303
0.3888256549835205
0.562957227230072
0.3497074246406555
0.7623342275619507
0.5587068796157837
0.7444021701812744
0.5992023944854736
0.7760439515113831
0.8583159446716309
0.6810545325279236
