0.20471933484077454
0.20552611351013184
0.2627299726009369
0.19745877385139465
0.41018304228782654
0.6035104990005493
0.203134223818779
0.5841576457023621
0.4483875334262848
0.6168494820594788
0.3679702877998352
0.30459755659103394
0.33705493807792664
0.3360394835472107
0.2052084356546402
0.07835935056209564
0.2356252670288086
0.2798656225204468
0.3600437641143799
0.14601930975914001
0.15195780992507935
0.1345885545015335
0.14914646744728088
0.22231319546699524
0.07171719521284103
0.30067315697669983
0.1966889649629593
0.07115360349416733
0.22048313915729523
0.2332240790128708
0.07788703590631485
0.17579352855682373
0.10530463606119156
0.09676337242126465
0.20772190392017365
0.020695650950074196
0.06135304644703865
0.028613362461328506
0.04081021249294281
0.07161670923233032
0.054901011288166046
0.03865532949566841
0.04702051728963852
0.05750603228807449
0.04705804958939552
0.017378250136971474
0.04247165843844414
0.01479506865143776
0.006575539708137512
0.0036692118737846613
0.0042962441220879555
0.004303816240280867
0.0072874268516898155
0.04440387338399887
0.10309431701898575
0.21012234687805176
0.1100325658917427
0.07914648205041885
0.18694491684436798
0.07022440433502197
0.22393880784511566
0.08318418264389038
0.09925571084022522
0.22510620951652527
0.10874906927347183
0.009553791955113411
0.05199480429291725
0.1703847199678421
0.033414099365472794
0.025131955742836
0.05690715089440346
0.1884065419435501
0.040244899690151215
0.06337591260671616
0.03157372400164604
0.03289708495140076
0.006320840213447809
0.007169308140873909
0.00797352846711874
0.023378023877739906
0.025160111486911774
0.06893207132816315
0.1578676998615265
0.030738970264792442
0.07554391026496887
0.053873460739851
0.1884339451789856
0.05256002023816109
0.09485362470149994
0.08778264373540878
0.09247306734323502
0.12862703204154968
0.17553900182247162
0.14366976916790009
0.2990685999393463
0.1598259061574936
0.14105558395385742
0.13163445889949799
0.06309563666582108
0.17699407041072845
0.20452548563480377
0.06556594371795654
0.04411030560731888
0.11377278715372086
0.0387713722884655
0.011654732748866081
0.06346870213747025
0.03168083354830742
0.0076955086551606655
0.009192224591970444
0.10134115070104599
0.13710923492908478
0.09367269277572632
0.07362140715122223
0.03085499070584774
0.054300032556056976
0.024716565385460854
0.004434960428625345
0.005729000084102154
0.0018254624446853995
0.005932979751378298
0.0012676090700551867
0.022604161873459816
0.026423253118991852
0.07072298228740692
0.005806745961308479
0.007008773740381002
0.03660701587796211
0.018526067957282066
0.007282106671482325
0.022304261103272438
0.031029697507619858
0.0063835266046226025
0.009644967503845692
0.08399655669927597
0.0865693911910057
0.04897403344511986
0.05664461851119995
0.08065829426050186
0.06675248593091965
0.015131328254938126
0.04869668185710907
0.022705184295773506
0.00828035082668066
0.008709686808288097
0.006275782361626625
0.006501975003629923
0.01575412042438984
0.02131185308098793
0.04604192450642586
0.03331876918673515
0.12280307710170746
0.12147058546543121
0.28981995582580566
0.3985057473182678
0.5821383595466614
0.26171791553497314
0.13209697604179382
0.4589805603027344
0.25183582305908203
0.17051391303539276
0.26520952582359314
0.3133620321750641
0.3311425447463989
0.37613445520401
0.5562795400619507
0.5978260636329651
0.4450249671936035
0.5670434832572937
0.4785767197608948
0.14458881318569183
0.28009432554244995
0.37796729803085327
0.33376070857048035
0.35852479934692383
0.36380627751350403
0.6133527755737305
0.3160654604434967
0.14635689556598663
0.3350731134414673
0.5497563481330872
0.3598702847957611
0.41275060176849365
0.36478984355926514
0.12765030562877655
0.27029791474342346
0.04800822213292122
0.04383670911192894
0.18021811544895172
0.0745856836438179
0.02090376988053322
0.04524700343608856
0.3114660084247589
0.21996699273586273
0.03974725678563118
0.108233742415905
0.08153838664293289
0.06404876708984375
0.05541149526834488
0.07672448456287384
0.13281776010990143
0.05276443436741829
0.017882416024804115
0.10316912829875946
0.11465507000684738
0.09252778440713882
0.11226533353328705
0.15565407276153564
0.14731080830097198
0.05947070196270943
0.325601726770401
0.35128214955329895
0.1788468360900879
0.190122589468956
0.1629357784986496
0.08044731616973877
0.04785413667559624
0.05155269056558609
0.11131526529788971
0.3334709107875824
0.09692917764186859
0.08348623663187027
0.11203201860189438
0.23724688589572906
0.06298922747373581
0.1718209683895111
0.33205804228782654
0.5017629265785217
0.1937272548675537
0.26853957772254944
0.5060455799102783
0.18757279217243195
0.09166009724140167
0.23744715750217438
0.2438599318265915
0.13319987058639526
0.10484232753515244
0.18846739828586578
0.17451389133930206
0.014662873931229115
0.13736054301261902
0.11586366593837738
0.037115659564733505
0.02286926470696926
0.17481639981269836
0.09812801331281662
0.04759109020233154
0.030371567234396935
0.11329550296068192
0.03479298949241638
0.052252672612667084
0.014467824250459671
0.03518548980355263
0.010589656420052052
0.00792971346527338
0.015329967252910137
0.007693035062402487
0.044914886355400085
0.07442525774240494
0.05617515370249748
0.23926550149917603
0.1268627643585205
0.0786731094121933
0.029867129400372505
0.09942474961280823
0.2054009884595871
0.05110505595803261
0.02749837376177311
0.1454707235097885
0.18549828231334686
0.034297507256269455
0.0582195445895195
0.1995888203382492
0.22530823945999146
0.03895233944058418
0.09160754829645157
0.14493730664253235
0.09383313357830048
0.2514473497867584
0.3066389560699463
0.1383971869945526
0.10598424077033997
0.11858534812927246
0.03774430975317955
0.11347625404596329
0.11524127423763275
0.02624841034412384
0.054930560290813446
0.09237746894359589
0.08103760331869125
0.02078280784189701
0.0778796449303627
0.09354225546121597
0.04563012346625328
0.029575057327747345
0.12048164010047913
0.05823143199086189
0.012432053685188293
0.015180544927716255
0.1507127583026886
0.07569265365600586
0.021580439060926437
0.07086361944675446
0.09605899453163147
0.07607270777225494
0.07633070647716522
0.10032031685113907
0.19657619297504425
0.07622409611940384
0.06095461919903755
