0.16321080923080444
0.3059147000312805
0.17618709802627563
0.1193137839436531
0.25847113132476807
0.19977271556854248
0.2655109465122223
0.5507421493530273
0.1435151845216751
0.1893869936466217
0.3776075839996338
0.3373941481113434
0.22839662432670593
0.6099207997322083
0.7106781005859375
0.42710787057876587
0.8279805779457092
0.9264493584632874
0.7730070948600769
0.5656426548957825
0.9325650334358215
0.9390761256217957
0.612777590751648
0.8433488011360168
0.9711764454841614
0.8517775535583496
0.3460755944252014
0.9200612306594849
0.9399738311767578
0.3864382803440094
0.40570616722106934
0.7310003042221069
0.5532343983650208
0.09458906948566437
0.7398474812507629
0.8015750050544739
0.4075039327144623
0.5314632058143616
0.4717079699039459
0.30373167991638184
0.5303946733474731
0.3331383764743805
0.3940578103065491
0.681469738483429
0.6032791137695312
0.28519073128700256
0.6462557315826416
0.7998237013816833
0.4309459328651428
0.4983553886413574
0.7363383173942566
0.5859840512275696
0.5144690871238708
0.9046887159347534
0.6818636059761047
0.4500656723976135
0.5619887709617615
0.8030604124069214
0.6926867365837097
0.275201678276062
0.8636673092842102
0.6940262913703918
0.5753908157348633
0.5640920996665955
0.43166008591651917
0.4651809334754944
0.6208681464195251
0.8795288801193237
0.6661026477813721
0.8365249633789062
0.8533323407173157
0.9283203482627869
0.8846098780632019
0.9133778810501099
0.9390967488288879
0.8929517865180969
0.9170725345611572
0.8493198752403259
0.8867781162261963
0.8570948839187622
0.4501745402812958
0.5514291524887085
0.2276650071144104
0.3518095016479492
0.23358924686908722
0.19425936043262482
0.10471134632825851
0.261930912733078
0.40265193581581116
0.12113729119300842
0.1288355439901352
0.42319953441619873
0.3299126923084259
0.21110834181308746
0.5449450612068176
0.7432167530059814
0.3274649679660797
0.268346905708313
0.5592511296272278
0.5839507579803467
0.5083121061325073
0.2815563380718231
0.4831179678440094
0.5082515478134155
0.3606233298778534
0.24830187857151031
0.613814651966095
0.5370200872421265
0.16185107827186584
0.7396070957183838
0.5383079648017883
0.3026844561100006
0.3765994608402252
0.26336434483528137
0.38620343804359436
0.6706384420394897
0.4350343346595764
0.329223096370697
0.7494409680366516
0.6495190262794495
0.24836397171020508
0.6069369316101074
0.7772931456565857
0.5441051721572876
0.27266135811805725
0.7445719242095947
0.6384832262992859
0.30514174699783325
0.5761971473693848
0.7375653982162476
0.4138311445713043
0.2912761867046356
0.6282473802566528
0.7376106977462769
0.16386191546916962
0.3628389239311218
0.5581759214401245
0.5566914677619934
0.13425461947917938
0.3820434510707855
0.5458335280418396
0.3376745581626892
0.4617212116718292
0.4858868420124054
0.5218071341514587
0.5190808176994324
0.5316339731216431
0.6247013807296753
0.38696160912513733
0.34624722599983215
0.45181193947792053
0.46734046936035156
0.3668353259563446
0.309479296207428
0.45035743713378906
0.19721060991287231
0.6138858199119568
0.22033725678920746
0.8065716624259949
0.7799689173698425
0.7925490140914917
0.7674481272697449
0.7962492108345032
0.6999085545539856
0.4104427397251129
0.5626400113105774
0.22416311502456665
0.2557292580604553
0.06668642908334732
0.20711059868335724
0.5165894031524658
0.5896181464195251
0.7515116333961487
0.27162161469459534
0.8107489347457886
0.8316797018051147
0.7375044226646423
0.7708892822265625
0.7201719880104065
0.6844188570976257
0.34795597195625305
0.36888307332992554
0.3958119750022888
0.3206104636192322
0.39243078231811523
0.6024632453918457
0.5826718807220459
0.5256907343864441
0.7658541202545166
0.7286778688430786
0.8450347185134888
