0.8375868201255798
0.8935582041740417
0.43785133957862854
0.5879087448120117
0.3870704174041748
0.574348509311676
0.3561307489871979
0.10126140713691711
0.18736298382282257
0.1965063065290451
0.2979207932949066
0.10842031240463257
0.10957913845777512
0.19618311524391174
0.11827746033668518
0.4299493432044983
0.09437844157218933
0.17722350358963013
0.1609620600938797
0.4089716076850891
0.6661839485168457
0.25007984042167664
0.12515902519226074
0.329287588596344
0.30693620443344116
0.5155841112136841
0.6220391988754272
0.18975791335105896
0.6549976468086243
0.6216733455657959
0.7141697406768799
0.5156119465827942
0.34398195147514343
0.48772940039634705
0.3020799458026886
0.5673006176948547
0.22774453461170197
0.2338596135377884
0.4430557191371918
0.2163144052028656
0.19694049656391144
0.4788561463356018
0.7558220028877258
0.9280592799186707
0.7870088219642639
0.7956547737121582
0.9117522835731506
0.6715543866157532
0.640644907951355
0.8069010972976685
0.869613766670227
0.721177339553833
0.726431667804718
0.7690332531929016
0.7363554835319519
0.5800463557243347
0.5960254669189453
0.5157961845397949
0.466118186712265
0.5230845212936401
0.32222893834114075
0.3875417411327362
0.28523463010787964
0.39639008045196533
0.6247334480285645
0.59234619140625
0.6381433606147766
0.5460956692695618
0.6441852450370789
0.7380516529083252
0.7854045033454895
0.6654707789421082
0.5475998520851135
0.5043041110038757
0.32777372002601624
0.517312228679657
0.5648934245109558
0.5364799499511719
0.5165979862213135
0.6415031552314758
0.6153222918510437
0.8962704539299011
0.5160561800003052
0.939895749092102
0.9093868732452393
0.9176833033561707
0.8971745371818542
0.9515748620033264
0.5181458592414856
0.5151878595352173
0.136431485414505
0.3699028193950653
0.1771630048751831
0.4946589469909668
0.36952295899391174
0.353311687707901
0.2666536271572113
0.2630864679813385
0.27113890647888184
0.4301842749118805
0.37197139859199524
0.6497851610183716
0.5415354371070862
0.8950323462486267
0.5810897350311279
0.9433543086051941
0.5423583984375
0.9131426215171814
0.8008368611335754
0.8823789358139038
0.9544191360473633
0.9504236578941345
0.8674130439758301
0.8759685158729553
0.9769923090934753
0.9236538410186768
0.7027329206466675
0.7553750276565552
0.8938518166542053
0.6560619473457336
0.8630588054656982
0.9530422687530518
0.9856557846069336
0.9574767351150513
0.9219383597373962
0.9660677313804626
0.6419222950935364
0.7154567837715149
0.38809463381767273
0.31122830510139465
0.40033021569252014
0.43295636773109436
0.24122315645217896
0.578083872795105
0.45973458886146545
0.80430668592453
0.3018166124820709
0.9154776334762573
0.3926757872104645
0.8774476647377014
0.45674315094947815
0.9649516344070435
0.8870029449462891
0.9693123698234558
0.9666227698326111
0.929668128490448
0.8593992590904236
0.8948687314987183
0.4375370144844055
0.7461918592453003
0.1913922131061554
0.6128689646720886
0.8093955516815186
0.8407409191131592
0.3569752871990204
0.37182167172431946
0.6126668453216553
0.37262973189353943
0.5702584385871887
0.47698846459388733
0.9254928231239319
0.8570756912231445
0.9093040823936462
0.9004355669021606
0.7289322018623352
0.7077873349189758
0.5314133167266846
0.7127733826637268
0.7085874676704407
0.25401395559310913
0.49935367703437805
0.39509978890419006
0.5713657140731812
0.628722608089447
0.6076147556304932
0.5301730036735535
0.44476693868637085
0.6869269013404846
0.8127043843269348
0.5378785729408264
0.678939163684845
0.5712828636169434
0.8127434253692627
0.362897127866745
0.2654849886894226
0.6638725399971008
0.7691048979759216
0.7891938090324402
0.7385866641998291
0.6507361531257629
0.4409806728363037
0.49257174134254456
0.4121280610561371
