0.36657971143722534
0.5506197214126587
0.3130890727043152
0.49869441986083984
0.5118258595466614
0.3290342688560486
0.3348862826824188
0.226542666554451
0.2106907218694687
0.21202924847602844
0.3071235716342926
0.043643493205308914
0.0614619143307209
0.05996182933449745
0.06482365727424622
0.058215685188770294
0.016030820086598396
0.017060665413737297
0.016514157876372337
0.022372722625732422
0.026242608204483986
0.03408517315983772
0.1028667464852333
0.02661021426320076
0.1040479838848114
0.14078684151172638
0.14122864603996277
0.4133240878582001
0.0743180513381958
0.01604890450835228
0.1102224588394165
0.030878666788339615
0.020128080621361732
0.018204616382718086
0.2266717255115509
0.05422057956457138
0.03423227369785309
0.06707623600959778
0.21509599685668945
0.13134005665779114
0.08436468243598938
0.024690022692084312
0.02976430207490921
0.009282399900257587
0.023151854053139687
0.011894473806023598
0.02838132530450821
0.01606370136141777
0.046945128589868546
0.03292103111743927
0.039644915610551834
0.061579491943120956
0.015606951899826527
0.05524429306387901
0.046434856951236725
0.07116865366697311
0.011746791191399097
0.05451275780797005
0.06283619999885559
0.06349782645702362
0.12896497547626495
0.06251323223114014
0.0872199609875679
0.04236723482608795
0.06580545753240585
0.056866634637117386
0.02736016921699047
0.07307613641023636
0.05659043788909912
0.047460198402404785
0.03135772421956062
0.051948003470897675
0.1586637794971466
0.07346216589212418
0.07117877900600433
0.07347370684146881
0.042940061539411545
0.03849918022751808
0.0591476708650589
0.04296008124947548
0.025209657847881317
0.010912317782640457
0.029272980988025665
0.04425535723567009
0.0665443018078804
0.013448924757540226
0.0515860877931118
0.4883289933204651
0.34551122784614563
0.22290778160095215
0.10559560358524323
0.5499540567398071
0.0314171276986599
0.056825876235961914
0.04466559365391731
0.0704479068517685
0.23907990753650665
0.023676903918385506
0.08165498077869415
0.3506052792072296
0.31750011444091797
0.11500762403011322
0.25178062915802
0.5692511200904846
0.25155478715896606
0.35265010595321655
0.6172000765800476
0.06822969019412994
0.09269145876169205
0.272186279296875
0.09398216009140015
0.02030758187174797
0.08298221230506897
0.340224951505661
0.18093745410442352
0.1549820452928543
0.12391269207000732
0.05046975612640381
0.0723668560385704
0.05091208219528198
0.1320929080247879
0.08482575416564941
0.26780012249946594
0.15708409249782562
0.27740293741226196
0.6444331407546997
0.5603699684143066
0.8066425323486328
0.8768048882484436
0.8001620173454285
0.6155414581298828
0.3295135498046875
0.7004354596138
0.9118267893791199
0.5225829482078552
0.33397573232650757
0.8322821259498596
0.7151861190795898
0.4677031338214874
0.5049434900283813
0.6883847117424011
0.372439444065094
0.45951005816459656
0.43118590116500854
0.22058576345443726
0.224390909075737
0.395648330450058
0.43694132566452026
0.3782442510128021
0.2504238188266754
0.3017844259738922
0.3524324595928192
0.5946667194366455
0.5583283305168152
0.4943665862083435
0.48822593688964844
0.8153014183044434
0.4782125651836395
0.42328211665153503
0.719086766242981
0.5787836909294128
0.748871386051178
0.18619191646575928
0.4591384530067444
0.20705673098564148
0.36503446102142334
0.46175050735473633
0.6872727274894714
0.6743476986885071
0.47252601385116577
0.8910208940505981
0.6296941637992859
0.31807374954223633
0.21150943636894226
0.03537052497267723
0.10429906845092773
0.09223414957523346
0.08594960719347
0.015895718708634377
0.08387458324432373
0.12517042458057404
0.010707315057516098
0.0735878050327301
0.27429524064064026
0.06620839238166809
0.0296738650649786
0.36017903685569763
0.5014175176620483
0.1760013848543167
0.35102006793022156
0.4930267333984375
0.669550359249115
0.3896833062171936
0.3971298038959503
0.3399600386619568
0.07904745638370514
0.1912217140197754
0.037368789315223694
0.12636421620845795
0.05731683969497681
0.2745886445045471
0.16094431281089783
0.7556226849555969
0.23048853874206543
0.17749805748462677
0.3788425326347351
0.4174400866031647
0.5569468140602112
0.3567676544189453
0.4343779981136322
0.43866434693336487
0.18087179958820343
0.3310706615447998
0.1934252381324768
0.2459830790758133
0.13599622249603271
0.042764812707901
0.10167762637138367
0.07209226489067078
0.013173955492675304
0.03366091474890709
0.06739997118711472
0.08651109039783478
0.015869755297899246
0.04135124757885933
0.06886644661426544
0.10304702073335648
0.03232115879654884
0.0589008666574955
0.06004967913031578
0.07539905607700348
0.061628468334674835
0.02109527960419655
0.06573383510112762
0.08563318103551865
0.16078415513038635
0.11559554189443588
0.5033294558525085
0.893748939037323
0.6957041025161743
0.13605959713459015
0.12939117848873138
0.73298180103302
0.417000949382782
0.2703555226325989
0.4420692026615143
0.3375920057296753
0.06672479957342148
0.1535925716161728
0.506587028503418
0.4786762297153473
0.09066885709762573
0.3329790532588959
0.3026358187198639
0.11091887950897217
0.06881491094827652
0.046133141964673996
0.1292334347963333
0.09329994767904282
0.5188122391700745
0.18900693953037262
0.43810728192329407
0.12152964621782303
0.36229223012924194
0.11339417845010757
0.571066677570343
0.45822471380233765
0.656369149684906
0.8041989803314209
0.9290140271186829
0.8293997645378113
0.42985931038856506
0.894969642162323
0.966215968132019
0.8394057154655457
0.819995641708374
0.9507670998573303
0.951197624206543
0.755877673625946
0.8463230133056641
0.9757741093635559
0.9748247861862183
0.8564746975898743
0.8800385594367981
0.6452547907829285
0.760298490524292
0.7472452521324158
0.6600691080093384
0.7663746476173401
0.7873761057853699
0.7028694152832031
0.6460246443748474
0.438102662563324
0.4815441370010376
0.6132655143737793
0.5300686359405518
0.4363178312778473
0.3643052577972412
0.3614860773086548
0.5057216882705688
0.6342774033546448
0.5273064374923706
0.8687437176704407
0.883233904838562
0.8047933578491211
0.554082989692688
0.6900461316108704
0.12209408730268478
0.5904577374458313
0.5638618469238281
0.062465835362672806
0.20431773364543915
0.5266467928886414
0.4989463984966278
0.034308530390262604
0.1348830759525299
0.5906389355659485
0.11359669268131256
0.028251303359866142
0.2554830014705658
0.7458603978157043
0.09129677712917328
0.2830369472503662
