0.34776079654693604
0.42515498399734497
0.6311996579170227
0.45828232169151306
0.5204747319221497
0.3450791537761688
0.5461810231208801
0.7748958468437195
0.7387580871582031
0.799125075340271
0.9209842681884766
0.9014289975166321
0.9064212441444397
0.8121897578239441
0.8529396057128906
0.9378895163536072
0.866711437702179
0.5286903977394104
0.6482817530632019
0.19470886886119843
0.09155766665935516
0.03578700125217438
0.06496039032936096
0.03571915253996849
0.06050901487469673
0.08505716919898987
0.07217377424240112
0.22210384905338287
0.644870400428772
0.24595673382282257
0.1642274558544159
0.14484411478042603
0.231962651014328
0.2831800878047943
0.028239164501428604
0.3461456596851349
0.6212491989135742
0.3520317077636719
0.23974940180778503
0.4461733102798462
0.7491642832756042
0.4667561948299408
0.6178200840950012
0.3179827332496643
0.03800348937511444
0.027131162583827972
0.008349007926881313
0.010443338192999363
0.06398936361074448
0.2126704305410385
0.15893502533435822
0.13682503998279572
0.11098158359527588
0.3098670542240143
0.24702835083007812
0.025493301451206207
0.09674602746963501
0.38717541098594666
0.05634089931845665
0.05188857391476631
0.10839536786079407
0.22727961838245392
0.17578940093517303
0.026479387655854225
0.05043360963463783
0.04121236875653267
0.06601003557443619
0.11130056530237198
0.03576510027050972
0.11952951550483704
0.020515138283371925
0.017360039055347443
0.017068637534976006
0.02641742303967476
0.018727978691458702
0.05626193806529045
0.11558256298303604
0.07150740921497345
0.3556475043296814
0.24251927435398102
0.030106399208307266
0.11611133068799973
0.17877687513828278
0.2869831323623657
0.6542006134986877
0.46507352590560913
0.23005171120166779
0.24788795411586761
0.29085832834243774
0.21480102837085724
0.08093874901533127
0.03305797651410103
0.010811318643391132
0.059355393052101135
0.07302388548851013
0.028771745041012764
0.025635192170739174
0.34041324257850647
0.15445588529109955
0.21986235678195953
0.767606794834137
0.22294966876506805
0.5471917986869812
0.4659583270549774
0.7937615513801575
0.693652868270874
0.5747775435447693
0.41198062896728516
0.8083369135856628
0.45574134588241577
0.32346582412719727
0.7348415851593018
0.9028712511062622
0.7628851532936096
0.49071115255355835
0.9544827342033386
0.9613760709762573
0.8913639187812805
0.88653165102005
0.2727438807487488
0.13135889172554016
0.033566199243068695
0.012505827471613884
0.01460808515548706
0.03074369765818119
0.0747840404510498
0.19705690443515778
0.0349123515188694
0.07061019539833069
0.10181332379579544
0.054846733808517456
0.02116241492331028
0.04255864769220352
0.1405899077653885
0.045257918536663055
0.06280161440372467
0.12969735264778137
0.11624521762132645
0.028832102194428444
0.1292688101530075
0.5153703093528748
0.10230939835309982
0.09822067618370056
0.6924605965614319
0.6097492575645447
0.736816942691803
0.2942282259464264
0.41196584701538086
0.3195751905441284
0.26120254397392273
0.13958759605884552
0.5164487957954407
0.1548919528722763
0.4354848265647888
0.10252895206212997
0.11702896654605865
0.3164278566837311
0.3793784976005554
0.4398092031478882
0.6255674362182617
0.4337467551231384
0.3952014148235321
0.6761283874511719
0.7908506989479065
0.6369049549102783
0.7948911786079407
0.7273185849189758
0.9322076439857483
0.6803138852119446
0.34106120467185974
0.10184629261493683
0.08161594718694687
0.16672617197036743
0.08510830253362656
0.6631801724433899
0.2371169477701187
0.6596469283103943
0.8408739566802979
0.45032772421836853
0.47506943345069885
0.34308281540870667
0.77708899974823
0.7553382515907288
0.4069969952106476
0.8274486064910889
0.43345892429351807
0.835837185382843
0.3371213376522064
0.06629286706447601
0.023554813116788864
0.003418288193643093
0.01358350832015276
0.027584701776504517
0.014946185983717442
0.18673865497112274
0.20984216034412384
0.2353517711162567
0.5267232060432434
0.2430047243833542
0.5873400568962097
0.5311169028282166
0.2605932652950287
0.40232744812965393
0.2304832935333252
0.1476549357175827
0.14511239528656006
0.0691867545247078
0.16336077451705933
0.024609345942735672
0.06254222244024277
0.11612217873334885
0.2282516211271286
0.049049485474824905
0.3140363097190857
0.47073426842689514
0.15384024381637573
0.13642148673534393
0.7228440642356873
0.7365171909332275
0.5837584137916565
0.9109799265861511
0.9530953168869019
0.9695391058921814
0.5225279927253723
0.5464256405830383
0.03417890518903732
0.03680426627397537
0.005937854293733835
0.02507045306265354
0.013335739262402058
0.052453067153692245
0.037710029631853104
0.07385528832674026
0.0411645881831646
0.013477999716997147
0.06503188610076904
0.0907248929142952
0.031184229999780655
0.18206638097763062
0.37781181931495667
0.4518859088420868
0.270969957113266
0.8054535984992981
0.7784796953201294
0.7970225214958191
0.17359311878681183
0.18936650454998016
0.023715699091553688
0.050127435475587845
0.01670401729643345
0.0607997365295887
0.03516903147101402
0.044384729117155075
0.07405032217502594
0.012876746244728565
0.05217781662940979
0.04449659585952759
0.020710932090878487
0.013467678800225258
0.008634605444967747
0.011429191567003727
0.07125142216682434
0.02511618286371231
0.12297335267066956
0.15080004930496216
0.08736986666917801
0.4433666467666626
0.2268884927034378
0.05525581166148186
0.1071908175945282
0.014268307015299797
0.006926348898559809
0.005131957586854696
0.01715911738574505
0.020271219313144684
0.044540662318468094
0.035034824162721634
0.019120750948786736
0.017378995195031166
0.036652665585279465
0.02291257306933403
0.03057754784822464
0.02014230564236641
0.12687140703201294
0.10551388561725616
0.25066331028938293
0.30821505188941956
0.3565708100795746
0.14372462034225464
0.13959631323814392
0.3364044725894928
0.20617742836475372
0.08387535065412521
0.13796335458755493
0.1096254512667656
0.05985914543271065
0.07336223870515823
0.040342044085264206
0.021616661921143532
0.07745421677827835
0.17642828822135925
0.29519742727279663
0.06380180269479752
0.11172231286764145
0.6152876019477844
0.762895405292511
0.2689707577228546
0.15535452961921692
0.06476375460624695
0.0648016631603241
0.09313216805458069
0.050613097846508026
0.03932955488562584
0.11053086817264557
0.11448967456817627
0.09139988571405411
0.09343142062425613
0.13700252771377563
0.24785900115966797
0.12562239170074463
0.21515320241451263
0.09746827185153961
0.0640077218413353
0.11912588030099869
0.17605257034301758
0.16644394397735596
0.22491022944450378
0.04811295121908188
0.1140105202794075
0.031706854701042175
0.034345339983701706
0.12830547988414764
0.07080527395009995
0.10305169969797134
0.0657227411866188
0.06636614352464676
0.0443774051964283
0.04684598743915558
0.10817966610193253
0.026501446962356567
0.1379142850637436
0.007006858941167593
0.016093874350190163
0.01389971561729908
0.019608639180660248
0.1433945745229721
0.04006928950548172
0.168888658285141
0.2073306143283844
0.07795897871255875
0.14431609213352203
0.09179253876209259
0.02905452996492386
0.040562231093645096
0.29734399914741516
0.1366816610097885
0.04500808194279671
0.18554264307022095
0.13803334534168243
0.11499730497598648
0.2326509654521942
0.08782396465539932
0.14669106900691986
0.262505441904068
0.06540995836257935
0.1039014533162117
0.13144376873970032
0.14527440071105957
0.0303142499178648
0.030339539051055908
0.004409597255289555
0.005011289846152067
0.012963599525392056
0.02081122249364853
0.06103335693478584
0.19970178604125977
0.34521061182022095
0.2325868308544159
0.4220975935459137
0.5011056661605835
0.1423591673374176
0.4925239384174347
0.27686309814453125
0.25944992899894714
0.3582323491573334
0.23647727072238922
0.12863078713417053
0.06226056069135666
0.10008688271045685
0.15348871052265167
0.0420357920229435
0.03754039481282234
0.0811382383108139
0.13566060364246368
0.11083422601222992
0.20064501464366913
0.18063148856163025
0.05557289347052574
0.07982055097818375
0.02548380196094513
0.04775754362344742
0.2037697583436966
0.135531485080719
0.18413688242435455
0.3164841830730438
0.3854319751262665
0.5091007351875305
0.46214422583580017
0.43555548787117004
0.5128886103630066
0.49081897735595703
0.7522448301315308
0.4832744002342224
0.23897501826286316
0.39613303542137146
0.1110415980219841
0.6931047439575195
0.5612671375274658
0.07915084064006805
0.36104175448417664
0.7750322818756104
0.3715357780456543
0.11341583728790283
0.7540352940559387
0.5922303199768066
0.34115180373191833
0.4402187168598175
0.35375672578811646
0.3027060031890869
0.7331069111824036
0.30234119296073914
0.4957679808139801
0.5546253323554993
0.21783412992954254
0.3449918329715729
0.2880319654941559
0.0903192013502121
0.0663454532623291
0.313507616519928
0.061098355799913406
0.024199385195970535
0.07152817398309708
0.2850619852542877
0.10320485383272171
0.07578417658805847
0.2988438308238983
0.3064786195755005
0.03747319057583809
0.13060522079467773
0.10619714856147766
0.06817310303449631
0.04319046810269356
0.08608204126358032
0.01080660242587328
0.021115414798259735
0.004834087565541267
0.02025316096842289
0.01302202045917511
0.16559365391731262
0.060478534549474716
0.0901951789855957
0.015784336254000664
0.03335188701748848
0.1142921969294548
0.030502263456583023
0.011381978169083595
0.08465596288442612
0.023566709831357002
0.05407053977251053
0.033973563462495804
0.05360935628414154
0.03594236820936203
0.056319549679756165
0.05002262815833092
0.053516726940870285
