0.1516556292772293
0.1491837501525879
0.05091351643204689
0.01828690990805626
0.018589654937386513
0.012178728356957436
0.026040054857730865
0.023980922996997833
0.010957007296383381
0.026179159060120583
0.06884314119815826
0.39555636048316956
0.18012504279613495
0.01625676453113556
0.1987036019563675
0.30143240094184875
0.07882466912269592
0.02156287245452404
0.31023553013801575
0.22290171682834625
0.0530669279396534
0.2790740430355072
0.41261425614356995
0.234661266207695
0.11384422332048416
0.39096227288246155
0.326149582862854
0.12864170968532562
0.09422895312309265
0.017880083993077278
0.015536676160991192
0.013394638895988464
0.012092392891645432
0.027294905856251717
0.024436749517917633
0.0704335868358612
0.16145513951778412
0.057012736797332764
0.018025821074843407
0.056502215564250946
0.036986298859119415
0.003158132778480649
0.019551370292901993
0.030414577573537827
0.012839136645197868
0.004554045386612415
0.036995451897382736
0.040920644998550415
0.03717510774731636
0.03409655764698982
0.016634322702884674
0.09396992623806
0.0799425020813942
0.007999930530786514
0.02993973158299923
0.009620805270969868
0.1549462378025055
0.13893277943134308
0.1453581303358078
0.08882471174001694
0.020865270867943764
0.031972724944353104
0.14731431007385254
0.06728818267583847
0.013904275372624397
0.1112523078918457
0.06066726893186569
0.05868466570973396
0.01268423069268465
0.1220165491104126
0.0867045447230339
0.06632360070943832
0.03818715363740921
0.03030204400420189
0.11732839047908783
0.041082821786403656
0.19357116520404816
0.04694622382521629
0.14335088431835175
0.10608424991369247
0.1314721256494522
0.5469773411750793
0.5061877369880676
0.14364755153656006
0.13240736722946167
0.19743932783603668
0.3091036379337311
0.0718916803598404
0.04576149582862854
0.10487467795610428
0.10915480554103851
0.15266568958759308
0.10236328840255737
0.035314008593559265
0.09479812532663345
0.08961053937673569
0.015355397015810013
0.02389494515955448
0.021618591621518135
0.03456468880176544
0.12079005688428879
0.3941434919834137
0.17040441930294037
0.2355249971151352
0.522792637348175
0.09182576090097427
0.2228032499551773
0.5572813749313354
0.07474572211503983
0.06594894826412201
0.1876051127910614
0.10595250874757767
0.017886752262711525
0.05362799018621445
0.28516772389411926
0.06688964366912842
0.037340302020311356
0.04952317476272583
0.08885060250759125
0.033539511263370514
0.06421613693237305
0.04131060838699341
0.1327994465827942
0.11595678329467773
0.2738695740699768
0.23916880786418915
0.05681981146335602
0.10005255043506622
0.12127021700143814
0.12398231029510498
0.08110568672418594
0.051228612661361694
0.2859277129173279
0.12108085304498672
0.029545165598392487
0.04144184663891792
0.054877374321222305
0.03058452345430851
0.04107047617435455
0.11462215334177017
0.1382611095905304
0.06701485812664032
0.12103165686130524
0.04835215210914612
0.34106290340423584
0.19202633202075958
0.27523568272590637
0.18304498493671417
0.22227223217487335
0.4168686270713806
0.6539174318313599
0.5512894988059998
0.13524727523326874
0.4701555073261261
0.3388575315475464
0.3413369357585907
0.6557332277297974
0.9611744284629822
0.6892840266227722
0.6828959584236145
0.8071202039718628
0.7721660733222961
0.5145668387413025
0.2802163064479828
0.6337993741035461
0.5464920997619629
0.2992962896823883
0.2980361580848694
0.15346144139766693
0.4266580641269684
0.21991635859012604
0.495740681886673
0.3290320932865143
0.5745476484298706
0.5080743432044983
0.39779725670814514
0.6755488514900208
0.4257984459400177
0.6921824812889099
0.6550293564796448
0.22145064175128937
0.7300078272819519
0.1490771770477295
0.5316458940505981
0.3002442419528961
0.31880027055740356
0.11158694326877594
0.1861582100391388
0.24027329683303833
0.19310708343982697
0.4717009961605072
0.421675443649292
0.13945499062538147
0.1571119725704193
0.2306254655122757
0.18407829105854034
0.15034835040569305
0.1777939349412918
0.13177022337913513
0.12973523139953613
0.1182267814874649
0.1896180957555771
0.2279175966978073
0.3399696946144104
0.2380579113960266
0.05159997195005417
0.3518255054950714
0.5137469172477722
0.3577105402946472
0.6484280824661255
0.7204587459564209
0.8536763787269592
0.6422576308250427
0.551814615726471
0.522672176361084
0.5084791779518127
0.4934282898902893
0.5195393562316895
0.29293954372406006
0.14868663251399994
0.1483650505542755
0.283556193113327
0.15388546884059906
0.07583873718976974
0.09179723262786865
0.07154043018817902
0.40489262342453003
0.40531206130981445
0.07628316432237625
0.11628804355859756
0.2675514221191406
0.1883528083562851
0.12571023404598236
0.1452096700668335
0.04915876314043999
0.2660931348800659
0.1745159924030304
0.12421773374080658
0.23124755918979645
0.331953227519989
0.15752272307872772
0.30934634804725647
0.43231385946273804
0.5687964558601379
0.3655701279640198
0.2827127277851105
0.7295777797698975
0.27478089928627014
0.4948539137840271
0.1952473372220993
0.4402908980846405
0.47457271814346313
0.6444991230964661
0.5854355096817017
0.7891924977302551
0.6604524850845337
0.7972835302352905
0.4920133948326111
0.7012438178062439
0.4806026518344879
0.9306187033653259
0.9292152523994446
0.9415981769561768
0.9693027138710022
0.9706504940986633
0.9676569700241089
0.9632412791252136
0.9600447416305542
0.9418296813964844
0.8625771403312683
0.9287976026535034
0.824741005897522
0.8788719177246094
0.8318568468093872
0.7759659886360168
0.7569789290428162
0.5053961873054504
0.7721750736236572
0.5317748188972473
0.3411310613155365
0.5421223044395447
0.8445613980293274
0.32524463534355164
0.2517003118991852
0.5406983494758606
0.8709524869918823
0.891252338886261
0.8487104773521423
0.9614742398262024
0.5819236040115356
0.5622352361679077
0.3361305892467499
0.607380211353302
0.6411822438240051
0.8470454216003418
0.9001067280769348
0.8852270841598511
0.8039959669113159
0.9277085065841675
0.9055739641189575
0.8084676861763
0.826802134513855
0.8593123555183411
0.7131805419921875
0.8339412212371826
0.6013490557670593
0.8009963035583496
0.5441349148750305
0.3250998556613922
0.167399600148201
0.12048286944627762
0.19743749499320984
0.08895042538642883
0.20044878125190735
0.0544375479221344
0.05721159651875496
0.028227848932147026
0.03898162394762039
0.06163490563631058
0.08960945159196854
0.05184601619839668
0.12992839515209198
0.14865952730178833
0.054902248084545135
0.16282469034194946
0.26843345165252686
0.2511047422885895
0.12516362965106964
0.20257078111171722
0.06120287626981735
0.07272615283727646
0.13587388396263123
0.044369861483573914
0.009586513042449951
0.036333125084638596
0.12791942059993744
0.01659884676337242
0.005195250269025564
0.06569663435220718
0.14044280350208282
0.02837630733847618
0.014322108589112759
0.08256684988737106
0.08439198136329651
0.02128252014517784
0.07169945538043976
0.3190162181854248
0.1168510764837265
0.20675057172775269
0.09400055557489395
0.06155768409371376
0.13844163715839386
0.13541002571582794
0.11212535947561264
0.06710601598024368
0.03540410101413727
0.12334154546260834
0.05578427389264107
0.026039354503154755
0.03373904898762703
0.10638704150915146
0.03354287147521973
0.0122537137940526
0.07299862056970596
0.2524355351924896
0.06413283199071884
0.042089179158210754
0.10777635127305984
0.20163334906101227
0.3649583160877228
0.26957932114601135
0.09526889771223068
0.3795260190963745
0.3958338499069214
0.42677122354507446
0.5501933097839355
0.1069120317697525
0.12662456929683685
0.3142150938510895
0.08979658037424088
0.03456361964344978
0.047047365456819534
0.12148303538560867
0.05784892290830612
0.006523945368826389
0.12131627649068832
0.06467591226100922
0.027691802009940147
0.010509210638701916
0.168692946434021
0.05103936791419983
0.039029624313116074
0.030093248933553696
0.07130364328622818
0.09872296452522278
0.06498263031244278
0.04684104025363922
0.1388574093580246
