0.5933826565742493
0.5284576416015625
0.6944261789321899
0.5391830801963806
0.6243836283683777
0.4746984839439392
0.4519038796424866
0.5168875455856323
0.6213922500610352
0.35707005858421326
0.5276467204093933
0.310815691947937
0.5588139295578003
0.5107572674751282
0.5436315536499023
0.56954026222229
0.3448481261730194
0.13370080292224884
0.453348845243454
0.1499289721250534
0.4651675820350647
0.18769113719463348
0.4378189444541931
0.12989866733551025
0.3537232577800751
0.37279993295669556
0.4253772795200348
0.21222344040870667
0.32534730434417725
0.16256946325302124
0.09488538652658463
0.056913867592811584
0.021011779084801674
0.03661670163273811
0.02100588195025921
0.0438840426504612
0.19138360023498535
0.11374334245920181
0.15146975219249725
0.10261942446231842
0.07624226808547974
0.04918529838323593
0.06928225606679916
0.014765113592147827
0.048686496913433075
0.023309631273150444
0.06777255237102509
0.1034996435046196
0.15093109011650085
0.2534966468811035
0.3540654480457306
0.2752976417541504
0.4643496870994568
0.457339346408844
0.2486288845539093
0.3920942544937134
0.32941189408302307
0.25909581780433655
0.06541521847248077
0.07668186724185944
0.06953945755958557
0.13334138691425323
0.09052084386348724
0.08066623657941818
0.23155048489570618
0.16763126850128174
0.16568204760551453
0.21054185926914215
0.28592994809150696
0.22166481614112854
0.3751475214958191
0.4803248941898346
0.31130921840667725
0.45781293511390686
0.28756535053253174
0.5144360065460205
0.29992809891700745
0.3264226019382477
0.2948634922504425
0.27701932191848755
0.36516451835632324
0.3347896635532379
0.30403006076812744
0.2226475030183792
0.45603838562965393
0.1694188117980957
0.22940190136432648
0.05973917245864868
0.21813668310642242
0.05002599209547043
0.2685220539569855
0.33774080872535706
0.4101521372795105
0.3412911891937256
0.37204140424728394
0.20946137607097626
0.09909328073263168
0.15564414858818054
0.06430014222860336
0.3046623766422272
0.2259412407875061
0.30924704670906067
0.3312318027019501
0.3179870545864105
0.37887343764305115
0.4045741856098175
0.39092785120010376
0.2387925535440445
0.19020652770996094
0.3092005252838135
0.21907925605773926
0.5065625309944153
0.376322478055954
0.3855557143688202
0.3238535523414612
0.5122851133346558
0.2535368502140045
0.18833084404468536
0.19008560478687286
0.15130749344825745
0.162481889128685
0.14850561320781708
0.35333600640296936
0.4289316236972809
0.4402640163898468
0.3774995803833008
0.5633443593978882
0.7372709512710571
0.6173320412635803
0.6652752757072449
0.6521685123443604
0.6566936373710632
0.6682446002960205
0.7027568817138672
