0.48193541169166565
0.856848418712616
0.8545658588409424
0.8381271362304688
0.8254770040512085
0.9673143029212952
0.8660928606987
0.9598902463912964
0.9015365242958069
0.8327673673629761
0.9388378262519836
0.6490275263786316
0.9069040417671204
0.513462483882904
0.7870874404907227
0.5553483366966248
0.44927188754081726
0.8432999849319458
0.7713385820388794
0.6122987866401672
0.7089816331863403
0.543677568435669
0.47199568152427673
0.590208113193512
0.8624165058135986
0.6433904767036438
0.7333434224128723
0.8493350148200989
0.6918662786483765
0.8516248464584351
0.4087723195552826
0.8698552250862122
0.40601301193237305
0.806514322757721
0.3358820676803589
0.6149463653564453
0.40258488059043884
0.6500688791275024
0.7110639214515686
0.6589776873588562
0.545586884021759
0.5833641290664673
0.7973887920379639
0.8348878622055054
0.7736724615097046
0.8881138563156128
0.7931997776031494
0.8597631454467773
0.7058495879173279
0.6501683592796326
0.7112398147583008
0.45898374915122986
0.7959271669387817
0.9419522881507874
0.8664354681968689
0.6475273966789246
0.24267297983169556
0.8941478729248047
0.646758496761322
0.2818765938282013
0.3851843774318695
0.7271981239318848
0.2910515069961548
0.3339460492134094
0.47209110856056213
0.6567859649658203
0.35101446509361267
0.7148882746696472
0.5349776744842529
0.7088192105293274
0.7623839974403381
0.9095171689987183
0.8277615904808044
0.9410672783851624
0.8856815695762634
0.46417611837387085
0.3910777270793915
0.849979043006897
0.6700144410133362
0.14601115882396698
0.24834264814853668
0.45738545060157776
0.3733002543449402
0.06617078930139542
0.196759432554245
0.33155471086502075
0.41131871938705444
0.35258564352989197
0.4433518350124359
0.6279270648956299
0.20185379683971405
0.4329524636268616
0.6385428309440613
0.2152574509382248
0.8545178771018982
0.36046215891838074
0.8825733661651611
0.40601128339767456
0.7631109356880188
0.7178033590316772
0.857620894908905
0.7831351161003113
0.7710303068161011
0.7974629998207092
0.8687372803688049
0.8657960891723633
0.8350151181221008
0.8990576863288879
0.9257460832595825
0.9067142605781555
0.7571035027503967
0.9074216485023499
0.916849672794342
0.934051513671875
0.9498989582061768
0.8914650678634644
0.8944934010505676
0.8118648529052734
0.6911269426345825
0.22167739272117615
0.642501950263977
