0.9777722954750061
0.9899429678916931
0.990310549736023
0.9881176352500916
0.9719255566596985
0.9925486445426941
0.9814450144767761
0.9505051374435425
0.949315071105957
0.8990387320518494
0.8952317833900452
0.7374521493911743
0.8876078128814697
0.6346925497055054
0.6949966549873352
0.7134647369384766
0.6924288272857666
0.6778154373168945
0.618773341178894
0.8339973092079163
0.5213637351989746
0.621932864189148
0.9022877812385559
0.8959173560142517
0.733025848865509
0.8185142278671265
0.7983690500259399
0.5892295241355896
0.8107612133026123
0.7575289607048035
0.7369405627250671
0.9660665988922119
0.9311879277229309
0.631817638874054
0.6259757280349731
0.9434893131256104
0.8767947554588318
0.5140658617019653
0.832202136516571
0.9802829027175903
0.7100182771682739
0.6668879985809326
0.9462706446647644
0.9663870930671692
0.7279026508331299
0.7930948138237
0.986659049987793
0.9672603607177734
0.8301267623901367
0.9649840593338013
0.8466556072235107
0.7253144383430481
0.8130345344543457
0.8040580749511719
0.5562395453453064
0.8570727705955505
0.9166615605354309
0.5817850232124329
0.5355104207992554
0.9543008804321289
0.9368964433670044
0.4659375250339508
0.7778677344322205
0.9692413806915283
0.8825295567512512
0.7248361706733704
0.9813053607940674
0.9396370053291321
0.6002183556556702
0.9021860957145691
0.9718915224075317
0.7358226776123047
0.5564184784889221
0.9452097415924072
0.9601729512214661
0.6586280465126038
0.8058836460113525
0.9131153225898743
0.9668993353843689
0.5450601577758789
0.8261843919754028
0.9357849955558777
0.9339872002601624
0.774097740650177
0.7553461194038391
0.9240162968635559
0.7704565525054932
0.8965924382209778
0.7324128150939941
0.664309561252594
0.8769985437393188
0.856657862663269
0.8057037591934204
0.859396755695343
0.8981733322143555
0.9131855368614197
0.8880064487457275
0.8598574995994568
0.920124351978302
0.8658121228218079
0.8767197728157043
0.9092284440994263
0.8762462735176086
0.8845723867416382
0.8831183910369873
0.9537477493286133
0.967297375202179
0.8866018056869507
0.8837339878082275
0.9696167707443237
0.9696253538131714
0.9628199338912964
0.9512374997138977
0.938522458076477
0.9602190852165222
0.9284456372261047
0.924284815788269
0.9771751761436462
0.9173728227615356
0.9075914025306702
0.935272753238678
0.9744322299957275
0.9409014582633972
0.9642438888549805
0.97734534740448
0.9693326950073242
0.9869492650032043
0.9906260371208191
0.9884034395217896
0.9838228225708008
0.9651303887367249
0.9699136018753052
0.9285421371459961
0.9374088644981384
0.9415401816368103
0.9288188219070435
0.5869227647781372
0.5196757316589355
0.8372849822044373
0.6477856040000916
0.21383818984031677
0.9333351850509644
0.9042187929153442
0.2809455096721649
0.7081095576286316
0.9490931630134583
0.6786535978317261
0.413805216550827
0.9309157133102417
0.9226917624473572
0.3314218521118164
0.8273839354515076
0.9698757529258728
0.8501939177513123
0.48753467202186584
0.9638842344284058
0.9775352478027344
0.717520534992218
0.888020396232605
0.9624454975128174
0.9166483283042908
0.5200592875480652
0.8588647246360779
0.4159553647041321
0.7946127653121948
0.4988657534122467
0.3079602122306824
0.7725078463554382
0.8009315133094788
0.5651944875717163
0.6219471096992493
0.9297564029693604
0.9071181416511536
0.5731419324874878
0.912363588809967
0.9376333951950073
0.8704977035522461
0.6535462737083435
0.9609563946723938
0.9427975416183472
0.43243303894996643
0.8817153573036194
0.9551488161087036
0.7551631927490234
0.2603338956832886
0.9096189141273499
0.8384460210800171
0.3404008746147156
0.5983569025993347
0.8035913705825806
0.5702580213546753
0.45905008912086487
0.6590355038642883
0.41568201780319214
0.5213753581047058
0.7847703695297241
0.5260711312294006
0.7615330219268799
0.8024954199790955
0.8840204477310181
0.8916657567024231
0.6458005309104919
0.8335995674133301
0.8835878372192383
0.7286730408668518
0.8125629425048828
0.9069712162017822
0.7729043960571289
0.8512502312660217
0.7524019479751587
0.8508095741271973
0.9203414916992188
0.7577193379402161
0.7367399334907532
0.822870135307312
0.7925394177436829
0.8580813407897949
0.6632398962974548
0.9460194706916809
0.9057849049568176
0.9036286473274231
0.7958217263221741
0.8497465252876282
0.8616759181022644
0.6838181018829346
0.6581724882125854
0.9034291505813599
0.8642618060112
0.6687944531440735
0.6878401637077332
0.826178789138794
0.800338089466095
0.5501766800880432
0.5058019757270813
0.32947659492492676
0.46349892020225525
0.5292500257492065
0.6551676988601685
0.5763317346572876
0.626693606376648
0.7246456146240234
0.7517293095588684
0.7495988011360168
0.8360670804977417
0.7905153036117554
0.7936804294586182
0.8753277659416199
0.9020336270332336
0.8875224590301514
0.8817686438560486
0.9338467717170715
0.9255104064941406
0.8625909090042114
0.906281590461731
0.8146657943725586
0.822395384311676
0.8051474690437317
0.8914868235588074
0.8641921281814575
0.9164361953735352
0.8840271830558777
0.8812666535377502
0.7873871326446533
0.7419830560684204
0.6502832770347595
0.5749465227127075
