0.368435263633728
0.4421617388725281
0.29178571701049805
0.35541945695877075
0.245657816529274
0.2974746823310852
0.20545288920402527
0.30127131938934326
0.608142077922821
0.3379317820072174
0.8900860548019409
0.8860552310943604
0.676883339881897
0.9660859704017639
0.9439062476158142
0.9419440031051636
0.9643682837486267
0.9611384272575378
0.5890952348709106
0.86911940574646
0.9745761156082153
0.8197811841964722
0.37521544098854065
0.9244323372840881
0.9686635136604309
0.8374506235122681
0.595863938331604
0.8834450840950012
0.9143638610839844
0.8475565910339355
0.7665144205093384
0.7518642544746399
0.8461804389953613
0.6311177611351013
0.6562535762786865
0.5721338391304016
0.6603919863700867
0.734268069267273
0.6175546646118164
0.704494297504425
0.9597505927085876
0.9146803021430969
0.7561725974082947
0.9521809816360474
0.6346603631973267
0.6766740083694458
0.8815882802009583
0.8036240935325623
0.9014004468917847
0.9448521137237549
0.7996861338615417
0.8480780124664307
0.5805835723876953
0.47178396582603455
0.7300373911857605
0.9186468124389648
0.8144260048866272
0.6509330868721008
0.8284331560134888
0.7890287637710571
0.9197500944137573
0.6838942170143127
0.765555202960968
0.5978610515594482
0.602864146232605
0.6614747643470764
0.6210793256759644
0.41752779483795166
0.4967719316482544
0.3474062979221344
0.28764840960502625
0.48556795716285706
0.6251065731048584
0.20942288637161255
0.3576756417751312
0.12065880745649338
0.22950080037117004
0.40487930178642273
0.4837085008621216
0.08151961117982864
0.40737834572792053
0.1241740956902504
0.0612088181078434
0.09335532039403915
0.7968930602073669
0.5975725054740906
0.7592483758926392
0.5242452025413513
0.45301687717437744
0.2779763638973236
0.38534364104270935
0.3386412262916565
0.6485427618026733
0.3172825872898102
0.259436696767807
0.22273527085781097
0.2772318124771118
0.2607308328151703
0.05618120729923248
0.24349896609783173
0.12902863323688507
0.18500173091888428
0.5058621168136597
0.48261967301368713
0.05722835287451744
0.48927804827690125
0.7781909108161926
0.4487219452857971
0.4931012690067291
0.7686120271682739
0.8281534314155579
0.8148580193519592
0.6542719602584839
0.4451357126235962
0.7343413233757019
0.4070611298084259
0.2719298005104065
0.49461784958839417
0.5751265287399292
0.32017454504966736
0.3349902927875519
0.1741056889295578
0.1468922197818756
0.4264971911907196
0.5700680017471313
0.45554834604263306
0.6355059146881104
0.61457759141922
0.4614802896976471
0.37149354815483093
0.727622926235199
0.7194992303848267
0.6617180705070496
0.7774355411529541
0.7338002324104309
0.7598263025283813
0.8569595217704773
0.847992479801178
0.8359899520874023
0.8246390223503113
0.8107897639274597
0.6741310358047485
0.5777525305747986
0.8547574877738953
0.45998552441596985
0.7631726861000061
0.904744565486908
0.9367195963859558
0.7969796657562256
0.9561302661895752
0.9433472156524658
0.9653765559196472
0.6601254940032959
0.7637218832969666
0.640496551990509
0.48572102189064026
0.490629106760025
0.6319470405578613
0.4340647757053375
0.27502357959747314
0.38178566098213196
0.28070899844169617
0.17289665341377258
0.33302032947540283
0.4020979702472687
0.3517719805240631
0.30067163705825806
0.3188570737838745
0.24442577362060547
0.2717452347278595
0.2727030813694
0.16682462394237518
0.21629248559474945
0.3586013913154602
0.35203713178634644
0.7061289548873901
0.7609623074531555
0.6726171374320984
0.8375823497772217
0.7327578067779541
0.6842064261436462
0.30801260471343994
0.6877372860908508
0.3542346954345703
0.40936043858528137
0.3725626468658447
0.2351566106081009
0.41500961780548096
0.24218256771564484
0.4523142874240875
0.2927579879760742
0.6908292770385742
0.4454464316368103
0.5288377404212952
0.3367362916469574
0.26058876514434814
0.2384573370218277
0.32000213861465454
0.13932693004608154
0.10621862858533859
0.1232188418507576
0.1473684012889862
0.16868525743484497
0.3174014687538147
0.24372215569019318
0.5895748138427734
0.7274922728538513
0.7182209491729736
0.7378286719322205
0.348474383354187
0.6394233107566833
0.23185308277606964
0.08112944662570953
0.06940921396017075
0.04242405295372009
0.026132183149456978
0.021584877744317055
0.03177355229854584
0.07100721448659897
0.03988911584019661
0.03130730241537094
0.07789436727762222
0.06561508774757385
0.1272617131471634
0.08747521042823792
0.05328907445073128
0.10100705921649933
0.3065105676651001
0.1945052146911621
0.7609244585037231
0.9057389497756958
0.9034345746040344
0.2926779091358185
0.6200072765350342
0.22244183719158173
0.6256258487701416
0.20409812033176422
0.566937267780304
0.516550600528717
0.26797744631767273
0.275913268327713
0.2513628602027893
0.10129068046808243
0.0750708058476448
0.059144217520952225
0.0072314683347940445
0.021206894889473915
0.017279094085097313
0.026481028646230698
0.05531076341867447
0.04953652247786522
0.23153230547904968
0.09357941150665283
0.12084082514047623
0.07931705564260483
0.1259671002626419
0.04026106745004654
0.08669715374708176
0.07692661881446838
0.07165668159723282
0.1802626997232437
0.15790525078773499
0.5397476553916931
0.4974757432937622
0.5359692573547363
0.3293382227420807
0.38411274552345276
0.47742101550102234
0.34510162472724915
0.32179853320121765
0.7201812863349915
0.18193595111370087
0.3874330520629883
0.10973251610994339
