0.06580735743045807
0.03574512526392937
0.07046381384134293
0.1731766015291214
0.05526234209537506
0.02814243547618389
0.05631151422858238
0.13438722491264343
0.13445879518985748
0.09018699079751968
0.09440609812736511
0.14497339725494385
0.18861258029937744
0.0949518084526062
0.13356193900108337
0.23097869753837585
0.22334681451320648
0.10939060151576996
0.2740253508090973
0.23582758009433746
0.4713932275772095
0.40671515464782715
0.16848452389240265
0.33285966515541077
0.10905691981315613
0.3974910080432892
0.40260234475135803
0.35661664605140686
0.27011823654174805
0.20435994863510132
0.14013025164604187
0.2297806292772293
0.11034221947193146
0.06569741666316986
0.10614898800849915
0.19507808983325958
0.05459235981106758
0.17973090708255768
0.37149500846862793
0.3972947895526886
0.381853312253952
0.4790990650653839
0.3273283541202545
0.08655814081430435
0.06190241873264313
0.18770691752433777
0.27048259973526
0.3080650866031647
0.29842981696128845
0.18439991772174835
0.24333220720291138
0.201277494430542
0.07311109453439713
0.049389444291591644
0.12409912049770355
0.03506910428404808
0.010922834277153015
0.015988878905773163
0.01970670558512211
0.019096944481134415
0.0338066890835762
0.03430456668138504
0.03371744230389595
0.010195810347795486
0.0772874504327774
0.2968920171260834
0.19658628106117249
0.17462387681007385
0.24137312173843384
0.22152739763259888
0.27957308292388916
0.6413612365722656
0.6218562126159668
0.6471555829048157
0.3123841881752014
0.5495247840881348
0.42058077454566956
0.14652611315250397
0.23580577969551086
0.3858344852924347
0.09234385937452316
0.12818744778633118
0.10858376324176788
0.16335302591323853
0.10774362832307816
0.34916234016418457
0.20168715715408325
0.41192880272865295
0.36933964490890503
0.5721966624259949
0.5054823160171509
0.26089152693748474
0.36430248618125916
0.31758639216423035
0.27075624465942383
0.25807079672813416
0.19067756831645966
0.1954382210969925
0.4050121605396271
0.2613515555858612
0.3777829706668854
0.6016604900360107
0.28982415795326233
0.3595098555088043
0.18952934443950653
0.2430182546377182
0.3633396327495575
0.3734927475452423
0.30155882239341736
0.2934412360191345
0.21882864832878113
0.39341700077056885
0.16818074882030487
0.2479386031627655
0.051074687391519547
0.037327829748392105
0.06721662729978561
0.20322279632091522
0.08029131591320038
0.2371942698955536
0.28455114364624023
0.07842127978801727
0.3872411847114563
0.2212017923593521
0.16971249878406525
0.12278153002262115
0.37687110900878906
0.08690585941076279
0.11059987545013428
0.48817676305770874
0.4417676031589508
0.36315998435020447
0.6367475390434265
0.3735007643699646
0.4063301682472229
0.08730146288871765
0.2593625485897064
0.1578616499900818
0.24808280169963837
0.14999815821647644
0.4700463116168976
0.3827706575393677
0.17039862275123596
0.3046099841594696
0.49649810791015625
0.4700997769832611
0.2976357042789459
0.320424348115921
0.27406376600265503
0.05212205648422241
0.04365126043558121
0.2175462543964386
0.08372373133897781
0.029422683641314507
0.03861035034060478
0.2664068639278412
0.20194704830646515
0.06595984846353531
0.186198890209198
0.3618222773075104
0.4091833531856537
0.48951980471611023
0.52708899974823
0.45270973443984985
0.2876589298248291
0.3062474727630615
0.20099420845508575
0.07333432137966156
0.24642272293567657
0.25232604146003723
0.11772625893354416
0.14323236048221588
0.2225404530763626
0.36181363463401794
0.6048341989517212
0.4659222960472107
0.5532243847846985
0.33082315325737
0.3687380850315094
0.24181008338928223
0.24047838151454926
0.20052391290664673
0.27778348326683044
0.21546326577663422
0.11743727326393127
0.0961056724190712
0.22208034992218018
0.3978027403354645
0.4396473467350006
0.11945132166147232
0.13241606950759888
0.07479611039161682
0.09216716140508652
0.0480627566576004
0.04649926722049713
0.06497827917337418
0.15819941461086273
0.12882573902606964
0.3430500626564026
0.11201541870832443
0.37538522481918335
0.6394160389900208
0.24394233524799347
0.07797994464635849
0.15317967534065247
0.4195230305194855
0.2956492304801941
0.45674335956573486
0.3803170919418335
0.5005081295967102
0.5065215229988098
0.14394409954547882
0.3563847541809082
0.4812476336956024
0.225128173828125
0.21564388275146484
0.23643895983695984
0.1341654360294342
0.10417740792036057
0.5291984677314758
0.3542713224887848
0.08305083215236664
0.06731323152780533
0.20726816356182098
0.2485756129026413
0.05252032354474068
0.2984563708305359
0.14798013865947723
0.23443838953971863
0.26877284049987793
0.45678070187568665
0.6038678884506226
0.3103809058666229
0.36581656336784363
0.18537510931491852
0.0725676491856575
0.41988077759742737
0.29995372891426086
0.0673939511179924
0.30026042461395264
0.22857971489429474
0.25476256012916565
0.2685600519180298
