0.10581064224243164
0.13941216468811035
0.20551654696464539
0.3359142243862152
0.18650372326374054
0.14247581362724304
0.12854023277759552
0.18148602545261383
0.3598041534423828
0.10664493590593338
0.14398519694805145
0.10743704438209534
0.10137747973203659
0.1871986836194992
0.03847460076212883
0.060310591012239456
0.0889485776424408
0.11937867105007172
0.10929391533136368
0.12562260031700134
0.1474345475435257
0.14378543198108673
0.08712310343980789
0.21171964704990387
0.22759607434272766
0.16722507774829865
0.26692935824394226
0.31314605474472046
0.4674746096134186
0.21992595493793488
0.5239197015762329
0.49871355295181274
0.4830818176269531
0.23459193110466003
0.3052361309528351
0.5408172607421875
0.1716373711824417
0.23407919704914093
0.2787744700908661
0.37536489963531494
0.3695574104785919
0.3148426115512848
0.1840590089559555
0.22025862336158752
0.39445263147354126
0.3655335307121277
0.5754836201667786
0.3185087740421295
0.36141130328178406
0.4711376428604126
0.5595412254333496
0.23495939373970032
0.2528649866580963
0.445328027009964
0.3443324863910675
0.2044370323419571
0.13700611889362335
0.16573645174503326
0.15240243077278137
0.15913982689380646
0.043793730437755585
0.016973834484815598
0.021343551576137543
0.04370685666799545
0.028158225119113922
0.12308508902788162
0.4452458918094635
0.1381601244211197
0.18216663599014282
0.5438356995582581
0.17495660483837128
0.3869660794734955
0.43856707215309143
0.3265918493270874
0.4366208612918854
0.20380739867687225
0.4307843744754791
0.23745113611221313
0.29932901263237
0.2856599986553192
0.42143091559410095
0.3478657603263855
0.28180667757987976
0.47530996799468994
0.42300742864608765
0.5437046885490417
0.39756375551223755
0.63872891664505
0.6068561673164368
0.5361970067024231
0.45836400985717773
0.5962026119232178
0.29719486832618713
0.26527154445648193
0.416036993265152
0.26625052094459534
0.3009015619754791
0.37580934166908264
0.48019829392433167
0.22800298035144806
0.20308364927768707
0.3070029318332672
0.33442583680152893
0.2241908758878708
0.27626505494117737
0.30692005157470703
0.3499174118041992
0.30375903844833374
0.5414486527442932
0.3746470510959625
0.4140961468219757
0.43815627694129944
0.19565854966640472
0.3486356735229492
0.38850143551826477
0.5335990786552429
0.142144113779068
0.13977918028831482
0.16878999769687653
0.35785022377967834
0.13398946821689606
0.0921696200966835
0.07158110290765762
0.1309448778629303
0.06448256969451904
0.11931897699832916
0.17007006704807281
0.2731562852859497
0.10546517372131348
0.24917881190776825
0.20589475333690643
0.1254873126745224
0.33556613326072693
0.24616305530071259
0.36769789457321167
0.3360959589481354
0.42918360233306885
0.3457629978656769
0.23618830740451813
0.1544310301542282
0.44869673252105713
0.43671873211860657
0.48397260904312134
0.20525866746902466
0.3112999498844147
0.41124477982521057
0.20698247849941254
0.1287454068660736
0.14885297417640686
0.31198614835739136
0.13119763135910034
0.08185385912656784
0.09009945392608643
0.31120437383651733
0.12867051362991333
0.13035984337329865
0.08754964172840118
0.1896754801273346
0.26900389790534973
0.13609068095684052
0.10476599633693695
0.05065012350678444
0.061840567737817764
0.04069057106971741
0.016287242993712425
0.028959525749087334
0.017115125432610512
0.16875016689300537
0.14359097182750702
0.5054429173469543
0.47992971539497375
0.04803331568837166
0.14146089553833008
0.21213288605213165
0.09066983312368393
0.18071267008781433
0.19275690615177155
0.21373935043811798
0.035695742815732956
0.21830935776233673
0.1888655424118042
0.09801844507455826
0.14204774796962738
0.10260596871376038
0.30666154623031616
0.0796140804886818
0.11627740412950516
0.23758523166179657
0.10023366659879684
0.16701404750347137
0.3205253481864929
0.17159993946552277
0.32992836833000183
0.44623544812202454
0.5633059740066528
0.20714867115020752
0.1280069798231125
0.4960087835788727
0.5534150004386902
0.27397075295448303
0.1278565675020218
0.5102804899215698
0.41109296679496765
0.21980302035808563
0.36253657937049866
0.13435961306095123
0.258087158203125
0.229481041431427
0.3707520067691803
0.021453019231557846
0.09884063154459
0.20109815895557404
0.0937577560544014
0.033194370567798615
0.12332727015018463
0.1181868314743042
0.11285851150751114
0.07875724881887436
0.027956731617450714
0.059513311833143234
0.032865215092897415
0.040638260543346405
0.14340049028396606
0.07784304022789001
0.25870901346206665
0.13386602699756622
0.30438104271888733
