0.17457593977451324
0.09351806342601776
0.11241231113672256
0.12231156975030899
0.11449301242828369
0.3673692047595978
0.08571843802928925
0.22337648272514343
0.12657077610492706
0.4010632038116455
0.29524075984954834
0.06892428547143936
0.031845416873693466
0.08474712073802948
0.05825567990541458
0.24044421315193176
0.32077649235725403
0.36900901794433594
0.3375098407268524
0.47494786977767944
0.31598931550979614
0.447494238615036
0.6719547510147095
0.2590883672237396
0.4533754587173462
0.3567173480987549
0.19610922038555145
0.4816373884677887
0.6074601411819458
0.43206942081451416
0.3671506941318512
0.5198701620101929
0.5971267819404602
0.5347462892532349
0.09969525784254074
0.44718366861343384
0.1940835863351822
0.18552811443805695
0.056770723313093185
0.05353892967104912
0.03592972457408905
0.07741470634937286
0.11024533957242966
0.4773085415363312
0.5192044973373413
0.23001070320606232
0.22720135748386383
0.36382293701171875
0.39609161019325256
0.44648632407188416
0.3093220293521881
0.15979279577732086
0.41954725980758667
0.4377421438694
0.22667557001113892
0.13143642246723175
0.2410518079996109
0.3056396543979645
0.24885781109333038
0.30184540152549744
0.21524353325366974
0.05491289868950844
0.04790748655796051
0.040509648621082306
0.13165347278118134
0.20990638434886932
0.6094340085983276
0.4000718295574188
0.44288375973701477
0.4607654809951782
0.4135534465312958
0.3462758958339691
0.15383437275886536
0.3475140929222107
0.2511916160583496
0.16525918245315552
0.3137272894382477
0.13869290053844452
0.18239064514636993
0.29245302081108093
0.2688573896884918
0.09383536130189896
0.2676295042037964
0.13668659329414368
0.025659805163741112
0.11143817007541656
0.15907365083694458
0.11136424541473389
0.30803486704826355
0.22729672491550446
0.02930166944861412
0.24407413601875305
0.01402263157069683
0.1410122513771057
0.08033136278390884
0.14773423969745636
0.11426188051700592
0.442773699760437
0.04269668459892273
0.06835750490427017
0.25355783104896545
0.2904871702194214
0.023670271039009094
0.2623579502105713
0.3795323669910431
0.34112825989723206
0.267829954624176
0.5067504048347473
0.47429895401000977
0.3183441162109375
0.4495507776737213
0.2986525893211365
0.2764396071434021
0.41781359910964966
0.2305356115102768
0.4692937135696411
0.3846816420555115
0.5278350114822388
0.35493627190589905
0.44375187158584595
0.4221157133579254
0.48336538672447205
0.5811281800270081
0.5178965926170349
0.218563511967659
0.30241522192955017
0.2745749354362488
0.16116037964820862
0.17676138877868652
0.539781928062439
0.49921566247940063
0.47159093618392944
0.5405874848365784
0.4915127754211426
0.44721683859825134
0.7232668995857239
0.5967416763305664
0.7832161784172058
0.7333465218544006
0.48701873421669006
0.5573369860649109
0.6408383846282959
0.6247847676277161
0.6498225331306458
0.3009088933467865
0.723661482334137
0.3537006974220276
0.45155027508735657
0.3917105495929718
0.44848018884658813
0.2884391248226166
0.40817511081695557
0.49363914132118225
0.4910656213760376
0.4456329941749573
0.3223414123058319
0.44005638360977173
0.36151692271232605
0.44015681743621826
