0.07500440627336502
0.0690799355506897
0.15790148079395294
0.05550600588321686
0.10243751853704453
0.28711190819740295
0.306689590215683
0.31109485030174255
0.13216783106327057
0.37019509077072144
0.12923726439476013
0.2967802584171295
0.3963104486465454
0.451895147562027
0.5060274600982666
0.3455960750579834
0.40988123416900635
0.17970897257328033
0.37225669622421265
0.34180012345314026
0.21389730274677277
0.20867858827114105
0.15160028636455536
0.3723726272583008
0.18417879939079285
0.4552098512649536
0.4807990491390228
0.3532186448574066
0.4006515443325043
0.6729058623313904
0.7167218923568726
0.7136849164962769
0.2897478938102722
0.6642229557037354
0.6931942701339722
0.483797550201416
0.4916670024394989
0.8034462928771973
0.5402887463569641
0.5667984485626221
0.3888486921787262
0.22740526497364044
0.17091794312000275
0.14063937962055206
0.20149341225624084
0.15152356028556824
0.10087911039590836
0.16351239383220673
0.125067338347435
0.07080686092376709
0.12962467968463898
0.08466360718011856
0.17497001588344574
0.22025075554847717
0.24325799942016602
0.3829346001148224
0.37606075406074524
0.4813326895236969
0.756606936454773
0.7539042234420776
0.6368368268013
0.5780514478683472
0.49665138125419617
0.3532903492450714
0.42051926255226135
0.10691475123167038
0.0708804801106453
0.06441003829240799
0.07415880262851715
0.11780917644500732
0.08492819964885712
0.18622127175331116
0.20066788792610168
0.263647198677063
0.36753273010253906
0.5163495540618896
0.5741043090820312
0.6559551954269409
0.5360816121101379
0.5905864238739014
0.6357067227363586
0.5794637799263
0.30139145255088806
0.3189185857772827
0.11962977796792984
0.09215475618839264
0.07002732902765274
0.11635247617959976
0.10799100995063782
0.15862512588500977
0.17253561317920685
0.05503939092159271
0.0567077212035656
0.10682956874370575
0.14242437481880188
0.24579331278800964
0.29419025778770447
0.2568468153476715
0.19290830194950104
0.4935353100299835
0.5543429851531982
0.221669539809227
0.2839794456958771
0.20423872768878937
0.2063043713569641
0.22650130093097687
0.4057210385799408
0.19075694680213928
0.4058603346347809
0.23770806193351746
0.2989002764225006
0.3556485176086426
0.2602018415927887
0.2323533147573471
0.31102341413497925
0.20041994750499725
0.23167970776557922
0.2280309498310089
0.23750869929790497
0.17614679038524628
0.19740670919418335
0.16150949895381927
0.4062373638153076
0.374052494764328
0.21520429849624634
0.18905481696128845
0.11003454774618149
0.2986680269241333
0.4827459752559662
0.3118469715118408
0.20223982632160187
0.30043333768844604
0.30923885107040405
0.28858405351638794
0.22397764027118683
