0.15008844435214996
0.3765992224216461
0.1569618284702301
0.2436182200908661
0.1696406453847885
0.39585670828819275
0.1220669224858284
0.3938620090484619
0.13707344233989716
0.3844810128211975
0.5513713359832764
0.3404201567173004
0.5726478099822998
0.6339548826217651
0.5676713585853577
0.5483087301254272
0.4715549647808075
0.7004373669624329
0.8008020520210266
0.30061468482017517
0.42297330498695374
0.6794503927230835
0.7144600749015808
0.19614353775978088
0.7721570730209351
0.6798931956291199
0.596885085105896
0.2489951252937317
0.7734958529472351
0.7033092975616455
0.12508918344974518
0.18792453408241272
0.5948613882064819
0.38022294640541077
0.23012474179267883
0.2826443016529083
0.31138819456100464
0.34052005410194397
0.5464260578155518
0.28801387548446655
0.3969837725162506
0.5930810570716858
0.3989003896713257
0.7250273823738098
0.6505858302116394
0.5617011189460754
0.5804978013038635
0.45639166235923767
0.4611606001853943
0.5716551542282104
0.6879447102546692
0.5563081502914429
0.5670722126960754
0.39406272768974304
0.353670209646225
0.322632372379303
0.41954144835472107
0.2737787365913391
0.4414903521537781
0.1374102085828781
0.35839053988456726
0.154025137424469
0.3584233224391937
0.34957751631736755
0.39001667499542236
0.29519498348236084
0.14110417664051056
0.47642746567726135
0.28294673562049866
0.14730675518512726
0.35530680418014526
0.3071058392524719
0.25905442237854004
0.3988913595676422
0.38950246572494507
0.3280443251132965
0.5436126589775085
0.6403513550758362
0.5761420130729675
0.5388599634170532
0.542344868183136
0.42660191655158997
0.2974688410758972
0.4492188096046448
0.5436267852783203
0.3273603320121765
0.3641919195652008
0.31759586930274963
0.35351312160491943
0.35852643847465515
0.23284080624580383
0.40071019530296326
0.25815579295158386
0.2675890326499939
0.18489187955856323
0.1976262927055359
0.1397915780544281
0.28485143184661865
0.27939608693122864
0.3320261240005493
0.460906445980072
0.8185265064239502
0.6819722652435303
0.7989128232002258
0.5374465584754944
0.44357073307037354
0.524207353591919
0.48457586765289307
0.11454945057630539
0.18054907023906708
0.6184148192405701
0.32638853788375854
0.09978299587965012
0.3663890063762665
0.6413519978523254
0.24388821423053741
0.14908452332019806
0.5197414755821228
0.5104859471321106
0.3619912564754486
0.2476225197315216
0.2497224509716034
0.10964040458202362
0.12823215126991272
0.1325683295726776
0.149587020277977
0.023758763447403908
0.2294057160615921
0.26380667090415955
0.37230727076530457
0.18291634321212769
0.29270732402801514
0.24236774444580078
0.40445205569267273
0.23843008279800415
0.20908160507678986
0.47025224566459656
0.48958662152290344
0.5097360610961914
0.58976149559021
0.5721225738525391
0.3817979395389557
0.744695782661438
0.6158027052879333
0.8257315754890442
0.7693279981613159
0.7942931056022644
0.7688358426094055
0.7112815976142883
0.740331768989563
0.7080893516540527
0.6447950601577759
0.7632216811180115
0.8146016001701355
0.8726158738136292
0.8456399440765381
0.7738391757011414
0.5518638491630554
0.5155133605003357
0.6517820358276367
0.5884338617324829
0.3961023688316345
0.36444661021232605
0.4087904989719391
0.27638083696365356
0.28921017050743103
0.2272430807352066
0.15032722055912018
0.21409963071346283
0.21145322918891907
0.25528684258461
0.1607273370027542
0.23233480751514435
0.3377695083618164
0.5707119703292847
0.7937859892845154
0.47034958004951477
0.6030439734458923
0.2177058309316635
0.5337128043174744
0.3296321928501129
0.14657451212406158
0.16041779518127441
0.21868669986724854
0.1503857970237732
0.3824687600135803
0.32306352257728577
