0.34506216645240784
0.7020819783210754
0.6912972331047058
0.524626612663269
0.2460511028766632
0.329188734292984
0.6099246144294739
0.22285668551921844
0.23374857008457184
0.3853876292705536
0.4440265893936157
0.22093237936496735
0.18085701763629913
0.309372216463089
0.4194304049015045
0.25281578302383423
0.2770383059978485
0.5845213532447815
0.6512740254402161
0.26603397727012634
0.28712502121925354
0.8358950614929199
0.8121983408927917
0.6030908823013306
0.7065229415893555
0.9153249859809875
0.8055396676063538
0.6062520146369934
0.9216973185539246
0.9300187230110168
0.7252165675163269
0.7376126646995544
0.8957901000976562
0.8961510062217712
0.7946171760559082
0.8749617338180542
0.8021897673606873
0.7825948596000671
0.7315826416015625
0.8162513375282288
0.7821906805038452
0.5502442717552185
0.7003099918365479
0.818832278251648
0.5863597989082336
0.4428429901599884
0.8778393268585205
0.8169906139373779
0.529339611530304
0.5458499193191528
0.8594620823860168
0.7662968039512634
0.20829132199287415
0.8895796537399292
0.8691180944442749
0.5777616500854492
0.529872477054596
0.8142701983451843
0.7390000820159912
0.38209763169288635
0.41527751088142395
0.49640533328056335
0.5289837718009949
