0.21451027691364288
0.25160470604896545
0.32316961884498596
0.3138791620731354
0.5925602912902832
0.47266536951065063
0.5964247584342957
0.6610417366027832
0.5095413327217102
0.6542826890945435
0.6392790675163269
0.5789387822151184
0.5347435474395752
0.8075115084648132
0.756031334400177
0.5422881245613098
0.8203394412994385
0.5291810035705566
0.7150775194168091
0.6997358202934265
0.8214819431304932
0.7751954793930054
0.7218769788742065
0.5436405539512634
0.6506454348564148
0.47199562191963196
0.4446200728416443
0.25157177448272705
0.3302348852157593
0.2506946921348572
0.33210572600364685
0.3587077558040619
0.3505626320838928
0.32618948817253113
0.21675728261470795
0.22378487884998322
0.524912416934967
0.20042754709720612
0.2543506920337677
0.35108456015586853
0.4549141526222229
0.23555925488471985
0.4118308126926422
0.537860095500946
0.49447113275527954
0.425740510225296
0.43213000893592834
0.5627465844154358
0.5094740986824036
0.24341347813606262
0.34003639221191406
0.5347222685813904
0.21396461129188538
0.08756090700626373
0.4186718761920929
0.4989630877971649
0.12485931068658829
0.058156564831733704
0.6827043890953064
0.0899726152420044
0.08811991661787033
0.4335853159427643
0.5245317816734314
0.2901996076107025
0.20136970281600952
0.21509785950183868
0.31363311409950256
0.264222651720047
0.11852762848138809
0.043414175510406494
0.28998517990112305
0.202350452542305
0.2166963517665863
0.2269917130470276
0.2627570927143097
0.20856621861457825
0.11417847126722336
0.2787233591079712
0.15696267783641815
0.14720748364925385
0.15078385174274445
0.21654649078845978
0.17307212948799133
0.22062651813030243
0.17304527759552002
0.29424434900283813
0.3305279016494751
0.3437351882457733
0.27027469873428345
0.37079164385795593
0.5117366909980774
0.4914984703063965
0.3801683485507965
0.42362648248672485
0.6545465588569641
0.2398441880941391
0.3737448453903198
0.37131306529045105
0.31500542163848877
0.21496014297008514
0.06741534173488617
0.6574366092681885
0.09359744936227798
0.16700828075408936
0.5725743770599365
0.7847615480422974
0.36999568343162537
0.5694842338562012
0.2993442416191101
0.5103821754455566
0.4561789929866791
0.21040916442871094
0.06290152668952942
0.47147253155708313
0.30026713013648987
0.22586382925510406
0.2638486325740814
0.2941637933254242
0.3658335506916046
0.29144158959388733
0.24081529676914215
0.33361974358558655
0.20943300426006317
0.2252001017332077
0.35988736152648926
0.35416990518569946
0.44106391072273254
0.36002856492996216
0.1614742875099182
0.48428869247436523
0.38800403475761414
0.4813113808631897
0.39771172404289246
0.43431609869003296
0.3512047827243805
0.46056249737739563
0.5098283886909485
0.2747999429702759
0.621777355670929
0.3605204224586487
0.28275126218795776
0.52657151222229
0.6655155420303345
0.5320935845375061
0.15843436121940613
0.7212166786193848
0.1705443561077118
0.20874492824077606
0.49233272671699524
0.738237202167511
0.5505772829055786
0.35392189025878906
0.36174896359443665
0.3418789803981781
0.3857676088809967
0.33645641803741455
0.4765397608280182
0.4382573664188385
0.11334557086229324
0.4166403114795685
0.2858824133872986
0.17405958473682404
0.19782434403896332
0.32297283411026
0.2906530201435089
0.05594193935394287
0.19863994419574738
0.21256883442401886
0.27674078941345215
0.40401723980903625
0.30808207392692566
0.3308115303516388
0.46805524826049805
0.3284066617488861
0.7688915133476257
0.1829868108034134
0.13275960087776184
0.5372632145881653
0.3987782895565033
0.23076891899108887
0.0763060599565506
0.6755570769309998
0.11678310483694077
0.30533602833747864
0.5910828113555908
0.7514767646789551
0.35172903537750244
0.24352066218852997
0.6509352326393127
0.47432824969291687
0.48844438791275024
0.6211360692977905
0.4901471734046936
0.42289677262306213
0.5101489424705505
0.5451260209083557
0.5286243557929993
0.4037356972694397
0.538898766040802
0.12929710745811462
0.273398220539093
0.1712031364440918
0.21564176678657532
0.12105202674865723
0.2885044515132904
0.226683109998703
0.06438922882080078
0.1265174001455307
0.1854863464832306
0.2486782670021057
0.2757757902145386
0.29570284485816956
0.3754059374332428
0.48024415969848633
0.25274085998535156
0.7862997651100159
0.20446400344371796
0.20376040041446686
0.3896896243095398
0.7004618048667908
0.09615842252969742
0.052055347710847855
0.6193813681602478
0.20506525039672852
0.21257424354553223
0.34935274720191956
0.42915526032447815
0.3900283873081207
0.5363174676895142
0.3118557333946228
0.36971914768218994
0.2898346185684204
0.39117249846458435
0.06104116886854172
0.2817002832889557
0.2319210320711136
0.23870107531547546
0.20606769621372223
0.24749751389026642
0.15415294468402863
0.22887665033340454
0.35800719261169434
0.26085570454597473
0.35254621505737305
0.4031105041503906
0.35963916778564453
0.5055262446403503
0.6268883943557739
0.2654505968093872
0.8034752011299133
0.36891868710517883
0.24083276093006134
0.82594233751297
0.9121503829956055
0.22132499516010284
0.07883813232183456
0.8469896912574768
0.1783720850944519
0.2883262634277344
0.541612446308136
0.8301340937614441
0.4190432131290436
0.46092596650123596
0.276765376329422
0.33476367592811584
0.21260353922843933
0.23978884518146515
0.06699653714895248
0.19403071701526642
0.07626166939735413
0.16153213381767273
0.13646163046360016
0.10487878322601318
0.16160652041435242
0.11459199339151382
0.18313828110694885
0.1637556105852127
0.3330121636390686
0.4437462091445923
0.3854682743549347
0.4039079248905182
0.5873512625694275
0.3197286128997803
0.892048180103302
0.1286962479352951
0.23113884031772614
0.7271543145179749
0.5512534976005554
0.128225639462471
0.06545397639274597
0.7490414381027222
0.06433036923408508
0.1263103187084198
0.6162193417549133
0.3612658679485321
0.1673489660024643
0.12073532491922379
0.5185777544975281
0.3824794888496399
0.17920345067977905
0.36934465169906616
0.5535953640937805
0.3426399528980255
0.24230390787124634
0.5295060873031616
0.5305814743041992
0.5776516795158386
0.16701219975948334
0.38337820768356323
0.3674556016921997
0.3456130921840668
0.15659837424755096
0.4139416515827179
0.4432462155818939
0.29221653938293457
0.14823700487613678
0.36969175934791565
0.2364138513803482
0.10835307836532593
0.2260880023241043
0.37908735871315
0.1647028774023056
0.09955600649118423
0.37600070238113403
0.3417761027812958
0.18784821033477783
0.13720110058784485
0.3348773419857025
0.26137566566467285
0.09742197394371033
0.21367013454437256
0.41992464661598206
0.4237499237060547
0.3835667669773102
0.42130446434020996
0.42653265595436096
0.68998783826828
0.34648022055625916
0.849051296710968
0.16670601069927216
0.33847522735595703
0.4893544018268585
0.6872056126594543
0.20031549036502838
0.0776248499751091
0.6156519055366516
0.1719927340745926
0.311601459980011
0.2515106797218323
0.46992895007133484
0.3507557213306427
0.32984310388565063
0.42994752526283264
0.45980963110923767
0.45060694217681885
0.23657968640327454
0.06893208622932434
0.309262216091156
0.29221490025520325
0.21730799973011017
0.15206390619277954
0.29662203788757324
0.33577123284339905
0.12675471603870392
0.31209999322891235
0.4329850673675537
0.3705209791660309
0.3073543608188629
0.23071952164173126
0.3289424479007721
0.3026729226112366
0.1311977654695511
0.32175472378730774
0.3340567648410797
0.13572870194911957
0.1226818710565567
0.521654486656189
0.0924418494105339
0.12949050962924957
0.3929999768733978
0.6180329918861389
0.13179238140583038
0.05352212116122246
0.5476731061935425
0.13423827290534973
0.152254119515419
0.2709973156452179
0.5135100483894348
0.4092980921268463
0.31299081444740295
0.3455120623111725
0.29622888565063477
0.418831467628479
0.5162342190742493
0.24729855358600616
0.08524224162101746
0.34417667984962463
0.5840142369270325
0.18821585178375244
0.1383722573518753
0.6197709441184998
0.25994113087654114
0.08548879623413086
0.4565217196941376
0.4572497606277466
0.23425009846687317
0.5607231855392456
0.26113858819007874
0.5256749987602234
0.2908990979194641
0.5146445035934448
0.4029581546783447
0.4368441104888916
0.386555016040802
0.5801571607589722
0.21342021226882935
0.25160127878189087
0.20893730223178864
0.18435528874397278
0.2151205986738205
0.23545578122138977
0.29285117983818054
0.22065702080726624
0.08248487859964371
0.18303325772285461
0.3358975648880005
0.45257869362831116
0.35942378640174866
0.24956484138965607
0.43745556473731995
0.40220046043395996
0.41667741537094116
0.5414970517158508
0.5338811278343201
0.5348384976387024
0.6992293000221252
0.17048399150371552
0.25876837968826294
0.6161872744560242
0.37886688113212585
0.23099258542060852
0.03303135558962822
0.6791654229164124
0.14390002191066742
0.1966300755739212
0.2665824592113495
0.4679951071739197
0.37163597345352173
0.08457109332084656
0.12222836911678314
0.12891383469104767
0.20294171571731567
0.12980367243289948
0.03492804616689682
0.05917080119252205
0.17497903108596802
0.23718459904193878
0.17905299365520477
0.22984249889850616
0.29990553855895996
0.12932084500789642
0.3562384843826294
0.35209906101226807
0.5222627520561218
0.46064266562461853
0.5348883867263794
0.5808208584785461
0.5745846033096313
0.5175423622131348
0.6862080693244934
0.28936105966567993
0.6054520010948181
0.6710164546966553
0.2562464773654938
0.3323769271373749
0.4088553786277771
0.4334244728088379
0.04182794690132141
0.5255603194236755
0.4909968972206116
0.14407195150852203
0.17840297520160675
