0.44743284583091736
0.7614368796348572
0.6745757460594177
0.7712790966033936
0.7118447422981262
0.701862096786499
0.8266457319259644
0.8280397653579712
0.8469616770744324
0.811690092086792
0.653563916683197
0.6314142346382141
0.5384970307350159
0.22211018204689026
0.2746216356754303
0.27392950654029846
0.18417592346668243
0.12512072920799255
0.1944701224565506
0.2483004778623581
0.09152641147375107
0.27222177386283875
0.45487287640571594
0.6495370268821716
0.4864546060562134
0.12044012546539307
0.3515733778476715
0.4097224771976471
0.7509060502052307
0.6653447151184082
0.7854135036468506
0.7940508127212524
0.7162627577781677
0.5218610763549805
0.7119461894035339
0.8505920767784119
0.5862677693367004
0.543685257434845
0.3852595388889313
0.15326237678527832
0.3186076879501343
0.09558696299791336
0.08543293178081512
0.3600074350833893
0.38080328702926636
0.4482056200504303
0.6512714624404907
0.28855711221694946
0.47937923669815063
0.47621726989746094
0.5613524317741394
0.4230183959007263
0.3587232530117035
0.4533437192440033
0.5380315184593201
0.8012347221374512
0.49654728174209595
0.8176635503768921
0.3209957182407379
0.7301450967788696
0.2748377323150635
0.6785492300987244
0.5358522534370422
0.21110793948173523
0.29079774022102356
0.10517587512731552
0.3590945899486542
0.28508684039115906
0.4782879650592804
0.43416228890419006
0.5973661541938782
0.5491788983345032
0.48630571365356445
0.4010767638683319
0.5237107276916504
0.7494621872901917
0.6032857894897461
0.6901373267173767
0.581342339515686
0.5626482367515564
0.27458852529525757
0.64021235704422
0.6712747812271118
0.821397066116333
0.7502782344818115
0.9269158244132996
0.7815921902656555
0.9074390530586243
0.6020434498786926
0.8347367644309998
0.6636306643486023
0.662033200263977
0.6757457852363586
0.6255150437355042
0.4788144528865814
0.4316208064556122
0.49117815494537354
0.5035504698753357
0.39867934584617615
0.6562941074371338
0.3730417788028717
0.2371513843536377
0.24239778518676758
0.12994419038295746
0.29438096284866333
0.1983885020017624
0.6108167767524719
0.5172309279441833
0.7436473965644836
0.6641419529914856
0.8247738480567932
0.6350672841072083
0.5166972279548645
0.5265033841133118
0.4769868850708008
0.4449753761291504
0.5001242756843567
0.6310470700263977
0.3837131857872009
0.2382422536611557
0.45642954111099243
0.41249409317970276
0.4401707649230957
0.6381476521492004
0.19125822186470032
0.4199238717556
0.2457178682088852
0.3277817666530609
0.22722244262695312
0.24381200969219208
0.5375124216079712
0.20682165026664734
0.454116553068161
0.6807287931442261
0.4881684482097626
0.6748450994491577
0.5120388269424438
0.7119777798652649
0.5205007195472717
0.743570864200592
0.7305136322975159
0.8504990339279175
0.7962017059326172
0.7029910683631897
0.5430801510810852
0.6053229570388794
0.6838999390602112
0.5602537989616394
0.5614550709724426
0.530064582824707
0.43153461813926697
0.36813274025917053
0.3253962993621826
0.4433811604976654
0.3783862888813019
0.32292255759239197
0.30096033215522766
0.41560298204421997
0.3727726340293884
0.19251888990402222
0.3132295310497284
0.10165099799633026
0.35992231965065
0.36205342411994934
0.41043397784233093
0.2047644555568695
0.17453187704086304
0.3194645643234253
0.20284722745418549
0.25850391387939453
0.0883551836013794
0.34581130743026733
0.21843960881233215
0.16130901873111725
