0.20279566943645477
0.33181682229042053
0.21341000497341156
0.7284645438194275
0.47001421451568604
0.9217569828033447
0.4360383152961731
0.9719622135162354
0.41538241505622864
0.9055712223052979
0.4469616711139679
0.6555905938148499
0.48426395654678345
0.8659354448318481
0.5781335234642029
0.29234012961387634
0.23243090510368347
0.9233936667442322
0.3324621617794037
0.12658222019672394
0.7320806980133057
0.8531457185745239
0.16705405712127686
0.29830312728881836
0.9165267944335938
0.6828364729881287
0.3751251697540283
0.6198239922523499
0.34727174043655396
0.49808555841445923
0.8212164640426636
0.972580075263977
0.8504055738449097
0.9891252517700195
0.9438450932502747
0.9804962873458862
0.8594527244567871
0.9243872165679932
0.9416009187698364
0.935057520866394
0.9121296405792236
0.9685364961624146
0.9539093375205994
0.9621416926383972
0.9561913013458252
0.9358136057853699
0.9011018872261047
0.852295994758606
0.9447281360626221
0.8428427577018738
0.7854257822036743
0.7956845164299011
0.7525322437286377
0.7752913236618042
0.470785528421402
0.8757830262184143
0.605311930179596
0.9620636701583862
0.44181153178215027
0.9397873282432556
0.29153886437416077
0.24979348480701447
0.45621755719184875
0.2516845166683197
0.2081524133682251
0.3772243559360504
0.5938994288444519
0.27866214513778687
0.05939379706978798
0.6388394832611084
0.36237606406211853
0.2000952661037445
0.1680258810520172
0.7122108340263367
0.3215712010860443
0.4387340545654297
0.7210612893104553
0.7141746878623962
0.9252502918243408
0.9319414496421814
0.9600904583930969
0.8596861958503723
0.9728361964225769
0.8987057209014893
0.9850703477859497
0.9113456010818481
0.9850584864616394
0.9088584184646606
0.9360915422439575
0.9028463363647461
0.8429091572761536
0.757836103439331
0.913983166217804
0.4903903007507324
0.8725448846817017
0.9454765319824219
0.6477716565132141
0.6136542558670044
0.9584490656852722
0.6152189373970032
0.5258222222328186
0.7818719744682312
0.8578667044639587
0.5251935124397278
0.5765236616134644
0.5514633655548096
