0.12131641805171967
0.2983444333076477
0.43099045753479004
0.31838110089302063
0.24203379452228546
0.10315913707017899
0.16735072433948517
0.16319167613983154
0.17573592066764832
0.041513632982969284
0.32165756821632385
0.34541192650794983
0.176506906747818
0.482025146484375
0.5441247820854187
0.8501107692718506
0.6198532581329346
0.9617646336555481
0.7524727582931519
0.9309107661247253
0.9627066850662231
0.8943833112716675
0.9127254486083984
0.9205090403556824
0.6580494046211243
0.3761688768863678
0.12269648164510727
0.08523699641227722
0.11084835231304169
0.2541046440601349
0.26197516918182373
0.4148915708065033
0.46788179874420166
0.5678049921989441
0.35140466690063477
0.7563450932502747
0.685185432434082
0.8250026702880859
0.7623246312141418
0.4306725561618805
0.6247067451477051
0.6312837600708008
0.9512131810188293
0.92075115442276
0.9693548679351807
0.977110743522644
0.9879570007324219
0.9849887490272522
0.978985071182251
0.9896963238716125
0.9462642669677734
0.9728633165359497
0.9147889018058777
0.4322265088558197
0.6477309465408325
0.971666157245636
0.9235207438468933
0.321100652217865
0.8492448925971985
0.9831123352050781
0.9436165690422058
0.4691038131713867
0.9699087142944336
0.9775051474571228
0.9093801975250244
0.9034607410430908
0.8710660338401794
0.9386119842529297
0.895244836807251
0.7193477749824524
0.5084193348884583
0.5514023900032043
0.2804545760154724
0.11924897134304047
0.15180177986621857
0.11912165582180023
0.09871846437454224
0.12061672657728195
0.11790695786476135
0.573881208896637
0.42209285497665405
0.7028930187225342
0.3444554805755615
0.27371254563331604
0.6021524667739868
0.8706179857254028
0.716174840927124
0.9496481418609619
0.9503962397575378
0.9823644757270813
0.5888403058052063
0.6995632648468018
0.9374121427536011
0.9345162510871887
0.16041700541973114
0.6368322968482971
0.9569610953330994
0.89901202917099
0.428784042596817
0.6585562229156494
0.7131693959236145
0.4601236581802368
0.2571016550064087
0.38854774832725525
0.14048346877098083
0.16458232700824738
0.18239113688468933
0.09610526263713837
0.19177232682704926
0.3882524073123932
0.3520296812057495
0.322689414024353
0.33523017168045044
0.5003703236579895
0.7277732491493225
0.57369464635849
0.6029419302940369
0.5638087391853333
0.346873939037323
0.437336802482605
0.7263081073760986
0.6811169981956482
0.8755266070365906
0.9564459919929504
0.9632577896118164
0.9148557782173157
0.9779989719390869
0.9528984427452087
0.9661705493927002
0.9218000769615173
