0.050435252487659454
0.04271681234240532
0.027815818786621094
0.03614935278892517
0.011706212535500526
0.03556327894330025
0.035592131316661835
0.025038016960024834
0.16758662462234497
0.13848204910755157
0.18624776601791382
0.24051642417907715
0.3522528409957886
0.1129564419388771
0.19739635288715363
0.4305349290370941
0.1547841578722
0.032025303691625595
0.23952296376228333
0.47805753350257874
0.27945104241371155
0.0890677347779274
0.4348986744880676
0.3124264180660248
0.1600603610277176
0.2568430006504059
0.21396932005882263
0.13681912422180176
0.039722491055727005
0.08204463124275208
0.09233660250902176
0.10005681961774826
0.05669766664505005
0.02841886505484581
0.014661620371043682
0.041089754551649094
0.13533969223499298
0.43123844265937805
0.22444026172161102
0.3829094171524048
0.34831562638282776
0.7330134510993958
0.2037767916917801
0.4704776406288147
0.22665663063526154
0.10141689330339432
0.08296948671340942
0.19876006245613098
0.27465710043907166
0.10910160839557648
0.044034041464328766
0.26340022683143616
0.5946569442749023
0.052926886826753616
0.05989084765315056
0.29064181447029114
0.26729732751846313
0.13688211143016815
0.4343193471431732
0.42436227202415466
0.40268707275390625
0.19668669998645782
0.20317290723323822
0.35645511746406555
0.15255440771579742
0.21471087634563446
0.12516482174396515
0.03536611795425415
0.035351116210222244
0.11327262967824936
0.06904778629541397
0.36174193024635315
0.18016216158866882
0.7410722374916077
0.6410188674926758
0.7396597266197205
0.618183434009552
0.6557026505470276
0.6194453239440918
0.7645195722579956
0.7612885236740112
0.7825474739074707
0.5830670595169067
0.526371419429779
0.7319472432136536
0.3598662316799164
0.2281174212694168
0.45908117294311523
0.6247010827064514
0.31736138463020325
0.32203394174575806
0.69708251953125
0.5342710614204407
0.7913665771484375
0.7362701892852783
0.39581337571144104
0.5711277723312378
0.6211226582527161
0.5914479494094849
0.4161904752254486
0.07395213842391968
0.12815609574317932
0.08262305706739426
0.0788489356637001
0.07411118596792221
0.07085473835468292
0.09705674648284912
0.04419262334704399
0.042320139706134796
0.08027765899896622
0.06029542163014412
0.016295377165079117
0.03629863262176514
0.03333272412419319
0.04960913211107254
0.08056122809648514
0.0221128910779953
0.03227100893855095
0.09544376283884048
0.05018128827214241
0.012736327014863491
0.010623949579894543
0.03453116491436958
0.061786651611328125
0.005230118986219168
0.020767051726579666
0.06727249175310135
0.031235476955771446
0.05607575923204422
0.04786260426044464
0.038511939346790314
0.007899700663983822
0.011202224530279636
0.0045769852586090565
0.00334670627489686
0.007022738456726074
0.008843201212584972
0.11891763657331467
0.2487693428993225
0.24982386827468872
0.20379675924777985
0.0463862307369709
0.014239099808037281
0.09021637588739395
0.0645219013094902
0.006416257005184889
0.04557083919644356
0.43301302194595337
0.08530008792877197
0.044873952865600586
0.02640102617442608
0.0406748466193676
0.02740754745900631
0.005089573562145233
0.019568806514143944
0.03346709534525871
0.04128076508641243
0.009252352640032768
0.05872439220547676
0.04066459834575653
0.01131017692387104
0.0036200087051838636
0.026334727182984352
0.026243872940540314
0.09959743916988373
0.08747334778308868
0.06854899972677231
0.15528835356235504
0.4372769892215729
0.5071321129798889
0.38286343216896057
0.34233754873275757
0.6492190957069397
0.5134397745132446
0.8485983610153198
0.8068436980247498
0.846067488193512
0.7847980856895447
0.48522138595581055
0.6384108066558838
0.425449937582016
0.402597576379776
0.2374066859483719
0.22357244789600372
0.7857059836387634
0.41634854674339294
0.42713871598243713
0.714687168598175
0.5183871984481812
0.40255656838417053
0.3817642033100128
0.7861060500144958
0.2511102259159088
0.22086487710475922
0.5926488041877747
0.5277516841888428
0.09501886367797852
0.20180410146713257
0.29131731390953064
0.13437406718730927
0.12061268836259842
0.06255451589822769
0.055423762649297714
0.14043593406677246
0.03866654634475708
0.01886211335659027
0.021066155284643173
0.011504488997161388
0.04206567630171776
0.1538902372121811
0.18483947217464447
0.08504205197095871
0.03620437905192375
0.3542342185974121
0.38209837675094604
0.047533176839351654
0.23901163041591644
0.041171520948410034
0.22619976103305817
0.25632062554359436
0.2659682333469391
0.1960805505514145
0.16480012238025665
0.4017397165298462
0.1543658971786499
0.2701456844806671
0.443487286567688
0.3744058609008789
0.31168797612190247
0.6001771092414856
0.6840450763702393
0.4044860303401947
0.7050070762634277
0.3389078974723816
0.062028918415308
0.4825650751590729
0.4242841303348541
0.2043662965297699
0.11574835330247879
0.43175217509269714
0.3119363784790039
0.08408474177122116
0.3372172713279724
0.5220486521720886
0.12670299410820007
0.1009860634803772
0.4341360926628113
0.11313377320766449
0.1033049002289772
0.3291446268558502
0.40823692083358765
0.2842530310153961
0.31158319115638733
0.30232563614845276
0.2523593306541443
0.046584803611040115
0.18235252797603607
0.18844226002693176
0.03606138005852699
0.04541636258363724
0.018876945599913597
0.0203968845307827
0.006891374941915274
0.0007809187518432736
0.004093765281140804
0.0070576476864516735
0.007736729923635721
0.009845342487096786
0.03474985063076019
0.028997143730521202
0.026124736294150352
0.06005743518471718
0.023768363520503044
0.03048902191221714
0.11935700476169586
0.10859917104244232
0.12974120676517487
0.18454448878765106
0.15454933047294617
0.15852761268615723
0.12239149212837219
0.4335080087184906
0.35196536779403687
0.4972677230834961
0.7683686017990112
0.68079674243927
0.676675021648407
0.4491254389286041
0.7073900103569031
0.5132187008857727
0.5264120697975159
0.2328602522611618
0.5645897388458252
0.16451168060302734
0.30370649695396423
0.4138242304325104
0.1519685983657837
0.4407081604003906
0.2604922354221344
0.2029523253440857
0.1647118180990219
0.144954651594162
0.12538005411624908
0.1581367552280426
0.04319082573056221
0.07251802831888199
0.03519381210207939
0.025712870061397552
0.20531779527664185
0.2623019516468048
0.11836200207471848
0.10781769454479218
0.26070964336395264
0.25402769446372986
0.12918463349342346
0.04246293380856514
0.2693479359149933
0.348590612411499
0.1769285798072815
0.2745826244354248
0.37754982709884644
0.5607901215553284
0.3404085040092468
0.2593439519405365
0.6242135763168335
0.5861531496047974
0.6514697670936584
