0.02546829916536808
0.3872130811214447
0.28680843114852905
0.07682856917381287
0.22058500349521637
0.20365634560585022
0.07695574313402176
0.4103928208351135
0.13815850019454956
0.06045049428939819
0.04957827925682068
0.16906240582466125
0.08747867494821548
0.2762061655521393
0.07648607343435287
0.022914843633770943
0.16031059622764587
0.08933572471141815
0.07670143991708755
0.062655508518219
0.345023512840271
0.0797484815120697
0.12261507660150528
0.5182554721832275
0.4150436520576477
0.28432798385620117
0.8614805340766907
0.7234433889389038
0.21038001775741577
0.14104126393795013
0.3405393362045288
0.32112687826156616
0.11406935751438141
0.10283220559358597
0.5525794625282288
0.6089760661125183
0.20336614549160004
0.6506579518318176
0.18779367208480835
0.2927643358707428
0.15918847918510437
0.1950794756412506
0.21253646910190582
0.7592170834541321
0.5942155122756958
0.8034636974334717
0.521451473236084
0.8885723352432251
0.7146679759025574
0.1397806704044342
0.8483572602272034
0.9540303349494934
0.3789209723472595
0.14775732159614563
0.9082663655281067
0.958520770072937
0.18095120787620544
0.20883478224277496
0.919536828994751
0.5833532214164734
0.09810848534107208
0.29187217354774475
0.23978941142559052
0.8454935550689697
0.6949792504310608
0.9202654957771301
0.8689979910850525
0.8453193306922913
0.7414820790290833
0.787611186504364
0.7707803845405579
0.8352466821670532
0.892223060131073
0.874593198299408
0.9301280975341797
0.8459659814834595
0.8249657154083252
0.7682321667671204
0.8255181908607483
0.8150579929351807
0.8928660154342651
0.8513732552528381
0.8802579641342163
0.9453266859054565
0.8962567448616028
0.9387033581733704
0.9115726947784424
0.9278556108474731
0.8189932107925415
0.9245085120201111
0.9463667273521423
0.8971337080001831
0.8314655423164368
0.8557819724082947
0.9676293134689331
0.9098633527755737
0.3301800787448883
0.8735764622688293
0.9754294157028198
0.8727444410324097
0.4916612207889557
0.9794610142707825
0.9835963845252991
0.7832804322242737
0.3877742290496826
0.1595521718263626
0.19591593742370605
0.15666364133358002
0.08910991996526718
0.33817028999328613
0.29358163475990295
0.710073709487915
0.32254815101623535
0.8282776474952698
0.6144662499427795
0.6746745109558105
0.5490148663520813
0.571027934551239
0.5723584890365601
0.7189425826072693
0.24967670440673828
0.5425907373428345
0.4188603460788727
0.3460385501384735
0.5225951671600342
0.5989182591438293
0.17452993988990784
0.49862241744995117
0.7558293342590332
0.4572733938694
0.5101834535598755
0.6492312550544739
0.865439772605896
0.48629093170166016
0.8165295124053955
0.7775766849517822
0.26453760266304016
0.10995741933584213
0.13268226385116577
0.10970444977283478
0.19340062141418457
0.22327525913715363
0.0850081816315651
0.1936698704957962
0.2036694884300232
0.21755032241344452
0.13222579658031464
0.06506791710853577
0.08823920786380768
0.09922606498003006
0.0201762393116951
0.059877436608076096
0.06862926483154297
0.052350837737321854
0.03436416760087013
0.09878284484148026
0.09891960769891739
0.03253023698925972
0.11354410648345947
0.28817370533943176
0.2729150950908661
0.08166901022195816
0.01818545162677765
0.022965082898736
0.04025238752365112
0.05231385678052902
0.010279274545609951
0.0092593589797616
0.006471870467066765
0.005959725473076105
0.019554516300559044
0.01241470966488123
0.09877036511898041
0.07173693180084229
0.11102872341871262
0.37116745114326477
0.6919898986816406
0.8458027243614197
0.5445191264152527
0.549410879611969
0.4372493624687195
0.27785223722457886
0.14846059679985046
0.106707364320755
0.09499645233154297
0.1535622626543045
0.04210207611322403
0.05976488068699837
0.027734076604247093
0.11441448330879211
0.05719951167702675
0.018597979098558426
0.09324900060892105
0.17804600298404694
0.15241371095180511
0.08066480606794357
0.05397164076566696
0.0358537882566452
0.017985358834266663
0.00977286510169506
0.01635565049946308
0.0097257811576128
0.048099685460329056
0.07022853940725327
0.13378788530826569
0.11866942048072815
0.1992824524641037
0.12707164883613586
0.10943014174699783
0.18653970956802368
0.14675579965114594
0.3508809804916382
0.22466148436069489
0.07283621281385422
0.0518236942589283
0.1378406137228012
0.051349472254514694
0.06186633184552193
0.0368325337767601
0.020728707313537598
0.06129094585776329
0.03125787526369095
0.036841485649347305
0.04244924709200859
0.017104484140872955
0.004510914441198111
0.007709231693297625
0.02596179023385048
0.00806763581931591
0.005961237940937281
0.006853342521935701
0.010649134404957294
0.005262333434075117
0.03997070714831352
0.02276349440217018
0.21956844627857208
0.3344644606113434
0.349176824092865
0.23357844352722168
0.15785664319992065
0.26871201395988464
0.32641342282295227
0.43999138474464417
0.5324284434318542
0.1926935911178589
0.6314040422439575
0.1958918273448944
0.30178895592689514
0.38508501648902893
0.3132510781288147
0.10621313005685806
0.278615802526474
0.2910288870334625
0.39106687903404236
0.2664487659931183
0.10453873872756958
0.06651240587234497
0.023215768858790398
0.019242998212575912
0.08953680098056793
0.10357841849327087
0.0447770357131958
0.016973314806818962
0.03809652850031853
0.03440989553928375
0.004295306745916605
0.014008777216076851
0.041287802159786224
0.017122188583016396
0.031584568321704865
0.015135856345295906
0.03097013384103775
0.10990449041128159
0.12757234275341034
0.5041852593421936
0.6830809116363525
0.3651695251464844
0.6671152114868164
0.5187034010887146
0.39263299107551575
0.30198776721954346
0.11134380847215652
0.04738534986972809
0.11877091974020004
0.3957342505455017
0.13684259355068207
0.024880262091755867
0.311443030834198
0.499977171421051
0.1599358320236206
0.30976083874702454
0.1583636850118637
0.1562642604112625
0.17251291871070862
0.20899496972560883
0.7723827362060547
0.29948902130126953
0.20127557218074799
0.27858152985572815
0.7805417776107788
0.17723925411701202
0.22014887630939484
0.6365049481391907
0.28111734986305237
0.08481185138225555
0.09106656908988953
0.14842680096626282
0.05631176009774208
0.039530593901872635
0.027644464746117592
0.02018434926867485
0.024506743997335434
0.0331546813249588
0.03682208061218262
0.04563019797205925
0.10024222731590271
0.14250214397907257
0.2929779291152954
