0.1308843046426773
0.08197400718927383
0.10558827966451645
0.016905179247260094
0.07062923163175583
0.011455330066382885
0.031623996794223785
0.032489798963069916
0.10092047601938248
0.27291372418403625
0.21755604445934296
0.4293626844882965
0.05246696248650551
0.043851062655448914
0.17248792946338654
0.10313449054956436
0.01889199949800968
0.13631625473499298
0.1549385040998459
0.0726761445403099
0.030328435823321342
0.0753166675567627
0.08905132114887238
0.09572107344865799
0.12092684209346771
0.15287256240844727
0.043707218021154404
0.07538360357284546
0.04955953359603882
0.07771052420139313
0.07255595922470093
0.07813908159732819
0.03095977194607258
0.06261686235666275
0.21841609477996826
0.3277755081653595
0.08427730202674866
0.22149677574634552
0.3214530050754547
0.1932622790336609
0.09322657436132431
0.15277494490146637
0.15420493483543396
0.07172224670648575
0.05909424275159836
0.26678645610809326
0.1843855381011963
0.11604528874158859
0.06753186136484146
0.04925420507788658
0.1309470236301422
0.13417558372020721
0.12694619596004486
0.2078864574432373
0.10801846534013748
0.3411990702152252
0.2176111489534378
0.16966648399829865
0.043703608214855194
0.16645391285419464
0.24620278179645538
0.12752699851989746
0.23386116325855255
0.3311285078525543
0.24709518253803253
0.16807153820991516
0.23372003436088562
0.09348491579294205
0.03672533482313156
0.024063335731625557
0.04241739585995674
0.024161381646990776
0.2706924378871918
0.23735468089580536
0.5480239391326904
0.22643381357192993
0.384010374546051
0.1849358081817627
0.09631185978651047
0.11667818576097488
0.1706601232290268
0.06447125971317291
0.16182735562324524
0.24154135584831238
0.31085968017578125
0.24009503424167633
0.434934139251709
0.10427653789520264
0.0790819600224495
0.13701216876506805
0.03035769611597061
0.09828422963619232
0.17876660823822021
0.05582728609442711
0.10546746104955673
0.10118704289197922
0.16734501719474792
0.1597449779510498
0.19624999165534973
0.16599257290363312
0.2561173439025879
0.578066885471344
0.7795105576515198
0.1836579591035843
0.31819191575050354
0.6792722344398499
0.5904508233070374
0.17484518885612488
0.536891758441925
0.8338046073913574
0.7744795680046082
0.8216059803962708
0.45602935552597046
0.2127763032913208
0.07554500550031662
0.02390478551387787
0.011196179315447807
0.03187756612896919
0.01805436983704567
0.07823425531387329
0.1137050911784172
0.07439352571964264
0.17615321278572083
0.2740100920200348
0.17234091460704803
0.4333709180355072
0.15618866682052612
0.09733326733112335
0.050153665244579315
0.062230825424194336
0.06859833002090454
0.05954555794596672
0.08497355133295059
0.10763891041278839
0.12388110160827637
0.22510415315628052
0.07650650292634964
0.36735060811042786
0.480171263217926
0.5671619772911072
0.7464545965194702
0.825199544429779
0.6517513394355774
0.6696744561195374
0.523759663105011
0.8592466115951538
0.720836341381073
0.14749513566493988
0.6707813143730164
0.6178654432296753
0.39680448174476624
0.04171261563897133
0.4956009089946747
0.3160191476345062
0.11693946272134781
0.05641639977693558
0.0815621167421341
0.1288866549730301
0.030575726181268692
0.03168482705950737
0.11496877670288086
0.1425376683473587
0.05777265131473541
0.060621876269578934
0.08518858253955841
0.07768747210502625
0.12241227179765701
0.08393366634845734
0.18028275668621063
0.3357277512550354
0.34561553597450256
0.19516627490520477
0.13120052218437195
0.2303692251443863
0.16894982755184174
0.12406766414642334
0.13071882724761963
0.25610390305519104
0.2109883427619934
0.21656695008277893
0.20633883774280548
0.4865259528160095
0.5784609317779541
0.3262080252170563
0.5203924775123596
0.768494725227356
0.6977254748344421
0.5423650145530701
0.5641994476318359
0.619441032409668
0.5488448143005371
0.672389566898346
0.7081113457679749
0.707137405872345
0.6552917957305908
0.7311224341392517
0.8109468817710876
0.7930808663368225
0.7889988422393799
0.8819890022277832
0.8215188980102539
0.7920700907707214
0.8720049262046814
0.8914183378219604
0.8215386867523193
0.7043668031692505
0.8880264759063721
0.819997251033783
0.8716964721679688
0.6076071262359619
0.7838225364685059
0.6100451350212097
0.6141108274459839
0.5568388104438782
0.7541750073432922
0.9075793027877808
0.9549415707588196
0.9432438611984253
0.8788607120513916
0.7426268458366394
0.3934742510318756
0.6670622825622559
0.5374897122383118
0.6142576336860657
0.6685596704483032
0.6822648644447327
0.6215499043464661
0.5235574841499329
0.6571078896522522
0.7360693216323853
0.5952595472335815
0.8346017599105835
0.7887771129608154
0.8582114577293396
0.803522527217865
0.889944314956665
0.8449883460998535
0.8396704196929932
0.7201659083366394
0.7466453313827515
0.5720934867858887
