0.1384078562259674
0.459881991147995
0.2756766378879547
0.2686104476451874
0.4021226167678833
0.31570684909820557
0.48988422751426697
0.15579475462436676
0.5986096858978271
0.8820056915283203
0.822087824344635
0.6730293035507202
0.24814987182617188
0.21073123812675476
0.08154222369194031
0.13007615506649017
0.07019960880279541
0.07034627348184586
0.30629634857177734
0.12073571234941483
0.19034188985824585
0.18645504117012024
0.09266439825296402
0.0750821977853775
0.05256921797990799
0.01737421192228794
0.024327171966433525
0.03489222750067711
0.0671406239271164
0.10773327946662903
0.3553958535194397
0.4173615276813507
0.11875127255916595
0.4839495122432709
0.4767094850540161
0.04063650593161583
0.31493473052978516
0.4086225628852844
0.3084796071052551
0.16905564069747925
0.4986785352230072
0.5504010319709778
0.42253637313842773
0.2358434498310089
0.29932156205177307
0.39384564757347107
0.10695437341928482
0.3259080946445465
0.06695637851953506
0.018182838335633278
0.02164399065077305
0.02259351871907711
0.0451580174267292
0.08103121817111969
0.057126667350530624
0.46345287561416626
0.5433300137519836
0.494366317987442
0.18201084434986115
0.13786891102790833
0.12390515953302383
0.04131491854786873
0.009718183428049088
0.05311927944421768
0.18086160719394684
0.03795138746500015
0.025817064568400383
0.2690557539463043
0.1834474503993988
0.21129538118839264
0.2042081505060196
0.07086800038814545
0.09569898992776871
0.006506707984954119
0.01644727773964405
0.01169221755117178
0.031535226851701736
0.07248233258724213
0.1791488528251648
0.04295656457543373
0.08963245153427124
0.47959089279174805
0.34201446175575256
0.08178049325942993
0.196525439620018
0.29007092118263245
0.15235362946987152
0.24587403237819672
0.7078996896743774
0.641090452671051
0.25437620282173157
0.7119662761688232
0.8405658006668091
0.8963502049446106
0.7610127925872803
0.7520454525947571
0.6246973276138306
0.3270631432533264
0.3062571883201599
0.3291389048099518
0.05634373426437378
0.08208133280277252
0.17369788885116577
0.1035366803407669
0.037465836852788925
0.13250760734081268
0.12047447264194489
0.03788149356842041
0.11326155811548233
0.30091696977615356
0.09300736337900162
0.07962919771671295
0.16806729137897491
0.0851631835103035
0.09652844071388245
0.052894167602062225
0.09462463855743408
0.07135157287120819
0.014319537207484245
0.0730232372879982
0.226307213306427
0.09559869021177292
0.18078409135341644
0.10223524272441864
0.27021902799606323
0.1068112701177597
0.22752049565315247
0.048409514129161835
0.047529131174087524
0.020868128165602684
0.023109039291739464
0.03281469643115997
0.057617831975221634
0.04456878453493118
0.10331213474273682
0.113676056265831
0.10263989120721817
0.0681147500872612
0.11476577818393707
0.024278508499264717
0.028652038425207138
0.007910625077784061
0.03487788140773773
0.13505759835243225
0.0736042931675911
0.08450149744749069
0.2564552128314972
0.6215124726295471
0.4237881302833557
0.6408169865608215
0.34745147824287415
0.48467984795570374
0.9004898071289062
0.7390940189361572
0.8862938284873962
0.814868152141571
0.9165230989456177
0.6586924195289612
0.2592562735080719
0.5145597457885742
0.7956138849258423
0.6466208696365356
0.20970934629440308
0.2216658741235733
0.5927571654319763
0.23982520401477814
0.05504964664578438
0.2816905379295349
0.39749857783317566
0.40885454416275024
0.026245543733239174
0.2024417668581009
0.24369390308856964
0.11002706736326218
0.0587027333676815
0.14270034432411194
0.2175734043121338
0.046837031841278076
0.2364501953125
0.03610182926058769
0.26401153206825256
0.09485796838998795
0.10831879824399948
0.489555299282074
0.3885533809661865
0.6653895378112793
0.3489874303340912
0.36194702982902527
0.21773754060268402
0.06653992086648941
0.10362586379051208
0.41706615686416626
0.19451488554477692
0.2110501080751419
0.544854998588562
0.6683754324913025
0.3228466510772705
0.7607371211051941
0.6653464436531067
0.3623555898666382
0.5814125537872314
0.7038671374320984
0.6811013221740723
0.6895946264266968
0.5624404549598694
0.6755216121673584
0.5307185649871826
