0.21388719975948334
0.27428770065307617
0.23383794724941254
0.2667042911052704
0.4816063940525055
0.16097770631313324
0.3146769404411316
0.06459520757198334
0.1693628430366516
0.0645076185464859
0.23511920869350433
0.2937837243080139
0.34738433361053467
0.27821245789527893
0.1097889393568039
0.5747429132461548
0.4732779562473297
0.24832125008106232
0.6050413250923157
0.6803203225135803
0.7085157036781311
0.7279516458511353
0.4216097295284271
0.5559022426605225
0.15750423073768616
0.5471201539039612
0.4186142385005951
0.39449894428253174
0.1750844120979309
0.0818042904138565
0.09329607337713242
0.1250583827495575
0.12381846457719803
0.10845577716827393
0.2473723143339157
0.21209697425365448
0.4813635051250458
0.08182379603385925
0.21216505765914917
0.034861184656620026
0.2629278600215912
0.07682178914546967
0.11565971374511719
0.1420765519142151
0.2804419696331024
0.32391998171806335
0.17532211542129517
0.4125479757785797
0.509657621383667
0.19175873696804047
0.08535254001617432
0.18191666901111603
0.04574771225452423
0.2351491004228592
0.12260733544826508
0.22824332118034363
0.31738176941871643
0.6319572925567627
0.27593204379081726
0.7033417224884033
0.4083367586135864
0.2172507792711258
0.10655070841312408
0.3739687204360962
0.23584596812725067
0.4682672917842865
0.5403960943222046
0.6535980105400085
0.6081092953681946
0.5176007747650146
0.22542889416217804
0.269432932138443
0.2747592031955719
0.2786542475223541
0.19962458312511444
0.24393370747566223
0.3125177323818207
0.09128080308437347
0.1600814312696457
0.20624466240406036
0.524806022644043
0.10295429825782776
0.18559487164020538
0.5915107727050781
0.13793031871318817
0.18356652557849884
0.46872058510780334
0.688386857509613
0.4601256549358368
0.36003240942955017
0.35257595777511597
0.4300135672092438
0.3214559853076935
0.2543763220310211
0.11087066680192947
0.19384045898914337
0.4154726564884186
0.17594435811042786
0.27021324634552
0.6685639023780823
0.35143807530403137
0.5547569394111633
0.4580097794532776
0.3894159495830536
0.40120673179626465
0.2950541079044342
0.30163899064064026
0.2716076672077179
0.18658609688282013
0.3111271262168884
0.06460858136415482
0.2660101056098938
0.2194550782442093
0.14844484627246857
0.1303996443748474
0.23783323168754578
0.1403650939464569
0.04909126088023186
0.09295116364955902
0.022965069860219955
0.17387261986732483
0.0999452993273735
0.47748932242393494
0.1640746146440506
0.3939032554626465
0.3015940189361572
0.1833333522081375
0.39466550946235657
0.4476229250431061
0.29743877053260803
0.4148593544960022
0.28314462304115295
0.12577082216739655
0.11893818527460098
0.1348448395729065
0.1606183797121048
0.016246136277914047
0.03967845067381859
0.18740855157375336
0.20180928707122803
0.10400987416505814
0.13148030638694763
0.20698316395282745
0.14533287286758423
0.39250877499580383
0.09467906504869461
0.029209116473793983
0.17669245600700378
0.12274755537509918
0.2549809515476227
0.09622294455766678
0.4102788269519806
0.24391762912273407
0.5442029237747192
0.500406801700592
0.21173278987407684
0.5663369297981262
0.590410053730011
0.35596799850463867
0.4856605529785156
0.5173073410987854
0.505760133266449
0.3603303134441376
0.4180139899253845
0.5079638361930847
0.27569055557250977
0.5181289315223694
0.31864795088768005
0.3303080201148987
0.23521681129932404
0.27660900354385376
0.1585431843996048
0.28293377161026
0.44056034088134766
0.346793532371521
0.16677908599376678
0.24627672135829926
0.07662946730852127
0.2154289036989212
0.1479734629392624
0.24578018486499786
0.18084491789340973
0.05716191604733467
0.21683166921138763
0.058102596551179886
0.14999663829803467
0.095870740711689
0.3165629804134369
0.3305074870586395
0.5732245445251465
0.3843650817871094
0.21141240000724792
0.5724940299987793
0.5311301946640015
0.19973726570606232
0.15000610053539276
0.16894738376140594
0.2733231782913208
0.18766623735427856
0.3616141080856323
0.3414997160434723
0.26762673258781433
0.601948082447052
0.44959360361099243
0.09704088419675827
0.301480770111084
0.6359513998031616
0.021453920751810074
0.0813552737236023
0.4168533682823181
0.7364380955696106
0.048179201781749725
0.4026368260383606
0.19403739273548126
0.13774803280830383
0.1578863561153412
0.07012847065925598
0.003438435262069106
0.005753650330007076
0.0023518113885074854
0.0037106333766132593
0.04744406417012215
0.008783009834587574
0.11776373535394669
0.03247944265604019
0.02590944804251194
0.04634721949696541
0.02609390765428543
0.0010884563671424985
0.020801546052098274
0.05508605018258095
0.005055428482592106
0.015875276178121567
0.16033370792865753
0.10864058881998062
0.08317116647958755
0.02757759764790535
0.10169313102960587
0.006971266586333513
0.02206628955900669
0.003540489822626114
0.00609129574149847
0.018148139119148254
0.21414946019649506
0.1687128096818924
0.22750277817249298
0.35750165581703186
0.07172839343547821
0.03939834609627724
0.11088601499795914
0.1113445907831192
0.02265160344541073
0.15695436298847198
0.19374914467334747
0.06291746348142624
0.034739796072244644
0.21728813648223877
0.29929372668266296
0.15060068666934967
0.09766034036874771
0.06079616770148277
0.11868279427289963
0.039697546511888504
0.08930692821741104
0.0748414620757103
0.11777753382921219
0.2063201665878296
0.05897445231676102
0.27541521191596985
0.016575047746300697
0.132155179977417
0.12801799178123474
0.032596737146377563
0.012869697995483875
0.21597950160503387
0.08210381120443344
0.09224607795476913
0.12272448092699051
0.0550982840359211
0.07998823374509811
0.0397513210773468
0.0666099339723587
0.023762762546539307
0.0039017710369080305
0.004228065721690655
0.004221227485686541
0.03828993812203407
0.048380739986896515
0.19185538589954376
0.330826997756958
0.16376177966594696
0.06081460043787956
0.32228729128837585
0.32695165276527405
0.29530593752861023
0.27628546953201294
0.21172986924648285
0.08789435774087906
0.137979194521904
0.12186365574598312
0.09359268099069595
0.12228657305240631
0.20623257756233215
0.16930091381072998
0.03751044720411301
0.078090600669384
0.08626291900873184
0.024678191170096397
0.005875511560589075
0.1292591094970703
0.044675834476947784
0.0022342472802847624
0.03170621767640114
0.07062327861785889
0.012068885378539562
0.030075550079345703
0.0731663703918457
0.11117095500230789
0.5405626893043518
0.1365140825510025
0.22929303348064423
0.007791558280587196
0.17703300714492798
0.005503917578607798
0.07055153697729111
0.04707854986190796
0.256559818983078
0.12865354120731354
0.6752042770385742
0.3752502501010895
0.0845736637711525
0.33828797936439514
0.7913125157356262
0.7069972157478333
0.09623757004737854
0.061953697353601456
0.6993815302848816
0.24842821061611176
0.033434703946113586
0.032101478427648544
0.6092222929000854
0.2842999994754791
0.017700640484690666
0.05931408703327179
0.35824793577194214
0.2688376009464264
0.05328081175684929
0.22823473811149597
0.18590779602527618
0.6215925812721252
0.3533989191055298
0.8327704071998596
0.9381190538406372
0.9126963019371033
0.9225590229034424
0.9290050864219666
0.864363431930542
0.9320328831672668
0.7117943167686462
0.6483513712882996
0.7535885572433472
0.31561601161956787
0.5935748219490051
0.8216778039932251
0.8987568616867065
0.7264480590820312
0.9305303692817688
0.7843487858772278
0.6108718514442444
0.8144900798797607
0.8113217949867249
0.6639613509178162
0.8399961590766907
0.8469814658164978
0.4587163031101227
0.47289758920669556
0.28414836525917053
0.1422131210565567
0.47028791904449463
0.15396757423877716
0.5446796417236328
0.08005823194980621
0.4327797591686249
0.2842494547367096
0.6775978207588196
