0.7333534359931946
0.8495609164237976
0.7319706678390503
0.9098023176193237
0.9064425230026245
0.6771611571311951
0.7463997006416321
0.9680269956588745
0.9527680277824402
0.6168646216392517
0.7740107774734497
0.9198439717292786
0.8489662408828735
0.913044273853302
0.8580570220947266
0.8828418850898743
0.936280369758606
0.9584978222846985
0.9422203898429871
0.9242695569992065
0.9851733446121216
0.9831386208534241
0.9232838153839111
0.9584208726882935
0.9713960289955139
0.9593685865402222
0.9914242625236511
0.9784844517707825
0.9847187399864197
0.9784979224205017
0.9640362858772278
0.9545816779136658
0.863526463508606
0.716108500957489
0.59462571144104
0.7292131781578064
0.5207273960113525
0.5555568337440491
0.5732150077819824
0.5488939881324768
0.4368279278278351
0.5468274354934692
0.8096137046813965
0.5176910758018494
0.7555077075958252
0.5175814628601074
0.48522812128067017
0.9141450524330139
0.7132980823516846
0.8689334988594055
0.8747283220291138
0.9585292935371399
0.889537513256073
0.9594133496284485
0.8728833794593811
0.8427809476852417
0.7804540991783142
0.9025118947029114
0.6965105533599854
0.5359542965888977
0.6212297677993774
0.6558031439781189
0.2462143898010254
0.3228682577610016
0.5808768272399902
0.6643626689910889
0.09491123259067535
0.12017835676670074
0.40459802746772766
0.4768759310245514
0.05690291151404381
0.1491643488407135
0.19584648311138153
0.5152075886726379
0.3285725712776184
0.13958752155303955
0.4866308569908142
0.3257814645767212
0.47469398379325867
0.8220795392990112
0.6629489064216614
0.13534386456012726
0.9411602020263672
0.8494799137115479
0.11233679205179214
0.5141369700431824
0.9620948433876038
0.895503044128418
0.28020620346069336
0.2142101675271988
0.965923011302948
0.870705246925354
0.6800096035003662
0.37881407141685486
0.7567818760871887
0.5709890723228455
0.10067491978406906
0.07386572659015656
0.033414192497730255
0.01011004950851202
0.0017487505683675408
0.0028350662905722857
0.013408315367996693
0.018447423353791237
0.01535030733793974
0.1030491515994072
0.7869482636451721
0.45060962438583374
0.6529334187507629
0.25751474499702454
0.25352156162261963
0.7494695782661438
0.7948825359344482
0.15910102427005768
0.43886598944664
0.6999953389167786
0.8719034790992737
0.31342193484306335
0.32461118698120117
0.8670240044593811
0.8165916800498962
0.3122057020664215
0.21600846946239471
0.021871784701943398
0.01693413034081459
0.018240295350551605
0.0729379951953888
0.00602228008210659
0.017637746408581734
0.02798578515648842
0.014401094987988472
0.005659567657858133
0.011200452223420143
0.010002118535339832
0.01438207272440195
0.00740568432956934
0.0018330769380554557
0.011550838127732277
0.01724296808242798
0.01035259198397398
0.009861298836767673
0.02533058077096939
0.06673868000507355
0.08894418179988861
0.012826530262827873
0.1296755075454712
0.010613386519253254
0.0013539682840928435
0.01172237005084753
0.00391699792817235
0.04780898243188858
0.0052304924465715885
0.02676202356815338
0.023216336965560913
0.18167687952518463
0.1440187692642212
0.10544031113386154
0.04113326221704483
0.03501325473189354
0.01994185708463192
0.017817119136452675
0.012210387736558914
0.004666595254093409
0.05120467394590378
0.02324742078781128
0.004770816769450903
0.021727120503783226
0.11676143109798431
0.017519503831863403
0.0030520178843289614
0.15068574249744415
0.06054075062274933
0.025944307446479797
0.015211486257612705
0.022850364446640015
0.0351974181830883
0.0035796824377030134
0.00655625993385911
0.0026818253099918365
0.015962650999426842
0.005686416756361723
0.059340015053749084
0.07325801998376846
0.013192736543715
0.10635409504175186
0.10357885807752609
0.06668483465909958
0.4099695086479187
0.12000863999128342
0.02287730574607849
0.34479495882987976
0.01378860417753458
0.06926903128623962
0.10410178452730179
0.05074518173933029
0.024910705164074898
0.01006396021693945
0.03356064483523369
0.047914665192365646
0.017238693311810493
0.01869388297200203
0.052691858261823654
0.32644879817962646
0.24877411127090454
0.7773389220237732
0.7407634854316711
0.6216951012611389
0.41055139899253845
0.7418931722640991
0.7279657125473022
0.9726700186729431
0.9616163969039917
0.9777018427848816
0.926742672920227
0.9512718915939331
0.27358993887901306
0.14489294588565826
0.04406319931149483
0.14646504819393158
0.07661902904510498
0.14471495151519775
0.06945080310106277
0.1713612824678421
0.1661878079175949
0.24446725845336914
0.11104079335927963
0.13069744408130646
0.12240281701087952
0.044129978865385056
0.060946591198444366
0.13621719181537628
0.13126634061336517
0.29182302951812744
0.6567476391792297
0.267742395401001
0.1238270103931427
0.2842964231967926
0.6233035326004028
0.5250943303108215
0.8310458064079285
0.8746256828308105
0.8458788394927979
0.8511105179786682
0.5808733105659485
0.5013712644577026
0.43616190552711487
0.3371308445930481
0.16493840515613556
0.48434576392173767
0.5426811575889587
0.7414064407348633
0.23517687618732452
0.4365207552909851
0.7157683968544006
0.18901686370372772
0.7475615739822388
0.6552842855453491
0.7383707165718079
0.8385151624679565
0.6600419878959656
0.9147847294807434
0.8519049286842346
0.8683889508247375
0.8542841076850891
0.8592672348022461
0.9690055847167969
0.9918888211250305
0.9863689541816711
0.9699763059616089
0.9434921741485596
0.957179069519043
0.8094814419746399
0.870703399181366
0.8460941314697266
0.9918980002403259
0.9159061908721924
0.4377192556858063
0.9649613499641418
0.9541912078857422
0.4724281132221222
0.8785247802734375
0.9842346906661987
0.7632246017456055
0.6324785947799683
0.9816192984580994
0.9527929425239563
0.5679525136947632
0.8676653504371643
0.9568825960159302
0.8076913952827454
0.3179880678653717
0.8619068264961243
0.6793859601020813
0.27429428696632385
0.16712328791618347
0.4355817437171936
0.13625827431678772
0.04295780137181282
0.22752884030342102
0.2140662670135498
0.025552898645401
0.0555906817317009
0.1730107218027115
0.05278928950428963
0.037881143391132355
0.1357111781835556
0.08451925963163376
0.04111301153898239
0.032263338565826416
0.019155289977788925
0.014353498816490173
0.04333169758319855
0.1319970190525055
0.04550771415233612
0.1293361932039261
0.08434715867042542
0.012117731384932995
0.02733325958251953
0.05158679559826851
0.0951378345489502
0.14264488220214844
0.03541208431124687
0.06525596976280212
0.03274053335189819
0.012124945409595966
0.01700465753674507
0.010758046992123127
0.000752657069824636
0.007380624767392874
0.009833025746047497
0.01057493407279253
0.0026778331957757473
0.07537922263145447
0.0074688768945634365
0.15230874717235565
0.014553772285580635
0.032752685248851776
0.12454472482204437
0.08487242460250854
0.025473687797784805
0.071255624294281
0.01807142049074173
0.01478518545627594
0.008254771120846272
0.04431169107556343
0.028259174898266792
0.02730950526893139
0.4723169505596161
0.1378071904182434
0.010430078953504562
0.033556871116161346
0.601125955581665
0.05820399522781372
0.016652479767799377
0.537993848323822
0.27982717752456665
0.07433516532182693
0.3066678047180176
0.6739152073860168
0.6597203016281128
0.5861846208572388
0.9215982556343079
0.9456107020378113
0.9736683368682861
0.9370911121368408
0.9521228075027466
0.7074209451675415
0.5254680514335632
0.7954405546188354
0.9150577187538147
0.95490562915802
0.5088971257209778
0.6317433714866638
0.5286831259727478
0.6308457255363464
0.3641575872898102
0.1090688407421112
0.14836911857128143
0.5582000017166138
0.75078284740448
0.47762712836265564
0.1466047316789627
0.5523050427436829
0.7978272438049316
0.2345997840166092
0.1317628175020218
0.07617408037185669
0.0699683353304863
0.1226789727807045
0.05102326348423958
0.021464357152581215
0.0453810952603817
0.04992540180683136
0.022709527984261513
0.032618749886751175
0.08240408450365067
0.06922099739313126
0.07033830136060715
0.135892853140831
0.06174735352396965
0.36833062767982483
0.10403118282556534
0.342185914516449
0.08003434538841248
0.1311417669057846
0.6900046467781067
0.6951709389686584
0.5362972617149353
0.09904873371124268
0.20204639434814453
0.27889809012413025
0.049901023507118225
0.05391653999686241
0.05622412636876106
0.12420620024204254
0.014981365762650967
0.041923489421606064
0.07317455112934113
0.01296630222350359
0.011878274381160736
0.0168971698731184
