0.4483530819416046
0.6562860608100891
0.8319755792617798
0.8835901021957397
0.6071622967720032
0.685302197933197
0.6788528561592102
0.6377929449081421
0.6598928570747375
0.8175166845321655
0.8033162355422974
0.6299086809158325
0.8534755110740662
0.9106038212776184
0.8626087307929993
0.9036664962768555
0.9540339708328247
0.6626603007316589
0.8864386677742004
0.34364473819732666
0.8130964040756226
0.49371036887168884
0.2072487622499466
0.31250688433647156
0.24776819348335266
0.6631345748901367
0.3618397116661072
0.45694297552108765
0.3125562369823456
0.12169090658426285
0.32118096947669983
0.4588342308998108
0.5509108901023865
0.6438408493995667
0.776038408279419
0.5634734034538269
0.4120025038719177
0.43532559275627136
0.25105562806129456
0.1872062236070633
0.09073197841644287
0.13363738358020782
0.1339525431394577
0.19259722530841827
0.15966682136058807
0.5485177040100098
0.6860747337341309
0.5906754732131958
0.7662132382392883
0.6424087285995483
0.8747584223747253
0.7837322950363159
0.685283899307251
0.19366413354873657
0.680039644241333
0.7626451253890991
0.5450586676597595
0.06397442519664764
0.5344334840774536
0.848724901676178
0.3681410551071167
0.046375300735235214
0.8023775815963745
0.4881117045879364
0.18534420430660248
0.29167065024375916
0.6536755561828613
0.5556846261024475
0.24354031682014465
0.30247050523757935
0.24532277882099152
0.26016348600387573
0.48867353796958923
0.49548402428627014
0.7618506550788879
0.3404410779476166
0.1287429928779602
0.08451596647500992
0.05976812168955803
0.11018098145723343
0.06905817240476608
0.11365078389644623
0.12517981231212616
0.5339284539222717
0.27100956439971924
0.4938848316669464
0.4207504391670227
0.7220352292060852
0.391793429851532
0.3798551559448242
0.23063471913337708
0.22666652500629425
0.28741246461868286
0.29347720742225647
0.07187464088201523
0.204254150390625
0.47820934653282166
0.15485148131847382
0.18911437690258026
0.06760162860155106
0.6757081151008606
0.7829543948173523
0.0730266273021698
0.488214910030365
0.7355012893676758
0.6984200477600098
0.7764819264411926
0.5275358557701111
0.7844088673591614
0.46060711145401
0.33137622475624084
0.19675515592098236
0.26634299755096436
0.46614784002304077
0.4015862047672272
0.7650450468063354
0.34295454621315
0.28524520993232727
0.6031204462051392
0.4445505738258362
0.48556607961654663
0.24432404339313507
0.18546028435230255
0.3688117563724518
0.2555645704269409
0.1100628674030304
0.46734312176704407
0.5369746088981628
0.40749895572662354
0.3613547384738922
0.5801113247871399
0.5152440071105957
0.2604304254055023
0.44363901019096375
0.15687641501426697
0.27940961718559265
0.3661727011203766
0.6111450791358948
0.6283028721809387
0.651668131351471
0.5230427980422974
0.19532041251659393
0.21179746091365814
0.27413538098335266
0.4166419804096222
0.208942711353302
0.07094848901033401
0.1825137883424759
0.08656218647956848
0.041646119207143784
0.010049793869256973
0.0822349414229393
0.004117611330002546
0.0055546886287629604
0.02039599046111107
0.027583813294768333
0.0024528983049094677
0.0022090745624154806
0.024474570527672768
0.003744368441402912
0.012309861369431019
0.008327236399054527
0.019402872771024704
0.03497391194105148
0.044126179069280624
0.1443481594324112
0.07319603860378265
0.09209787100553513
0.016525626182556152
0.049583643674850464
0.02043895050883293
0.08003443479537964
0.04119432345032692
0.06318417191505432
0.02336443029344082
0.002696699695661664
0.0025163358077406883
0.0015920688165351748
0.011836511082947254
0.004253132734447718
0.011221084743738174
0.020310789346694946
0.15643329918384552
0.018881766125559807
0.002314147772267461
0.05007915571331978
0.027263130992650986
0.002715668873861432
0.004494692664593458
0.11401426792144775
0.09821764379739761
0.007853535935282707
0.08452364802360535
0.15116390585899353
0.06526968628168106
0.03929750993847847
0.01915784552693367
0.03524114564061165
0.008801494725048542
0.016988864168524742
0.002186403376981616
0.0066765714436769485
0.015872253105044365
0.26003971695899963
0.15876740217208862
0.15189535915851593
0.1239413172006607
0.045441530644893646
0.01723410002887249
0.15667469799518585
0.08554931730031967
0.05771084129810333
0.14522500336170197
0.1617642641067505
0.20638705790042877
0.08551360666751862
0.10295961052179337
0.04840027913451195
0.13024121522903442
0.11002952605485916
0.07456082850694656
0.1373089998960495
0.14111636579036713
0.32012882828712463
0.11950426548719406
0.03883467987179756
0.1616511344909668
0.09075680375099182
0.056086912751197815
0.11759696900844574
0.03184659779071808
0.07335709780454636
0.007930856198072433
0.011434066109359264
0.004556796047836542
0.007370765786617994
0.011828501708805561
0.05765550211071968
0.3633347153663635
0.131234273314476
0.11471422761678696
0.07667344063520432
0.040584735572338104
0.2097187638282776
0.44922012090682983
0.4135017693042755
0.1438143253326416
0.13767759501934052
0.3112477660179138
0.2447950541973114
0.07947908341884613
0.23461253941059113
0.048790961503982544
0.1528395414352417
0.024288352578878403
0.013931198045611382
0.011106537654995918
0.005958606954663992
0.010330681689083576
0.04661202058196068
0.5397392511367798
0.4039555490016937
0.12421458214521408
0.2503546178340912
0.3117866516113281
0.5180266499519348
0.7685362100601196
0.648111879825592
0.2445182353258133
0.4012867510318756
0.7452648282051086
0.5395707488059998
0.15632425248622894
0.5639260411262512
0.6791363954544067
0.4771590232849121
0.3648994266986847
0.17774958908557892
0.10655126720666885
0.28977394104003906
0.03667612746357918
0.21952059864997864
0.2663673758506775
0.7905915379524231
0.16114622354507446
0.0355273075401783
0.13603462278842926
0.11122459918260574
0.032896578311920166
0.13366591930389404
0.2751605808734894
0.08463648706674576
0.14505012333393097
0.2369099259376526
0.3013170063495636
0.32878974080085754
0.3306255340576172
0.6670230627059937
0.8208945393562317
0.6807873845100403
0.6372804641723633
0.6913414001464844
0.6966211199760437
0.6071598529815674
0.6531258225440979
0.11768017709255219
0.2591222822666168
0.28241902589797974
0.6098403334617615
0.026184383779764175
0.08424726873636246
0.04272492602467537
0.04918927699327469
0.04573899134993553
0.04847441613674164
0.0755835548043251
0.028903266414999962
0.04256875440478325
0.2985903322696686
0.15162093937397003
0.06716849654912949
0.0986824482679367
0.2943373918533325
0.18189938366413116
0.22575674951076508
0.48567110300064087
0.5458362698554993
0.3981339633464813
0.5752373337745667
0.48143237829208374
0.30457398295402527
0.7950105667114258
0.6882949471473694
0.12035121023654938
0.45089781284332275
0.90743088722229
0.668628990650177
0.439238041639328
0.3609705865383148
0.8595324158668518
0.6180015206336975
0.8015084862709045
0.7151339650154114
0.786250114440918
0.8473480939865112
0.8797348141670227
0.8907989859580994
0.9047189354896545
0.9468907117843628
0.956817090511322
0.9190285205841064
0.9361627697944641
0.9632840752601624
0.9151714444160461
0.8220032453536987
0.807978630065918
0.8701674342155457
0.7889704704284668
0.5769508481025696
0.5996996164321899
0.6018911004066467
0.4197472333908081
0.39330941438674927
0.5280447006225586
