0.09587663412094116
0.08469951152801514
0.03340889886021614
0.09821907430887222
0.06066536158323288
0.03587142750620842
0.02852228283882141
0.04955407977104187
0.05672609061002731
0.076085664331913
0.16652290523052216
0.5323975682258606
0.6325592994689941
0.3528282046318054
0.5538346767425537
0.9497695565223694
0.964398205280304
0.3883197605609894
0.34372153878211975
0.9103911519050598
0.721616268157959
0.09250787645578384
0.5228346586227417
0.8381622433662415
0.5443282127380371
0.21401464939117432
0.7398471832275391
0.8278667330741882
0.4222799837589264
0.8872235417366028
0.6430845260620117
0.4227766990661621
0.43851080536842346
0.4809871315956116
0.29761648178100586
0.32101187109947205
0.4056347906589508
0.49286848306655884
0.29792720079421997
0.5851786732673645
0.23095910251140594
0.22497431933879852
0.22896766662597656
0.05455029010772705
0.0340370275080204
0.08860268443822861
0.2979069948196411
0.29153013229370117
0.4279216527938843
0.6697144508361816
0.41386058926582336
0.7262647747993469
0.6365998983383179
0.8941026329994202
0.9512712955474854
0.9467130303382874
0.9670527577400208
0.9395747780799866
0.669638454914093
0.7662628293037415
0.22943632304668427
0.5756275653839111
0.23717832565307617
0.14491590857505798
0.03634054586291313
0.14074544608592987
0.1983264982700348
0.02894693985581398
0.050902076065540314
0.028471320867538452
0.038597848266363144
0.03375307843089104
0.05913219973444939
0.023945806547999382
0.027471240609884262
0.009968799538910389
0.026399055495858192
0.009760756976902485
0.05068301782011986
0.09708837419748306
0.22490181028842926
0.7376332879066467
0.3102864921092987
0.16229982674121857
0.4298113286495209
0.4257223308086395
0.4861508011817932
0.32662609219551086
0.18601956963539124
0.216504767537117
0.09498269855976105
0.07303933799266815
0.11047738045454025
0.15490658581256866
0.10235253721475601
0.03907240927219391
0.06153386831283569
0.11275140196084976
0.00731035927310586
0.06686189770698547
0.1349932700395584
0.06331846863031387
0.05382069572806358
0.025614337995648384
0.07700613141059875
0.06355699151754379
0.07449918240308762
0.031605616211891174
0.08315745741128922
0.20162399113178253
0.11074724793434143
0.03923899307847023
0.040274765342473984
0.07116547226905823
0.07980499416589737
0.037910450249910355
0.017038293182849884
0.07339885085821152
0.07689330726861954
0.029558679088950157
0.11077618598937988
0.0687641128897667
0.043213047087192535
0.0923665314912796
0.22549520432949066
0.2021576315164566
0.05317700281739235
0.15669305622577667
0.13360728323459625
0.6368224024772644
0.5074793696403503
0.1394617259502411
0.3210846483707428
0.5564124584197998
0.03011203184723854
0.13353510200977325
0.4228194057941437
0.3019847869873047
0.06214592978358269
0.22440798580646515
0.15481384098529816
0.05723869800567627
0.08624822646379471
0.02664138562977314
0.0988345742225647
0.16818077862262726
0.12470841407775879
0.2007102221250534
0.2952910363674164
0.6499728560447693
0.4476318955421448
0.5633115172386169
0.1323448121547699
0.19958506524562836
0.16401715576648712
0.1760839819908142
0.29185524582862854
0.12140713632106781
0.07737179100513458
0.1279968023300171
0.12795940041542053
0.12110098451375961
0.41463151574134827
0.45027628540992737
0.9156304597854614
0.3992103338241577
0.6071882843971252
0.6995505094528198
0.49091705679893494
0.19020356237888336
0.4052640199661255
0.4483659565448761
0.25716888904571533
0.07962285727262497
0.3029518723487854
0.38782811164855957
0.18895605206489563
0.14088605344295502
0.21123912930488586
0.22765806317329407
0.3300277590751648
0.26889851689338684
0.477544367313385
0.3976382315158844
0.23409710824489594
0.3277415633201599
0.5303767323493958
0.2369449883699417
0.6424868702888489
0.763745129108429
0.48396506905555725
0.561623752117157
0.8433820605278015
0.8024410605430603
0.756939709186554
0.9269254803657532
0.8391013145446777
0.8690087795257568
0.6768940091133118
0.37330302596092224
0.879389762878418
0.8410568237304688
0.38348478078842163
0.43174999952316284
0.7928764224052429
0.49972009658813477
0.17016705870628357
0.516897439956665
0.5393385887145996
0.37665098905563354
