0.02225513756275177
0.05506053939461708
0.04673362523317337
0.033191926777362823
0.010138384997844696
0.018093323335051537
0.026135461404919624
0.036173176020383835
0.008584951981902122
0.015296642668545246
0.04017169773578644
0.019611304625868797
0.01904674433171749
0.03978041559457779
0.03734942153096199
0.05295319855213165
0.032452668994665146
0.23433269560337067
0.08393058180809021
0.3693692684173584
0.5731741786003113
0.5987723469734192
0.33913350105285645
0.6024678945541382
0.32566308975219727
0.20245806872844696
0.0562065988779068
0.14303161203861237
0.1079515814781189
0.05058742314577103
0.013146542944014072
0.018841559067368507
0.033213842660188675
0.020628105849027634
0.009716926142573357
0.0026643637102097273
0.02413049526512623
0.04292837157845497
0.008519676513969898
0.006137767806649208
0.017237961292266846
0.05205623805522919
0.0038233387749642134
0.013533062301576138
0.03300339728593826
0.03315970301628113
0.013339594006538391
0.008286450058221817
0.021308010444045067
0.02263008989393711
0.010764057748019695
0.022262554615736008
0.010070857591927052
0.046200551092624664
0.09700625389814377
0.11838046461343765
0.0211937315762043
0.04452310502529144
0.006351067218929529
0.007471446413546801
0.0014730221591889858
0.011437912471592426
0.016943689435720444
0.05544544756412506
0.045952532440423965
0.0643882304430008
0.04629821702837944
0.05022145062685013
0.04429791122674942
0.030077792704105377
0.01642567850649357
0.05851707234978676
0.026053832843899727
0.016538474708795547
0.004108273424208164
0.003527208464220166
0.005188909359276295
0.00517968088388443
0.06905017048120499
0.026703065261244774
0.14014692604541779
0.21839891374111176
0.35651832818984985
0.6342682242393494
0.718730628490448
0.47635969519615173
0.40928325057029724
0.06498777121305466
0.09423947334289551
0.09597711265087128
0.02694653533399105
0.07732357084751129
0.04238012433052063
0.1293623149394989
0.1028769239783287
0.0841066762804985
0.05170107260346413
0.06720484793186188
0.04290059581398964
0.052410610020160675
0.019301891326904297
0.037473633885383606
0.06108684837818146
0.0684204176068306
0.14742764830589294
0.09034168720245361
0.08555346727371216
0.11177755892276764
0.2393699288368225
0.330279678106308
0.20598167181015015
0.11335590481758118
0.10330739617347717
0.13911360502243042
0.06677291542291641
0.09455781430006027
0.11452718824148178
0.2984726130962372
0.24420884251594543
0.19164325296878815
0.2885759770870209
0.04109712317585945
0.03081059455871582
0.09946921467781067
0.15168382227420807
0.05161814019083977
0.027316266670823097
0.04499400407075882
0.01974140666425228
0.02628220245242119
0.02672714926302433
0.05781229957938194
0.053706154227256775
0.08579964190721512
0.10207384079694748
0.19501979649066925
0.056096818298101425
0.11182387918233871
0.10674156248569489
0.090690016746521
0.06788571923971176
0.21025605499744415
0.027222054079174995
0.05244951695203781
0.022905258461833
0.004941169172525406
0.0049313874915242195
0.009036415256559849
0.016019262373447418
0.0016770953079685569
0.006766604725271463
0.01783013716340065
0.004758227616548538
0.010233024135231972
0.031594257801771164
0.09927543997764587
0.041744526475667953
0.0816769003868103
0.06528470665216446
0.0803167000412941
0.08958879858255386
0.131409153342247
0.12931126356124878
0.06324420869350433
0.025016771629452705
0.0188952274620533
0.026201775297522545
0.012348589487373829
0.01937653310596943
0.0036879372783005238
0.012743187136948109
0.015499589964747429
0.03117874637246132
0.06933717429637909
0.17126868665218353
0.22948309779167175
0.4797498881816864
0.6987766027450562
0.6387074589729309
0.5379237532615662
0.10110203176736832
0.16089892387390137
0.33714810013771057
0.3992414176464081
0.03904769942164421
0.04694010689854622
0.06879820674657822
0.05999555066227913
0.04191785678267479
0.027393590658903122
0.028535958379507065
0.023061534389853477
0.0777566209435463
0.06005459278821945
0.013000890612602234
0.05589451268315315
0.01912243291735649
0.006415743380784988
0.0701700896024704
0.0682026669383049
0.12045057862997055
0.33279895782470703
0.3402748703956604
0.12885411083698273
0.10571940988302231
0.18596181273460388
0.3064935505390167
0.3873690068721771
0.44781336188316345
0.2491564005613327
0.4814414978027344
0.22277982532978058
0.41699570417404175
0.30453675985336304
0.2104613333940506
0.17981532216072083
0.6389933824539185
0.05931296572089195
0.21322351694107056
0.1010824665427208
0.4106677770614624
0.2956870496273041
0.6964219212532043
0.8857515454292297
0.8479031324386597
0.9342885613441467
0.9334324598312378
0.9351039528846741
0.9237204790115356
0.7590388655662537
0.9209770560264587
0.8716991543769836
0.8458723425865173
0.8123242259025574
0.76387619972229
0.8142076730728149
0.11354253441095352
0.7973336577415466
0.9034044742584229
0.0970386266708374
0.14329993724822998
0.8824054002761841
0.5337180495262146
0.04355386272072792
0.6030957698822021
0.564483642578125
0.26648247241973877
0.32210057973861694
0.6159278750419617
0.7704829573631287
0.7715498805046082
0.37142983078956604
0.6523153781890869
0.8516807556152344
0.9067593812942505
0.8581485748291016
0.6124671101570129
0.8524067401885986
0.6441704034805298
0.8495609760284424
0.7547619938850403
0.41178885102272034
0.7095881700515747
0.4945806860923767
0.8368878364562988
0.8054039478302002
0.9509368538856506
0.8876945972442627
0.8692991733551025
0.9128495454788208
0.8488599061965942
0.8491219282150269
0.7283838987350464
0.6785768866539001
0.5539469718933105
0.1583208590745926
0.6490154266357422
0.20205499231815338
0.8169751167297363
0.3406745195388794
0.8444245457649231
0.1081266701221466
0.6473692059516907
0.24721431732177734
0.536465585231781
0.49350038170814514
0.588373064994812
0.4348948001861572
0.3594134747982025
0.1477978229522705
0.18406935036182404
0.17052632570266724
0.20891840755939484
0.143350288271904
0.0965718999505043
0.11433897912502289
0.03245643526315689
0.09413571655750275
0.06440959125757217
0.07778271287679672
0.044992845505476
0.07446757704019547
0.11784475296735764
0.04353514313697815
0.10397201776504517
0.19949156045913696
0.3185589015483856
0.3563153147697449
0.1488947868347168
0.2505017817020416
0.3397540748119354
0.11160663515329361
0.05122549831867218
0.23239509761333466
0.1741241067647934
0.44171229004859924
0.25979292392730713
0.767156183719635
0.6600179672241211
0.7800371646881104
0.47321394085884094
0.5076950192451477
0.3529505729675293
0.1944131702184677
0.5443022847175598
0.5028712153434753
0.24238422513008118
0.16175968945026398
0.29204612970352173
0.3872021734714508
0.2694747745990753
0.5345211029052734
0.26024988293647766
0.07554024457931519
0.2955295741558075
0.4176042973995209
0.11645020544528961
0.06841101497411728
0.4656122624874115
0.1661825329065323
0.04600028321146965
0.07371477037668228
0.28250622749328613
0.16248202323913574
0.24823348224163055
0.3566524386405945
0.25415727496147156
0.3949856758117676
0.2884344458580017
0.5300500988960266
0.5978000164031982
0.6564432978630066
0.5815197229385376
0.5040889978408813
0.8668817281723022
0.643052875995636
0.574663519859314
0.16544410586357117
0.05458848923444748
0.051933664828538895
0.12176733464002609
0.22219324111938477
0.021326782181859016
0.09304708987474442
0.5923131108283997
0.12519045174121857
0.09197870641946793
0.048104483634233475
0.04137222096323967
0.020919257774949074
0.07499318569898605
0.09112182259559631
0.034097421914339066
0.10141073912382126
0.02430257946252823
0.052925221621990204
0.10238683968782425
0.24130156636238098
0.45011764764785767
0.48025432229042053
0.6278432011604309
0.30401891469955444
0.29326432943344116
0.30390340089797974
0.15413126349449158
0.17424626648426056
0.04186421260237694
0.04086266830563545
0.012584335170686245
0.035823214799165726
0.09139123558998108
0.020723292604088783
0.03609145060181618
0.08567589521408081
0.02263615094125271
0.014924819581210613
0.08155665546655655
0.025742942467331886
0.0174613818526268
0.052552055567502975
0.049620579928159714
0.040752846747636795
0.018353668972849846
0.0790834128856659
0.12231658399105072
0.12446677684783936
0.02875038981437683
0.04726041480898857
0.11043731123209
0.025660157203674316
