0.03263441100716591
0.020511236041784286
0.021731192246079445
0.013057256117463112
0.005398558918386698
0.0046083093620836735
0.020021872594952583
0.056868381798267365
0.06623027473688126
0.2654109001159668
0.062296006828546524
0.04830292612314224
0.02916000969707966
0.06670357286930084
0.11362489312887192
0.42696601152420044
0.19729717075824738
0.1732688844203949
0.4504641592502594
0.1681276112794876
0.07461931556463242
0.05602256581187248
0.05186093598604202
0.03570246323943138
0.015805121511220932
0.07202327996492386
0.03390435501933098
0.020179996266961098
0.021399574354290962
0.04687101021409035
0.012284012511372566
0.004860058426856995
0.019716115668416023
0.02092469111084938
0.03213118389248848
0.026782844215631485
0.01215965487062931
0.027028055861592293
0.0018135268473997712
0.004932871088385582
0.002577635459601879
0.007439303677529097
0.046755727380514145
0.1455177217721939
0.4670533239841461
0.17783859372138977
0.37896862626075745
0.4432080388069153
0.3554641604423523
0.21710744500160217
0.4306514263153076
0.30811670422554016
0.11737830191850662
0.14146597683429718
0.08235032111406326
0.022862544283270836
0.07834586501121521
0.09560488164424896
0.07901448011398315
0.03757855296134949
0.0205834973603487
0.010863620787858963
0.01775963231921196
0.010890942998230457
0.016545819118618965
0.009462379850447178
0.020995989441871643
0.0667552798986435
0.11732721328735352
0.02400285191833973
0.014814664609730244
0.06949995458126068
0.01607515849173069
0.04159470275044441
0.03108396753668785
0.05049192160367966
0.20926053822040558
0.18444307148456573
0.20905324816703796
0.11429937928915024
0.20876522362232208
0.1294681578874588
0.09297975897789001
0.20490498840808868
0.06583770364522934
0.09501621127128601
0.1381884664297104
0.12966963648796082
0.1029641404747963
0.040925730019807816
0.061691880226135254
0.05815965682268143
0.045219700783491135
0.03518817201256752
0.05575786158442497
0.07897094637155533
0.016033479943871498
0.062097132205963135
0.16492441296577454
0.23927432298660278
0.09793716669082642
0.12515489757061005
0.0940128043293953
0.032922692596912384
0.1943860501050949
0.03362984210252762
0.12462573498487473
0.14456674456596375
0.19846077263355255
0.48597294092178345
0.29699960350990295
0.25901857018470764
0.08115913718938828
0.08138632774353027
0.03633043169975281
0.10549090802669525
0.14487844705581665
0.31804990768432617
0.22130700945854187
0.3163338601589203
0.20417143404483795
0.26133081316947937
0.38421696424484253
0.4909931719303131
0.3918360471725464
0.3162376284599304
0.43659570813179016
0.6957581639289856
0.5407025814056396
0.5412554144859314
0.430131196975708
0.5695627331733704
0.5536637902259827
0.3301188349723816
0.3663555979728699
0.3602241277694702
0.1599767506122589
0.17033801972866058
0.07785166800022125
0.08465687930583954
0.16578976809978485
0.05147121101617813
0.016415337100625038
0.054526712745428085
0.19038493931293488
0.20684285461902618
0.039883192628622055
0.033420663326978683
0.10961277782917023
0.04573402926325798
0.17937567830085754
0.08326315879821777
0.27017223834991455
0.2161613553762436
0.39524173736572266
0.5184717178344727
0.3545076251029968
0.15475063025951385
0.350273460149765
0.4130936861038208
0.21210049092769623
0.07841154932975769
0.3889577388763428
0.4308251738548279
0.17270851135253906
0.2111719697713852
0.4296758770942688
0.4024122953414917
0.13563571870326996
0.3521222770214081
0.5440655946731567
0.5042545199394226
0.7418344020843506
0.7463406324386597
0.8367875814437866
0.8090214133262634
0.6980791687965393
0.4332825839519501
0.25361528992652893
0.1762508898973465
0.08574672043323517
0.07460641860961914
0.07251186668872833
0.23451580107212067
0.17720632255077362
0.07943230122327805
0.12404035031795502
0.049416471272706985
0.27008578181266785
0.23731538653373718
0.03550396487116814
0.023855483159422874
0.23310258984565735
0.20446617901325226
0.04014453664422035
0.056268684566020966
0.23356273770332336
0.0824342593550682
0.08410096168518066
0.1140143871307373
0.04934658855199814
0.10626683384180069
0.2889213263988495
0.1995532512664795
0.04161269590258598
0.038095369935035706
0.04756507650017738
0.014090594835579395
0.05032031610608101
0.08175988495349884
0.17064760625362396
0.31785574555397034
0.5107858777046204
0.3509931266307831
0.18262626230716705
0.5467778444290161
0.40338844060897827
0.0691743865609169
0.27926644682884216
0.8362592458724976
0.4971633553504944
0.20241554081439972
0.37326666712760925
0.4085521697998047
0.09294412285089493
0.13987788558006287
0.04075855389237404
0.054112255573272705
0.07025929540395737
0.2483453005552292
0.13619977235794067
0.6926776170730591
0.45727115869522095
0.6862921118736267
0.18465858697891235
0.3125964403152466
0.4644486606121063
0.4357813000679016
0.3808656930923462
0.6005088090896606
0.44926717877388
0.29208093881607056
0.08265993744134903
0.08268648386001587
0.050157222896814346
0.029093557968735695
0.07206865400075912
0.0877763107419014
0.055595893412828445
0.013193117454648018
0.028167081996798515
0.009873111732304096
0.04410314932465553
0.022622838616371155
0.006114065647125244
0.035102419555187225
0.12059514969587326
0.2493634819984436
0.017750337719917297
0.011164654977619648
0.008986858651041985
