0.24547548592090607
0.24756717681884766
0.34354057908058167
0.16547343134880066
0.05912843719124794
0.044201407581567764
0.07869663834571838
0.07523161917924881
0.19772283732891083
0.11680648475885391
0.06356135755777359
0.08824429661035538
0.10813000053167343
0.1589844971895218
0.183437779545784
0.15526245534420013
0.17742536962032318
0.21038295328617096
0.21585962176322937
0.28830280900001526
0.06037241965532303
0.05131494998931885
0.08540073782205582
0.07216308265924454
0.07917991280555725
0.054030779749155045
0.17157693207263947
0.09185288101434708
0.060569364577531815
0.059953536838293076
0.05773593857884407
0.13059589266777039
0.04509711638092995
0.14414989948272705
0.09688249975442886
0.09749521315097809
0.09725628048181534
0.20364141464233398
0.27152305841445923
0.2808762192726135
0.2879394590854645
0.06193876266479492
0.15454329550266266
0.11571863293647766
0.08012402802705765
0.1550930291414261
0.1398065835237503
0.06968390196561813
0.12883727252483368
0.1568032056093216
0.16041253507137299
0.18766535818576813
0.2962065637111664
0.11118123680353165
0.2981730103492737
0.15431514382362366
0.13326247036457062
0.11837504059076309
0.04664802923798561
0.17270325124263763
0.0917111411690712
0.18072137236595154
0.08867739886045456
0.0358709879219532
0.16052575409412384
0.1741996705532074
0.09189022332429886
0.25519081950187683
0.4725632071495056
0.3265013098716736
0.17977191507816315
0.29405876994132996
0.33390966057777405
0.4022361934185028
0.25927677750587463
0.10488835722208023
0.4158425033092499
0.4829311966896057
0.1323956847190857
0.3616713583469391
0.3806685209274292
0.13505148887634277
0.19886355102062225
0.24511538445949554
0.41130155324935913
0.5284364223480225
0.3188381493091583
0.3864406943321228
0.39740198850631714
0.5392465591430664
0.22941356897354126
0.19935454428195953
0.37341710925102234
0.37418708205223083
0.04646265506744385
0.40860605239868164
0.32018351554870605
0.21774692833423615
0.4134441912174225
0.37918320298194885
0.2960880696773529
0.3361070454120636
0.24510179460048676
0.12696820497512817
0.13738632202148438
0.03248050808906555
0.06373261660337448
0.11371331661939621
0.0848875418305397
0.18705210089683533
0.20097196102142334
0.2996353209018707
0.19993431866168976
0.2843778729438782
0.28441277146339417
0.3836866021156311
0.47167545557022095
0.26264211535453796
0.4530193507671356
0.30871888995170593
0.43265193700790405
0.5812460780143738
0.4145984947681427
0.24265962839126587
0.5871174931526184
0.422586053609848
0.4067822992801666
0.45135775208473206
0.22831280529499054
0.17800088226795197
0.5860476493835449
0.4411306381225586
0.360872745513916
0.2011336237192154
0.49404484033584595
0.5544100403785706
0.2970981001853943
0.24269133806228638
0.3357274532318115
0.07557117193937302
0.34244096279144287
0.6680728197097778
0.45422035455703735
0.2884882688522339
0.2556910216808319
0.1678689867258072
0.1326882541179657
0.18542414903640747
0.2018985152244568
0.30682268738746643
0.29392868280410767
0.1411401778459549
0.20747217535972595
0.40792980790138245
0.38891905546188354
0.12929780781269073
0.32939234375953674
0.3465043306350708
0.5727763772010803
0.3105984330177307
0.5350773334503174
0.18239201605319977
0.22358325123786926
0.1892944872379303
0.19967228174209595
0.21056197583675385
0.06544505804777145
0.11708097904920578
0.07076269388198853
0.053869426250457764
0.06914038956165314
0.2337207794189453
0.14705908298492432
0.3421613872051239
0.2241702824831009
0.10440133512020111
0.27855247259140015
0.3888706564903259
0.25819239020347595
0.10611002892255783
0.5318876504898071
0.4182654619216919
0.33931824564933777
0.3632008135318756
0.20336613059043884
0.3714078962802887
0.28296154737472534
0.30334043502807617
0.46887457370758057
0.21991805732250214
0.4300157129764557
0.16070102155208588
0.28973478078842163
0.26312223076820374
0.36732718348503113
0.2017686814069748
0.4916665256023407
0.3368159234523773
0.4811200499534607
0.19068007171154022
0.3505726158618927
0.43304315209388733
0.399504154920578
0.28922799229621887
0.3994952440261841
0.3780842423439026
