0.3663906455039978
0.14978079497814178
0.26239657402038574
0.15665002167224884
0.4023798704147339
0.28433090448379517
0.3016527593135834
0.18873925507068634
0.21055178344249725
0.28295770287513733
0.4437415301799774
0.33477696776390076
0.344016969203949
0.6048714518547058
0.6642124056816101
0.20028932392597198
0.20090818405151367
0.5711839199066162
0.33481720089912415
0.0632866770029068
0.33670952916145325
0.41476404666900635
0.1370324194431305
0.2196398377418518
0.17949408292770386
0.13226981461048126
0.19371964037418365
0.1977366954088211
0.2954852879047394
0.20317387580871582
0.48994287848472595
0.45643484592437744
0.7656146883964539
0.8020918965339661
0.7048091888427734
0.8809197545051575
0.7524121999740601
0.586854875087738
0.6291855573654175
0.5443449020385742
0.6895862817764282
0.6322751641273499
0.6150667667388916
0.6647058725357056
0.45459043979644775
0.36287859082221985
0.19321198761463165
0.1371324062347412
0.11928604543209076
0.16865301132202148
0.27593114972114563
0.24187469482421875
0.3944980204105377
0.23299916088581085
0.35089272260665894
0.4480735957622528
0.3494352400302887
0.406096875667572
0.12624020874500275
0.2858019769191742
0.25251948833465576
0.2315896898508072
0.3207637071609497
0.10767241567373276
0.08817794919013977
0.22150744497776031
0.22264684736728668
0.2374066263437271
0.5193154215812683
0.22606725990772247
0.2972046136856079
0.39092937111854553
0.5175234079360962
0.31094321608543396
0.3835448920726776
0.25980618596076965
0.21016140282154083
0.34733977913856506
0.20764099061489105
0.404074490070343
0.34403663873672485
0.7206450700759888
0.6109750866889954
0.796158492565155
0.8902548551559448
0.8912749886512756
0.7067319750785828
0.6913260221481323
0.8014491200447083
0.7169545888900757
0.7753219604492188
0.6111858487129211
0.6166117787361145
0.44752371311187744
0.512798547744751
0.4335724115371704
0.6220833659172058
0.6143254637718201
0.7410591244697571
0.7145325541496277
0.7756327986717224
0.8448179364204407
0.8582682609558105
0.7068408131599426
0.76749187707901
0.38958635926246643
0.5096339583396912
0.7063995599746704
0.6252477765083313
0.5779711604118347
0.6653106808662415
0.4802376329898834
