0.3249720633029938
0.48174968361854553
0.2519780397415161
0.13165314495563507
0.2566772997379303
0.5324962139129639
0.06995352357625961
0.09589727222919464
0.43446099758148193
0.6779297590255737
0.09466776996850967
0.3738982379436493
0.6128857731819153
0.42900678515434265
0.16747260093688965
0.3160446584224701
0.18970052897930145
0.09808862954378128
0.34091031551361084
0.289377897977829
0.08011480420827866
0.20879916846752167
0.2926892936229706
0.5123352408409119
0.47980812191963196
0.3075466454029083
0.4754590392112732
0.8691543936729431
0.8608402013778687
0.7259648442268372
0.8962686657905579
0.9602010846138
0.7659350633621216
0.7132732272148132
0.3940154016017914
0.3871345818042755
0.26852837204933167
0.18424955010414124
0.35057392716407776
0.06970511376857758
0.1325218379497528
0.13450993597507477
0.06935633718967438
0.02048374153673649
0.0866907611489296
0.19643625617027283
0.04571579769253731
0.043952275067567825
0.0836850106716156
0.12374678254127502
0.03124260902404785
0.041676539927721024
0.039342984557151794
0.0591655895113945
0.06420199573040009
0.07630790770053864
0.08238106220960617
0.060983333736658096
0.09835611283779144
0.14085088670253754
0.11183033883571625
0.08618782460689545
0.17250140011310577
0.19702698290348053
0.1131652444601059
0.14832493662834167
0.048010051250457764
0.05698723345994949
0.026574889197945595
0.03880338743329048
0.10251723974943161
0.06621327251195908
0.05843973159790039
0.047255612909793854
0.024217426776885986
0.14877727627754211
0.062101200222969055
0.1393917053937912
0.19755205512046814
0.20401762425899506
0.10931579768657684
0.44781574606895447
0.6029789447784424
0.33903613686561584
0.30781790614128113
0.6813992261886597
0.8684508204460144
0.7390470504760742
0.8939518332481384
0.9407995939254761
0.937911331653595
0.9856607913970947
0.9745772480964661
0.9374691843986511
0.96961909532547
0.9286457896232605
0.9768967032432556
0.9735749363899231
0.9417581558227539
0.9300811886787415
0.987600564956665
0.9845864176750183
0.8977982401847839
0.9685146808624268
0.9573732018470764
0.8986659646034241
0.7382310628890991
0.6535695791244507
0.5457242131233215
0.7514021992683411
0.8080312609672546
0.5073856711387634
0.5583816170692444
0.8426178097724915
0.6877700686454773
0.6178537011146545
0.684261679649353
0.7936659455299377
0.492271363735199
0.3217064440250397
0.6072198152542114
0.6078736186027527
0.2529585063457489
0.23376242816448212
0.5627140402793884
0.5663636922836304
0.18586359918117523
0.6896218061447144
0.7373539209365845
0.49048906564712524
0.3880796432495117
0.6293962597846985
0.7592158317565918
0.2148982584476471
0.5313530564308167
0.61049884557724
0.4661371409893036
0.3517548143863678
0.47783708572387695
0.5129045248031616
0.4000076651573181
0.7690129280090332
0.8280197978019714
0.9004835486412048
0.9780806303024292
0.9063699841499329
0.8499506115913391
0.9680969715118408
0.9800376892089844
0.735129177570343
0.950221836566925
0.9838538765907288
0.8755859732627869
0.6029370427131653
0.9085727334022522
0.9672297239303589
0.4364270567893982
0.7663147449493408
0.9473223090171814
0.8547830581665039
0.32161426544189453
0.6804064512252808
0.9271212816238403
0.5730904340744019
0.42673227190971375
0.645870566368103
0.8412966132164001
0.505325198173523
0.4061984121799469
0.6160145401954651
