0.07220310717821121
0.08317086845636368
0.033341020345687866
0.03587985411286354
0.016378747299313545
0.017577793449163437
0.003722067456692457
0.03844940662384033
0.04285053908824921
0.0166297797113657
0.025350915268063545
0.03165135532617569
0.0758032277226448
0.14906823635101318
0.06272612512111664
0.051384493708610535
0.15632584691047668
0.0444781668484211
0.022717289626598358
0.04997451975941658
0.09848353266716003
0.018669482320547104
0.007200967986136675
0.1120939627289772
0.16857434809207916
0.01215814147144556
0.035838622599840164
0.10771705210208893
0.10990454256534576
0.07896579802036285
0.022119486704468727
0.0665442943572998
0.012061640620231628
0.0064581772312521935
0.012649709358811378
0.023952452465891838
0.06441865116357803
0.030774537473917007
0.23535047471523285
0.3291987478733063
0.06932564824819565
0.3576389253139496
0.2990722060203552
0.16885262727737427
0.14298442006111145
0.07101048529148102
0.08634086698293686
0.014600543305277824
0.1267305165529251
0.2655644714832306
0.4356878101825714
0.6506779789924622
0.5137522220611572
0.09636082500219345
0.38374045491218567
0.528586208820343
0.17117531597614288
0.05430227518081665
0.12958548963069916
0.22272798418998718
0.5088717341423035
0.3462022840976715
0.6879208087921143
0.20181511342525482
0.6451643705368042
0.5481804013252258
0.3240024149417877
0.1477789431810379
0.125010684132576
0.23793438076972961
0.25957340002059937
0.0668056383728981
0.22032815217971802
0.21213996410369873
0.138509139418602
0.08226118236780167
0.02616557851433754
0.017367932945489883
0.0546230673789978
0.23247650265693665
0.15081140398979187
0.051316846162080765
0.094098299741745
0.21593964099884033
0.06192035973072052
0.04767295718193054
0.044040191918611526
0.05444789677858353
0.10652035474777222
0.06641602516174316
0.04528707638382912
0.07791899144649506
0.02065960504114628
0.16438528895378113
0.06930101662874222
0.004816534463316202
0.014073077589273453
0.08978904783725739
0.04257822781801224
0.017123181372880936
0.0202177707105875
0.05306721478700638
0.039062634110450745
0.09490850567817688
0.026048855856060982
0.0646388903260231
0.007704656105488539
0.021396730095148087
0.014451999217271805
0.07122698426246643
0.10685315728187561
0.4575161933898926
0.5359683632850647
0.8748499751091003
0.8688438534736633
0.6953015327453613
0.9231056571006775
0.651501476764679
0.758682131767273
0.5631759166717529
0.2397851198911667
0.4490715265274048
0.6190597414970398
0.37191325426101685
0.04433111101388931
0.16434386372566223
0.36953437328338623
0.05770592764019966
0.03763991594314575
0.17135030031204224
0.12271123379468918
0.09839580208063126
0.11435902118682861
0.03579534962773323
0.10097206383943558
0.1652287393808365
0.0629558190703392
0.029579337686300278
0.05221046134829521
0.013325948268175125
0.03070005774497986
0.203765869140625
0.8254056572914124
0.8091989755630493
0.9102186560630798
0.9717693328857422
0.42726078629493713
0.25805750489234924
0.9397042393684387
0.900349497795105
0.13258926570415497
0.5513445734977722
0.9170675277709961
0.7307558655738831
0.2206757813692093
0.5991505980491638
0.38503456115722656
0.24042388796806335
0.1857583075761795
0.1477079689502716
0.06378593295812607
0.29631584882736206
0.28406453132629395
0.7230385541915894
0.8893616795539856
0.9203260540962219
0.8887022137641907
0.9036651253700256
0.9518951773643494
0.9010916948318481
0.638343095779419
0.4859909117221832
0.9157217144966125
0.9098065495491028
0.1625845581293106
0.7822547554969788
0.9518465399742126
0.822009265422821
0.6179291605949402
0.151534304022789
0.20942628383636475
0.034971095621585846
0.027426226064562798
0.07380744814872742
0.18011167645454407
0.6676452159881592
0.17725840210914612
0.809354841709137
0.7636849284172058
0.3938960134983063
0.8271533846855164
0.5151122212409973
0.8663838505744934
0.6537602543830872
0.18967305123806
0.5008843541145325
0.40539929270744324
0.11834437400102615
0.29421621561050415
0.619953453540802
0.591829240322113
0.24204015731811523
0.07723163813352585
0.07719937711954117
0.017522362992167473
0.024425845593214035
0.009633425623178482
0.1749718338251114
0.11548922955989838
0.031058209016919136
0.06667348742485046
0.2039966583251953
0.06152835860848427
0.15422840416431427
0.1989813894033432
0.023378713056445122
0.06585262715816498
0.5195592045783997
0.02810053341090679
0.046804752200841904
0.15548722445964813
0.15733648836612701
0.07088810950517654
0.04172546789050102
0.048457834869623184
0.02534593641757965
0.019142501056194305
0.031170828267931938
0.009474572725594044
0.03501281887292862
0.02125823311507702
0.013269049115478992
0.04719250276684761
0.031168188899755478
0.013586966320872307
0.032763440161943436
0.02168506383895874
0.05831209942698479
0.04291316121816635
0.09466449171304703
0.056508149951696396
0.05234541743993759
0.03792089968919754
