0.12510061264038086
0.20112237334251404
0.26079797744750977
0.48791107535362244
0.4767928123474121
0.4030727744102478
0.6811200380325317
0.47005394101142883
0.25560006499290466
0.10870766639709473
0.10984191298484802
0.13210813701152802
0.04015954211354256
0.2670907974243164
0.13929004967212677
0.21648144721984863
0.32509657740592957
0.13249674439430237
0.23465824127197266
0.23347394168376923
0.6183000802993774
0.5371925234794617
0.22402901947498322
0.5153006911277771
0.3282119035720825
0.1700083464384079
0.06388864666223526
0.07998114079236984
0.103926882147789
0.3084489703178406
0.2938034236431122
0.7605836987495422
0.5078137516975403
0.13766930997371674
0.18799489736557007
0.2510510981082916
0.4423770010471344
0.6198731660842896
0.34940099716186523
0.21113353967666626
0.40727218985557556
0.33246177434921265
0.44854074716567993
0.3763584494590759
0.32630816102027893
0.1098613440990448
0.374557763338089
0.7808945178985596
0.5260000228881836
0.14270520210266113
0.5678983330726624
0.7199018597602844
0.6924386620521545
0.6497982144355774
0.5485233068466187
0.2015874683856964
0.6568779349327087
0.4715734124183655
0.5365869402885437
0.4262196719646454
0.6105249524116516
0.6830564737319946
0.5576525926589966
0.6210723519325256
0.2815651297569275
0.8408815860748291
0.7231143116950989
0.1521318107843399
0.23930181562900543
0.14819611608982086
0.2163844108581543
0.02527945302426815
0.09650969505310059
0.02017630822956562
0.0937788262963295
0.06945249438285828
0.18235763907432556
0.21102634072303772
0.327260285615921
0.37771111726760864
0.18831239640712738
0.07636024057865143
0.20612694323062897
0.04232540354132652
0.19632035493850708
0.22112612426280975
0.6871423125267029
0.4344164729118347
0.3350018560886383
0.8123669028282166
0.951700747013092
0.39161500334739685
0.2849355936050415
0.9435510635375977
0.8616770505905151
0.13655182719230652
0.2984710931777954
0.9173984527587891
0.9526486992835999
0.3526492714881897
0.39017021656036377
0.9460815787315369
0.8114358186721802
0.25351381301879883
0.2908799648284912
0.5263988971710205
0.6126192808151245
0.5875223875045776
0.3448345363140106
0.8907360434532166
0.7658267617225647
0.658545970916748
0.9424351453781128
0.8884218335151672
0.2567821145057678
0.42835941910743713
0.9091935753822327
0.8425994515419006
0.25519245862960815
0.9151995182037354
0.8784586787223816
0.890275776386261
0.7480174899101257
0.9501837491989136
0.9929964542388916
0.9822452664375305
0.7846626043319702
0.8960703015327454
0.8787615895271301
0.6404320597648621
0.8257878422737122
0.9037250876426697
0.7203243374824524
0.552349865436554
0.3521643877029419
0.12564760446548462
0.27543947100639343
0.10149863362312317
0.03704267740249634
0.01369199063628912
0.06583407521247864
0.0923549085855484
0.022805672138929367
0.06373105943202972
0.5858691930770874
0.08234088122844696
0.10843831300735474
0.7144559025764465
0.12148834764957428
0.2981194257736206
0.36444568634033203
0.8307791352272034
0.4505935311317444
0.6802573204040527
0.17124715447425842
0.19556361436843872
0.09758029133081436
0.6732594966888428
0.800591766834259
0.7178244590759277
0.9089154005050659
0.46766266226768494
0.2287512868642807
0.5534939169883728
0.35929375886917114
0.10763037204742432
0.07799170911312103
0.05371352657675743
0.1681976020336151
0.03133236989378929
0.10446988046169281
0.02412721887230873
0.049826279282569885
0.03409220278263092
0.10232285410165787
0.07675247639417648
0.008839046582579613
0.06204838305711746
0.11780568212270737
0.01677713356912136
0.06552895158529282
0.20727920532226562
0.2000560313463211
0.06631742417812347
0.07307244837284088
0.1469174176454544
0.013396267779171467
0.007944265380501747
0.03623567894101143
0.00869715865701437
0.06287234276533127
0.06945967674255371
0.1677526831626892
0.11288734525442123
0.04336913675069809
0.2768981158733368
0.5280842185020447
0.16324347257614136
0.284418523311615
0.4642982482910156
0.2528200149536133
0.05193829536437988
0.0985066220164299
0.24787473678588867
0.13572999835014343
0.021178070455789566
0.09614327549934387
0.07989057898521423
0.05725647881627083
0.012879525311291218
0.09665706753730774
0.08285956084728241
0.012236555106937885
0.12393143773078918
0.2349751740694046
0.10393521934747696
0.07592210918664932
0.10865059494972229
0.37233370542526245
0.4583342969417572
0.059626176953315735
0.2836124897003174
0.019082507118582726
0.010247282683849335
0.011448774486780167
0.10061022639274597
0.04969935491681099
0.7410135865211487
0.5929861068725586
0.27876362204551697
0.3498386740684509
0.6578405499458313
0.5553257465362549
0.6508575677871704
0.3222436010837555
0.054358892142772675
0.4445626437664032
0.6843047142028809
0.09328435361385345
0.0740458220243454
0.6973595023155212
0.25664031505584717
0.048312705010175705
0.2867124676704407
0.5253538489341736
0.22410178184509277
0.3800051510334015
0.12442994117736816
0.44349759817123413
0.12830694019794464
0.044974908232688904
0.10979810357093811
0.27565908432006836
0.1322513073682785
0.39757707715034485
0.8480389714241028
0.81624835729599
0.9427030682563782
0.8212233781814575
0.8788077235221863
0.8410505652427673
0.5038726925849915
0.278317928314209
0.6752399802207947
0.6395246982574463
0.10411695390939713
0.3601481020450592
0.657293975353241
0.47478288412094116
0.3240269124507904
0.46987035870552063
0.6483319401741028
0.5657514929771423
0.25200244784355164
0.3892339766025543
0.14518524706363678
0.12813909351825714
0.2848300039768219
0.21072179079055786
0.5834561586380005
0.9004719853401184
0.6350083947181702
0.605991542339325
0.7143604755401611
0.9205115437507629
0.9332579374313354
0.6316969394683838
0.2435629963874817
0.9374861121177673
0.8457589745521545
0.3396771252155304
0.5484083890914917
0.9168068766593933
0.4260733723640442
0.33853933215141296
0.30985212326049805
0.5784396529197693
0.3664047420024872
0.08885300159454346
0.20731699466705322
0.1094483807682991
0.20576852560043335
0.043424028903245926
0.2101403772830963
0.7770101428031921
0.16764695942401886
0.16838839650154114
0.07781066000461578
0.22910210490226746
0.43688690662384033
0.2814842760562897
0.10738074034452438
0.8848162889480591
0.9265312552452087
0.13990649580955505
0.4533405900001526
0.9573155641555786
0.8399648070335388
0.13201582431793213
0.9147499799728394
0.9727565050125122
0.9137218594551086
0.8452222943305969
0.698803186416626
0.561794102191925
0.19133134186267853
0.14675112068653107
0.08990836143493652
0.4205005466938019
0.22393113374710083
0.3000662624835968
0.18079441785812378
0.05629200488328934
0.3602173328399658
0.07879579812288284
0.12206918746232986
0.12779784202575684
0.0959087386727333
0.04986657574772835
0.08821406960487366
0.5038343667984009
0.45483556389808655
0.7863552570343018
0.7284706234931946
0.19539783895015717
0.5894081592559814
0.4772073030471802
0.09926501661539078
0.17119312286376953
0.13225111365318298
0.27511218190193176
0.18948394060134888
0.42859071493148804
0.21961839497089386
0.34754303097724915
0.38163694739341736
0.07310061901807785
0.265841007232666
0.43443751335144043
0.42923086881637573
0.5006046295166016
0.21622176468372345
0.15308067202568054
0.1928393840789795
0.09775684773921967
0.07110635191202164
0.04019906371831894
0.01849987730383873
0.053817495703697205
0.025520985946059227
0.05030243098735809
0.11323608458042145
0.19853007793426514
0.11617501825094223
0.11444041877985
0.09931167960166931
0.034992434084415436
0.09452678263187408
0.036538708955049515
0.13365834951400757
0.09104551374912262
0.07718422263860703
0.071987085044384
0.02317655086517334
0.08370443433523178
0.09186346083879471
0.22513267397880554
0.08430273830890656
0.19786392152309418
0.023250045254826546
0.016888881102204323
0.03268478065729141
0.07089117914438248
0.03769204765558243
0.14365427196025848
0.049388278275728226
0.05973000079393387
0.3462895452976227
0.056827954947948456
0.36277222633361816
0.6587440967559814
0.7386431694030762
0.6621440052986145
0.651339054107666
0.5543547868728638
