0.062395744025707245
0.022603264078497887
0.03186739981174469
0.02899356000125408
0.002125245053321123
0.00338754546828568
0.004091761540621519
0.0024241902865469456
0.014460732229053974
0.0596315935254097
0.19226673245429993
0.12424756586551666
0.03929656371474266
0.12006468325853348
0.2898081839084625
0.22504118084907532
0.02716425247490406
0.05945838242769241
0.1267957240343094
0.025532109662890434
0.05236881598830223
0.19898457825183868
0.18259954452514648
0.033722538501024246
0.14638932049274445
0.041245605796575546
0.051148075610399246
0.01577392779290676
0.006329274736344814
0.0021466773469001055
0.0015396528178825974
0.0018957075662910938
0.004682714119553566
0.027686573565006256
0.013129848055541515
0.009868253022432327
0.014327620156109333
0.03764268383383751
0.0021180245094001293
0.004919948522001505
0.026928041130304337
0.05237492918968201
0.00854464527219534
0.03825843334197998
0.09415087848901749
0.09596236050128937
0.03872547671198845
0.015556148253381252
0.0198199562728405
0.012587067671120167
0.004907013848423958
0.006660390645265579
0.00769682414829731
0.0067374445497989655
0.007806769572198391
0.009401264600455761
0.006549286190420389
0.0025645147543400526
0.005095845088362694
0.00810734461992979
0.010267962701618671
0.01999642886221409
0.01334948930889368
0.006396166980266571
0.03223288804292679
0.0052404324524104595
0.0015067048370838165
0.0075798132456839085
0.0014577783877030015
0.013367077335715294
0.014185634441673756
0.029932396486401558
0.01423199288547039
0.06633149087429047
0.042380284518003464
0.004384854342788458
0.034917909651994705
0.012410640716552734
0.019060442224144936
0.0014042913680896163
0.04010608047246933
0.00481107784435153
0.001556798699311912
0.0025213672779500484
0.051375847309827805
0.010581384412944317
0.010463796555995941
0.006217782851308584
0.007329242769628763
0.001406058669090271
0.005366113502532244
0.0005185698391869664
0.008385175839066505
0.0040327999740839005
0.003965734038501978
0.011077411472797394
0.01276149321347475
0.08205901086330414
0.10413367301225662
0.09520464390516281
0.16529802978038788
0.03770049288868904
0.022180117666721344
0.09730690717697144
0.07544176280498505
0.0022432166151702404
0.05092199146747589
0.1381104290485382
0.0291144922375679
0.0045578195713460445
0.1243576630949974
0.0563092902302742
0.01659020595252514
0.030900461599230766
0.01104306522756815
0.009019625373184681
0.005043322686105967
0.002062390558421612
0.0016070682322606444
0.006457511335611343
0.007257068529725075
0.05205661803483963
0.12574250996112823
0.05744355916976929
0.02988305315375328
0.05645850673317909
0.04341036081314087
0.05097847059369087
0.044480107724666595
0.08531652390956879
0.04466577246785164
0.019255466759204865
0.08260312676429749
0.12932275235652924
0.11512406915426254
0.14171956479549408
0.039619892835617065
0.1202242374420166
0.4313022494316101
0.4227864444255829
0.3388535678386688
0.7231462597846985
0.9174067378044128
0.5809229612350464
0.9598854780197144
0.9705169796943665
0.497358113527298
0.9709672927856445
0.3290088176727295
0.812280535697937
0.2573446035385132
0.8033328056335449
0.7422618865966797
0.8048033118247986
0.34988823533058167
0.5432217121124268
0.2844977080821991
0.30201011896133423
0.21759530901908875
0.1465814858675003
0.04693228378891945
0.042551834136247635
0.08300527185201645
0.04442200809717178
0.045076124370098114
0.02810954675078392
0.04105978086590767
0.11248718202114105
0.022627828642725945
0.013198056258261204
0.011057636700570583
0.06250188499689102
0.12599386274814606
0.051525942981243134
0.012221409007906914
0.08759822696447372
0.15737590193748474
0.05366942659020424
0.010539871640503407
0.0368637815117836
0.07454151660203934
0.02910938486456871
0.017531225457787514
0.035263366997241974
0.024868356063961983
0.07558169215917587
0.037234120070934296
0.018031585961580276
0.04894642531871796
0.135275200009346
0.09564702212810516
0.21334964036941528
0.08393584191799164
0.39792466163635254
0.8409621119499207
0.1822127103805542
0.9351195096969604
0.42504292726516724
0.9655545353889465
0.6267746090888977
0.9636762738227844
0.6827753186225891
0.8177199959754944
0.7669419050216675
0.5050299763679504
0.11978455632925034
0.052057284861803055
0.13351866602897644
0.41042497754096985
0.08729945868253708
0.30339518189430237
0.3960084021091461
0.7768797278404236
0.4721698760986328
0.9823007583618164
0.7240124940872192
0.9816619157791138
0.45230811834335327
0.8867700695991516
0.3594141900539398
0.5622475743293762
0.5247214436531067
0.7921903133392334
0.5562348961830139
0.9794186353683472
0.43390539288520813
0.9818070530891418
0.4982636868953705
0.9529451727867126
0.44695866107940674
0.7347195744514465
0.39901459217071533
0.8737252354621887
0.9099667072296143
0.9227533340454102
0.9728237986564636
0.8554767966270447
0.8813201785087585
0.5291428565979004
0.3827361762523651
0.15419216454029083
0.8796350955963135
0.2666451036930084
0.9746688008308411
0.747044563293457
0.9395959973335266
0.6959066987037659
0.6080064177513123
0.8701242804527283
0.24368315935134888
0.6628737449645996
0.18496906757354736
0.7468775510787964
0.5987805128097534
0.26335659623146057
0.2797950804233551
0.5637803077697754
0.4728763997554779
0.6527014374732971
0.21315328776836395
0.4839803874492645
0.32444101572036743
0.26651906967163086
0.03745976462960243
0.3738207519054413
0.25475141406059265
0.8446682691574097
0.6510217785835266
0.7682194113731384
0.6096137762069702
0.5813122391700745
0.6452106237411499
0.48330429196357727
0.2652553915977478
0.1525479108095169
0.19527211785316467
0.17827194929122925
0.26398995518684387
0.21806704998016357
0.2030484974384308
0.15479464828968048
0.09740372747182846
0.07701072096824646
0.05424049496650696
0.06194622814655304
0.012190709821879864
0.029162192717194557
0.04510531201958656
0.04755400866270065
0.009405098855495453
0.03468967229127884
0.02032776176929474
0.009290195070207119
0.02972329407930374
0.03660845011472702
0.04055987671017647
0.1128842830657959
0.05439053848385811
0.08185034245252609
0.014306210912764072
0.013040635734796524
0.010702789761126041
0.02605953812599182
0.008004140108823776
0.05912608653306961
0.023828748613595963
0.006668528076261282
0.030573410913348198
0.0867340937256813
0.0025758531410247087
0.016743110492825508
0.025138286873698235
0.020803745836019516
0.004879335407167673
0.040998294949531555
0.03599391505122185
0.07675744593143463
0.06640776991844177
0.15134909749031067
0.1568630486726761
0.25459370017051697
0.3105299472808838
0.36473265290260315
0.8263002038002014
0.5597025752067566
0.7804967761039734
0.21748508512973785
0.5503733158111572
0.12678904831409454
0.2800320088863373
0.07100681215524673
0.2385285645723343
0.23424021899700165
