0.033983781933784485
0.04755105823278427
0.014462283812463284
0.012918655760586262
0.01227326039224863
0.023411868140101433
0.04438980296254158
0.09962982684373856
0.05118831619620323
0.03792751207947731
0.11319756507873535
0.05766899883747101
0.037149298936128616
0.06401819735765457
0.10140246152877808
0.027214225381612778
0.07693874090909958
0.08769765496253967
0.10839784890413284
0.1258161962032318
0.081778384745121
0.08261644840240479
0.028610335662961006
0.18002893030643463
0.11530070751905441
0.03209831565618515
0.047590531408786774
0.008876696228981018
0.028396232053637505
0.017026497051119804
0.16902942955493927
0.02508709579706192
0.062381863594055176
0.04945790022611618
0.024913333356380463
0.01344970241189003
0.03666470944881439
0.09821566939353943
0.2328389286994934
0.2622937560081482
0.043535761535167694
0.13541549444198608
0.32946351170539856
0.035325780510902405
0.07401098310947418
0.14297862350940704
0.18183116614818573
0.3299839198589325
0.5216538310050964
0.10531941801309586
0.046519357711076736
0.06505610048770905
0.050287049263715744
0.3244563043117523
0.1338544636964798
0.054226893931627274
0.07229726761579514
0.0242829117923975
0.026743799448013306
0.020790455862879753
0.03393579646945
0.008010066114366055
0.03770029917359352
0.02947910688817501
0.012080933898687363
0.04564293101429939
0.007510801311582327
0.09269421547651291
0.006814921740442514
0.09586868435144424
0.058739788830280304
0.036762628704309464
0.0514824278652668
0.16746409237384796
0.040003933012485504
0.24970181286334991
0.0572143979370594
0.11785251647233963
0.1594892144203186
0.10405729711055756
0.050141844898462296
0.08405473828315735
0.01791449636220932
0.0466381199657917
0.05023245885968208
0.22278271615505219
0.1629170924425125
0.5898051261901855
0.4703029692173004
0.7361997961997986
0.5478171706199646
0.7579808235168457
0.8095131516456604
0.742250382900238
0.7585081458091736
0.7341235280036926
0.8360406160354614
0.6483758091926575
0.6276748180389404
0.8752352595329285
0.91363525390625
0.8210278749465942
0.8821136951446533
0.5827110409736633
0.7475855350494385
0.9542702436447144
0.49689409136772156
0.8938941955566406
0.8516957759857178
0.681694507598877
0.7081611752510071
0.5994420051574707
0.337134450674057
0.24942319095134735
0.12726826965808868
0.02208172343671322
0.060749735683202744
0.16766239702701569
0.10670877993106842
0.06937151402235031
0.07364021986722946
0.04175670072436333
0.06628833711147308
0.024834981188178062
0.018936360254883766
0.02735316939651966
0.0323372446000576
0.07386849075555801
0.03455192968249321
0.038860078901052475
0.16985474526882172
0.0714527815580368
0.66364985704422
0.4846089780330658
0.07574833184480667
0.25412237644195557
0.36380434036254883
0.16186736524105072
0.44843754172325134
0.4559772312641144
0.6035275459289551
0.26167500019073486
0.17144908010959625
0.30247747898101807
0.1540130078792572
0.04977620393037796
0.03276762738823891
0.020494062453508377
0.016900986433029175
0.027391986921429634
0.011583885177969933
0.047069091349840164
0.03307346999645233
0.2862408459186554
0.03495108708739281
0.16296333074569702
0.7388296127319336
0.23246905207633972
0.3728814423084259
0.8435024619102478
0.931421160697937
0.5933321118354797
0.7765631079673767
0.9596689343452454
0.9286583065986633
0.8874014019966125
0.9324755072593689
0.970825731754303
0.9659410119056702
0.9313190579414368
0.8556769490242004
0.7663568258285522
0.42070072889328003
0.35441750288009644
0.062213554978370667
0.01236648764461279
0.007861513644456863
0.0051884837448596954
0.017981329932808876
0.010387335903942585
0.02813282050192356
0.07640019804239273
0.07794656604528427
0.10064669698476791
0.006083375308662653
0.06032700836658478
0.0996493250131607
0.01644892990589142
0.007022327743470669
0.16086018085479736
0.20808808505535126
0.02785366214811802
0.1841549277305603
0.5628663301467896
0.22770044207572937
0.6718550324440002
0.5608943104743958
0.34295329451560974
0.25615769624710083
0.31292062997817993
0.08166828006505966
0.008324136026203632
0.017036421224474907
0.0020303158089518547
0.011435055173933506
0.005618867464363575
0.1164492517709732
0.05583461746573448
0.0889156386256218
0.11269047856330872
0.07704223692417145
0.02152320370078087
0.10880947858095169
0.03270183131098747
0.022595690563321114
0.06423268467187881
0.08335892111063004
0.006682169158011675
0.04557212069630623
0.1566644161939621
0.07077983766794205
0.10042105615139008
0.010169237852096558
0.028697354719042778
0.026145722717046738
0.007840084843337536
0.03328420966863632
0.037049103528261185
0.10239177197217941
0.048744965344667435
0.03259696066379547
0.05263142287731171
0.04153965413570404
0.19714495539665222
0.07564985752105713
0.04132577404379845
0.2766600251197815
0.2903948128223419
0.10498616844415665
0.13079315423965454
0.21856267750263214
0.7274489402770996
0.12710224092006683
0.4559544026851654
0.20787093043327332
0.11449337005615234
0.10963106900453568
0.0881686881184578
0.06776180863380432
0.22905990481376648
0.34309813380241394
0.5958312153816223
0.701622724533081
0.47589683532714844
0.09465227276086807
0.777327299118042
0.8638976812362671
0.47187963128089905
0.314368337392807
0.7824897766113281
0.7413544654846191
0.2395137995481491
0.6638283133506775
0.8578488230705261
0.9403905868530273
0.9430497288703918
0.6061383485794067
0.7445387244224548
0.3753114938735962
0.40840551257133484
0.745785117149353
0.7122716903686523
0.711024284362793
0.9260779619216919
0.7467644810676575
0.7516560554504395
0.8445471525192261
0.8812169432640076
0.8871938586235046
0.9176697134971619
0.9073194861412048
0.8533540964126587
0.826806902885437
0.9310530424118042
0.9328787922859192
0.8434228301048279
0.8099391460418701
0.9715210795402527
0.9621369242668152
0.8869414329528809
0.9010335206985474
0.983892560005188
0.9855017066001892
0.933587372303009
0.9744292497634888
0.9224849343299866
0.9519311189651489
0.9117386341094971
0.9128918051719666
0.9335256218910217
0.7265372276306152
0.9576929211616516
0.7659605145454407
0.3065456748008728
0.45088905096054077
0.44201838970184326
0.7121077179908752
0.16890808939933777
0.06429972499608994
0.5729934573173523
0.3950055241584778
0.02712077647447586
0.2622854709625244
0.7713155150413513
0.21660925447940826
0.2172623574733734
0.7184451818466187
0.5847479701042175
0.19900178909301758
0.3396276533603668
0.49908754229545593
0.38763853907585144
0.10666976124048233
0.14561888575553894
0.2603486180305481
0.14568397402763367
0.11700347065925598
0.08702277392148972
0.12462716549634933
0.03472604230046272
0.04611773043870926
0.05550164729356766
0.047419361770153046
0.05343622341752052
0.08852043002843857
0.08907032012939453
0.04512498155236244
0.08282921463251114
0.03188558667898178
0.018358903005719185
0.0765179917216301
0.06258151680231094
0.06955286115407944
0.157759889960289
0.07458221167325974
0.08565664291381836
0.07251134514808655
0.10715238004922867
0.01986999623477459
0.011649583466351032
0.022375846281647682
0.009921101853251457
0.04319081827998161
0.02141549065709114
0.12228943407535553
0.26133993268013
0.37061044573783875
