0.05669211223721504
0.18500149250030518
0.032123010605573654
0.05089844763278961
0.06328035145998001
0.12828174233436584
0.6693930625915527
0.24238477647304535
0.08232548087835312
0.35627299547195435
0.19071193039417267
0.02635735645890236
0.02658476121723652
0.13100233674049377
0.06418613344430923
0.010453936643898487
0.03004493936896324
0.0765698254108429
0.06716302782297134
0.043802011758089066
0.14158077538013458
0.199933722615242
0.25456804037094116
0.2231268584728241
0.18699070811271667
0.49210357666015625
0.4744360148906708
0.8616668581962585
0.8626444339752197
0.9313797354698181
0.9569314122200012
0.9738172888755798
0.987127423286438
0.9910195469856262
0.9681841731071472
0.978214681148529
0.898819088935852
0.9329851269721985
0.792713463306427
0.90321284532547
0.7826715707778931
0.6652429103851318
0.4503463804721832
0.5477698445320129
0.3146974742412567
0.4938207268714905
0.2633327543735504
0.22442418336868286
0.09980717301368713
0.04177391529083252
0.053382597863674164
0.04170478880405426
0.0480235256254673
0.04702320322394371
0.21777136623859406
0.48325756192207336
0.7893378138542175
0.9020687937736511
0.9917192459106445
0.9481668472290039
0.4573797583580017
0.9086731672286987
0.9813866019248962
0.7411203384399414
0.09883514791727066
0.9686922430992126
0.9741986393928528
0.32240885496139526
0.22113950550556183
0.97922283411026
0.9111476540565491
0.3005285859107971
0.9182054996490479
0.9069632291793823
0.5831096172332764
0.651504635810852
0.25383105874061584
0.34678617119789124
0.22805367410182953
0.20349903404712677
0.06386919319629669
0.036504294723272324
0.04464346542954445
0.06268731504678726
0.07518331706523895
0.30260300636291504
0.5167692303657532
0.784696102142334
0.9432297945022583
0.6256445050239563
0.9622595906257629
0.885249674320221
0.618904709815979
0.885076642036438
0.9497025012969971
0.9338145852088928
0.8834592700004578
0.9649258852005005
0.9667040705680847
0.9458420276641846
0.9513363242149353
0.9148815870285034
0.8919556140899658
0.3913975954055786
0.8680911064147949
0.9770221710205078
0.7116881608963013
0.14121034741401672
0.8954163789749146
0.9581666588783264
0.3668213188648224
0.28832483291625977
0.9615358710289001
0.9173462986946106
0.19912219047546387
0.5155948400497437
0.11936254054307938
0.03907204791903496
0.05252433940768242
0.047062948346138
0.04249698668718338
0.12560324370861053
0.2780012786388397
0.7235300540924072
0.6820275187492371
0.6084969639778137
0.7967891097068787
0.35506337881088257
0.35566964745521545
0.6768107414245605
0.7553527355194092
0.43673476576805115
0.8292683362960815
0.3830665647983551
0.35522541403770447
0.14187867939472198
0.20339104533195496
0.47740671038627625
0.1407022923231125
0.29184526205062866
0.010986454784870148
0.04927084222435951
0.05576339736580849
0.01376204565167427
0.005108429118990898
0.009854748845100403
0.03971441090106964
0.01600463129580021
0.009887064807116985
0.05246371403336525
0.03353789448738098
0.03231935575604439
0.021393779665231705
0.011158040724694729
0.026229286566376686
0.01908167265355587
0.004629112780094147
0.02166518196463585
0.014867938123643398
0.028035108000040054
0.1235482320189476
0.3832491934299469
0.30049899220466614
0.06110398843884468
0.3675026595592499
0.4290841817855835
0.14787910878658295
0.013226148672401905
0.1615489423274994
0.17685776948928833
0.01615218073129654
0.012258860282599926
0.10229906439781189
0.09067157655954361
0.02587960474193096
0.048663485795259476
0.04616587236523628
0.10163694620132446
0.1267697513103485
0.11836528778076172
0.11768124997615814
0.01947869174182415
0.1569797545671463
0.038618724793195724
0.09082149714231491
0.2540269196033478
0.12422578781843185
0.09422636777162552
0.26451602578163147
0.20053142309188843
0.08407975733280182
0.12096766382455826
0.12294064462184906
0.05117081478238106
0.2214720994234085
0.09526123851537704
0.19468696415424347
0.15782514214515686
0.06253702193498611
0.04246636480093002
0.011743268929421902
0.011433156207203865
0.0048877885565161705
0.011840269900858402
0.007016120012849569
0.0015535795828327537
0.0031204118859022856
0.0033811714965850115
0.005721608176827431
0.02521315962076187
0.2431791126728058
0.21130093932151794
0.05869533494114876
0.227036714553833
0.27339377999305725
0.026286475360393524
0.05444364994764328
0.06802531331777573
0.01053526159375906
0.02268301509320736
0.07009218633174896
0.0071566966362297535
0.0032625256571918726
0.016127783805131912
0.05117039382457733
0.007906158454716206
0.025192895904183388
0.023253049701452255
0.05412480607628822
0.00792418047785759
0.0031577551271766424
0.010769684799015522
0.015933623537421227
0.0034673893824219704
0.00960829108953476
0.0013941505458205938
0.004017223604023457
0.010504485107958317
0.014686895534396172
0.09319442510604858
0.043958526104688644
0.22191180288791656
0.11831878125667572
0.473278671503067
0.2891918122768402
0.05905827507376671
0.041440121829509735
0.11712775379419327
0.07826913148164749
0.06672967970371246
0.016537757590413094
0.05701622739434242
0.029193991795182228
0.023735882714390755
0.019403494894504547
0.03441273421049118
0.020551465451717377
0.026689011603593826
0.016321638599038124
0.014196611009538174
0.012788430787622929
0.02281181886792183
0.03969532623887062
0.12384899705648422
0.13884572684764862
0.03722802922129631
0.15050008893013
0.05458243936300278
0.026537640020251274
0.028431789949536324
0.009909403510391712
0.012414178811013699
0.008548365905880928
0.012245255522429943
0.030499789863824844
0.03787834197282791
0.010784958489239216
0.008380924351513386
0.024103941395878792
0.07742039114236832
0.0160850677639246
0.050452958792448044
0.0889592245221138
0.12578973174095154
0.053569305688142776
0.10625343024730682
