0.12438271939754486
0.03827168047428131
0.07297016680240631
0.17511779069900513
0.07156994193792343
0.059405677020549774
0.06686611473560333
0.022244930267333984
0.054897211492061615
0.12627770006656647
0.1321382075548172
0.4381488263607025
0.39337220788002014
0.8044179081916809
0.42507481575012207
0.4931938350200653
0.8157793283462524
0.9495962858200073
0.6844807267189026
0.48526859283447266
0.15175148844718933
0.15940751135349274
0.07091788947582245
0.027718355879187584
0.050570640712976456
0.1453758031129837
0.15168152749538422
0.10924237966537476
0.0639200359582901
0.09093064069747925
0.020718079060316086
0.06727436929941177
0.023004697635769844
0.07507646083831787
0.10561246424913406
0.05768870562314987
0.22958742082118988
0.3693006932735443
0.6627064347267151
0.5433821082115173
0.8907703757286072
0.6755067110061646
0.7280598878860474
0.2926218807697296
0.2059216946363449
0.4478519856929779
0.5590457916259766
0.1799660474061966
0.08824842423200607
0.41852548718452454
0.16224095225334167
0.06136030703783035
0.24240705370903015
0.3051612079143524
0.029200877994298935
0.0978316068649292
0.10111387819051743
0.026271997019648552
0.017991894856095314
0.05935739353299141
0.03844936564564705
0.040144894272089005
0.08951687067747116
0.012248084880411625
0.10516075044870377
0.04389573261141777
0.06899712234735489
0.04013989120721817
0.14120928943157196
0.1658298671245575
0.6202573180198669
0.8223051428794861
0.943079948425293
0.8057804107666016
0.972611129283905
0.8878267407417297
0.3424588739871979
0.7916404604911804
0.8889123201370239
0.5388800501823425
0.20563071966171265
0.772742748260498
0.8177761435508728
0.3753085732460022
0.45198097825050354
0.2392539232969284
0.2201373279094696
0.16960957646369934
0.24287506937980652
0.2807888984680176
0.3707767128944397
0.6128974556922913
0.5950063467025757
0.9706558585166931
0.9506849646568298
0.8526813387870789
0.6130316853523254
0.11473163217306137
0.1353003978729248
0.5467697978019714
0.09054125845432281
0.11617942899465561
0.09877490997314453
0.07036563009023666
0.3254500925540924
0.19635407626628876
0.4520694315433502
0.3991367816925049
0.5224702954292297
0.7518101334571838
0.8326302766799927
0.6425847411155701
0.6705147624015808
0.8815476894378662
0.5165972113609314
0.30415672063827515
0.10328783094882965
0.11495067179203033
0.10670362412929535
0.06655183434486389
0.0270098727196455
0.04694391041994095
0.016502777114510536
0.0388011671602726
0.03289157524704933
0.08941926062107086
0.09889353811740875
0.028018273413181305
0.054875750094652176
0.01388322003185749
0.11640902608633041
0.08002755045890808
0.08260826766490936
0.20643296837806702
0.1927037090063095
0.12165747582912445
0.3384856581687927
0.3481058180332184
0.44474709033966064
0.5485485792160034
0.24527941644191742
0.3302678167819977
0.12080565840005875
0.1215120181441307
0.11357124894857407
0.0970158651471138
0.1846587210893631
0.016841698437929153
0.05553528666496277
0.0708075538277626
0.06144028156995773
0.017155177891254425
0.05027305707335472
0.14102140069007874
0.09483448415994644
0.04156273975968361
