0.4518805742263794
0.4238901734352112
0.5229448676109314
0.7813754081726074
0.7097180485725403
0.5742685794830322
0.8654820919036865
0.5376648306846619
0.37662678956985474
0.3237987756729126
0.5924291610717773
0.626812219619751
0.6969223022460938
0.3892018496990204
0.6393047571182251
0.7214371562004089
0.6217454671859741
0.7854472398757935
0.8014600872993469
0.6670137643814087
0.6199822425842285
0.8411373496055603
0.7283642888069153
0.5350542068481445
0.6985717415809631
0.8540152907371521
0.8126373291015625
0.7584196329116821
0.8690426349639893
0.7846270203590393
0.7562052607536316
0.8544867038726807
0.7595858573913574
0.8627964854240417
0.8096030354499817
0.7867843508720398
0.8939128518104553
0.8895565867424011
0.6349120736122131
0.532898485660553
0.7915186285972595
0.8162056803703308
0.5926121473312378
0.5195005536079407
0.6068248748779297
0.5640520453453064
0.44114208221435547
0.3525022566318512
0.5111591815948486
0.5230429768562317
0.7946669459342957
0.7295686602592468
0.5408655405044556
0.6813587546348572
0.5765013098716736
0.4585838317871094
0.6112983822822571
0.7008979320526123
0.7317191362380981
0.6131713390350342
0.7642027139663696
0.5648707747459412
0.7713484764099121
0.8301020860671997
0.6052255630493164
0.8260640501976013
0.7067153453826904
0.576326847076416
0.5296860933303833
0.7331370115280151
0.7948153614997864
0.8376509547233582
0.8195050358772278
0.8295958638191223
0.3803645968437195
0.3263997435569763
0.4455315172672272
0.40394991636276245
0.5139272809028625
0.7021853923797607
0.5696613192558289
0.5956077575683594
0.6070988178253174
0.7137981653213501
0.56454998254776
0.6406916975975037
0.3231842815876007
0.526419997215271
0.5276102423667908
0.2705501317977905
0.7328395843505859
0.6279099583625793
0.5728879570960999
0.6589811444282532
0.6587210893630981
0.6170889735221863
0.2042958289384842
0.4868387281894684
0.7104994654655457
0.7990759015083313
0.5840741991996765
0.674353837966919
0.7402945160865784
0.8788576126098633
0.6382461190223694
0.8111656904220581
0.8304625749588013
0.730783224105835
0.3778960108757019
0.685014009475708
0.8971928358078003
0.45819389820098877
0.2590353786945343
0.6044725179672241
0.7772213220596313
0.39978545904159546
0.41271451115608215
0.6835026144981384
0.47033730149269104
0.38010692596435547
0.7373033165931702
0.5977442264556885
0.3435424864292145
0.6269022822380066
0.8439515233039856
0.65371173620224
0.4937501549720764
0.8819767832756042
0.9087303280830383
0.6022504568099976
0.5706766247749329
0.9078043699264526
0.6379998326301575
0.4488689601421356
0.39910879731178284
0.35527074337005615
0.5061112642288208
0.5943585634231567
0.3766552209854126
0.5322902798652649
0.6830142140388489
0.5473901629447937
0.47409534454345703
0.5917685627937317
0.5576545000076294
0.27915307879447937
0.7460688352584839
0.6454459428787231
0.3701995015144348
0.3708249032497406
0.5067390203475952
0.4342222213745117
0.28185635805130005
0.4757491648197174
0.6120263934135437
0.18592174351215363
0.10565539449453354
0.4661082625389099
0.5395804643630981
0.30275866389274597
0.24090033769607544
0.5372177958488464
0.4801316261291504
0.620472252368927
0.6163015365600586
0.707383394241333
0.9046734571456909
0.7826486825942993
0.36626335978507996
0.6569525003433228
0.7345666289329529
0.702034592628479
0.5511355996131897
0.8490384221076965
0.7280785441398621
0.71891188621521
0.9028311967849731
0.894304096698761
0.8385753035545349
0.8859760761260986
0.47534170746803284
0.5774853825569153
0.6504192352294922
0.8925145268440247
0.8327301740646362
0.8412498831748962
0.6969250440597534
0.5739641189575195
0.8417395949363708
0.6464293599128723
0.761570930480957
0.35908713936805725
0.5532305240631104
0.644463062286377
0.7049905061721802
0.8457300662994385
0.5250572562217712
0.6298408508300781
0.3449835479259491
0.6064068675041199
0.20689727365970612
0.214518204331398
0.14614970982074738
0.10375508666038513
0.04448121786117554
0.13827991485595703
0.050346989184617996
0.11337166279554367
0.0964992418885231
0.17269226908683777
0.1599649339914322
0.3459511995315552
0.34585586190223694
0.27141180634498596
0.5751744508743286
0.5348257422447205
0.6142433285713196
0.2684294283390045
0.45727333426475525
0.4557437002658844
0.23142167925834656
0.4366817772388458
0.5352891683578491
0.23394222557544708
0.45135822892189026
0.3577772378921509
0.43090835213661194
0.5371106266975403
0.2824167311191559
0.27509865164756775
0.4341517686843872
0.1985795646905899
0.16738076508045197
0.5287514925003052
0.40137332677841187
0.22254811227321625
0.5076597332954407
0.5953682661056519
0.33453914523124695
0.24057891964912415
0.6435878872871399
0.6256062388420105
0.16349360346794128
0.3961961567401886
0.6853228211402893
0.18990972638130188
0.034066248685121536
0.29532504081726074
0.43950238823890686
0.10048548132181168
0.0965765044093132
0.3787481486797333
0.38012364506721497
0.16803281009197235
0.22635923326015472
0.4575566351413727
0.30693426728248596
0.16367700695991516
0.08268295228481293
0.4907841086387634
0.2453564554452896
0.10997387021780014
0.2898606061935425
0.4036451578140259
0.308058500289917
0.15979817509651184
0.16082163155078888
0.061228588223457336
0.09924500435590744
0.16101528704166412
0.23652032017707825
0.18997670710086823
0.08181320130825043
0.39379775524139404
0.37152180075645447
0.37746381759643555
0.2767104208469391
0.20439687371253967
0.1797039806842804
0.0899553969502449
0.11235860735177994
0.17338359355926514
0.16853399574756622
0.08469908684492111
0.10791096091270447
0.11225493997335434
0.2845706045627594
0.07862181961536407
0.07466951757669449
0.2739337980747223
0.1490636169910431
0.20425979793071747
0.17302902042865753
0.2912943959236145
0.2334497720003128
0.3751735985279083
0.4187888205051422
0.5181997418403625
0.7229715585708618
0.5782641172409058
0.7300662398338318
0.3473806381225586
0.6526415944099426
0.6165223717689514
0.7914870381355286
0.8232730031013489
0.4478583335876465
0.4544013440608978
0.7039667963981628
0.5720068216323853
0.4055348038673401
0.5187461376190186
0.5381763577461243
0.23832061886787415
0.24690961837768555
0.43970873951911926
0.3081647455692291
0.6522165536880493
0.6576014161109924
0.8744131922721863
0.6396554112434387
0.8328974843025208
0.9142065048217773
0.8087670207023621
0.741726815700531
0.7683911919593811
0.8529186248779297
0.7066556215286255
0.506865918636322
0.42043575644493103
0.7503006458282471
0.6629474759101868
0.495371550321579
0.601294219493866
0.42342624068260193
0.6217844486236572
0.46081987023353577
0.6384947896003723
0.46870067715644836
0.5783807635307312
0.5989626049995422
0.5437552332878113
0.5818117260932922
0.5948430895805359
0.5157927870750427
0.7191897630691528
0.6921456456184387
0.7637327313423157
0.6811720728874207
0.5074284672737122
0.533004879951477
0.45862022042274475
0.5607722997665405
0.4533524513244629
0.252482533454895
0.36365875601768494
0.49674972891807556
0.387382447719574
0.7255908846855164
0.46375444531440735
0.6356543302536011
0.5689517259597778
0.6575911641120911
0.4430980980396271
0.6120484471321106
0.6164950728416443
0.7156606912612915
0.38691070675849915
0.38862666487693787
0.5493263006210327
0.2172565460205078
0.26490530371665955
0.4551760256290436
0.7857401967048645
0.26928916573524475
0.15966027975082397
0.5794487595558167
0.2755245864391327
0.07638178765773773
0.09756233543157578
0.42896899580955505
0.40393969416618347
0.2743114233016968
0.1883896142244339
0.25601842999458313
0.15564700961112976
0.3118290603160858
0.1621021032333374
0.24135112762451172
0.2801213264465332
0.12164366245269775
0.3351336717605591
0.47916364669799805
0.09954789280891418
0.11873669177293777
0.26278331875801086
0.35138145089149475
0.6569381356239319
0.6497355103492737
0.5806511640548706
0.5903396010398865
0.2943648397922516
0.5219401121139526
0.7174746990203857
0.5036219358444214
0.2846968173980713
0.15107274055480957
0.12030402570962906
0.13389691710472107
0.4427788555622101
0.3210003077983856
0.4325689971446991
0.3536069393157959
0.29083535075187683
0.2951435148715973
0.4265068471431732
0.2389022260904312
0.293722540140152
0.3286072313785553
0.2890010178089142
0.32262054085731506
0.36899274587631226
0.35165315866470337
0.3389985263347626
0.39560309052467346
0.3896397650241852
0.31597015261650085
0.2878042757511139
0.39224672317504883
0.47993841767311096
0.5030517578125
0.24477222561836243
0.4987132251262665
0.6787523031234741
0.6426408886909485
0.4025954008102417
0.6243156790733337
0.6448041200637817
0.6254987120628357
0.7433885931968689
0.612611711025238
0.8915093541145325
0.5500475764274597
0.8161136507987976
0.6857320070266724
0.6160783171653748
0.5311208367347717
0.7518299221992493
0.6173075437545776
0.4992245137691498
0.7978485226631165
0.5016493797302246
0.38752615451812744
0.6121680736541748
0.7589786648750305
0.6264064908027649
0.8518378138542175
0.8330862522125244
0.49410322308540344
0.6119321584701538
0.6437618732452393
0.7821477055549622
0.5489734411239624
0.705528974533081
0.6236968636512756
0.5856016278266907
0.616636335849762
0.7001428008079529
0.44536128640174866
0.5206162929534912
0.7254679799079895
0.8242232799530029
0.5486029982566833
