0.8308201432228088
0.8891474604606628
0.9504161477088928
0.954462468624115
0.9014463424682617
0.941852867603302
0.9593071341514587
0.9503247141838074
0.9601958394050598
0.9733311533927917
0.9751845598220825
0.8934080600738525
0.8344109058380127
0.8326737880706787
0.9476807713508606
0.8899977207183838
0.6434391736984253
0.8454601168632507
0.9477512836456299
0.790483295917511
0.7880555391311646
0.8378756642341614
0.8571217060089111
0.7279217839241028
0.6188153028488159
0.6429145932197571
0.6436412930488586
0.46143028140068054
0.39939823746681213
0.41113734245300293
0.30129802227020264
0.44849783182144165
0.43089979887008667
0.4907972514629364
0.33106741309165955
0.38107120990753174
0.45809003710746765
0.5683713555335999
0.34537962079048157
0.7756345868110657
0.7362163066864014
0.8196565508842468
0.8182130455970764
0.8905075192451477
0.9057543277740479
0.8180835247039795
0.9150856733322144
0.9424107670783997
0.8498156666755676
0.9163134694099426
0.9334267377853394
0.9122539162635803
0.8074570894241333
0.8675621151924133
0.9470788240432739
0.6493978500366211
0.7506057620048523
0.8208940625190735
0.7890433669090271
0.6532935500144958
0.5026900172233582
0.4511803686618805
0.7776296138763428
0.6833416223526001
0.5477774739265442
0.7272648215293884
0.8652602434158325
0.5418837666511536
0.5105123519897461
0.8309767246246338
0.7336524724960327
0.26983046531677246
0.2927723526954651
0.7907192707061768
0.26399165391921997
0.15752165019512177
0.33245834708213806
0.4497239887714386
0.14376509189605713
0.25909534096717834
0.33926597237586975
0.6731350421905518
0.8111546635627747
0.9197777509689331
0.9500131607055664
0.7575321793556213
0.6056220531463623
0.9300311207771301
0.9196665287017822
0.5838926434516907
0.7876556515693665
0.9107296466827393
0.8895565867424011
0.7301487326622009
0.5313631892204285
0.6612300276756287
0.6014235019683838
0.575922966003418
0.7592663764953613
0.7568210959434509
0.3728726804256439
0.7691466212272644
0.8604658842086792
0.8068415522575378
0.6258881688117981
0.8620309233665466
0.5800631642341614
0.40924036502838135
0.678441047668457
0.6992083191871643
0.7039755582809448
0.2672578990459442
0.2847369313240051
0.45557403564453125
0.11834868043661118
0.0948474183678627
0.29556748270988464
0.3891628682613373
0.06776606291532516
0.1720838099718094
0.32337233424186707
0.1593431979417801
0.12215778976678848
0.22800220549106598
0.2971948981285095
0.19659721851348877
0.28240564465522766
0.5049915313720703
0.5117789506912231
