0.11578384041786194
0.32781845331192017
0.3125869035720825
0.26925501227378845
0.3590492904186249
0.6767807006835938
0.6735630631446838
0.8775942921638489
0.9574256539344788
0.9740123748779297
0.9194433689117432
0.9498360753059387
0.9254383444786072
0.8635362386703491
0.8776334524154663
0.8622646927833557
0.8340930938720703
0.8341532349586487
0.7893122434616089
0.9331892728805542
0.6677897572517395
0.5898136496543884
0.7183769345283508
0.7727990746498108
0.6547683477401733
0.8310920000076294
0.8622449636459351
0.8937848210334778
0.8550499081611633
0.9166958928108215
0.9155063629150391
0.8085581064224243
0.9096603393554688
0.712229311466217
0.628784716129303
0.6283107995986938
0.8622462153434753
0.8093127608299255
0.8310987949371338
0.8938314914703369
0.8870564699172974
0.8218510746955872
0.7163243293762207
0.7257952094078064
0.7138948440551758
0.7879312634468079
0.7904056310653687
0.9166186451911926
0.8784709572792053
0.95027756690979
0.9609085917472839
0.974705696105957
0.9612500071525574
0.9549117684364319
0.933704674243927
0.9848806858062744
0.8842131495475769
0.8748997449874878
0.8776108026504517
0.9667537808418274
0.8227335810661316
0.4374545216560364
0.7532812356948853
0.9250653386116028
0.476644366979599
0.17292053997516632
0.6520742774009705
0.8234803080558777
0.49776437878608704
0.2310550957918167
0.7433264255523682
0.6558302044868469
0.23930767178535461
0.5144188404083252
0.20569448173046112
0.22976411879062653
0.42464205622673035
0.7426508665084839
0.8113293051719666
0.6277666091918945
0.8332674503326416
0.7452735304832458
0.9334633350372314
0.7694038152694702
0.9558750987052917
0.9025700092315674
0.9158192873001099
0.9162921905517578
0.8085155487060547
0.8680194020271301
0.8138258457183838
0.8193788528442383
0.8335197567939758
0.8960862755775452
0.8749892115592957
0.9277061820030212
0.7890194058418274
0.8443334698677063
0.8458355069160461
0.5146235823631287
0.6908034086227417
0.38446909189224243
0.4460579454898834
0.12439943850040436
0.6038758158683777
0.19236873090267181
0.31400084495544434
0.23753394186496735
0.17462725937366486
0.16244803369045258
0.11525837332010269
0.16718073189258575
0.06456352025270462
0.2540189325809479
0.23613762855529785
0.11292629688978195
0.18851833045482635
0.3857814371585846
0.5469849705696106
0.24889156222343445
0.6298113465309143
0.7418219447135925
0.838581919670105
0.6020421981811523
0.9548172354698181
0.9454483389854431
0.5954750180244446
0.8738673329353333
0.9301955103874207
0.8485647439956665
0.9072573184967041
0.8387588858604431
0.9091984629631042
0.8823899626731873
0.8015506863594055
0.7240075469017029
0.7891859412193298
0.34929990768432617
0.2439848929643631
0.10462677478790283
0.21268108487129211
0.49302953481674194
0.2696303725242615
0.3110882043838501
0.3992690145969391
