0.07580934464931488
0.0955699235200882
0.10438748449087143
0.049730174243450165
0.045712146908044815
0.004504347685724497
0.0022629762534052134
0.002715564565733075
0.026115691289305687
0.04730919748544693
0.07809470593929291
0.18313010036945343
0.3407471477985382
0.4366164803504944
0.012871717102825642
0.05420276150107384
0.003772665746510029
0.011583385057747364
0.012884502299129963
0.07522012293338776
0.09861939400434494
0.15598809719085693
0.2890430688858032
0.22518011927604675
0.3899693489074707
0.3747423589229584
0.12909646332263947
0.04704950377345085
0.23236986994743347
0.027857579290866852
0.2572723925113678
0.09686104208230972
0.25500524044036865
0.06554551422595978
0.05019703507423401
0.21190108358860016
0.2472873479127884
0.7769056558609009
0.5036060214042664
0.2583640515804291
0.08994337171316147
0.11406371742486954
0.09782857447862625
0.10343186557292938
0.035758890211582184
0.037785667926073074
0.08992600440979004
0.14015410840511322
0.020820865407586098
0.06475852429866791
0.12337744235992432
0.014697222039103508
0.009654897265136242
0.06947439908981323
0.2048216611146927
0.01516418345272541
0.054746415466070175
0.09987498074769974
0.2089819312095642
0.06841209530830383
0.07964006066322327
0.05846302583813667
0.08139824867248535
0.05800112709403038
0.15585844218730927
0.11499229073524475
0.06933428347110748
0.05432905629277229
0.10581070184707642
0.013284597545862198
0.009692552499473095
0.005375584587454796
0.012765873223543167
0.009259114041924477
0.058869533240795135
0.39114418625831604
0.3946951925754547
0.2181418091058731
0.8114022612571716
0.7732772827148438
0.6086263060569763
0.5445915460586548
0.2856990098953247
0.1997113823890686
0.5051921606063843
0.25687462091445923
0.08194676041603088
0.25426310300827026
0.24082393944263458
0.13029232621192932
0.048449594527482986
0.35405272245407104
0.24448861181735992
0.25241005420684814
0.1375633329153061
0.33133628964424133
0.29172998666763306
0.09627769887447357
0.0662912130355835
0.25734788179397583
0.08054862916469574
0.1701493263244629
0.09506001323461533
0.1621597558259964
0.14987292885780334
0.24904175102710724
0.21334832906723022
0.08678468316793442
0.1601157784461975
0.014060626737773418
0.04787178710103035
0.24952183663845062
0.1736031472682953
0.050754349678754807
0.1386742740869522
0.2875223755836487
0.5053050518035889
0.352153480052948
0.14207106828689575
0.1107923611998558
0.10366719216108322
0.051599662750959396
0.07905980199575424
0.13958896696567535
0.06995008140802383
0.17271888256072998
0.3346115052700043
0.29655271768569946
0.18486784398555756
0.48157399892807007
0.13658501207828522
0.4127388894557953
0.11518759280443192
0.27563682198524475
0.22187910974025726
0.3198104202747345
0.3879398703575134
0.5054112076759338
0.5207042694091797
0.6681725382804871
0.4830135703086853
0.633350670337677
0.5827987790107727
0.6958476901054382
0.7754437327384949
0.9669778943061829
0.777289092540741
0.9041113257408142
0.9669791460037231
0.9679887890815735
0.6777647137641907
0.3313092589378357
0.8029482960700989
0.21505798399448395
0.08378241211175919
0.0651959627866745
0.48090633749961853
0.5498236417770386
0.05047057196497917
0.1473565697669983
0.8521841764450073
0.7898836731910706
0.0773816630244255
0.6604247689247131
0.917113721370697
0.5645750761032104
0.3512313961982727
0.9121540188789368
0.8267939686775208
0.571688175201416
0.8854643106460571
0.9247682690620422
0.9201207756996155
0.9114840030670166
0.8821049928665161
0.8276289105415344
0.6064639091491699
0.6873881220817566
0.5432277917861938
0.6742482781410217
0.4635717570781708
0.4232390820980072
0.3348039984703064
0.11238037049770355
0.6187059283256531
0.38060060143470764
0.1571102887392044
0.15290991961956024
0.6343441009521484
0.3692091405391693
0.34743693470954895
0.3960424065589905
0.5203433036804199
0.5146713256835938
0.6991592645645142
0.809201717376709
0.8860514163970947
0.9001166224479675
0.4305729568004608
0.49023327231407166
0.8428018093109131
0.5966325998306274
0.4511716067790985
0.8235262036323547
0.953803300857544
0.8193191289901733
0.6048180460929871
0.8278074860572815
0.5784580111503601
0.5556051731109619
0.48945140838623047
0.6268494725227356
0.47689002752304077
0.1667039394378662
0.20956996083259583
0.11750364303588867
0.10412299633026123
0.45434972643852234
0.16306449472904205
0.033365633338689804
0.14430168271064758
0.2313656359910965
0.05710168555378914
0.05719809606671333
0.1880018413066864
0.3878888487815857
0.34488335251808167
0.20053716003894806
0.31862688064575195
0.20870088040828705
0.044006746262311935
0.3081011176109314
0.5461996793746948
0.17505687475204468
0.08182334154844284
0.4459594190120697
0.576391339302063
0.0833112969994545
0.04270830377936363
0.4531818926334381
0.6229847073554993
0.1299370974302292
0.10015032440423965
0.7675825357437134
0.5700705647468567
0.10296804457902908
0.2684253454208374
0.686799943447113
0.21179597079753876
0.14175134897232056
0.5163449645042419
0.6648213267326355
0.22183197736740112
0.21914713084697723
0.2839265763759613
0.21346701681613922
0.1582183688879013
0.1756935566663742
0.20386239886283875
0.17779609560966492
0.38448333740234375
0.19869787991046906
0.056681957095861435
0.09280157834291458
0.11007103323936462
0.08188220858573914
0.11188260465860367
0.09234858304262161
0.11402886360883713
0.3974919319152832
0.3672814965248108
0.09735716134309769
0.36911049485206604
0.4080846607685089
0.08991573750972748
0.3025949001312256
0.26472437381744385
0.13137777149677277
0.13233959674835205
0.4558711051940918
0.41436049342155457
0.12719519436359406
0.21190926432609558
0.4170968234539032
0.3587857782840729
0.1348658949136734
0.22225165367126465
0.23754385113716125
0.3810426592826843
0.13695180416107178
0.12513761222362518
0.2776736617088318
0.46678420901298523
0.2629097104072571
0.07077731192111969
0.23847399652004242
0.2388417273759842
0.21066544950008392
0.14400163292884827
0.1435214728116989
0.09965718537569046
0.19607694447040558
0.11270405352115631
0.16391335427761078
0.17571771144866943
0.42470598220825195
0.2911953926086426
0.5388511419296265
0.4219120144844055
0.05595029890537262
0.037466734647750854
0.006017681211233139
0.12190225720405579
0.01708645559847355
0.003854153910651803
0.006622056942433119
0.10593701899051666
0.09404998272657394
0.009567691944539547
0.041238415986299515
0.34939879179000854
0.23213274776935577
0.2597968876361847
0.3612459599971771
0.24692673981189728
0.4027279317378998
0.17696347832679749
0.4505878686904907
0.2845829427242279
0.46507665514945984
0.5834072232246399
0.6023454666137695
0.4428921341896057
0.13675421476364136
0.16773882508277893
0.5171992182731628
0.337344765663147
0.5338194370269775
0.44900813698768616
0.31349822878837585
0.4357820451259613
0.31986716389656067
0.2722049951553345
0.2690676152706146
