0.793082594871521
0.850470781326294
0.838219940662384
0.8543084263801575
0.879280686378479
0.7314215898513794
0.6313795447349548
0.870435357093811
0.7786715030670166
0.6099684238433838
0.5776122212409973
0.8464524149894714
0.677434504032135
0.2545732855796814
0.4214732348918915
0.8355610370635986
0.27108851075172424
0.04502308741211891
0.38981178402900696
0.438031405210495
0.09800103306770325
0.11093363910913467
0.31771913170814514
0.38797250390052795
0.23836854100227356
0.16622300446033478
0.3306995928287506
0.5070739984512329
0.1421077847480774
0.24790170788764954
0.07181821018457413
0.2175845205783844
0.12109969556331635
0.07983086258172989
0.04909825697541237
0.20692981779575348
0.3941873013973236
0.2934432923793793
0.3660813868045807
0.2805856764316559
0.20224185287952423
0.21511876583099365
0.5995872020721436
0.6101322770118713
0.11674712598323822
0.4248174726963043
0.716423511505127
0.5396067500114441
0.48750343918800354
0.7758914828300476
0.8748810887336731
0.8668577671051025
0.7835609912872314
0.7868350148200989
0.7243237495422363
0.5676854848861694
0.61827152967453
0.6940028667449951
0.5281177759170532
0.6889956593513489
0.31554895639419556
0.3157557249069214
0.3798586428165436
0.046049583703279495
0.1094474345445633
0.4259035885334015
0.2246199995279312
0.18236859142780304
0.3624143600463867
0.7002858519554138
0.28431397676467896
0.35034021735191345
0.7120369672775269
0.8262811303138733
0.7829712629318237
0.7062358856201172
0.6586482524871826
0.6457805633544922
0.6988525986671448
0.5237410664558411
0.6395338177680969
0.061021752655506134
0.09534534066915512
0.0360356830060482
0.04189496859908104
0.019336335361003876
0.04149888828396797
0.09371916204690933
0.2450493425130844
0.9130885004997253
0.8083249926567078
0.10113152116537094
0.2768920063972473
0.855556309223175
0.5847882628440857
0.1675751954317093
0.5806154608726501
0.9173099994659424
0.7088392376899719
0.8223909735679626
0.8434479832649231
0.5793639421463013
0.6704509854316711
0.5790934562683105
0.6959763765335083
0.31314173340797424
0.287341833114624
0.38437342643737793
0.05011772736907005
0.027551526203751564
0.03442976996302605
0.049636054784059525
0.1053776815533638
0.07927169650793076
0.06500338762998581
0.11158684641122818
0.08904892206192017
0.05238589271903038
0.038147568702697754
0.13458968698978424
0.15638737380504608
0.1442575603723526
0.5941604971885681
0.3171061873435974
0.25333449244499207
0.18935109674930573
0.04806626960635185
0.11828039586544037
0.10113545507192612
0.07541783154010773
0.09870516508817673
0.08138816803693771
0.02195572480559349
0.05764763429760933
0.07057715207338333
0.14816613495349884
0.023301994428038597
0.08293350040912628
0.18823936581611633
0.20038549602031708
0.053441371768713
0.2448728382587433
0.4103650748729706
0.05404141545295715
0.3139912784099579
0.08613114058971405
0.197232186794281
0.36096322536468506
0.5938211679458618
0.6187106370925903
0.4578236937522888
0.21550795435905457
0.07440578937530518
0.228067085146904
0.12267249077558517
0.08121621608734131
0.05064832419157028
0.1601068526506424
0.06793422996997833
0.056630272418260574
0.2058514803647995
0.103012815117836
0.04021470621228218
0.14313334226608276
0.15129835903644562
0.5084115266799927
0.35757961869239807
0.18187420070171356
0.6127460598945618
0.29882436990737915
0.806077241897583
0.5589434504508972
0.8678042888641357
0.7133126854896545
0.7963916659355164
0.38474148511886597
0.3355359435081482
0.22569282352924347
0.4190281331539154
0.5430682301521301
0.5461074709892273
0.31042760610580444
0.8360680937767029
0.6653832197189331
0.9411161541938782
0.9337446689605713
0.9537746906280518
0.940434992313385
0.9742203950881958
0.9755942225456238
0.94356769323349
0.8594700694084167
0.964879035949707
0.9694134593009949
0.9451794028282166
0.8883076906204224
0.9471625089645386
0.9573662281036377
0.7939345240592957
0.9182608127593994
0.9536635279655457
0.8916411995887756
0.7873750329017639
0.7033333778381348
0.8956432342529297
0.7696989178657532
0.39078930020332336
0.5509337782859802
0.8106945157051086
0.4936491549015045
0.17874808609485626
