0.4736062288284302
0.6026080250740051
0.3453148305416107
0.4457339346408844
0.20695345103740692
0.5171391367912292
0.13612371683120728
0.43246352672576904
0.47390833497047424
0.331659197807312
0.5594116449356079
0.4214650094509125
0.6023347973823547
0.5399738550186157
0.339373379945755
0.22004230320453644
0.4670656621456146
0.3373796045780182
0.3434789776802063
0.309732586145401
0.3625847101211548
0.37828928232192993
0.3103063404560089
0.2823202908039093
0.46526405215263367
0.2777102589607239
0.5936349034309387
0.6078932881355286
0.8802194595336914
0.6397859454154968
0.6530783176422119
0.6220974326133728
0.8382738828659058
0.7897182703018188
0.9111776351928711
0.6691678166389465
0.35782796144485474
0.8165059685707092
0.8556835651397705
0.513417661190033
0.36900079250335693
0.8134025931358337
0.7509123086929321
0.7175634503364563
0.3791870176792145
0.5441754460334778
0.5717861652374268
0.5083714127540588
0.16956251859664917
0.3501974642276764
0.08898424357175827
0.31361356377601624
0.15883834660053253
0.46573105454444885
0.36243748664855957
0.29935184121131897
0.31349554657936096
0.34319597482681274
0.10450475662946701
0.36540666222572327
0.40356793999671936
0.39345666766166687
0.3100889027118683
0.4992072880268097
0.40543434023857117
0.3160173296928406
0.11497114598751068
0.4671548902988434
0.7258113622665405
0.44292959570884705
0.3339117765426636
0.720874547958374
0.683061420917511
0.3772871494293213
0.5652530789375305
0.8183929920196533
0.4889509379863739
0.4769780933856964
0.5014022588729858
0.8122334480285645
0.6333760023117065
0.4085782468318939
0.48524603247642517
0.2830730974674225
0.48369938135147095
0.3979206383228302
0.4547208845615387
0.378440260887146
0.40778985619544983
