0.3872949182987213
0.7747840881347656
0.6597491502761841
0.3807881474494934
0.4537087082862854
0.7997530698776245
0.5041096210479736
0.40621572732925415
0.8044713139533997
0.7262684106826782
0.5540019273757935
0.11482205986976624
0.6938033103942871
0.6366717219352722
0.22115035355091095
0.6025952696800232
0.806067943572998
0.6570010781288147
0.5514479279518127
0.5270187854766846
0.782294750213623
0.38970881700515747
0.15870356559753418
0.264977365732193
0.3952838182449341
0.24017898738384247
0.37874650955200195
0.49265041947364807
0.5257775187492371
0.26251116394996643
0.48959651589393616
0.6640163660049438
0.6374717354774475
0.5838496685028076
0.8746630549430847
0.5244703888893127
0.7670972943305969
0.5322925448417664
0.31265735626220703
0.7979022860527039
0.7520430684089661
0.35245001316070557
0.15341748297214508
0.8553830981254578
0.3775308430194855
0.3219146132469177
0.713672935962677
0.7253965139389038
0.5327856540679932
0.6274300217628479
0.5358473062515259
0.5351120829582214
0.2691279351711273
0.4217447340488434
0.26657453179359436
0.21329882740974426
0.2784547805786133
0.3548448085784912
0.4828089773654938
0.23305337131023407
0.5882707238197327
0.21040289103984833
0.4261564612388611
0.47240957617759705
0.7861655950546265
0.7806037664413452
0.7343730330467224
0.8554479479789734
0.7920358180999756
0.5725367665290833
0.866843044757843
0.181645929813385
0.46173545718193054
0.8562087416648865
0.8538882732391357
0.24590738117694855
0.1445368081331253
0.8734422922134399
0.2905192971229553
0.2259330451488495
0.8087151646614075
0.871939480304718
0.36955204606056213
0.5338321924209595
0.4303441047668457
0.5254059433937073
0.18074071407318115
0.22581954300403595
0.11171076446771622
0.2782611846923828
0.21380417048931122
0.21895761787891388
0.24004517495632172
0.47866860032081604
0.38775354623794556
0.23601789772510529
0.5048547387123108
0.4183613359928131
0.582936704158783
0.5224483609199524
0.83543461561203
0.3988814949989319
0.5337904095649719
0.5172025561332703
0.5469702482223511
0.6891045570373535
0.8048046231269836
0.7719898223876953
0.8378942012786865
0.8955970406532288
0.8452761173248291
0.6317402720451355
0.5724227428436279
0.7385638952255249
0.8234187960624695
0.7534248232841492
0.6180028915405273
0.46378612518310547
0.2669980227947235
0.281450480222702
0.756502628326416
0.2235848605632782
0.3718830347061157
0.6993568539619446
0.716264545917511
0.2569519281387329
0.12599952518939972
0.7107334136962891
0.15328510105609894
0.2401653677225113
0.4819692075252533
0.6921892166137695
0.3296651542186737
0.42515864968299866
0.3056125044822693
0.6692092418670654
0.37031105160713196
0.25340503454208374
0.25143638253211975
0.460734099149704
0.4070627987384796
0.45010122656822205
0.36021101474761963
0.5015499591827393
0.49274104833602905
0.12334123998880386
0.5097329020500183
0.38047778606414795
0.36640089750289917
0.4002784788608551
0.4432596266269684
0.5364593267440796
0.5102383494377136
0.7815738320350647
0.511449933052063
0.4972113072872162
0.7176393270492554
0.41014665365219116
0.5365388989448547
0.62763911485672
0.43516895174980164
0.5257361531257629
0.5826921463012695
0.5701972246170044
0.375939279794693
0.6755641102790833
0.690514326095581
0.7746502161026001
0.7264471650123596
0.812265157699585
0.8289766311645508
0.8985827565193176
0.8721420168876648
0.9319537281990051
0.9308374524116516
0.9143264889717102
0.9566503167152405
0.9293487668037415
0.6689500212669373
0.7888281941413879
0.7471466064453125
0.7988072037696838
0.7777411937713623
0.6880464553833008
0.7850087881088257
