0.42509764432907104
0.40409812331199646
0.4029199182987213
0.6250366568565369
0.33237624168395996
0.6738812327384949
0.39910271763801575
0.7239607572555542
0.2595389187335968
0.608404815196991
0.4246658384799957
0.5944218039512634
0.6624327301979065
0.503108561038971
0.7614348530769348
0.7932490110397339
0.9151540398597717
0.8048923015594482
0.7950937151908875
0.5201373100280762
0.6648748517036438
0.4047815203666687
0.3646776080131531
0.33067983388900757
0.3168703019618988
0.17333300411701202
0.43602481484413147
0.7719385623931885
0.5152328610420227
0.3008044958114624
0.47796502709388733
0.756981611251831
0.46324649453163147
0.21544185280799866
0.5936633944511414
0.8473514914512634
0.5234277844429016
0.40391913056373596
0.6196726560592651
0.5789156556129456
0.42566633224487305
0.5336089134216309
0.5532442331314087
0.48813268542289734
0.8426083326339722
0.48481476306915283
0.8003032207489014
0.6709567904472351
0.9119163155555725
0.8124916553497314
0.7934334874153137
0.8648020029067993
0.46930959820747375
0.5833789706230164
0.3070211410522461
0.2577372193336487
0.36477237939834595
0.2339661717414856
0.1227484792470932
0.3067401945590973
0.4204467833042145
0.7142390608787537
0.7996735572814941
0.503760039806366
0.7531293034553528
0.7055908441543579
0.802284300327301
0.7717488408088684
0.8269400000572205
0.44135019183158875
0.8330028057098389
0.3893095850944519
0.8858068585395813
0.8528704643249512
0.8340354561805725
0.8713818192481995
0.8744738698005676
0.7567558288574219
0.7058055996894836
