0.6400386095046997
0.5684717297554016
0.6903127431869507
0.4256313145160675
0.6139154434204102
0.47783026099205017
0.5141523480415344
0.47700050473213196
0.2674791216850281
0.32589343190193176
0.26615655422210693
0.2940002977848053
0.17693591117858887
0.3351244032382965
0.21416375041007996
0.3081635534763336
0.27957025170326233
0.26990944147109985
0.3201810419559479
0.14045703411102295
0.1945044845342636
0.2625209391117096
0.22863350808620453
0.30279892683029175
0.24558915197849274
0.40800461173057556
0.33699774742126465
0.37835055589675903
0.5911425352096558
0.5052081942558289
0.4339454472064972
0.6840366125106812
0.7719867825508118
0.7147549390792847
0.5880653858184814
0.6199248433113098
0.17687425017356873
0.7867647409439087
0.6306866407394409
0.37403321266174316
0.3754924535751343
0.7164769768714905
0.49033021926879883
0.5457972884178162
0.6691739559173584
0.8114905953407288
0.740852952003479
0.9038339257240295
0.7855057120323181
0.8573392629623413
0.9027886986732483
0.8659507632255554
0.5193020701408386
0.3373803496360779
0.7853147983551025
0.5871998071670532
0.43892139196395874
0.07773953676223755
0.5158568024635315
0.4720775783061981
0.18179550766944885
0.4227573573589325
0.38941022753715515
0.4782523214817047
0.3132432997226715
0.3673640489578247
0.3256720006465912
0.3152066767215729
0.22321097552776337
0.18007366359233856
0.6104448437690735
0.8021813631057739
0.7064501643180847
0.8899502158164978
0.5792645812034607
0.5290414690971375
0.6723992228507996
0.6297942996025085
0.16077306866645813
0.41513481736183167
0.6583400368690491
0.7065739035606384
0.20315511524677277
0.2879790663719177
0.3265191912651062
0.339959979057312
0.27815571427345276
0.43500009179115295
0.6713732481002808
0.7643213868141174
0.38180816173553467
0.35510143637657166
0.6428448557853699
0.5180380940437317
0.42562806606292725
0.3779241144657135
0.2230653315782547
0.1067507416009903
0.18400263786315918
0.17308378219604492
0.28060561418533325
0.20603327453136444
0.14810198545455933
0.16314342617988586
0.07595846056938171
0.09698031842708588
0.1889040619134903
0.4057964086532593
0.7968461513519287
0.7994208335876465
0.8476019501686096
0.8896569013595581
0.8307228088378906
0.6775705814361572
0.5716286897659302
0.10268650949001312
0.06959809362888336
0.009391026571393013
0.05049788951873779
0.03179619833827019
0.10766827315092087
0.09732009470462799
0.2520279884338379
0.22420020401477814
0.13481342792510986
0.14708207547664642
0.04725418984889984
0.1092379093170166
0.32917919754981995
0.1272006332874298
0.3751765489578247
0.19081631302833557
0.7161228060722351
0.472485214471817
0.6007670164108276
0.4305329918861389
0.6816507577896118
0.7273576855659485
0.7599422931671143
0.7917506098747253
0.4884234666824341
0.7305445671081543
0.6712573170661926
0.4809291660785675
0.3086071014404297
0.59299236536026
0.5318195223808289
0.16773563623428345
0.22063447535037994
0.3700202405452728
0.34721639752388
0.05286523327231407
0.11448770016431808
0.18593616783618927
0.23571331799030304
0.10508184880018234
0.19957134127616882
0.27384549379348755
0.1950634866952896
0.17219680547714233
0.0695885643362999
0.2830696403980255
0.2871771454811096
0.1703929752111435
0.5966665148735046
0.5912492871284485
0.608536958694458
0.6046121120452881
0.5952760577201843
0.7163800001144409
0.46768325567245483
0.628125011920929
0.6485456824302673
0.5202342867851257
0.7416338920593262
0.7921938896179199
0.7393829822540283
0.8431848883628845
0.5322768688201904
0.43175703287124634
0.3417518734931946
0.4247704744338989
0.38569527864456177
0.05255158245563507
0.23408351838588715
0.3650659918785095
0.15300653874874115
0.05067018046975136
0.5971928238868713
0.6399407982826233
0.3214276432991028
0.32153138518333435
0.7143191695213318
0.6368089318275452
0.7303372621536255
0.773816704750061
0.6994293332099915
0.7722218036651611
0.6118990778923035
0.6662207841873169
0.7997280955314636
0.7702870965003967
0.4235866367816925
0.42317336797714233
0.750617265701294
0.7528163194656372
0.5453359484672546
0.7512734532356262
0.7129664421081543
0.7689839005470276
0.5496912002563477
0.31773698329925537
0.5171488523483276
0.6450685858726501
0.47924572229385376
0.5734362602233887
0.600978434085846
0.5313702821731567
0.4061254560947418
0.33657950162887573
0.43711379170417786
