0.4484182894229889
0.35771122574806213
0.3798448145389557
0.4389573335647583
0.3810073733329773
0.24302299320697784
0.08159410208463669
0.049906179308891296
0.03470851853489876
0.0462300181388855
0.3035542070865631
0.4470340311527252
0.0793345496058464
0.22235365211963654
0.03581130504608154
0.0332786962389946
0.011625942774116993
0.05109906196594238
0.08727528899908066
0.07866839319467545
0.21813201904296875
0.18213383853435516
0.28701066970825195
0.29733148217201233
0.1000581830739975
0.08942712843418121
0.04442911595106125
0.010285698808729649
0.02243429608643055
0.034777697175741196
0.04357898235321045
0.1927339881658554
0.10381676256656647
0.08243405073881149
0.2283327877521515
0.12920022010803223
0.32701948285102844
0.06693602353334427
0.0534428134560585
0.15629787743091583
0.07184012979269028
0.4342510998249054
0.48536422848701477
0.5163694024085999
0.6643460392951965
0.6439034938812256
0.5078579783439636
0.3362598121166229
0.1479465663433075
0.39644667506217957
0.1261581927537918
0.32632681727409363
0.3428564965724945
0.09956119954586029
0.045782748609781265
0.059145405888557434
0.12936541438102722
0.22693035006523132
0.24483580887317657
0.4909510612487793
0.29296043515205383
0.49348846077919006
0.3249562680721283
0.15020112693309784
0.07996311783790588
0.021338921040296555
0.05188591033220291
0.036146391183137894
0.24362584948539734
0.29620376229286194
0.30022162199020386
0.5037841200828552
0.5830152630805969
0.18993307650089264
0.5172481536865234
0.510855495929718
0.6555303335189819
0.3895968496799469
0.13944266736507416
0.4479629099369049
0.19283334910869598
0.7309855818748474
0.6161370277404785
0.6952164173126221
0.8506907224655151
0.6726387739181519
0.25428250432014465
0.351123571395874
0.1529870480298996
0.5858131051063538
0.31745919585227966
0.7773507237434387
0.5694370269775391
0.633833110332489
0.7463274002075195
0.4440421760082245
0.1985808163881302
0.10621363669633865
0.07909658551216125
0.15864482522010803
0.2389698326587677
0.24514807760715485
0.37161800265312195
0.32447999715805054
0.20237405598163605
0.14189055562019348
0.0924999862909317
0.1471446305513382
0.02827233076095581
0.037544626742601395
0.1235278993844986
0.4389994442462921
0.6347318887710571
0.7386409044265747
0.5177436470985413
0.7055662274360657
0.2808589041233063
0.15511532127857208
0.10979785025119781
0.22953851521015167
0.10479887574911118
0.15711691975593567
0.41534748673439026
0.3221851587295532
0.17266935110092163
0.3379291594028473
0.5346273183822632
0.15863952040672302
0.5369398593902588
0.4678521752357483
0.5087445378303528
0.5016654133796692
0.4303264319896698
0.3833676278591156
0.4276840388774872
0.6193330883979797
0.5214303731918335
0.6313203573226929
0.7343066334724426
0.8350512981414795
0.5112836956977844
0.31083452701568604
0.14765693247318268
0.1365240514278412
0.17906853556632996
0.14131778478622437
0.3791029751300812
0.26513662934303284
0.17626434564590454
0.22522248327732086
0.17984624207019806
0.11972711980342865
0.249895840883255
0.2733267545700073
0.4172830879688263
0.5953912138938904
0.5482314825057983
0.4773797392845154
0.47167840600013733
0.3329435884952545
0.24850474298000336
0.21211092174053192
0.16406625509262085
0.10268948972225189
0.2454611212015152
0.1605086624622345
0.2239227294921875
0.5449522733688354
0.38580816984176636
0.2184775173664093
0.22002752125263214
0.31146901845932007
0.23110850155353546
0.27336475253105164
0.23521466553211212
0.11535302549600601
0.41287556290626526
0.378122478723526
0.23941485583782196
0.3409462571144104
0.46082496643066406
0.09960542619228363
0.051449231803417206
0.03710778057575226
0.04652548208832741
0.18289710581302643
0.19080811738967896
0.3495509922504425
0.27067726850509644
0.6266053318977356
0.42700040340423584
0.3756937086582184
0.3341270089149475
0.17584480345249176
0.09929578751325607
0.11857336014509201
0.07498135417699814
0.1643015593290329
0.2561253309249878
0.30389705300331116
0.3937195837497711
0.24693329632282257
0.26728948950767517
0.3505609929561615
0.24183389544487
0.10274330526590347
0.4375835657119751
0.3224879801273346
0.7335188984870911
0.8644499778747559
0.8004409074783325
0.8915218710899353
0.8669098019599915
0.7470883131027222
0.6212223768234253
0.4706941843032837
0.7409029006958008
0.4442334771156311
0.7420693635940552
0.6808936595916748
0.647908627986908
0.8363623023033142
0.6411551237106323
0.4662363827228546
0.17827366292476654
0.44802772998809814
0.32617107033729553
0.33181291818618774
0.6049543619155884
0.5903981924057007
0.4732975959777832
0.17561765015125275
0.22630660235881805
0.3322027027606964
0.2826935052871704
0.24326027929782867
0.07976361364126205
0.17758488655090332
0.15847750008106232
0.6665323376655579
0.7379115223884583
0.8583563566207886
0.7476390600204468
0.8432910442352295
0.7328080534934998
0.7713818550109863
0.6576924324035645
0.5636499524116516
0.7943302392959595
0.5175036191940308
0.8648814558982849
0.6560860276222229
0.6881436109542847
0.7509924173355103
