0.2910021245479584
0.4220483601093292
0.4026091992855072
0.16671741008758545
0.4141154885292053
0.6360377669334412
0.5106306076049805
0.38107818365097046
0.6373533606529236
0.5179361701011658
0.4448358118534088
0.40658333897590637
0.6165283918380737
0.6151118874549866
0.42236509919166565
0.4432455599308014
0.3753105700016022
0.4416475296020508
0.3443865180015564
0.6963491439819336
0.6851490139961243
0.6429171562194824
0.7823317646980286
0.718117356300354
0.5561791658401489
0.5326407551765442
0.374259889125824
0.4213120639324188
0.4485545754432678
0.46775007247924805
0.637419581413269
0.5718200206756592
0.5110552906990051
0.6111528873443604
0.6715274453163147
0.5790228843688965
0.7235304713249207
0.590582013130188
0.7483013868331909
0.6754805445671082
0.7197311520576477
0.5395381450653076
0.6262449622154236
0.36302968859672546
0.4327029883861542
0.4983658790588379
0.6605270504951477
0.5784303545951843
0.49233463406562805
0.5044324994087219
0.3681613504886627
0.4939066171646118
0.43705347180366516
0.44087520241737366
0.5486552715301514
0.5820821523666382
0.5213144421577454
0.37852010130882263
0.7464644908905029
0.6923096776008606
0.6960194110870361
0.6555827856063843
0.4825577735900879
0.4390498697757721
0.7755001783370972
0.6078314185142517
0.44743114709854126
0.5716575384140015
0.611828625202179
0.633018970489502
0.30348697304725647
0.7376412749290466
0.48366662859916687
0.5983084440231323
0.7081778049468994
0.679821252822876
0.4589950144290924
0.6761384010314941
0.6131475567817688
0.65740567445755
0.4339853823184967
0.7469802498817444
0.7316573262214661
0.8074868321418762
0.6008450388908386
0.5787884593009949
0.6646104454994202
0.8440217971801758
0.5824888944625854
0.6801661252975464
0.6696245074272156
0.7194084525108337
0.7517088055610657
0.7636999487876892
0.6644397974014282
0.6247882843017578
0.6278528571128845
0.6554937958717346
0.7433828115463257
0.7677105665206909
0.6607587933540344
0.5404680371284485
0.32674121856689453
0.5035407543182373
0.7043617367744446
0.4732716381549835
0.43181049823760986
0.6315290927886963
0.5624356865882874
0.4754118025302887
0.6159886121749878
0.6473861336708069
0.7647961974143982
0.5887541770935059
0.8197845220565796
0.5353569388389587
0.3502699136734009
0.7668006420135498
0.7348089218139648
0.5473774075508118
0.5612897276878357
0.675486147403717
0.6970130205154419
0.27971115708351135
0.4170381724834442
0.47862112522125244
0.6091188788414001
0.5620899200439453
0.6611407995223999
0.7321058511734009
0.7426465153694153
0.7776294946670532
0.6990641951560974
0.6981187462806702
0.42431798577308655
0.5690659880638123
0.3780262768268585
0.5031419992446899
0.2665272355079651
0.2993711829185486
0.3362728953361511
0.36681023240089417
0.4186185896396637
0.4313078820705414
0.5443018674850464
0.50727778673172
0.6243351101875305
0.368710458278656
0.5254673957824707
0.7163659334182739
0.5239679217338562
0.8093515038490295
0.7427337765693665
0.30954962968826294
0.4892387390136719
0.6376984715461731
0.5754812359809875
0.4552546739578247
0.5206330418586731
0.6783970594406128
0.4923167824745178
0.6185370087623596
0.7029432654380798
0.7495243549346924
0.8640626072883606
0.7914762496948242
0.812061607837677
0.8761472702026367
0.6956549882888794
0.5057910680770874
0.67580646276474
0.4436480402946472
0.4513992369174957
0.51637864112854
0.6492415070533752
0.5361970067024231
0.5595846772193909
0.664130449295044
0.7784028649330139
0.6602917909622192
0.8058590292930603
0.6197813749313354
0.6711609959602356
0.6050608158111572
0.36590248346328735
0.3434474468231201
0.6259124875068665
0.5524919629096985
0.6009454727172852
0.3529626429080963
0.4255458116531372
0.53384929895401
0.5093080997467041
0.4893565773963928
0.6769539713859558
0.3490964472293854
0.5569736361503601
0.5080466270446777
0.6220248341560364
0.669240415096283
0.716015636920929
0.48582717776298523
0.6312673687934875
0.537263035774231
0.41212713718414307
0.5291304588317871
0.5829809904098511
0.5861749053001404
0.5783964395523071
0.6209694743156433
0.6067597270011902
0.6422126889228821
0.7133956551551819
0.629227876663208
0.7661674618721008
0.6650373339653015
0.737487256526947
0.8571786880493164
0.7604203820228577
0.8495345115661621
0.6789752244949341
0.5304759740829468
0.7311067581176758
0.7935209274291992
0.6419606804847717
0.48676618933677673
0.6374880075454712
0.5519854426383972
0.38036343455314636
0.5978915095329285
0.7131392955780029
0.6472973227500916
0.6616007685661316
0.6497881412506104
