0.5816821455955505
0.3675746023654938
0.7280189990997314
0.49985775351524353
0.7206460237503052
0.597217857837677
0.6758029460906982
0.699932873249054
0.7291340231895447
0.6196969151496887
0.6119120121002197
0.5545126795768738
0.4534513056278229
0.31137293577194214
0.4036407172679901
0.25861772894859314
0.20569613575935364
0.2914717197418213
0.526226282119751
0.32994499802589417
0.6123365759849548
0.41124528646469116
0.6258476376533508
0.24915210902690887
0.5949711799621582
0.5567277073860168
0.7451649904251099
0.5827743411064148
0.7327834963798523
0.7090371251106262
0.6891577243804932
0.6462993621826172
0.7801717519760132
0.7059194445610046
0.4659363925457001
0.6005347967147827
0.4494888484477997
0.5449151396751404
0.516318142414093
0.6830598711967468
0.690033495426178
0.5272355079650879
0.39311859011650085
0.5235651731491089
0.4998047649860382
0.3402446508407593
0.47825708985328674
0.5583592653274536
0.4342328608036041
0.6856802701950073
0.5944160223007202
0.8009430766105652
0.7509569525718689
0.5031045079231262
0.6666371822357178
0.25459983944892883
0.5731893181800842
0.30574551224708557
0.7191444039344788
0.36417680978775024
0.12349188327789307
0.32728898525238037
0.26088961958885193
0.3168930411338806
0.2052777260541916
0.3024231493473053
0.3993154466152191
0.5581573247909546
0.26733407378196716
0.5421249866485596
0.2169988751411438
0.6751589775085449
0.2637169063091278
0.7011117935180664
0.6049731373786926
0.828265368938446
0.8605109453201294
0.7990752458572388
0.7972639203071594
0.775519073009491
0.8466784358024597
0.49219125509262085
0.738239586353302
0.3344862461090088
0.6065645217895508
0.1764039695262909
0.5670406818389893
0.283509224653244
0.43400898575782776
