0.2139936089515686
0.12162405997514725
0.23319026827812195
0.3118581771850586
0.31690019369125366
0.4779857099056244
0.504677951335907
0.4322899878025055
0.5011881589889526
0.6137834191322327
0.5808846354484558
0.6449384689331055
0.7136073708534241
0.14694562554359436
0.23980334401130676
0.25175487995147705
0.5432167649269104
0.5677396059036255
0.4000081717967987
0.17775188386440277
0.2037830650806427
0.4163077771663666
0.3265943229198456
0.3933342397212982
0.18246938288211823
0.2900013327598572
0.2215985357761383
0.40667349100112915
0.3203256130218506
0.0537245087325573
0.550035297870636
0.6444852352142334
0.3238053321838379
0.32500967383384705
0.6872144341468811
0.6778322458267212
0.861260712146759
0.8217859864234924
0.5827487111091614
0.46092474460601807
0.8210443258285522
0.5450525879859924
0.7292861938476562
0.8653886318206787
0.5685921907424927
0.4065660238265991
0.6169323325157166
0.44648948311805725
0.571161150932312
0.4430321455001831
0.5696862936019897
0.8296940922737122
0.9218271374702454
0.6531727313995361
0.6842969059944153
0.8719918131828308
0.9234492182731628
0.6392452716827393
0.8498361706733704
0.6246848106384277
0.38005056977272034
0.39590686559677124
0.2525593638420105
0.462588369846344
0.22497966885566711
0.5484981536865234
0.8325941562652588
0.8233437538146973
0.5054329037666321
0.35641980171203613
0.18835988640785217
0.4284755289554596
0.1739250123500824
0.23476897180080414
0.12936708331108093
0.5762872695922852
0.2481331080198288
0.2433612048625946
0.5304049849510193
0.4138893187046051
0.7967841029167175
0.5997081398963928
0.6107698678970337
0.864120602607727
0.8663654923439026
0.9380667209625244
0.8338035941123962
0.9289523363113403
0.6690281629562378
0.8338062763214111
0.6137650609016418
0.5539534091949463
0.27273184061050415
0.6403810381889343
0.6371303200721741
0.6490477919578552
0.7684836983680725
0.885411262512207
0.8846423029899597
0.8849387764930725
0.692226767539978
0.5735894441604614
0.7619732618331909
0.8026056289672852
0.9306782484054565
0.8389492630958557
0.8845741152763367
0.8202049136161804
0.7460930943489075
0.6570878028869629
0.6675500273704529
0.6455767750740051
0.7086017727851868
0.5886093974113464
0.7692930102348328
0.49357372522354126
0.7742794752120972
0.388814240694046
0.3810116648674011
0.10687749087810516
0.04695837199687958
0.36007267236709595
0.12860624492168427
0.13883259892463684
0.1591745764017105
0.11936778575181961
0.16492681205272675
0.21796412765979767
0.294904887676239
0.22799012064933777
0.3590076267719269
0.4970143735408783
0.2531922459602356
0.46467962861061096
0.3979300260543823
