0.3768157362937927
0.1951340287923813
0.09439346194267273
0.022180242463946342
0.06143989786505699
0.09606299549341202
0.2063194364309311
0.2130832076072693
0.5082110166549683
0.5604753494262695
0.6306740045547485
0.1582801342010498
0.11898493766784668
0.14459985494613647
0.10958055406808853
0.27870607376098633
0.28325551748275757
0.7146562337875366
0.8329379558563232
0.6314834356307983
0.7645354866981506
0.4318471848964691
0.7027062773704529
0.49513018131256104
0.5660265684127808
0.7495142817497253
0.48564475774765015
0.7812826037406921
0.8804205060005188
0.7861088514328003
0.7965168356895447
0.8175824880599976
0.6728712916374207
0.4214802384376526
0.503862202167511
0.32503923773765564
0.5203072428703308
0.4065699577331543
0.2465467005968094
0.4461943209171295
0.45991796255111694
0.6405084729194641
0.798043966293335
0.8303278088569641
0.8570683002471924
0.6561367511749268
0.5054088234901428
0.28414979577064514
0.7127174735069275
0.7673152089118958
0.37223145365715027
0.7842391133308411
0.914147675037384
0.822124719619751
0.809675931930542
0.8810727000236511
0.893988847732544
0.6652706265449524
0.8095744252204895
0.6613717675209045
0.5127769708633423
0.35807153582572937
0.34379926323890686
0.7675541043281555
0.6362394690513611
0.2500920295715332
0.5409557819366455
0.7064288854598999
0.37886035442352295
0.39437875151634216
0.40182358026504517
0.5490773320198059
0.6188161969184875
0.26928582787513733
0.47629207372665405
0.3690565824508667
0.592519998550415
0.6814859509468079
0.18270158767700195
0.5321796536445618
0.7038354277610779
0.6548040509223938
0.6470338106155396
0.8267746567726135
0.92995285987854
0.8159058094024658
0.8835633993148804
0.7195784449577332
0.5880147814750671
0.34675711393356323
0.4967137575149536
0.3097190260887146
0.4936263859272003
0.5250890851020813
0.24331116676330566
0.5950984358787537
0.10249637812376022
0.3981586992740631
0.21062564849853516
0.37520793080329895
0.2647496163845062
0.5233187675476074
0.5267635583877563
0.6055917739868164
0.4860077500343323
0.5525135397911072
0.5047634243965149
0.5942189693450928
0.4561595916748047
0.7038934826850891
0.7514899373054504
0.1754871904850006
0.47664833068847656
0.8046025633811951
0.4635768532752991
0.17269296944141388
0.47239118814468384
0.7107722163200378
0.21738861501216888
0.20585602521896362
0.6277020573616028
0.5975918769836426
0.12998075783252716
0.31252869963645935
0.7391718029975891
0.5341225862503052
0.16684630513191223
0.6287071108818054
0.7077510952949524
0.8657928109169006
0.6993157267570496
0.7130997776985168
0.7474263310432434
0.6836807131767273
0.4682328402996063
0.7330437898635864
0.5063714385032654
0.16921620070934296
0.08690833300352097
0.15262818336486816
0.14196474850177765
0.25684845447540283
0.6424070596694946
0.5253289937973022
0.8756097555160522
0.6243921518325806
0.8372098207473755
0.8633942604064941
0.755763053894043
0.5745068192481995
0.7327869534492493
0.8628801703453064
0.6440590620040894
0.27453407645225525
0.7816426157951355
0.8522178530693054
0.43738338351249695
0.23266726732254028
0.8443530201911926
0.8631297945976257
0.4304044842720032
0.702558696269989
0.5448597073554993
0.8329501748085022
0.7036833763122559
0.6248652935028076
0.7610304355621338
0.7567749619483948
0.560249388217926
0.6114848256111145
0.3436609208583832
0.29045361280441284
0.45014095306396484
0.08108071982860565
0.12932047247886658
0.15537859499454498
0.2834523022174835
0.2628951966762543
0.8103038668632507
0.45646026730537415
0.44677209854125977
0.6205429434776306
0.7673459053039551
0.5867009162902832
0.7579525113105774
0.5002084374427795
0.546429455280304
0.6407650709152222
0.3614179193973541
0.3103027045726776
0.15789712965488434
0.21879808604717255
0.17555589973926544
0.42162927985191345
0.4070191979408264
0.40883123874664307
0.2809906005859375
0.5825905203819275
0.5170436501502991
0.4950137734413147
0.5932648777961731
0.4716608226299286
0.17527835071086884
0.2624680697917938
0.1972515732049942
0.21714124083518982
0.3802822232246399
0.2534720301628113
0.5562595725059509
0.688099205493927
0.5674870610237122
0.8544839024543762
0.6997917294502258
0.8165850639343262
0.6572616696357727
0.5594779849052429
0.4331674575805664
0.5739138722419739
0.4053334593772888
0.578484296798706
0.7918822169303894
0.8303604125976562
0.8901950120925903
0.6751053929328918
0.4399871528148651
0.5425784587860107
0.8195793628692627
0.732997477054596
0.4912945032119751
0.32457414269447327
0.7324633598327637
0.6471956372261047
0.23121277987957
0.5633628368377686
0.7922123074531555
0.7294409275054932
0.58601313829422
0.575350284576416
0.5199414491653442
0.7110641002655029
0.5244460701942444
0.7219386100769043
0.8245847821235657
0.7212298512458801
0.8126070499420166
0.8581646680831909
0.7379587292671204
0.6865506768226624
0.4154268801212311
0.5667320489883423
0.5982450246810913
0.612640380859375
0.7682093977928162
0.8165431022644043
0.37060847878456116
0.5917665362358093
0.8406585454940796
0.8314517140388489
0.4554041922092438
0.7507663369178772
0.7649825215339661
0.5492186546325684
0.3687376379966736
0.7581346035003662
0.8830481171607971
0.5154193043708801
0.5871452689170837
0.868367612361908
0.8556903004646301
0.7061077356338501
0.7715685963630676
0.9036635160446167
0.8549755215644836
0.8643106818199158
0.8632562756538391
0.6155242919921875
0.9142740368843079
0.7944685220718384
0.9131032228469849
0.8240832686424255
0.9151522517204285
0.8748962879180908
0.5601295828819275
0.6240164637565613
0.7754683494567871
0.8375180959701538
0.7993318438529968
0.8223269581794739
0.7024410367012024
0.9350664615631104
0.7995501160621643
0.8407372236251831
0.7078145146369934
0.8337081074714661
0.7960570454597473
0.8297033905982971
0.8596480488777161
0.4276195764541626
0.7381128668785095
0.8480215668678284
0.7155234813690186
0.5709609389305115
0.6921258568763733
0.7905176281929016
0.6870071291923523
0.6067469716072083
0.7597141265869141
0.470830500125885
0.4045478403568268
0.5390222072601318
0.5814942717552185
0.337983101606369
0.30837687849998474
0.6102198958396912
0.5019708871841431
0.13638827204704285
0.33954644203186035
0.6465930938720703
0.6625857353210449
0.29043251276016235
0.6509344577789307
0.44199904799461365
0.6046193838119507
0.5612760782241821
0.562333881855011
0.505092978477478
0.37959298491477966
0.6051614880561829
0.21112023293972015
0.2593301236629486
0.16374392807483673
0.2607724368572235
0.26587921380996704
0.2575497329235077
0.4224661588668823
0.5525183081626892
0.275221586227417
0.793008029460907
0.540442943572998
0.731813371181488
0.5976300239562988
0.4263850450515747
0.60740727186203
0.5017293691635132
0.5370743870735168
0.312045693397522
0.4564008116722107
0.6144683957099915
0.6589760780334473
0.5474099516868591
0.7408043146133423
0.6417577862739563
0.6088855862617493
0.7388300895690918
0.5649271607398987
0.5829234719276428
0.6595900058746338
0.8876364827156067
0.7385476231575012
0.7479318380355835
0.3858880400657654
0.5500945448875427
0.375375896692276
0.17226599156856537
0.1379738301038742
0.08754213899374008
0.3312298357486725
0.04693049564957619
0.03344188258051872
0.07193944603204727
0.16778428852558136
0.24462665617465973
0.06321460753679276
0.3064327538013458
0.4754362106323242
0.4786592125892639
0.5621919631958008
