0.7492871880531311
0.7886338829994202
0.7038726210594177
0.8673789501190186
0.7634888887405396
0.877122700214386
0.7589086294174194
0.6089342832565308
0.6571433544158936
0.37020185589790344
0.6969929337501526
0.3682052195072174
0.5951380729675293
0.6220568418502808
0.7155807614326477
0.5080609321594238
0.49706485867500305
0.24010059237480164
0.3295563757419586
0.46984562277793884
0.4169347286224365
0.4971656799316406
0.5204997658729553
0.6534419655799866
0.5430660843849182
0.3054298460483551
0.32175424695014954
0.22353366017341614
0.42879369854927063
0.6158799529075623
0.44577938318252563
0.5074939131736755
0.4596429467201233
0.5262595415115356
0.41992610692977905
0.5142810940742493
0.5115131139755249
0.3432667553424835
0.43437129259109497
0.39343810081481934
0.47460949420928955
0.2888394594192505
0.4946169853210449
0.696283221244812
0.49811968207359314
0.8528726696968079
0.6381290555000305
0.7741320133209229
0.6474208831787109
0.7516347765922546
0.6394295692443848
0.5844462513923645
0.7233225703239441
0.6235613226890564
0.6311768293380737
0.718926727771759
0.5679780840873718
0.41160979866981506
0.344699501991272
0.2997211217880249
0.2412797063589096
0.3254331946372986
0.6359880566596985
0.7019860744476318
0.34234142303466797
0.3032592833042145
0.2639298439025879
0.24739986658096313
0.14083847403526306
0.26493799686431885
0.2672666907310486
0.4511943459510803
0.695595920085907
0.4827491044998169
0.6217218637466431
0.5619847178459167
0.4784241318702698
0.3737742006778717
0.4002133905887604
0.27314868569374084
0.40582144260406494
0.2745935916900635
0.4282800257205963
0.41542959213256836
0.5249643921852112
0.5370558500289917
0.6418064832687378
0.6954630017280579
0.5776835083961487
0.7115251421928406
0.4256819486618042
0.5852618217468262
0.571807861328125
0.6684784889221191
0.4626197814941406
0.7919303178787231
0.8193846344947815
0.7128733396530151
0.5750682950019836
0.4744919240474701
0.2783134877681732
0.42781639099121094
0.7607414126396179
0.4404709041118622
0.6542540192604065
0.6501664519309998
0.6427621245384216
0.7029650211334229
0.6667460203170776
0.4094318449497223
0.4043516516685486
0.31002750992774963
0.5434584617614746
0.2664378583431244
0.6432968974113464
0.7285957336425781
0.6557524800300598
0.7545686960220337
0.6429441571235657
0.29090213775634766
0.22008605301380157
0.09903674572706223
0.19430890679359436
0.2894817292690277
0.4159540832042694
0.558539867401123
0.49340376257896423
0.5503324866294861
0.47453001141548157
0.47348976135253906
0.5040925741195679
0.3055971562862396
0.5118743777275085
0.17950589954853058
0.19687041640281677
0.29711824655532837
0.483833909034729
0.3746534585952759
0.4394724667072296
0.45025286078453064
0.5776469707489014
0.3539208471775055
0.4090100824832916
0.2681805193424225
0.3747778832912445
0.3038995862007141
0.7129442095756531
0.7119249105453491
0.8002018332481384
0.878038227558136
0.8193575739860535
0.8405715227127075
0.795763373374939
