0.0698537603020668
0.07707297801971436
0.09909320622682571
0.11719860136508942
0.23068471252918243
0.26394858956336975
0.4944268465042114
0.6731975674629211
0.5602313876152039
0.5344138741493225
0.37887755036354065
0.22593773901462555
0.16999509930610657
0.10301468521356583
0.2842150926589966
0.27096882462501526
0.3931366503238678
0.21687224507331848
0.5143540501594543
0.37322723865509033
0.39301827549934387
0.11937451362609863
0.3356872797012329
0.1990697681903839
0.22793129086494446
0.19404733180999756
0.1364022046327591
0.1341663897037506
0.11454542726278305
0.14486539363861084
0.15254028141498566
0.04033691808581352
0.041589464992284775
0.06681030988693237
0.09993265569210052
0.06684250384569168
0.08612378686666489
0.17414264380931854
0.20503558218479156
0.11487866938114166
0.07883530110120773
0.10642474889755249
0.04991278424859047
0.041388627141714096
0.03003295697271824
0.08617609739303589
0.11914502084255219
0.14809037744998932
0.2267390340566635
0.19169101119041443
0.3784032464027405
0.16813220083713531
0.18116863071918488
0.06300214678049088
0.18076477944850922
0.2290908545255661
0.14353561401367188
0.32412734627723694
0.05290599912405014
0.3793829083442688
0.10898827016353607
0.39009517431259155
0.3989650309085846
0.08299069106578827
0.21071185171604156
0.09086036682128906
0.11477172374725342
0.10121750086545944
0.13004419207572937
0.18645815551280975
0.3479918837547302
0.08447930216789246
0.11377742886543274
0.03993821144104004
0.06475210189819336
0.05281573161482811
0.10919582098722458
0.14880453050136566
0.1434611678123474
0.19264382123947144
0.29164567589759827
0.13574372231960297
0.1452910155057907
0.1460992693901062
0.08351346105337143
0.2232571393251419
0.12654097378253937
0.18167409300804138
0.10212932527065277
0.2893606126308441
0.07668094336986542
0.12652085721492767
0.23357738554477692
0.3077833354473114
0.3401092290878296
0.5330273509025574
0.5640214681625366
0.432218462228775
0.36545971035957336
0.3639822006225586
0.1999341994524002
0.39015209674835205
0.3890165686607361
0.28688302636146545
0.3815445005893707
0.5618166327476501
0.5188859105110168
0.30711960792541504
0.5700250864028931
0.22851255536079407
0.407102108001709
0.18402428925037384
0.3638858497142792
0.22826194763183594
0.7744091749191284
0.27534690499305725
0.5465577244758606
0.180257186293602
0.5490527153015137
0.12283936887979507
0.5240293145179749
0.7531434297561646
0.2744941711425781
0.627216637134552
0.5366397500038147
0.4230721890926361
0.2789871394634247
0.4171825647354126
0.3329201638698578
0.5140326619148254
0.5252493023872375
0.4184216856956482
0.21300528943538666
0.22108136117458344
0.36203286051750183
0.1213255450129509
0.30929070711135864
0.23912641406059265
0.23098546266555786
0.19490231573581696
0.33835387229919434
0.3276611864566803
0.2824746370315552
0.20221462845802307
0.2925095558166504
0.4118041396141052
0.3674275279045105
0.5391886830329895
0.4719776511192322
0.6502982974052429
0.6836290955543518
0.39117780327796936
0.6496001482009888
0.4896204173564911
0.630275309085846
0.5328201651573181
0.36865106225013733
0.7352118492126465
0.15487398207187653
0.589135468006134
0.14164304733276367
0.5768377184867859
0.6288936138153076
0.12121229618787766
0.25920718908309937
0.1972832977771759
0.2561843693256378
0.24090833961963654
0.2010682076215744
0.13733255863189697
0.17210029065608978
0.0368446484208107
0.05397410690784454
0.020785972476005554
0.3386198580265045
0.09561680257320404
0.3383576273918152
0.4238382577896118
0.3708294630050659
0.5761774182319641
0.5279951095581055
0.41469037532806396
0.5637864470481873
0.5099462866783142
0.47238418459892273
0.5059300661087036
0.2938881814479828
0.29687580466270447
0.35304340720176697
0.12825047969818115
0.047722164541482925
0.20450615882873535
0.052654750645160675
0.33721843361854553
0.14665000140666962
0.4237765669822693
0.24902039766311646
0.30689379572868347
0.46085840463638306
0.41415631771087646
0.5408121943473816
0.5789476037025452
0.8638091683387756
0.49830716848373413
0.7208731174468994
0.47871342301368713
0.659238338470459
0.5067145824432373
0.32408586144447327
0.6380271911621094
0.6509893536567688
0.4872792065143585
0.3654296398162842
0.22146721184253693
0.21414220333099365
0.0937647819519043
0.14729680120944977
0.14795252680778503
0.08395303040742874
0.08438143879175186
0.098856620490551
0.06734032183885574
0.17406991124153137
0.043667882680892944
0.28044742345809937
0.07882209122180939
0.4734014570713043
0.11821005493402481
0.5881239771842957
0.25147131085395813
0.5067739486694336
0.5443300008773804
0.56855708360672
0.4975745379924774
0.7169982194900513
0.12882296741008759
0.723146378993988
0.22836561501026154
0.7633200287818909
0.42264652252197266
0.5790113210678101
0.6838792562484741
0.45962074398994446
0.5505572557449341
0.487887442111969
0.4653741121292114
0.446027010679245
0.37641260027885437
0.2806117832660675
0.29121461510658264
0.19962121546268463
0.24007548391819
0.08177517354488373
0.17818628251552582
0.31589147448539734
0.4794386923313141
0.5716527104377747
0.4053729176521301
0.526608943939209
0.4797384440898895
0.40857377648353577
0.4864245653152466
0.3524860441684723
0.39288026094436646
0.3322535455226898
0.4330081343650818
0.5345214009284973
0.2402401715517044
0.4312756359577179
0.2832699716091156
0.32896628975868225
0.06674998253583908
0.15587171912193298
0.032846175134181976
0.12257512658834457
0.03331241384148598
0.06767454743385315
0.08073747158050537
0.06566186249256134
0.08871565014123917
0.15069077908992767
0.1844925433397293
0.11992629617452621
0.14992520213127136
0.3518662452697754
0.44740667939186096
0.284851610660553
0.13119474053382874
0.5394676327705383
0.12656347453594208
0.7003257870674133
0.1152198314666748
0.8120109438896179
0.6390979290008545
0.6980667114257812
0.8294976353645325
0.8141404390335083
0.8720619678497314
0.7494825720787048
0.8656895756721497
0.3630184233188629
0.5956920981407166
0.23964054882526398
0.3295552432537079
0.08279205858707428
0.24107088148593903
0.25869524478912354
0.1962117701768875
0.21954412758350372
0.23709149658679962
