0.544283390045166
0.6538611650466919
0.7127106785774231
0.7358033061027527
0.7868213653564453
0.657247006893158
0.621245265007019
0.31820687651634216
0.4645577669143677
0.5975381135940552
0.3878227472305298
0.38959169387817383
0.1862950623035431
0.3924427032470703
0.1566668301820755
0.24073876440525055
0.2795798182487488
0.40726447105407715
0.4135991632938385
0.3933619558811188
0.4643159508705139
0.38776248693466187
0.4963254928588867
0.442065566778183
0.530422031879425
0.34279707074165344
0.4135529398918152
0.1803777515888214
0.35304486751556396
0.19901755452156067
0.38261112570762634
0.47079870104789734
0.5698077082633972
0.5740864872932434
0.4443126916885376
0.6477225422859192
0.5975199937820435
0.1887027472257614
0.6451380252838135
0.2641770541667938
0.32948794960975647
0.417645126581192
0.2968716323375702
0.22171162068843842
0.3551379442214966
0.46621525287628174
0.23700134456157684
0.3618808090686798
0.4460395872592926
0.2288488894701004
0.44356003403663635
0.5859354734420776
0.6812933087348938
0.5425153970718384
0.6747884154319763
0.5898515582084656
0.45719513297080994
0.2598419487476349
0.6099613904953003
0.27478742599487305
0.45049965381622314
0.7473028898239136
0.5615223050117493
0.6419421434402466
0.7232280373573303
0.6414974331855774
0.21026282012462616
0.3267374038696289
0.4651138484477997
0.3135159909725189
0.27914437651634216
0.5640459060668945
0.6970442533493042
0.5868512392044067
0.4295107424259186
0.8072855472564697
0.7361223697662354
0.5318396687507629
0.4198063611984253
0.76979660987854
0.32759782671928406
0.24775119125843048
0.5559415221214294
0.46463385224342346
0.21148043870925903
0.3970401883125305
0.1288987398147583
0.29516178369522095
0.15578871965408325
0.3334926664829254
0.4729330241680145
0.7416765689849854
0.5419154763221741
0.6765787601470947
0.5707565546035767
0.5343844294548035
0.3169509470462799
0.40068966150283813
0.3206859529018402
0.19883355498313904
0.10404152423143387
0.2720797657966614
0.3045933246612549
0.27066534757614136
0.29553455114364624
