0.5774818658828735
0.38942086696624756
0.6085431575775146
0.19172973930835724
0.5506548285484314
0.5304948687553406
0.8037536144256592
0.8167263865470886
0.6838295459747314
0.6499701142311096
0.8054617047309875
0.598018229007721
0.7658356428146362
0.5865519642829895
0.3896852731704712
0.298816442489624
0.4118884801864624
0.4178166389465332
0.3046344220638275
0.29663291573524475
0.4501103460788727
0.29157567024230957
0.31827589869499207
0.255411297082901
0.3850695490837097
0.5293992161750793
0.4413156807422638
0.2982693910598755
0.5024375915527344
0.7215685844421387
0.5610072016716003
0.5283512473106384
0.610159695148468
0.6076391935348511
0.514191210269928
0.5650494694709778
0.511493444442749
0.5555283427238464
0.32885709404945374
0.5405368208885193
0.16448231041431427
0.3487561047077179
0.3567110300064087
0.5393043160438538
0.40266093611717224
0.13595181703567505
0.41135072708129883
0.38198062777519226
0.6714798212051392
0.8155390620231628
0.6958011984825134
0.9061533808708191
0.7352636456489563
0.868943989276886
0.8131104707717896
0.8498453497886658
0.9083074927330017
0.7931597828865051
0.8161454796791077
0.7597835659980774
0.8683961033821106
0.790190577507019
0.4454059600830078
0.7245919704437256
0.2969629168510437
0.8371477723121643
0.14462828636169434
0.5593193769454956
0.15044009685516357
0.4491967260837555
0.3609614968299866
0.5143927931785583
0.30731385946273804
0.1306709498167038
0.11382925510406494
0.5176244378089905
0.40918096899986267
0.12430151551961899
0.5022498369216919
0.6186099052429199
0.6323848366737366
0.5545156598091125
0.7814264297485352
0.8396979570388794
0.8656123876571655
0.9265530705451965
0.8400918841362
0.8487190008163452
0.8574779629707336
0.8577918410301208
0.8396131992340088
0.7334373593330383
0.8737607598304749
0.320652574300766
0.8395124077796936
0.7119001746177673
0.7757397890090942
0.829388439655304
