0.17089222371578217
0.3097768723964691
0.5188649296760559
0.5198929905891418
0.42430511116981506
0.6181988716125488
0.5839645266532898
0.6391692757606506
0.4504235088825226
0.45449867844581604
0.7505913972854614
0.7023822069168091
0.4243547320365906
0.5358091592788696
0.7081499695777893
0.46089696884155273
0.658673107624054
0.6574995517730713
0.40986868739128113
0.4875331521034241
0.5581763386726379
0.4455778896808624
0.5099804997444153
0.5079041719436646
0.6865288019180298
0.7075241208076477
0.6232014298439026
0.6444041132926941
0.6873624324798584
0.48742833733558655
0.6412788033485413
0.6312406659126282
0.48666074872016907
0.6482341885566711
0.6682648658752441
0.5421026349067688
0.32144442200660706
0.44285067915916443
0.5866098999977112
0.687465250492096
0.7182587385177612
0.7389346361160278
0.7819097638130188
0.6301466822624207
0.7550907135009766
0.6371709108352661
0.8651002049446106
0.636305570602417
0.7442398071289062
0.6475368142127991
0.7245873808860779
0.7807385325431824
0.8494828939437866
0.8231523633003235
0.7285669445991516
0.8254756927490234
0.6350013017654419
0.4667046368122101
0.36956170201301575
0.508125901222229
0.5566112399101257
0.4402371048927307
0.6215847134590149
0.4906761348247528
0.6475031971931458
0.24450792372226715
0.5795868039131165
0.4132418930530548
0.6185778379440308
0.4935159683227539
0.6423930525779724
0.7040435075759888
0.2848893404006958
0.6913117170333862
0.3776606023311615
0.7534025311470032
0.40671005845069885
0.7844141721725464
0.6064373254776001
0.8754193782806396
0.7962851524353027
0.8698986768722534
0.8128242492675781
0.8775515556335449
0.7699909806251526
0.7906911969184875
0.8171899318695068
0.6695893406867981
0.8618001937866211
0.7006784677505493
0.8431252837181091
0.7020281553268433
0.6641752123832703
0.8838876485824585
0.4924660921096802
0.8444156050682068
0.785270094871521
0.7157480716705322
0.6209276914596558
0.7678724527359009
0.7495958805084229
0.8452715873718262
0.7856758236885071
0.7941941022872925
0.7045042514801025
0.8130590319633484
0.6444553136825562
0.8554725050926208
0.8176563382148743
0.815562903881073
0.5800397992134094
0.7687843441963196
0.8597860932350159
0.7088614702224731
0.6497166752815247
0.5528965592384338
0.817337155342102
0.5256029963493347
0.7133275866508484
0.44011154770851135
0.8007449507713318
0.399498850107193
0.8220062851905823
0.48089906573295593
0.7260043025016785
0.5256844162940979
0.7755447030067444
0.8991988301277161
0.7203345894813538
0.8956162333488464
0.5994057059288025
0.6689940094947815
0.8630779385566711
0.42486825585365295
0.8619235157966614
0.5416655540466309
0.8369241952896118
0.5372763872146606
0.8326039910316467
0.5898759365081787
0.8228982090950012
