0.5617703199386597
0.5782215595245361
0.6882758140563965
0.5170882344245911
0.755979597568512
0.5118118524551392
0.7562339901924133
0.2937162220478058
0.6719024777412415
0.5054086446762085
0.8071112632751465
0.7155556678771973
0.790258526802063
0.9055721759796143
0.9181913733482361
0.7302999496459961
0.8474950790405273
0.9139378070831299
0.909713625907898
0.7468195557594299
0.5691580176353455
0.6728091239929199
0.7302730083465576
0.49911922216415405
0.4324280917644501
0.7278494238853455
0.7612762451171875
0.8036770820617676
0.8241265416145325
0.7812735438346863
0.6694708466529846
0.6779071688652039
0.8361604809761047
0.7033433318138123
0.7282083630561829
0.25324875116348267
0.8015940189361572
0.7262242436408997
0.6236768364906311
0.7031164169311523
0.8878801465034485
0.6639085412025452
0.3530069589614868
0.8105005025863647
0.9022365212440491
0.8381151556968689
0.6937636733055115
0.8473816514015198
0.6407507658004761
0.8659542202949524
0.7260380983352661
0.7379232048988342
0.8573151230812073
0.7208235263824463
0.6274638772010803
0.5932517647743225
0.7465066909790039
0.7715041041374207
0.2612544596195221
0.7920992970466614
0.8080137372016907
0.7346102595329285
0.6097790598869324
0.6896361112594604
0.7603471875190735
0.5386527180671692
0.6809737682342529
0.6738688945770264
0.7512102127075195
0.3685072064399719
0.7858110666275024
0.6346532106399536
0.6745178699493408
0.8296588659286499
0.6797705888748169
0.8216545581817627
0.5469728708267212
0.8467704057693481
0.503350555896759
0.7929595112800598
0.7048917412757874
0.8200175166130066
0.7242980599403381
0.788232147693634
