0.3539746403694153
0.42571932077407837
0.36990267038345337
0.3474937975406647
0.2548484206199646
0.19293294847011566
0.27930909395217896
0.5874060392379761
0.5948371291160583
0.7889416217803955
0.8739350438117981
0.8303669095039368
0.858654797077179
0.7910099625587463
0.695616602897644
0.6049039363861084
0.5013254284858704
0.4656851589679718
0.4131404161453247
0.5089455842971802
0.6976279020309448
0.4128579795360565
0.595305860042572
0.748504102230072
0.7972278594970703
0.4817923605442047
0.7407453656196594
0.91692715883255
0.7914440035820007
0.562103271484375
0.9270210266113281
0.9038261771202087
0.7397838234901428
0.8825395703315735
0.9552581906318665
0.8949339389801025
0.8558570146560669
0.9591034650802612
0.9506551027297974
0.9041804075241089
0.8553504943847656
0.745940089225769
0.7393479943275452
0.7250254154205322
0.6042215824127197
0.515738308429718
0.5606613755226135
0.5181919932365417
0.5007703900337219
0.5823219418525696
0.7002280354499817
0.5234317779541016
0.2959463894367218
0.590334415435791
0.6189841032028198
0.6443315148353577
0.48629888892173767
0.49239280819892883
0.4852350652217865
0.533907949924469
0.6895777583122253
0.8310109972953796
0.8600566983222961
0.9362078905105591
0.8342025876045227
0.5321809649467468
0.33872637152671814
0.27427399158477783
0.39483609795570374
0.2982845902442932
0.5464416742324829
0.30262839794158936
0.6996976137161255
0.6284740567207336
0.46851789951324463
0.6504198908805847
0.41646909713745117
0.5046312212944031
0.19485896825790405
0.22657428681850433
0.1214018240571022
0.1613224446773529
0.262050986289978
0.4463779032230377
0.37323275208473206
0.5691443085670471
0.5948923230171204
0.772469162940979
0.6086878180503845
0.4263090193271637
0.4377274215221405
0.48928701877593994
0.5941546559333801
0.1886579543352127
0.44197359681129456
0.72807776927948
0.7187973260879517
0.229537695646286
0.37976202368736267
0.8282190561294556
0.45374399423599243
0.4651910066604614
0.839489221572876
0.8148155808448792
0.643627941608429
0.7694060802459717
0.8827741146087646
0.6862261295318604
0.8170177340507507
0.7493182420730591
0.7190514206886292
0.6861333847045898
0.5545588731765747
0.7707292437553406
0.7538844347000122
0.6445677876472473
0.521974503993988
0.8220100402832031
0.6325761675834656
0.5178633332252502
0.5832359790802002
0.5024858713150024
0.388057142496109
0.45492124557495117
0.4416416883468628
0.7213646769523621
0.8228235244750977
0.7653563022613525
0.8481347560882568
0.5547012090682983
0.7064793705940247
0.8443572521209717
0.8483570218086243
0.5093702077865601
0.7469233870506287
0.6806704998016357
0.7325678467750549
0.5483582615852356
0.6266435980796814
0.6138701438903809
0.5036929249763489
0.6362707018852234
0.5695513486862183
0.525931715965271
0.5387049913406372
0.8212313055992126
0.6838378310203552
