0.1497868001461029
0.2520330846309662
0.47721999883651733
0.3691178858280182
0.2498539537191391
0.4731732904911041
0.5379638671875
0.5974518060684204
0.22324755787849426
0.5898061990737915
0.6367296576499939
0.5872415900230408
0.21410365402698517
0.5179099440574646
0.7880803942680359
0.5474391579627991
0.45336470007896423
0.6032356023788452
0.6592541933059692
0.5082108974456787
0.5850973129272461
0.5629202127456665
0.5304029583930969
0.6274577379226685
0.5161490440368652
0.4521779417991638
0.6643165349960327
0.5018193125724792
0.521561324596405
0.4958457946777344
0.5589173436164856
0.4658757746219635
0.6495359539985657
0.6792392134666443
0.5519533753395081
0.5265892744064331
0.4841398298740387
0.6506448984146118
0.6482642292976379
0.6220713257789612
0.5706951022148132
0.8103386163711548
0.6960304379463196
0.5548974275588989
0.43788328766822815
0.6760700941085815
0.7361249923706055
0.6496211886405945
0.6364980340003967
0.6523399353027344
0.8541751503944397
0.8840417861938477
0.7307718396186829
0.6947773694992065
0.8056536316871643
0.6482517123222351
0.5120609402656555
0.6393904685974121
0.5615950226783752
0.3244638741016388
0.5035284161567688
0.7597433924674988
0.6346114277839661
0.6784734725952148
0.34215277433395386
0.5920054316520691
0.5910917520523071
0.528074324131012
0.6344683766365051
0.4124869406223297
0.741691529750824
0.5850847363471985
0.5765179991722107
0.4295208752155304
0.5768519043922424
0.5531557202339172
0.6488392949104309
0.31384506821632385
0.5291262865066528
0.6750882267951965
0.5635112524032593
0.5220524668693542
0.6546649932861328
0.7462868094444275
0.6837464570999146
0.6315231919288635
0.7049475908279419
0.7049610614776611
0.7024849653244019
0.6556916832923889
0.3153880536556244
0.3563440144062042
0.49574634432792664
0.27349406480789185
0.5250971913337708
0.28302517533302307
0.4946250915527344
0.120002880692482
0.15361405909061432
0.29758384823799133
0.30764904618263245
0.22181755304336548
0.33398282527923584
0.25522688031196594
0.21471098065376282
0.4961971640586853
0.4913069009780884
0.4237997829914093
0.6219080090522766
0.5180551409721375
0.5644701719284058
0.5872734785079956
0.5279523134231567
0.4940120279788971
0.48172813653945923
0.7209111452102661
0.3377660810947418
0.357376366853714
0.5613652467727661
0.5461375117301941
0.1640196293592453
0.24490590393543243
0.2881430685520172
0.3864266574382782
0.18989236652851105
0.20060746371746063
0.2933479845523834
0.4513338506221771
0.29658716917037964
0.31601157784461975
0.3706919848918915
0.6277340650558472
0.26232191920280457
0.5354082584381104
0.6435089707374573
0.6446647047996521
0.486493319272995
0.40092507004737854
0.6141670346260071
0.5159426331520081
0.409127801656723
0.3850657343864441
0.41606947779655457
0.5196155309677124
0.7310881018638611
0.6807330250740051
0.5777085423469543
