0.8121221661567688
0.8925403952598572
0.9265521168708801
0.9132542014122009
0.9604026079177856
0.9149537682533264
0.9033884406089783
0.857924222946167
0.910419762134552
0.9377411603927612
0.8667027354240417
0.9638723731040955
0.9590595960617065
0.9255701899528503
0.8861438035964966
0.9756876826286316
0.9676934480667114
0.9550387263298035
0.8888114094734192
0.8534669876098633
0.8337863087654114
0.6295137405395508
0.7020436525344849
0.9097210764884949
0.6871477961540222
0.6829120516777039
0.7543146014213562
0.8424971103668213
0.6105742454528809
0.7964096069335938
0.9452967047691345
0.43753841519355774
0.7371236085891724
0.8094756007194519
0.9008854031562805
0.7870083451271057
0.7304899096488953
0.7877450585365295
0.6020858287811279
0.5526888370513916
0.5594480037689209
0.7818711996078491
0.5107634663581848
0.5833508968353271
0.8251069188117981
0.7928593158721924
0.8930870890617371
0.869534969329834
0.8564706444740295
0.939351499080658
0.9032524228096008
0.9767491221427917
0.9820759892463684
0.9054344892501831
0.9079641699790955
0.947490394115448
0.772584855556488
0.9349720478057861
0.9646582007408142
0.9226034283638
0.8488599061965942
0.9614444375038147
0.9184666872024536
0.8227036595344543
0.8764519691467285
0.7544220685958862
0.6245222091674805
0.6672371625900269
0.8179874420166016
0.4921417832374573
0.5459274053573608
0.6077378392219543
0.7886040806770325
0.4190162718296051
0.5818179249763489
0.5929580926895142
0.3505116105079651
0.5982928276062012
0.5281261801719666
0.6787144541740417
0.7738340497016907
0.5628712177276611
0.4721032381057739
0.5231421589851379
0.5504980087280273
0.4093194007873535
0.7735353112220764
0.6008847951889038
0.779970109462738
0.48845377564430237
0.9288864135742188
0.8568168878555298
0.9480875134468079
0.971839189529419
0.9366576075553894
0.9765551686286926
0.9554793238639832
0.9416029453277588
0.8351356983184814
0.8315475583076477
0.8722928166389465
0.8986446857452393
0.7861511707305908
0.7448647618293762
0.8363596796989441
0.8967256546020508
0.6513697504997253
0.6621975302696228
