0.8238592147827148
0.4780079424381256
0.3912934362888336
0.4285036027431488
0.6322416663169861
0.6390252113342285
0.630836009979248
0.5553439259529114
0.4242168962955475
0.65582674741745
0.6203804612159729
0.5907179117202759
0.3244212567806244
0.24682481586933136
0.28206172585487366
0.2320236712694168
0.29163897037506104
0.35078808665275574
0.32743656635284424
0.19424685835838318
0.38054606318473816
0.4033307135105133
0.7594466209411621
0.6589921712875366
0.6881684064865112
0.7093600034713745
0.6465786099433899
0.4483562111854553
0.6435201168060303
0.8275189399719238
0.33015790581703186
0.1316942423582077
0.4521399140357971
0.7745903134346008
0.4367453157901764
0.2877167761325836
0.5250424146652222
0.8554750084877014
0.6388338208198547
0.6124776005744934
0.8494091629981995
0.7713578343391418
0.8562246561050415
0.906177818775177
0.936046302318573
0.8854482769966125
0.8819586634635925
0.925923228263855
0.8883912563323975
0.75401771068573
0.8482823967933655
0.8791587948799133
0.7931130528450012
0.8471723198890686
0.8173425793647766
0.8376229405403137
0.8678625822067261
0.8546065092086792
0.7119218707084656
0.38602739572525024
0.43542423844337463
0.1567762792110443
0.31456825137138367
0.555457353591919
0.39266523718833923
0.6531606912612915
0.5443562269210815
0.5857005715370178
0.7466279864311218
0.6438116431236267
0.5029035210609436
0.5820501446723938
0.4768705368041992
0.29248759150505066
0.23417407274246216
0.4001898765563965
0.06519999355077744
0.376953661441803
0.14292080700397491
0.1877269744873047
0.4073401987552643
0.4394499957561493
0.6799705624580383
0.815795361995697
0.6695843935012817
0.7222582101821899
0.9084509611129761
0.9017418622970581
0.7513700127601624
0.8358259201049805
0.6682365536689758
0.8771955966949463
0.8707137703895569
0.4558927118778229
0.7719656229019165
0.9118162989616394
0.8130130171775818
0.5577976107597351
0.7302003502845764
0.8693581223487854
0.9425631761550903
0.7201255559921265
0.8867616653442383
0.8979039788246155
0.9199507236480713
0.9575125575065613
0.7884802222251892
0.6411492228507996
0.8495947122573853
0.4937678575515747
0.4986725449562073
0.5717156529426575
0.45792314410209656
0.46777069568634033
0.3194494843482971
0.5535025596618652
0.6234534382820129
0.7899247407913208
0.475512832403183
0.7918418645858765
0.7914704084396362
0.6981383562088013
0.5467055439949036
0.8860535025596619
0.9075817465782166
0.7688049077987671
0.612296462059021
0.27425652742385864
0.282235324382782
0.17714565992355347
0.42885732650756836
0.2353290468454361
0.4175286591053009
0.8980762958526611
0.797688364982605
0.4795854985713959
0.8491041660308838
0.9103376865386963
0.8486111760139465
0.5335000157356262
0.8791650533676147
0.6924501061439514
0.9427408576011658
0.4757915139198303
0.5881531834602356
0.2015664130449295
0.29335856437683105
0.09235561639070511
0.026819942519068718
0.08804939687252045
0.29838475584983826
0.3651186525821686
0.8023083806037903
0.8580725193023682
0.8454427719116211
0.8884711861610413
0.8273531794548035
0.8560379147529602
0.8098756670951843
0.42498230934143066
0.8922492265701294
0.8669886589050293
0.5148652791976929
0.33051642775535583
0.9381197094917297
0.619006872177124
0.08211066573858261
0.7824801206588745
0.8121840357780457
0.14764933288097382
0.24387489259243011
0.8466657996177673
0.23484478890895844
0.12908971309661865
0.10793367773294449
0.26794615387916565
0.083665631711483
0.0573560930788517
0.21379166841506958
0.19755615293979645
0.5651320815086365
0.5404441952705383
0.8133706450462341
0.5711734890937805
0.6694605946540833
0.6009383201599121
0.8051506280899048
0.8744942545890808
0.8969444632530212
0.4904491603374481
0.8248686194419861
0.4691407382488251
0.7720112204551697
0.6991675496101379
0.33426809310913086
0.15925495326519012
0.7379390597343445
0.5573402047157288
0.09873411804437637
0.33172887563705444
0.8214467167854309
0.25790995359420776
0.15179240703582764
0.7783460021018982
0.8476237058639526
0.253406822681427
0.6096509695053101
0.8496497273445129
0.8822259902954102
0.6007965803146362
0.6463688015937805
0.6703888773918152
0.6509892344474792
0.3149636387825012
0.08085471391677856
0.12213964015245438
0.0819995328783989
0.04332243651151657
0.21433420479297638
0.09312772750854492
0.5933418273925781
0.4242246448993683
0.8920698165893555
0.8174776434898376
0.8887007832527161
0.9021480679512024
0.7242186069488525
0.22981053590774536
0.8459880948066711
0.7003424763679504
0.3614450991153717
0.0489220954477787
0.5577863454818726
0.5468264222145081
0.06013898178935051
0.31354159116744995
0.6776472926139832
0.5151691436767578
0.3508248031139374
0.0819077268242836
0.1998787671327591
0.05611097067594528
0.02640991471707821
0.05365614593029022
0.12691855430603027
0.3369625210762024
0.4056300222873688
0.6095355153083801
0.9010902047157288
0.8098384737968445
0.7147805690765381
0.8839889764785767
0.9727010726928711
0.6078726053237915
0.22993145883083344
0.7566304802894592
0.6952238082885742
0.21574974060058594
0.1822328120470047
0.8945820331573486
0.3385397493839264
0.06934405863285065
0.5691316723823547
0.7486231327056885
0.3824290633201599
0.2601948082447052
0.08298800140619278
0.12411773204803467
0.021723927929997444
0.04605037719011307
0.034833990037441254
0.2860491871833801
0.4528099596500397
0.7252277135848999
0.8489935994148254
0.6582596302032471
0.8746507167816162
0.907080352306366
0.7832225561141968
0.5143322348594666
0.9274914860725403
0.801781952381134
0.7875131964683533
0.6582281589508057
0.8087598085403442
0.44025665521621704
0.6431087255477905
0.4879111349582672
0.5506284832954407
0.506822407245636
0.49282264709472656
0.3831419050693512
0.12809203565120697
0.585179328918457
0.6430479288101196
0.22991782426834106
0.5720412135124207
0.6475715041160583
0.41772186756134033
0.1541358381509781
0.060337893664836884
0.08213160187005997
0.05199914053082466
0.06913238763809204
0.2944607436656952
0.23716722428798676
0.30434203147888184
0.591461181640625
0.6347939372062683
0.8815839886665344
0.9029868245124817
0.9219711422920227
0.9721128940582275
0.9434555768966675
0.9211600422859192
0.8795626759529114
0.8700572848320007
0.6656839847564697
0.6590526700019836
0.40281999111175537
0.777862548828125
0.22249320149421692
0.30893513560295105
0.3097476065158844
0.6498209834098816
0.5217646956443787
0.23195433616638184
0.6227107644081116
0.7856433391571045
0.7518942356109619
0.8678010702133179
0.5918567776679993
0.7342631220817566
0.7685316205024719
0.6695364117622375
0.8821030259132385
0.8032646179199219
0.6707186698913574
0.45510604977607727
0.41471174359321594
0.4419328272342682
0.5975114107131958
0.8067238330841064
0.6093947291374207
0.6105815172195435
0.6994119882583618
0.7670207619667053
0.8895477652549744
0.6282981038093567
0.5178838968276978
0.23382247984409332
0.156764417886734
0.17019636929035187
0.03812968730926514
0.04092714935541153
0.06477868556976318
0.12800225615501404
0.5148792266845703
0.6090950965881348
0.33214622735977173
0.413120836019516
0.22772328555583954
0.6682078242301941
0.7685786485671997
0.10518351942300797
0.19089357554912567
0.5974622964859009
0.24056901037693024
0.08173085004091263
0.6251903176307678
0.7926262021064758
0.4232201874256134
0.19014273583889008
0.49314191937446594
0.5264270901679993
0.10225394368171692
0.06982763856649399
0.03373958170413971
0.12318670749664307
0.11071672290563583
0.10429856926202774
0.22265999019145966
0.13247759640216827
0.11519619077444077
0.5531178712844849
0.6031208634376526
0.40651407837867737
0.8427850008010864
0.8303505182266235
0.519504725933075
0.4222079813480377
0.5155075192451477
0.3076326549053192
0.06277702748775482
0.0753612071275711
0.20218525826931
0.09354539960622787
0.06665461510419846
0.357295423746109
0.1617916375398636
0.06565273553133011
0.09198294579982758
0.3814142644405365
0.2032778263092041
0.09196845442056656
0.14956657588481903
0.38386163115501404
0.1343946009874344
0.3227284550666809
0.3316439092159271
0.33917543292045593
0.4201495349407196
0.3967956304550171
0.3989674150943756
0.15428440272808075
0.663861095905304
0.4502699077129364
0.24225002527236938
0.2086762934923172
0.5991983413696289
0.34783217310905457
0.18802696466445923
0.24688230454921722
0.3318566679954529
0.2611061632633209
0.2432127594947815
0.1650734692811966
0.5082935690879822
0.6964359283447266
0.36547040939331055
0.6270392537117004
0.3549937307834625
0.11545656621456146
0.3215048909187317
0.6040161848068237
0.2574121057987213
0.31435027718544006
0.6126967668533325
0.6950079798698425
0.6471188068389893
0.5723116993904114
0.8015684485435486
0.8556287288665771
0.8184173703193665
0.8294942378997803
