0.07644987851381302
0.17146654427051544
0.08392832428216934
0.13098131120204926
0.4742732048034668
0.11072198301553726
0.4587113559246063
0.22848521173000336
0.38195040822029114
0.2672201097011566
0.4485825002193451
0.44927284121513367
0.6032931804656982
0.5971181392669678
0.6111589670181274
0.55228590965271
0.40260186791419983
0.24761056900024414
0.3732229173183441
0.5122164487838745
0.28379759192466736
0.22514192759990692
0.14516907930374146
0.14248861372470856
0.07973092794418335
0.03829118236899376
0.13771887123584747
0.10412613302469254
0.12776504456996918
0.09278277307748795
0.10997709631919861
0.0822141095995903
0.11581557244062424
0.1106468066573143
0.10545093566179276
0.1258799433708191
0.1330762654542923
0.20648595690727234
0.2371743768453598
0.22949369251728058
0.3196289837360382
0.22996091842651367
0.0954776406288147
0.20646750926971436
0.1734730750322342
0.26288482546806335
0.24877145886421204
0.11677823960781097
0.44006016850471497
0.24381354451179504
0.37590280175209045
0.12142302095890045
0.21202683448791504
0.08992243558168411
0.2855682671070099
0.08615243434906006
0.29389333724975586
0.08302892744541168
0.09707262367010117
0.03462681919336319
0.042951639741659164
0.05431680753827095
0.015099124982953072
0.029817575588822365
0.035655926913022995
0.018550431355834007
0.08728841692209244
0.045330215245485306
0.05521557852625847
0.16978730261325836
0.13729514181613922
0.01835966482758522
0.07074419409036636
0.012195290997624397
0.16031159460544586
0.06542098522186279
0.2468401938676834
0.27152904868125916
0.1561250239610672
0.11308939009904861
0.036476656794548035
0.020265722647309303
0.05856328085064888
0.10301458090543747
0.07285545766353607
0.04057075455784798
0.03347787633538246
0.050051331520080566
0.06132453680038452
0.07613347470760345
0.07430638372898102
0.1816154420375824
0.11631682515144348
0.16710758209228516
0.22135527431964874
0.18549633026123047
0.4663214683532715
0.3393528163433075
0.18362274765968323
0.29621389508247375
0.05858302116394043
0.27724701166152954
0.01995905488729477
0.20689813792705536
0.10349616408348083
0.2761271595954895
0.18916845321655273
0.488437294960022
0.2803581953048706
0.18628184497356415
0.17332535982131958
0.1461811661720276
0.13024316728115082
0.05281709507107735
0.0947900339961052
0.11071351170539856
0.04115912318229675
0.032754119485616684
0.020855549722909927
0.055564384907484055
0.06117510050535202
0.02720174379646778
0.022661978378891945
0.034515380859375
0.038237620145082474
0.04734308645129204
0.029869457706809044
0.043599650263786316
0.06025271862745285
0.06492944806814194
0.07459066808223724
0.08207843452692032
0.16574111580848694
0.18239416182041168
0.15716414153575897
0.09939303249120712
0.14490486681461334
0.1862032264471054
0.3564806580543518
0.25539612770080566
0.2674157917499542
0.4160636067390442
0.5295106768608093
0.6399243474006653
0.3720094561576843
0.2541014850139618
0.30938518047332764
0.1092761754989624
0.3252027928829193
0.07644471526145935
0.27986088395118713
0.2514055669307709
0.22244252264499664
0.2553052008152008
0.3825465142726898
0.3361096978187561
0.12148994952440262
0.37133723497390747
0.4644644558429718
0.19257034361362457
0.2555992901325226
0.18824578821659088
0.27449917793273926
0.14337164163589478
0.5256198644638062
0.22370709478855133
0.2640363276004791
0.23680587112903595
0.23081466555595398
0.26746654510498047
0.16163690388202667
0.3063196837902069
0.2069232314825058
0.3011370301246643
0.24344365298748016
0.29156213998794556
0.3221605122089386
0.26293814182281494
0.21838733553886414
0.1387394666671753
0.2050815373659134
0.225559264421463
0.243284672498703
0.2089793086051941
0.28641247749328613
0.19252872467041016
0.29565078020095825
0.269392728805542
0.15235690772533417
0.09219281375408173
0.10959462076425552
0.1392335295677185
0.1918821483850479
0.1987636834383011
0.5710331797599792
0.3434299826622009
0.15963426232337952
0.17554350197315216
0.3772292137145996
0.3480791747570038
0.5272598266601562
0.49272340536117554
0.2991813123226166
0.16302268207073212
0.4649386405944824
0.27916842699050903
0.26918235421180725
0.35764065384864807
0.3173215985298157
0.3229803144931793
0.22178912162780762
0.300738662481308
0.2958613932132721
0.5338558554649353
0.30997785925865173
0.2204902172088623
0.22719022631645203
0.49075403809547424
0.28364673256874084
0.17737802863121033
0.497762531042099
0.16815239191055298
0.14063850045204163
0.11738591641187668
0.19657529890537262
0.11086054146289825
0.25502127408981323
0.35113731026649475
0.18118296563625336
0.2965392768383026
0.13479122519493103
0.2651483118534088
0.1997644156217575
0.27561110258102417
0.17802931368350983
0.2745133936405182
0.24355101585388184
0.20330996811389923
0.21941889822483063
0.13421936333179474
0.17252720892429352
0.24242155253887177
0.17230069637298584
0.23023608326911926
0.2765573561191559
0.2985377907752991
0.24664857983589172
0.25886401534080505
0.2980807423591614
0.17639578878879547
0.3855304718017578
0.25305429100990295
0.3364075720310211
0.32943588495254517
0.28036370873451233
0.3240394592285156
0.43425700068473816
0.38555923104286194
0.38924717903137207
0.40599679946899414
0.39193931221961975
0.2636883556842804
0.1243099495768547
0.2341761589050293
0.382730633020401
0.42144307494163513
0.39067158102989197
0.4354358911514282
0.2627319395542145
0.3393567204475403
0.217381551861763
0.41661933064460754
0.27921947836875916
0.39225834608078003
0.3378443121910095
0.3706822991371155
0.5081190466880798
0.46797212958335876
0.5191579461097717
0.4797237813472748
0.5103555917739868
0.5677003860473633
0.5874958634376526
0.5093352794647217
0.5614176988601685
0.4529762864112854
0.4214005470275879
0.34461820125579834
0.468095988035202
0.461944043636322
0.23979057371616364
0.3041025698184967
0.2704046666622162
0.4221876561641693
0.37631845474243164
0.3487394452095032
0.22523194551467896
0.25137972831726074
0.09889570623636246
0.2581545412540436
0.08092161267995834
0.21445362269878387
0.08540257066488266
0.27216681838035583
0.15920467674732208
0.468638151884079
0.17119958996772766
0.28360235691070557
0.1528802216053009
0.4221348464488983
0.0830012783408165
0.2118835747241974
0.23802481591701508
0.33489465713500977
0.23188777267932892
0.48189693689346313
0.2464580237865448
0.19254598021507263
0.2018781155347824
0.09990307688713074
0.26609548926353455
0.17688123881816864
0.2946261763572693
0.14909054338932037
0.22600920498371124
0.13959869742393494
0.16026002168655396
0.4157780408859253
0.38923636078834534
0.25889885425567627
0.3890211284160614
0.169621542096138
0.19740121066570282
0.5453641414642334
0.2943785786628723
0.5228351354598999
0.38116005063056946
0.523358941078186
0.3812488615512848
0.4722062647342682
0.5963498950004578
0.43700742721557617
0.6916465759277344
0.661037027835846
0.5798147320747375
0.20946930348873138
0.5060279369354248
0.34543049335479736
0.616254448890686
0.4437752366065979
0.6090603470802307
0.464135080575943
0.5012370347976685
0.5567710995674133
0.7023794054985046
0.6895177960395813
0.5962026715278625
0.5888915657997131
0.47586917877197266
0.5056374073028564
0.4415951669216156
0.2999729514122009
0.3261447846889496
0.51460200548172
0.6090894341468811
0.5375440716743469
0.525251030921936
0.655074954032898
0.5684285759925842
0.40419819951057434
0.5147711038589478
0.42394182085990906
0.2165439873933792
0.23185129463672638
0.11301423609256744
0.3127337098121643
0.34284448623657227
0.24418216943740845
0.1594071239233017
0.16225655376911163
0.27761316299438477
0.14926855266094208
0.1661742478609085
0.24297145009040833
0.14683277904987335
0.20777855813503265
0.1802028864622116
0.2683769762516022
0.2156568169593811
0.3096691966056824
0.19481894373893738
0.33634209632873535
0.1782100945711136
0.4028371572494507
0.2835265100002289
0.2733800411224365
0.1512763351202011
0.058799948543310165
0.17211994528770447
0.21721598505973816
0.27157875895500183
0.2358832061290741
0.14924249053001404
0.11404931545257568
0.13254959881305695
0.1522146612405777
0.1252342015504837
0.060752350836992264
0.2603892683982849
0.1872481405735016
0.2815897762775421
0.2948300540447235
0.1374981701374054
0.3003043234348297
0.25149813294410706
0.15461236238479614
0.12078619003295898
0.22012153267860413
0.24614977836608887
0.41075924038887024
0.31462374329566956
0.31415408849716187
0.4069438874721527
0.4113868176937103
0.22135822474956512
0.2937338352203369
0.39556002616882324
0.19446046650409698
0.10880859941244125
0.06453915685415268
0.22734864056110382
0.12075115740299225
0.13253743946552277
0.22179540991783142
0.13026399910449982
0.14181983470916748
0.3018421530723572
0.24712371826171875
0.1966770738363266
0.16577953100204468
0.1682761162519455
0.2290632724761963
0.19646084308624268
0.1889888495206833
0.22111035883426666
0.07564333081245422
0.10333579778671265
0.07115813344717026
0.17259865999221802
0.18592114746570587
0.3796820640563965
0.3096176087856293
0.21856850385665894
0.36785951256752014
0.2632756531238556
0.09904380887746811
0.2835594117641449
0.23012052476406097
0.1433771550655365
0.20107318460941315
0.2896047532558441
0.07023505121469498
0.12406832724809647
0.17825882136821747
0.13527825474739075
0.1825779229402542
0.12881538271903992
0.18959814310073853
0.2590179443359375
0.18576939404010773
0.12670893967151642
0.3559054434299469
0.24447301030158997
0.18680539727210999
0.2157449573278427
0.19547587633132935
0.17837300896644592
0.24999243021011353
0.26961031556129456
0.21488863229751587
0.20463894307613373
0.12915736436843872
0.23480293154716492
0.3455154001712799
0.23761887848377228
0.21994397044181824
0.14049050211906433
0.2149631530046463
0.3083728551864624
0.22074072062969208
0.1439332515001297
0.28748655319213867
0.26736411452293396
0.15981502830982208
0.10125008970499039
0.09644757211208344
0.15322314202785492
0.12454896420240402
0.06259824335575104
0.08615776896476746
0.07160507142543793
0.11165915429592133
0.2015276551246643
0.3134808838367462
0.16970017552375793
0.22050781548023224
0.27287060022354126
0.22464622557163239
0.342374712228775
0.2872340977191925
0.4466027319431305
0.24549224972724915
0.4566743075847626
0.39035168290138245
0.37648212909698486
0.47002899646759033
0.3644076883792877
0.18816402554512024
0.23851697146892548
0.4099383056163788
0.4480721056461334
0.1400638222694397
0.35863688588142395
0.11961844563484192
0.20675629377365112
0.1033853068947792
0.3672355115413666
0.07523367553949356
0.09816805273294449
0.094518281519413
0.09789520502090454
0.13809151947498322
0.19909627735614777
0.2818712294101715
0.38375845551490784
0.4446099102497101
0.30544859170913696
0.5633067488670349
0.4515906870365143
0.45015785098075867
0.5560817718505859
0.3680552542209625
0.21288274228572845
0.34956398606300354
0.19291706383228302
0.2839856743812561
0.10445153713226318
0.20963601768016815
0.5001139640808105
0.48727771639823914
0.5375282168388367
0.4109155237674713
0.26051393151283264
0.4518476128578186
0.458036333322525
0.3123243451118469
0.31530091166496277
0.6046706438064575
0.4078695774078369
0.37265434861183167
0.42155542969703674
0.31908395886421204
0.19766928255558014
0.35943734645843506
0.2582601010799408
0.2479436695575714
0.11419714987277985
0.20077939331531525
0.23175711929798126
0.09138019382953644
0.2985536456108093
0.16969628632068634
0.3066278100013733
0.2449432760477066
0.29867035150527954
0.289341539144516
0.452430784702301
0.3195456862449646
0.28826868534088135
0.5276322960853577
0.5192974209785461
0.3472810983657837
0.3599555790424347
0.2808879315853119
0.12287412583827972
0.23633535206317902
0.4508233070373535
0.3037686049938202
0.3784755766391754
0.43398523330688477
0.46448713541030884
0.44767290353775024
0.6133949160575867
0.4893800914287567
0.4812389016151428
0.411507785320282
0.33454835414886475
0.13311931490898132
0.26873356103897095
0.4997510015964508
0.4056639075279236
0.5239154696464539
0.3321717381477356
0.38261279463768005
0.4796457290649414
0.17592260241508484
0.25017109513282776
0.331662654876709
0.38216090202331543
0.3664567768573761
0.37427300214767456
0.24948163330554962
0.17745649814605713
0.2184021770954132
0.17040789127349854
0.25338128209114075
0.1448754072189331
0.18882043659687042
0.161107137799263
0.19672313332557678
0.13021941483020782
0.29107746481895447
0.14898623526096344
0.2903141975402832
0.3507711887359619
0.4485907554626465
0.3751935660839081
0.4276941120624542
0.7275418639183044
0.6143385767936707
0.6647176742553711
0.5107526183128357
0.3627425730228424
0.4294973611831665
0.3842141032218933
0.24327243864536285
0.12700262665748596
0.3118220865726471
0.12732604146003723
0.4235452711582184
0.17594560980796814
0.4066133201122284
0.18790479004383087
0.38422489166259766
0.502366840839386
0.41024795174598694
0.46878400444984436
0.4354519546031952
0.454007625579834
0.2702057361602783
0.17602159082889557
0.1742287427186966
0.1803719401359558
0.22147364914417267
0.1993766576051712
0.18747127056121826
0.16372771561145782
0.1775788962841034
0.16153956949710846
0.21050408482551575
0.38704636693000793
0.37727710604667664
0.5853212475776672
0.39223435521125793
0.3760440945625305
0.5694730281829834
0.36089277267456055
0.375399112701416
0.40350210666656494
0.33844131231307983
0.31456637382507324
0.2566673159599304
0.5680418610572815
0.3658212125301361
0.32668107748031616
0.39980843663215637
