0.1535242199897766
0.06342089176177979
0.01889539696276188
0.02814178355038166
0.056143395602703094
0.027606066316366196
0.01388602890074253
0.04560769349336624
0.05433855205774307
0.05241375043988228
0.08983594179153442
0.08154913783073425
0.015112223103642464
0.014089160598814487
0.009461075067520142
0.005715704057365656
0.01067897118628025
0.040120165795087814
0.055412352085113525
0.09700498729944229
0.2741319239139557
0.41948404908180237
0.1634710282087326
0.08959794044494629
0.4165796935558319
0.20792637765407562
0.23190024495124817
0.22776126861572266
0.13678212463855743
0.1674056202173233
0.15394973754882812
0.18229642510414124
0.03387545794248581
0.09524279087781906
0.14905798435211182
0.06442790478467941
0.030585017055273056
0.017658326774835587
0.016697440296411514
0.014929271303117275
0.01901334710419178
0.025513246655464172
0.2514130473136902
0.38825687766075134
0.11320959031581879
0.06300518661737442
0.15839192271232605
0.10159187018871307
0.22874988615512848
0.22792617976665497
0.11501913517713547
0.10208118706941605
0.32392430305480957
0.37021389603614807
0.2714660167694092
0.2561590075492859
0.4380451738834381
0.31634101271629333
0.23042212426662445
0.48058509826660156
0.5505650043487549
0.17462939023971558
0.0737270712852478
0.4388471245765686
0.4636994004249573
0.04219156876206398
0.07717714458703995
0.3318219780921936
0.13794143497943878
0.02631288208067417
0.16577720642089844
0.22673161327838898
0.11856357008218765
0.15887509286403656
0.06734279543161392
0.05109517276287079
0.005854558199644089
0.009356393478810787
0.0021447164472192526
0.055210601538419724
0.04176676645874977
0.01706637069582939
0.04073013365268707
0.1063232570886612
0.32513079047203064
0.42920225858688354
0.38691309094429016
0.17652909457683563
0.22892256081104279
0.45158618688583374
0.3596077561378479
0.12023089826107025
0.31908369064331055
0.4156355857849121
0.24334055185317993
0.3892269730567932
0.3413216173648834
0.1454576551914215
0.24885636568069458
0.2747606337070465
0.05666932091116905
0.1800742894411087
0.17936670780181885
0.13020901381969452
0.022430332377552986
0.11059977859258652
0.20440061390399933
0.05879180505871773
0.007209953386336565
0.10615874081850052
0.1768617480993271
0.027275897562503815
0.00827743113040924
0.05862930789589882
0.4487196207046509
0.09959742426872253
0.15168118476867676
0.06960004568099976
0.2047577202320099
0.01140078715980053
0.020152054727077484
0.020187998190522194
0.005473424214869738
0.009855142794549465
0.008730665780603886
0.018879765644669533
0.047689784318208694
0.24830341339111328
0.11346205323934555
0.14221562445163727
0.31560179591178894
0.5104679465293884
0.39484602212905884
0.08153816312551498
0.21692588925361633
0.1766023188829422
0.39500534534454346
0.3795638382434845
0.12455125898122787
0.10476796329021454
0.10961118340492249
0.15979322791099548
0.2683570086956024
0.16372692584991455
0.08446039259433746
0.07836655527353287
0.20663946866989136
0.12487176060676575
0.03102267161011696
0.049472492188215256
0.15653568506240845
0.14236198365688324
0.011585465632379055
0.026705684140324593
0.20998886227607727
0.034132491797208786
0.01084456592798233
0.21211527287960052
0.1379566192626953
0.07142558693885803
0.05568978562951088
0.1622157245874405
0.09884990751743317
0.038559429347515106
0.039983540773391724
0.02134976163506508
0.017687512561678886
0.016409631818532944
0.025433558970689774
0.07366521656513214
0.4342609941959381
0.3889382481575012
0.15440040826797485
0.32679927349090576
0.4004201889038086
0.41154608130455017
0.5640484094619751
0.41907718777656555
0.29164618253707886
0.14355000853538513
0.08343595266342163
0.3254043757915497
0.11943069100379944
0.018907416611909866
0.04892450571060181
0.1802920401096344
0.1771465390920639
0.0077263712882995605
0.17729581892490387
0.14058426022529602
0.0519174188375473
0.0952405110001564
0.08857114613056183
0.2327987402677536
0.13237878680229187
0.04568307474255562
0.08186021447181702
0.029138823971152306
0.0930509865283966
0.007856108248233795
0.0164217259734869
0.009726698510348797
0.0472475104033947
0.08549284189939499
0.053841475397348404
0.190616175532341
0.22825220227241516
0.552087664604187
0.5406690835952759
0.6510066390037537
0.5178689956665039
0.5745084285736084
0.5346452593803406
0.206467404961586
0.45843178033828735
0.46236154437065125
0.17930634319782257
0.34442511200904846
0.30673879384994507
0.22448979318141937
0.11526521295309067
0.30571651458740234
0.32666799426078796
0.07070264965295792
0.05674470216035843
0.32843706011772156
0.060400109738111496
0.0986303761601448
0.0635245218873024
0.13061325252056122
0.06027253344655037
0.018995346501469612
0.011947072111070156
0.013660491444170475
0.009806227870285511
0.03787282854318619
0.03957820311188698
0.10386969149112701
0.1159103736281395
0.1741057187318802
0.1475781798362732
0.09273407608270645
0.2018270492553711
0.1337418109178543
0.27972349524497986
0.2133505642414093
0.1275118738412857
0.22736351191997528
0.32565367221832275
0.08337942510843277
0.08354957401752472
0.37444010376930237
0.10702307522296906
0.05840441212058067
0.27686870098114014
0.5000541806221008
0.2518673837184906
0.28878483176231384
0.1032252088189125
0.020062461495399475
0.030914539471268654
0.01096615381538868
0.010519635863602161
0.006903770379722118
0.028722941875457764
0.118464894592762
0.05532967671751976
0.07759712636470795
0.08607129752635956
0.11386876553297043
0.2995116710662842
0.2671600878238678
0.1122615858912468
0.6129388809204102
0.38446056842803955
0.20765337347984314
0.38396745920181274
0.29325851798057556
0.19257594645023346
0.09904049336910248
0.12506581842899323
0.09239500015974045
0.10088010132312775
0.18933016061782837
0.13547460734844208
0.324723482131958
0.21436597406864166
0.27246609330177307
0.25244733691215515
0.1485469490289688
0.16746248304843903
0.04459565877914429
0.12887534499168396
0.1791630983352661
0.0719454437494278
0.0361245758831501
0.13386854529380798
0.21658892929553986
0.13525301218032837
0.11738663166761398
0.21355290710926056
