0.09962127357721329
0.0530439168214798
0.03689280152320862
0.35522380471229553
0.20706987380981445
0.2197326272726059
0.08331077545881271
0.02493986487388611
0.01184958778321743
0.012097512371838093
0.03936025872826576
0.025607770308852196
0.027645539492368698
0.17154771089553833
0.15822821855545044
0.22165128588676453
0.23503729701042175
0.05196046084165573
0.06424159556627274
0.06401260942220688
0.010827168822288513
0.04648341238498688
0.226156547665596
0.02833658829331398
0.01949145272374153
0.12695904076099396
0.2670908570289612
0.17674924433231354
0.30456674098968506
0.0718395933508873
0.044407717883586884
0.003425645874813199
0.0008758825133554637
0.0042406534776091576
0.0030999567825347185
0.019047262147068977
0.040117766708135605
0.04801758751273155
0.1609903872013092
0.16188932955265045
0.11437924951314926
0.10096502304077148
0.3271511495113373
0.4689694941043854
0.30096182227134705
0.4129493534564972
0.2279612272977829
0.2404128760099411
0.12482404708862305
0.10687427967786789
0.055293817073106766
0.10111606121063232
0.09130336344242096
0.06640546023845673
0.08030833303928375
0.07221590727567673
0.06668093800544739
0.02904791571199894
0.01635153591632843
0.005335091147571802
0.019349925220012665
0.012841288931667805
0.008322680369019508
0.03903951123356819
0.05483417958021164
0.005314574111253023
0.029523419216275215
0.06234327331185341
0.08571023494005203
0.026614289730787277
0.008379776030778885
0.004510041791945696
0.0007140372763387859
0.0017018956132233143
0.003376118838787079
0.009102307260036469
0.04876626655459404
0.042059946805238724
0.12168203294277191
0.7362791895866394
0.4175308644771576
0.6834210157394409
0.35556042194366455
0.29842233657836914
0.3898792862892151
0.2886563241481781
0.5393079519271851
0.5160439014434814
0.7178289890289307
0.5550274848937988
0.15586552023887634
0.059031229466199875
0.5041710734367371
0.3965766429901123
0.137425497174263
0.07700057327747345
0.2517375648021698
0.14562498033046722
0.01959267631173134
0.07258941233158112
0.03936660289764404
0.03963419049978256
0.025990772992372513
0.03501973673701286
0.06997676938772202
0.03623218834400177
0.10353989899158478
0.1976291686296463
0.2813568115234375
0.2136211097240448
0.12934114038944244
0.1572258025407791
0.11242324858903885
0.06785356998443604
0.0363038033246994
0.032291479408741
0.07362303137779236
0.03188701719045639
0.0892922505736351
0.01771961711347103
0.028320137411355972
0.002933972282335162
0.007701241411268711
0.01703617163002491
0.03766193985939026
0.1699468493461609
0.21497778594493866
0.5062116980552673
0.6171308159828186
0.3910330832004547
0.6078348159790039
0.5155861973762512
0.6368739008903503
0.1906788945198059
0.4396623373031616
0.20917963981628418
0.45273616909980774
0.33072763681411743
0.08495905995368958
0.07686901092529297
0.47563114762306213
0.3315010070800781
0.06461174786090851
0.23629018664360046
0.5059135556221008
0.3112722337245941
0.19579841196537018
0.44121336936950684
0.5984237790107727
0.48280632495880127
0.38641512393951416
0.4032851457595825
0.26390406489372253
0.20836374163627625
0.1731063723564148
0.05893412604928017
0.053182926028966904
0.030069371685385704
0.01165696233510971
0.01519574224948883
0.03931750729680061
0.07716939598321915
0.5881711840629578
0.10370121151208878
0.1687556356191635
0.3006137013435364
0.5114116668701172
0.2623003125190735
0.42318063974380493
0.5560357570648193
0.29877984523773193
0.14034736156463623
0.1822873204946518
0.5541548132896423
0.1108168512582779
0.11463526636362076
0.44979938864707947
0.3189330995082855
0.21425458788871765
0.3429456055164337
0.04881085455417633
0.13326339423656464
0.02885916270315647
0.002571232384070754
0.025921909138560295
0.015861505642533302
0.22091589868068695
0.07719046622514725
0.14045089483261108
0.3218931555747986
0.5415915846824646
0.42274385690689087
0.6379318237304688
0.657140851020813
0.26904311776161194
0.16735360026359558
0.31998685002326965
0.5789406299591064
0.599521279335022
0.2862898111343384
0.1577514410018921
0.33250775933265686
0.19860459864139557
0.11738400906324387
0.058000512421131134
0.16788099706172943
0.29717668890953064
0.0776359811425209
0.08283991366624832
0.22023455798625946
0.2696010172367096
0.24932976067066193
0.1445717066526413
0.17179153859615326
0.032089218497276306
0.1249099150300026
0.011618253774940968
0.028012901544570923
0.03351619094610214
0.048204079270362854
0.05500521883368492
0.07504244893789291
0.11437805742025375
0.24811656773090363
0.46495136618614197
0.5955779552459717
0.30017873644828796
0.6724699139595032
0.3357160687446594
0.6584148406982422
0.6016653180122375
0.7701290845870972
0.6860227584838867
0.8468616604804993
0.6683018803596497
0.28249916434288025
0.7133598327636719
0.7767113447189331
0.38970714807510376
0.21555271744728088
0.17441989481449127
0.4351494014263153
0.28343281149864197
0.05953728035092354
0.15516749024391174
0.19664297997951508
0.08158072084188461
0.12445664405822754
0.07542262971401215
0.07515150308609009
0.06968262791633606
0.025082392618060112
0.052296120673418045
0.050761036574840546
0.03254743292927742
0.12111245095729828
0.07732804864645004
0.15300606191158295
0.20122116804122925
0.2014247626066208
0.20681919157505035
0.30095332860946655
0.4855284094810486
0.5799519419670105
0.7521001696586609
0.5308389663696289
0.22450150549411774
0.6336607336997986
0.7672398090362549
0.2602171003818512
0.47160255908966064
0.6641556024551392
0.7055805921554565
0.08125254511833191
