0.4721791446208954
0.6160356998443604
0.6042101979255676
0.5361149907112122
0.6809718012809753
0.6144236922264099
0.6545433402061462
0.6045244336128235
0.6504138708114624
0.6383987665176392
0.6207388043403625
0.46135467290878296
0.548259973526001
0.3610375225543976
0.31274673342704773
0.5666009187698364
0.7524403929710388
0.6283325552940369
0.6579213738441467
0.725374698638916
0.8136935830116272
0.5415433049201965
0.5307168960571289
0.4952591359615326
0.7332601547241211
0.4403456747531891
0.10823521763086319
0.49009042978286743
0.618821918964386
0.5744444131851196
0.13040004670619965
0.6731476187705994
0.6156705021858215
0.6298741698265076
0.669714093208313
0.225491002202034
0.3407042324542999
0.15565118193626404
0.10992880165576935
0.20730000734329224
0.3201427459716797
0.47094547748565674
0.46631675958633423
0.431359201669693
0.5429598093032837
0.273898720741272
0.35817086696624756
0.5157681107521057
0.558331310749054
0.22002921998500824
0.6152576804161072
0.7062739729881287
0.7466890811920166
0.5432649254798889
0.855945885181427
0.7728474736213684
0.8997299671173096
0.4620007574558258
0.345341295003891
0.17532940208911896
0.15157544612884521
0.27777963876724243
0.4339050352573395
0.6157487630844116
0.791850745677948
0.7100539803504944
0.7124997973442078
0.7513759136199951
0.6538487076759338
0.6239862442016602
0.5212420225143433
0.7087401151657104
0.376939982175827
0.45920833945274353
0.5677762627601624
0.6081511378288269
0.5868921875953674
0.5768060684204102
0.6547067761421204
0.6405056715011597
0.5718944668769836
0.502975583076477
0.5127259492874146
0.5634638667106628
0.5488365888595581
0.6145477890968323
0.7491496801376343
0.6013599038124084
0.6126842498779297
0.8227006793022156
0.770748496055603
0.8825394511222839
0.9083172678947449
0.8989340662956238
0.8542476892471313
0.6099256277084351
0.6899346709251404
0.6626602411270142
0.4071379005908966
0.3905649483203888
0.6897822618484497
0.45071616768836975
0.7593846321105957
0.7519970536231995
0.8557831048965454
0.6679793000221252
0.5773798823356628
0.49175846576690674
0.5773130059242249
0.39721402525901794
0.7451288104057312
0.5121340751647949
0.7347245216369629
0.77834552526474
0.6326192021369934
0.8433258533477783
0.8659685254096985
0.7814448475837708
0.7202629446983337
0.5063602328300476
0.32455018162727356
0.13814541697502136
0.18578684329986572
0.1510360836982727
0.43970102071762085
0.47014957666397095
