0.42002254724502563
0.3198741674423218
0.4943636953830719
0.35629263520240784
0.4785984456539154
0.5151718258857727
0.5995338559150696
0.5889285206794739
0.5010330677032471
0.6518786549568176
0.344827800989151
0.530535876750946
0.5176181793212891
0.4609052240848541
0.3895326554775238
0.3424566686153412
0.3678375482559204
0.3024454116821289
0.7413854598999023
0.3187577724456787
0.7363587021827698
0.46554437279701233
0.2441413402557373
0.3294042646884918
0.3646202087402344
0.1293048858642578
0.25667139887809753
0.25190165638923645
0.3659787178039551
0.2555571496486664
0.26715874671936035
0.43031659722328186
0.57150799036026
0.12819191813468933
0.284544974565506
0.29322096705436707
0.23396985232830048
0.09999170899391174
0.34986746311187744
0.15476758778095245
0.4774381220340729
0.5008952617645264
0.13948091864585876
0.2611960172653198
0.4961564838886261
0.28842267394065857
0.5240048170089722
0.2633449137210846
0.1472877711057663
0.20613470673561096
0.2402162104845047
0.5165354609489441
0.4294505715370178
0.6027558445930481
0.18299587070941925
0.3579532206058502
0.23338821530342102
0.40098580718040466
0.41620707511901855
0.21672162413597107
0.43862050771713257
0.2711862623691559
0.5337866544723511
0.3557359278202057
0.5592146515846252
0.34214383363723755
0.3298516273498535
0.1441238969564438
0.34880563616752625
0.1604221612215042
0.3114020526409149
0.09961574524641037
0.3387262225151062
0.18347929418087006
0.30169472098350525
0.08818423748016357
0.4666004180908203
0.16952882707118988
0.5496520400047302
0.17059235274791718
0.3039554953575134
0.43463435769081116
0.37581077218055725
0.22921119630336761
0.10806393623352051
0.3677128851413727
0.1690520942211151
0.28630441427230835
0.16149744391441345
0.17136739194393158
0.3681410551071167
0.24892756342887878
0.30197539925575256
0.285034716129303
0.5678185224533081
0.7586506009101868
0.561047375202179
0.4930073916912079
0.3272345960140228
0.49433866143226624
0.5209033489227295
0.4711357653141022
0.5396921634674072
0.4526154100894928
0.4175076186656952
0.28667891025543213
0.383558064699173
0.3560106158256531
0.6115841269493103
0.4434219002723694
0.4646327793598175
0.4439932703971863
0.3167896270751953
0.38291922211647034
0.3482128381729126
0.1406218260526657
0.09685672074556351
0.19422580301761627
0.2198699712753296
0.503288209438324
0.5933991074562073
0.6156455874443054
0.6980894207954407
0.735564649105072
0.6087460517883301
0.7707775235176086
0.43255549669265747
0.6982645392417908
0.6065109372138977
0.4899597764015198
0.5847055912017822
0.27598634362220764
0.47129547595977783
0.3610740303993225
0.23241785168647766
0.39130082726478577
0.10674254596233368
0.11812339723110199
0.06916902959346771
0.2137695997953415
0.40606456995010376
0.4283663332462311
0.3925839960575104
0.3654519021511078
0.5119830369949341
0.3047146201133728
0.2826217710971832
0.395972341299057
0.46465328335762024
0.24537362158298492
0.3539620339870453
0.1842670738697052
0.39247927069664
0.4076165556907654
0.23075604438781738
0.3700501620769501
0.35585957765579224
0.23709745705127716
0.24485795199871063
0.2578536570072174
0.3513922095298767
0.5022308230400085
0.36035168170928955
0.3015234172344208
0.24513107538223267
0.1780889630317688
0.17512647807598114
0.3449336588382721
0.35091811418533325
0.401822954416275
0.4361661374568939
0.1750064641237259
0.3674146234989166
0.2386959344148636
0.36515361070632935
0.22659148275852203
0.4395773410797119
0.18300777673721313
0.6574782133102417
0.6849488615989685
0.206819087266922
0.32695770263671875
0.15140606462955475
0.3813258707523346
0.17094744741916656
0.33828240633010864
0.1300625205039978
0.2986152768135071
0.2064870297908783
0.4654201865196228
