0.8162593245506287
0.6273993849754333
0.7659123539924622
0.5429862141609192
0.867665708065033
0.5466665029525757
0.3957609236240387
0.1839781254529953
0.26251664757728577
0.36240530014038086
0.41500145196914673
0.28366026282310486
0.45524469017982483
0.5067977905273438
0.34034910798072815
0.259881854057312
0.31592991948127747
0.3273267149925232
0.4847000539302826
0.5270940065383911
0.7140041589736938
0.6490217447280884
0.7089727520942688
0.9176360368728638
0.7116497159004211
0.9131245017051697
0.8039669990539551
0.854928731918335
0.7605560421943665
0.6011868715286255
0.5640864372253418
0.4878038465976715
0.5533650517463684
0.4267829656600952
0.3255479037761688
0.2639898955821991
0.2598017752170563
0.44719165563583374
0.4639045000076294
0.17255930602550507
0.3965010643005371
0.6606352925300598
0.6677506566047668
0.7736027836799622
0.9485402703285217
0.5757501721382141
0.9622851610183716
0.33264216780662537
0.9590087532997131
0.18916074931621552
0.9217775464057922
0.4696621894836426
0.7545152902603149
0.6365931034088135
0.7822482585906982
0.6359644532203674
0.7037842869758606
0.38729798793792725
0.6670546531677246
0.39005422592163086
0.37059712409973145
0.4154270589351654
0.2995271682739258
0.3791923522949219
0.5018250346183777
0.6087563633918762
0.7251186966896057
0.6369062662124634
0.8963861465454102
0.5429465770721436
0.6995838284492493
0.39771702885627747
0.6276457905769348
0.43029919266700745
0.7024828791618347
0.6676185727119446
0.7399657368659973
0.6458964943885803
0.7269040942192078
0.8030246496200562
0.9113186597824097
0.8690600395202637
0.8459494113922119
0.7592808604240417
0.842316210269928
0.8563570976257324
0.8299145698547363
0.8696238398551941
0.890349805355072
0.8813687562942505
0.948857843875885
0.92529296875
0.9170677661895752
0.7237921953201294
0.8637555241584778
0.5667807459831238
0.40812018513679504
0.5612668991088867
0.6882216334342957
0.7244477272033691
0.7854470014572144
0.8390747904777527
0.9247729182243347
0.9264936447143555
0.9368870854377747
0.7934731245040894
0.9768335819244385
0.9146368503570557
0.9584388732910156
0.9486109614372253
0.9721447825431824
0.9256414771080017
0.9321625232696533
0.6155478954315186
0.6613618731498718
0.5663881301879883
0.38673606514930725
0.3862327039241791
0.3780325651168823
0.28789907693862915
0.4886065125465393
0.24139155447483063
0.8106955885887146
0.568359375
0.7960593700408936
0.4187103807926178
0.6100330352783203
0.7289350032806396
0.7493917346000671
0.4737075865268707
0.7689740657806396
0.620654821395874
0.716709315776825
0.6671534180641174
0.8351712822914124
0.7002027034759521
0.25259318947792053
0.8596696257591248
0.4665420949459076
0.733405351638794
0.6677404046058655
0.9509941935539246
0.7994406819343567
0.9602503180503845
