0.6911040544509888
0.8441734313964844
0.45789968967437744
0.7661712169647217
0.25845661759376526
0.7913864254951477
0.22385576367378235
0.5738275051116943
0.30607929825782776
0.39308664202690125
0.30882346630096436
0.5522905588150024
0.51800936460495
0.4323115944862366
0.5138543248176575
0.8286691904067993
0.8810909986495972
0.5603868365287781
0.8465842008590698
0.9118961691856384
0.7590346932411194
0.7318273186683655
0.9324013590812683
0.8691456913948059
0.3491981625556946
0.9247156977653503
0.8573050498962402
0.4375024437904358
0.2154744267463684
0.744208574295044
0.5523073077201843
0.1818409413099289
0.5864904522895813
0.2874681055545807
0.8663261532783508
0.8717609643936157
0.9036465883255005
0.9343166351318359
0.7951686382293701
0.8459396958351135
0.6437690854072571
0.7890859842300415
0.8845036625862122
0.7699440121650696
0.6253979206085205
0.6823017597198486
0.7833051681518555
0.675391674041748
0.5452767610549927
0.608135461807251
0.6605268120765686
0.6566837430000305
0.43303629755973816
0.41940975189208984
0.564337432384491
0.6912097334861755
0.34184935688972473
0.8084486126899719
0.292847216129303
0.8405402302742004
0.20290949940681458
0.42961421608924866
0.2248271256685257
0.175921231508255
0.254086971282959
0.1926715224981308
0.18161223828792572
0.07697273045778275
0.2302878201007843
0.2428153157234192
0.2369457632303238
0.3010620176792145
0.5860822796821594
0.57852703332901
0.7691704630851746
0.8537010550498962
0.7734931111335754
0.5908799171447754
0.591757595539093
0.5898925065994263
0.4448961317539215
0.5349954962730408
0.38525712490081787
0.6012593507766724
0.4921324551105499
0.776959240436554
