0.4553298354148865
0.3217492997646332
0.24183985590934753
0.3867596685886383
0.1598983258008957
0.2009202390909195
0.32662928104400635
0.4148966372013092
0.5762529969215393
0.270162969827652
0.1518932580947876
0.1876104325056076
0.3081592321395874
0.2650623321533203
0.13245777785778046
0.23718442022800446
0.4371125102043152
0.34867897629737854
0.24225854873657227
0.5310092568397522
0.4785422682762146
0.055549751967191696
0.2105279564857483
0.41715559363365173
0.505342423915863
0.3190363645553589
0.1706722378730774
0.2669065296649933
0.22639423608779907
0.319580078125
0.3461929261684418
0.26952531933784485
0.43202492594718933
0.46742740273475647
0.34762871265411377
0.15573585033416748
0.22984875738620758
0.3560042381286621
0.2972192168235779
0.19519387185573578
0.3483346998691559
0.38553547859191895
0.2810531258583069
0.4782769978046417
0.5503421425819397
0.48004427552223206
0.6309252977371216
0.7194755673408508
0.6183498501777649
0.6080831289291382
0.7177181243896484
0.5835931301116943
0.4591419994831085
0.8093658089637756
0.8445919156074524
0.6583951115608215
0.526064932346344
0.6029848456382751
0.7437655329704285
0.7343305349349976
0.873507022857666
0.5790725350379944
0.6535361409187317
0.5661709904670715
0.39322081208229065
0.6442376375198364
0.4934375584125519
0.6677852272987366
0.7549979090690613
0.4536476135253906
0.7145646214485168
0.6671851277351379
0.6418450474739075
0.6669790744781494
0.47828975319862366
0.6034939885139465
0.5994954705238342
0.5260475277900696
0.5016512274742126
0.56148362159729
0.6166493892669678
0.4903298616409302
0.5379261374473572
0.5002387762069702
0.32806891202926636
0.6019333004951477
0.6690095067024231
0.44443875551223755
0.8660056591033936
0.6865010857582092
0.7429664731025696
0.7412058115005493
0.7243996262550354
0.7393731474876404
0.6825945973396301
0.7578049302101135
0.7687589526176453
0.49565961956977844
0.7414999008178711
0.6716294884681702
0.6839192509651184
0.735610842704773
0.7333052754402161
0.7184816002845764
0.4284893274307251
0.6525893807411194
0.5692203044891357
