0.4562675654888153
0.5409409403800964
0.5874536633491516
0.6603212356567383
0.455487996339798
0.4498850107192993
0.5494655966758728
0.6605523228645325
0.3659648001194
0.31193870306015015
0.6990099549293518
0.5373325347900391
0.3510197103023529
0.6704483032226562
0.4557223916053772
0.6761245131492615
0.8263362050056458
0.6402902603149414
0.6896915435791016
0.3032648265361786
0.7562796473503113
0.5892440676689148
0.2590208649635315
0.5595766305923462
0.8099272847175598
0.6407374143600464
0.4579559564590454
0.8483347296714783
0.7285909056663513
0.4660983085632324
0.8277514576911926
0.8935189843177795
0.6741490364074707
0.528069019317627
0.8658372759819031
0.6561962366104126
0.6636978387832642
0.5924695730209351
0.6284440159797668
0.6445168852806091
0.6979035139083862
0.6770898699760437
0.6120323538780212
0.6673926115036011
0.7427203059196472
0.7131144404411316
0.30490610003471375
0.4492611885070801
0.8283594250679016
0.7044739723205566
0.30761781334877014
0.7814112305641174
0.8184021711349487
0.40665313601493835
0.39183083176612854
0.8674070835113525
0.7633463740348816
0.4121204614639282
0.6005069613456726
0.6512644290924072
0.7103487253189087
0.6451334357261658
0.7285305857658386
0.6505358815193176
0.6313601732254028
0.7517603039741516
0.8740783333778381
0.542529284954071
0.5028030276298523
0.47639599442481995
0.37969663739204407
0.4198623299598694
0.29301896691322327
0.2872713804244995
0.4682823419570923
0.428539901971817
0.5819042325019836
0.33394089341163635
0.6069097518920898
0.38458943367004395
0.45516934990882874
0.5781333446502686
0.5237720608711243
0.6742048263549805
0.6503111124038696
0.6449585556983948
0.4901953339576721
