0.3552803099155426
0.5338138937950134
0.5093885064125061
0.4308914244174957
0.5339112281799316
0.5882876515388489
0.7679856419563293
0.8106292486190796
0.7757676243782043
0.685395359992981
0.8027200698852539
0.7435425519943237
0.5793284773826599
0.6386541128158569
0.6372019648551941
0.5924023389816284
0.5128652453422546
0.3325593173503876
0.5215380191802979
0.49505001306533813
0.7658395171165466
0.6556031703948975
0.612716019153595
0.5033535361289978
0.44843387603759766
0.5388972163200378
0.5622507333755493
0.5318905711174011
0.48773565888404846
0.6701691746711731
0.5110034942626953
0.3889952003955841
0.482364296913147
0.6091428995132446
0.7337415814399719
0.7402249574661255
0.7813037037849426
0.8106794953346252
0.5300173759460449
0.3836362063884735
0.37119269371032715
0.39750710129737854
0.7050732374191284
0.7858169674873352
0.5878138542175293
0.5355907082557678
0.8983827233314514
0.8263132572174072
0.7398800253868103
0.8704574704170227
0.9464173913002014
0.9414435625076294
0.8514215350151062
0.8400118947029114
0.8595958352088928
0.4383085370063782
0.6019158363342285
0.7689331769943237
0.6333870887756348
0.7561540603637695
0.5858557224273682
0.30055364966392517
0.5893863439559937
0.582953691482544
0.688587486743927
0.4916229248046875
0.5412757992744446
0.3317587673664093
0.6488438248634338
0.44191932678222656
0.3416255712509155
0.3016005754470825
0.502008855342865
0.5345683693885803
0.4871925413608551
0.4871313273906708
0.5110952258110046
0.2340853214263916
0.48890024423599243
0.28874197602272034
0.11647067219018936
0.33820411562919617
0.33515802025794983
0.07908133417367935
0.08474914729595184
0.5470855832099915
0.20175400376319885
0.5849273800849915
0.27837935090065
0.5743611454963684
0.35516467690467834
0.45993128418922424
0.5406584143638611
0.5554096102714539
0.32826748490333557
0.4960145056247711
0.8220365643501282
0.5319732427597046
0.3982079327106476
0.471186101436615
0.7882670760154724
0.8715835213661194
0.467847615480423
0.7083099484443665
0.9000710248947144
0.8447006344795227
0.3572685420513153
0.7070362567901611
0.8945140838623047
0.6029041409492493
0.591766893863678
0.6305914521217346
0.7613899111747742
0.7782471776008606
0.735017716884613
0.34073343873023987
0.7021297216415405
0.5742378830909729
0.36665043234825134
0.3682996332645416
0.6411343812942505
0.3632500469684601
0.44011393189430237
0.39450880885124207
0.21524472534656525
0.30306705832481384
0.5890060663223267
0.43759047985076904
0.5919854640960693
0.3340272605419159
0.6875128746032715
0.5650322437286377
0.7052950859069824
0.2537679672241211
0.22161713242530823
0.573455810546875
0.22290924191474915
0.3020908832550049
0.19647124409675598
0.40933308005332947
0.12482085824012756
0.23429761826992035
0.30855149030685425
0.18216553330421448
0.3596409261226654
0.2687258720397949
0.5001604557037354
0.29588833451271057
0.11080145090818405
0.1944010704755783
0.31992459297180176
0.23212237656116486
0.17007632553577423
0.12739601731300354
0.39075908064842224
0.30187949538230896
0.32048872113227844
0.2811967432498932
0.5248459577560425
0.8299137949943542
0.5490133166313171
0.28293848037719727
0.42762312293052673
0.4020238518714905
0.3186468183994293
0.4642176628112793
0.49943870306015015
0.4896770715713501
0.33878499269485474
0.2760479152202606
0.2276826947927475
0.2689110338687897
0.276273638010025
0.3753384053707123
0.24114105105400085
0.2841574251651764
0.3169214427471161
0.2697950005531311
0.32859310507774353
0.3901340663433075
0.32275107502937317
0.2985197603702545
0.2495848387479782
0.32691919803619385
0.3209402859210968
0.3605198562145233
0.34406620264053345
0.41526180505752563
0.297722727060318
0.44025638699531555
0.1809159815311432
