0.21751800179481506
0.25013214349746704
0.04380391910672188
0.05661296844482422
0.031269632279872894
0.06649783998727798
0.18748126924037933
0.06619337946176529
0.0308309867978096
0.02128387801349163
0.031111853197216988
0.16363154351711273
0.18399421870708466
0.09480847418308258
0.10546651482582092
0.07293174415826797
0.20303304493427277
0.06960738450288773
0.03568500280380249
0.17215986549854279
0.22844839096069336
0.28386107087135315
0.33560803532600403
0.3876596689224243
0.24986740946769714
0.10898638516664505
0.1185702383518219
0.10897642374038696
0.14940889179706573
0.0525984950363636
0.057036299258470535
0.06943685561418533
0.06495553255081177
0.03993300721049309
0.024979112669825554
0.06276334822177887
0.050975650548934937
0.21091781556606293
0.10100159794092178
0.0654858723282814
0.03988168388605118
0.03477267920970917
0.04369833692908287
0.05317927151918411
0.05933420732617378
0.03170594200491905
0.005550220143049955
0.018025770783424377
0.022320551797747612
0.02788357250392437
0.2072577029466629
0.12342938035726547
0.27645060420036316
0.2213689088821411
0.08681879192590714
0.2143590748310089
0.1219303086400032
0.0888611227273941
0.05230638012290001
0.08732666075229645
0.04090072959661484
0.021713698282837868
0.018803145736455917
0.17363958060741425
0.10409901291131973
0.055449895560741425
0.011720185168087482
0.024725496768951416
0.014619776047766209
0.04096635803580284
0.03417891263961792
0.031160613521933556
0.1715741753578186
0.08310306072235107
0.06979668885469437
0.06943738460540771
0.032613594084978104
0.05826942250132561
0.04991786926984787
0.11344309896230698
0.2819143831729889
0.3744180202484131
0.10915590077638626
0.09561605751514435
0.05835070088505745
0.16032420098781586
0.09539101272821426
0.05222146585583687
0.030172735452651978
0.012413691729307175
0.022091954946517944
0.017948821187019348
0.035549115389585495
0.0910973846912384
0.08195243030786514
0.18677566945552826
0.09587930887937546
0.2729968726634979
0.14730222523212433
0.0666404739022255
0.07611632347106934
0.06051013246178627
0.332770973443985
0.13330335915088654
0.30535584688186646
0.39577925205230713
0.199488565325737
0.25381699204444885
0.19836458563804626
0.5834879279136658
0.24434436857700348
0.06553222984075546
0.26985204219818115
0.16156072914600372
0.050893064588308334
0.014470400288701057
0.1854838728904724
0.0893440917134285
0.012948228977620602
0.042556021362543106
0.16641856729984283
0.07546023279428482
0.030988778918981552
0.1350356787443161
0.33644068241119385
0.15421301126480103
0.10003642737865448
0.2920912206172943
0.4963094890117645
0.30658185482025146
0.2311432659626007
0.1674656718969345
0.14398415386676788
0.08207317441701889
0.2073712944984436
0.10460183024406433
0.1036519780755043
0.1047343984246254
0.10319504886865616
0.02467115968465805
0.0288814976811409
0.012717830017209053
0.02167734131217003
0.004297713283449411
0.08356691896915436
0.05980061739683151
0.3744972348213196
0.029651165008544922
0.023179946467280388
0.24118582904338837
0.1463574469089508
0.007538623176515102
0.028538402169942856
0.05097528174519539
0.0158150065690279
0.006814606953412294
0.0881451815366745
0.06384613364934921
0.028682388365268707
0.11177214235067368
0.12205007672309875
0.09587333351373672
0.11324180662631989
0.16312211751937866
0.12419768422842026
0.1309981495141983
0.1312418133020401
0.1517530381679535
0.06251846998929977
0.12070070207118988
0.04787649214267731
0.007641815580427647
0.008267887867987156
0.03666498139500618
0.015188144519925117
0.0305000152438879
0.046568214893341064
0.20844516158103943
0.08837974071502686
0.08951104432344437
0.2530936002731323
0.489641934633255
0.16114115715026855
0.09559299051761627
0.44861215353012085
0.34683024883270264
0.1803661584854126
0.23812487721443176
0.19768883287906647
0.17188140749931335
0.08988425880670547
0.0991722047328949
0.13514967262744904
0.12714527547359467
0.4452041983604431
0.0743560940027237
0.23664283752441406
0.2940179407596588
0.403591513633728
0.21196205914020538
0.29761943221092224
0.21425586938858032
0.32367783784866333
0.26466313004493713
0.3850531578063965
0.4012981057167053
0.2416490763425827
0.2830228805541992
0.5846474170684814
0.34248533844947815
0.4295753538608551
0.49727746844291687
0.5469343066215515
0.48830869793891907
0.5887800455093384
0.8050840497016907
0.29364606738090515
0.4808010458946228
0.34191328287124634
0.5576713681221008
0.2181580811738968
0.49734392762184143
0.43924790620803833
0.3004557490348816
0.46065130829811096
0.5925114750862122
0.6434325575828552
0.625113308429718
0.614452600479126
0.8059399724006653
0.9184052348136902
0.39653828740119934
0.3243323862552643
0.8043946027755737
0.8677766919136047
0.19824984669685364
0.6794446110725403
0.9147573113441467
0.7907737493515015
0.1809995323419571
0.8212262988090515
0.8653605580329895
0.42000189423561096
0.44111642241477966
0.6547537446022034
0.6623854041099548
0.45494017004966736
0.2501910924911499
0.6646100282669067
0.8339512944221497
0.36700698733329773
0.32680365443229675
0.258831650018692
0.12386856973171234
0.2632957994937897
0.1852876842021942
0.15168628096580505
0.12439170479774475
0.5028440952301025
0.4121718406677246
0.36808568239212036
0.24568435549736023
0.4221687316894531
0.39293280243873596
0.38714608550071716
0.610388457775116
0.5070567727088928
0.2676265835762024
0.610885500907898
0.5936284065246582
0.39561185240745544
0.18201716244220734
0.2590290307998657
0.05677564814686775
0.01973157376050949
0.04337439686059952
0.10578335076570511
0.026629596948623657
0.03949199244379997
0.08515945822000504
0.07833955436944962
0.1027369499206543
0.21260298788547516
0.043006531894207
0.046481940895318985
0.11788801103830338
0.07712220400571823
0.04305035620927811
0.019243335351347923
0.04302889108657837
0.10643468797206879
0.1151062399148941
0.2759791910648346
0.3074013888835907
0.13579073548316956
0.2551623284816742
0.2094992697238922
0.24068661034107208
0.25175076723098755
0.7083845138549805
0.6728092432022095
0.16645187139511108
0.4961622655391693
0.8352023959159851
0.43567052483558655
0.36497730016708374
0.7950313687324524
0.90742427110672
0.6956490278244019
0.37707608938217163
0.4194243252277374
0.7378987669944763
0.2999531328678131
0.536457359790802
0.5187585949897766
0.28981003165245056
0.13725723326206207
0.1433747410774231
0.0772167518734932
0.052051741629838943
0.08216508477926254
0.11314984411001205
0.038892216980457306
0.02431950904428959
0.054028160870075226
0.08159898966550827
0.05521469563245773
0.037345293909311295
0.03483441099524498
0.012205415405333042
0.007947630248963833
0.021499091759324074
0.03511587157845497
0.01952877640724182
0.02782796137034893
0.12519755959510803
0.2072426825761795
0.0654769316315651
0.16694346070289612
0.46059131622314453
0.06823063641786575
0.04413172975182533
0.08311082422733307
0.10627636313438416
0.026361551135778427
0.02105100266635418
0.10318795591592789
0.06875474005937576
0.06926225125789642
0.03660120815038681
0.09715612232685089
0.14315015077590942
0.049748871475458145
0.14856469631195068
0.10511543601751328
0.10814470052719116
0.09990175068378448
0.06438879668712616
0.07524601370096207
0.07891204208135605
0.07938969880342484
0.054958242923021317
0.07011525332927704
0.07618142664432526
0.1918455809354782
0.15644945204257965
0.3263320028781891
0.38479843735694885
0.2713792026042938
0.38253462314605713
0.1381009966135025
0.4516168236732483
0.27661383152008057
0.24634592235088348
0.47044578194618225
0.3690931797027588
0.44742918014526367
0.11447376757860184
0.08373085409402847
0.18909582495689392
0.08728151768445969
0.03759090229868889
0.04757485166192055
0.0895950123667717
0.06264547258615494
0.05015785992145538
0.022888118401169777
0.011854984797537327
0.04327024891972542
0.06691933423280716
0.23620550334453583
0.07012616097927094
0.41221359372138977
0.5488318204879761
0.11046251654624939
0.055761490017175674
0.10960443317890167
0.2016831487417221
0.09701874852180481
0.16415943205356598
0.5651404857635498
0.43330222368240356
0.19959814846515656
0.24637630581855774
0.2878159284591675
0.17273284494876862
0.028491700068116188
0.13552899658679962
0.11094433069229126
0.07574991136789322
0.029414180666208267
0.13163398206233978
0.2811271846294403
0.0507432222366333
0.040596846491098404
0.25837379693984985
0.21502983570098877
0.0758151188492775
0.08286964893341064
0.07321712374687195
0.07810784131288528
