0.66539466381073
0.6587204337120056
0.6629205346107483
0.7255228161811829
0.8689736723899841
0.5840299129486084
0.8627018332481384
0.49402323365211487
0.49377113580703735
0.5976709127426147
0.573050320148468
0.48775720596313477
0.3670926094055176
0.6298401951789856
0.5324258208274841
0.2876119613647461
0.6451387405395508
0.6790211200714111
0.17111267149448395
0.18362651765346527
0.13999998569488525
0.4126720726490021
0.45987415313720703
0.23662951588630676
0.2081107795238495
0.3269042670726776
0.2599865198135376
0.4851251244544983
0.5260053277015686
0.4101793169975281
0.4859311878681183
0.5129601955413818
0.37750372290611267
0.3116225302219391
0.7474332451820374
0.45023420453071594
0.6872434020042419
0.3580724596977234
0.5555239319801331
0.40000590682029724
0.5047956109046936
0.5846498608589172
0.49280840158462524
0.14244703948497772
0.6016108393669128
0.37961265444755554
0.8016670942306519
0.8214150071144104
0.44851362705230713
0.626977801322937
0.6264128088951111
0.27192068099975586
0.3413693606853485
0.30086585879325867
0.4438328444957733
0.2813163101673126
0.18930308520793915
0.6634967923164368
0.5412648320198059
0.5785914063453674
0.35116448998451233
0.6792363524436951
0.4421181082725525
0.7438732981681824
0.3738082945346832
0.6772255897521973
0.4684538245201111
0.6240978240966797
0.6319401264190674
0.8188844919204712
0.5480364561080933
0.5284364819526672
0.5889067649841309
0.5704256296157837
0.5163937211036682
0.45936134457588196
0.34161415696144104
0.22958233952522278
0.3391663730144501
0.18238607048988342
0.12619800865650177
0.09680691361427307
0.10138620436191559
0.04027432203292847
0.07791450619697571
0.12252264469861984
0.09835945069789886
0.15125934779644012
0.206869438290596
0.2573360800743103
0.26062333583831787
0.22312882542610168
0.4318166673183441
0.2726036608219147
0.6332008838653564
0.5241759419441223
0.33894577622413635
0.351972371339798
0.5752695202827454
0.3342844545841217
0.10933515429496765
0.13506010174751282
0.1910703033208847
0.09537382423877716
0.2773517966270447
0.16631054878234863
0.12284933030605316
0.1962480992078781
0.07616568356752396
0.2172541469335556
0.12840458750724792
0.2958223819732666
0.361261248588562
0.6190178990364075
0.6239840984344482
0.8428099751472473
0.6749811172485352
0.8729667067527771
0.8448749780654907
0.8311087489128113
0.6503210067749023
0.8016854524612427
0.47016164660453796
0.4359700679779053
0.5336539149284363
0.6414762139320374
0.3606279194355011
0.15213049948215485
0.3013641834259033
0.48676618933677673
0.3500056266784668
0.42236030101776123
0.7314339876174927
0.6859354972839355
0.7684695720672607
0.3951709568500519
0.24113385379314423
0.6388291716575623
0.1599445343017578
0.48904138803482056
0.558879554271698
0.3772880733013153
0.23450186848640442
0.11308804899454117
0.32838311791419983
0.2331724762916565
0.38215675950050354
0.15843267738819122
0.141640305519104
0.08613400906324387
0.1372721642255783
0.043442126363515854
0.08371899276971817
0.10798491537570953
0.09209582954645157
0.08827418833971024
0.14743657410144806
0.17339803278446198
0.21173150837421417
0.19034557044506073
0.15497510135173798
0.2270546555519104
0.24353136122226715
0.13471905887126923
0.18768225610256195
0.3025427758693695
0.2454163283109665
0.3431641161441803
0.37228140234947205
0.6279703378677368
0.1921854168176651
0.062313154339790344
0.20772463083267212
0.16622118651866913
0.3468276560306549
0.2868841886520386
0.5565823316574097
0.48347657918930054
0.44986337423324585
0.27948760986328125
0.10452932119369507
0.12655305862426758
0.21458640694618225
0.2850196659564972
0.17807714641094208
0.05017154663801193
0.1966453492641449
0.2492721825838089
0.0935508981347084
0.0908234491944313
0.05498134344816208
0.19192953407764435
0.2725517153739929
0.2362125664949417
0.31020310521125793
0.502997100353241
0.458278089761734
0.3784109652042389
0.295856237411499
0.4616037607192993
0.10973957926034927
0.2172602266073227
0.17904232442378998
0.4310692250728607
