0.17812201380729675
0.1897205412387848
0.07221239805221558
0.35598742961883545
0.3823395371437073
0.3272274434566498
0.39600977301597595
0.5984312295913696
0.39477744698524475
0.3077174723148346
0.6087297201156616
0.7392578721046448
0.4351210594177246
0.8071011304855347
0.6028870344161987
0.6085037589073181
0.6137217283248901
0.7016536593437195
0.20877940952777863
0.34209662675857544
0.6915590763092041
0.4814567565917969
0.2837686240673065
0.3649747967720032
0.5419435501098633
0.28874602913856506
0.3603459298610687
0.30418702960014343
0.11946845054626465
0.16671496629714966
0.15511827170848846
0.1910485178232193
0.39775627851486206
0.45601189136505127
0.42406603693962097
0.06974923610687256
0.23375864326953888
0.07695738226175308
0.152305468916893
0.3010796904563904
0.16107472777366638
0.07190235704183578
0.152654230594635
0.39177918434143066
0.06785634160041809
0.10850199311971664
0.1600227802991867
0.24122759699821472
0.056241586804389954
0.19322921335697174
0.35847389698028564
0.12182174623012543
0.14255917072296143
0.26420220732688904
0.29652777314186096
0.12762130796909332
0.20823676884174347
0.23524440824985504
0.3053726255893707
0.1582828313112259
0.20653928816318512
0.3383387625217438
0.14897185564041138
0.21230491995811462
0.21555590629577637
0.22776508331298828
0.3131428062915802
0.21032027900218964
0.2428589165210724
0.2131401002407074
0.4707753360271454
0.2599495053291321
0.426028311252594
0.7133780121803284
0.24147696793079376
0.3048264682292938
0.7145770192146301
0.6875155568122864
0.19342511892318726
0.5670168995857239
0.8566457033157349
0.18345139920711517
0.28360888361930847
0.7748699188232422
0.6421681046485901
0.11595606803894043
0.1596359759569168
0.7237855792045593
0.20731563866138458
0.2860725224018097
0.4715770184993744
0.6249874830245972
0.23774878680706024
0.2883145213127136
0.5034877061843872
0.4397973418235779
0.6655333042144775
0.6971307396888733
0.9129416346549988
0.8444622755050659
0.3297802209854126
0.879160463809967
0.9367953538894653
0.7933114767074585
0.39050164818763733
0.9126636981964111
0.8878419995307922
0.24009878933429718
0.7885882258415222
0.8759267330169678
0.2169419378042221
0.27778393030166626
0.46173545718193054
0.832200825214386
0.1919371783733368
0.7035859227180481
0.8393404483795166
0.5446808934211731
0.3552340269088745
0.7240382432937622
0.5190910696983337
0.4155854284763336
0.1382821798324585
0.31690356135368347
0.4024945795536041
0.3719795048236847
0.44814109802246094
0.531456470489502
0.2719070017337799
0.6211094260215759
0.5147693157196045
0.2542056143283844
0.32792165875434875
0.7131984829902649
0.46872901916503906
0.10033706575632095
0.6474665403366089
0.5369584560394287
0.4609498977661133
0.3156551420688629
0.7608106732368469
0.4045921266078949
0.3313823640346527
0.8271277546882629
0.7543060183525085
0.5696873664855957
0.5407528281211853
0.9030291438102722
0.8133042454719543
0.6649759411811829
0.7769890427589417
