0.8206613063812256
0.6915693879127502
0.36005929112434387
0.3572882413864136
0.055590927600860596
0.04461662843823433
0.006974055431783199
0.02484089508652687
0.13241277635097504
0.30268222093582153
0.1409783959388733
0.2652810513973236
0.03895239159464836
0.0718664601445198
0.04676239565014839
0.10012736916542053
0.057096607983112335
0.01775805652141571
0.03353123366832733
0.046983860433101654
0.007377008441835642
0.016557661816477776
0.09931225329637527
0.10674528777599335
0.09352710843086243
0.23965126276016235
0.2521842420101166
0.44200944900512695
0.40898993611335754
0.5402097105979919
0.5005624890327454
0.8221754431724548
0.29260456562042236
0.23385408520698547
0.011135260574519634
0.31873854994773865
0.04451121389865875
0.255410760641098
0.47348669171333313
0.13125063478946686
0.20567774772644043
0.09978768974542618
0.2501571774482727
0.15863217413425446
0.28187552094459534
0.05589127540588379
0.4594360888004303
0.1728041172027588
0.37030506134033203
0.5796813368797302
0.3923946022987366
0.18243134021759033
0.31286659836769104
0.529485821723938
0.1438361555337906
0.4697794020175934
0.13202126324176788
0.3444792628288269
0.24315796792507172
0.6823800206184387
0.3422683775424957
0.5709483623504639
0.8149169087409973
0.6354280114173889
0.25003528594970703
0.18098075687885284
0.025197487324476242
0.0844651311635971
0.03702597692608833
0.23025934398174286
0.25789231061935425
0.04213990271091461
0.19472385942935944
0.15266583859920502
0.1817336082458496
0.3111802041530609
0.2517355978488922
0.4942246675491333
0.4911710023880005
0.7880831956863403
0.5977522730827332
0.14420288801193237
0.15847855806350708
0.04915555566549301
0.061565373092889786
0.22860442101955414
0.14514613151550293
0.4222533404827118
0.1711137741804123
0.5446398258209229
0.3646053671836853
0.35487034916877747
0.37664514780044556
0.17710871994495392
0.5073143839836121
0.5289369225502014
0.23190709948539734
0.15419134497642517
0.045091696083545685
0.07351852208375931
0.06756426393985748
0.27407073974609375
0.04672248661518097
0.09898912906646729
0.19872607290744781
0.23276478052139282
0.12291232496500015
0.2673000395298004
0.24695593118667603
0.06839800626039505
0.19553439319133759
0.037000127136707306
0.1168011799454689
0.31408190727233887
0.1884726732969284
0.20321758091449738
0.27852556109428406
0.6199553608894348
0.5168679356575012
0.2374952882528305
0.28571468591690063
0.19739170372486115
0.3715936243534088
0.7397101521492004
0.21376930177211761
0.4385340213775635
0.09306643903255463
0.21027274429798126
0.09571031481027603
0.29656773805618286
0.26805078983306885
0.20651775598526
0.11840682476758957
0.15624375641345978
0.3757965862751007
0.1433965116739273
0.6447111964225769
0.6180694103240967
0.6944552063941956
0.5257627367973328
0.26321497559547424
0.35560837388038635
0.2875303328037262
0.39409467577934265
0.584206759929657
0.23219548165798187
0.5664816498756409
0.06454094499349594
0.19893813133239746
0.04818396642804146
0.09348791092634201
0.2276274859905243
0.18513523042201996
0.1553788185119629
0.17753992974758148
0.39743417501449585
0.20890460908412933
0.4049623906612396
0.24416586756706238
0.35244691371917725
0.19053561985492706
0.2451942265033722
0.2005319893360138
0.3033173978328705
0.5724824070930481
0.13556212186813354
0.3669576048851013
0.07750201225280762
0.16685640811920166
0.06259504705667496
0.23053506016731262
0.15104889869689941
0.0588846392929554
0.1104593425989151
0.39895424246788025
0.38607996702194214
0.17560648918151855
0.2338516265153885
0.055110864341259
0.1224677711725235
0.098371721804142
0.1388368308544159
0.07110212743282318
0.15086700022220612
0.25895944237709045
0.40867146849632263
0.6202319860458374
0.6854739785194397
0.6251148581504822
0.7534739375114441
0.6881905794143677
0.4799114763736725
0.5002453327178955
0.1663571149110794
0.20095294713974
0.15213049948215485
0.19998537003993988
0.29291921854019165
0.5888211131095886
0.13028723001480103
0.3666122853755951
0.03611525520682335
0.22030800580978394
0.12518419325351715
0.2705012857913971
0.32479268312454224
0.28168240189552307
0.08241289108991623
0.2224363535642624
0.21408218145370483
0.1885925829410553
0.10987205058336258
0.2102949470281601
0.1961684376001358
0.0897752046585083
0.10745576024055481
0.03754951432347298
0.048865094780921936
0.04741347208619118
0.04942005127668381
0.24549953639507294
0.11766412854194641
0.5792157053947449
0.4037465751171112
0.4207665026187897
0.30308830738067627
0.04855542257428169
0.37737226486206055
0.09249547868967056
0.13247211277484894
0.12399931997060776
0.18735739588737488
0.3686000108718872
0.15958477556705475
0.25275567173957825
0.05276273936033249
0.03546036779880524
0.05047096684575081
0.05593804642558098
0.031431179493665695
0.038679081946611404
0.07481155544519424
0.04003984108567238
0.014344066381454468
0.07027774304151535
0.145001620054245
0.33386218547821045
0.3936872184276581
0.6141989827156067
0.4380343556404114
0.5216643810272217
0.5502520799636841
0.11163330078125
0.23360271751880646
0.3332107961177826
0.4068933129310608
0.12101055681705475
0.363714337348938
0.14453138411045074
0.055975932627916336
0.08568987995386124
0.1744689643383026
0.33883655071258545
0.19579137861728668
0.5878491401672363
0.21724443137645721
0.3377009332180023
0.03867844492197037
0.09551183879375458
0.06487002968788147
0.10843510180711746
0.14997617900371552
0.14540229737758636
0.08077201247215271
0.09815580397844315
0.1668197512626648
0.15875577926635742
0.2785148620605469
0.09267379343509674
0.05861033871769905
0.12778764963150024
0.14601720869541168
0.10038507729768753
0.2905038595199585
0.19882172346115112
0.17465074360370636
0.14418666064739227
0.1729120910167694
0.06275609135627747
0.15951910614967346
0.24625743925571442
0.2539140284061432
0.14963224530220032
0.18821319937705994
0.13630250096321106
0.2191450148820877
0.22389361262321472
0.24726343154907227
0.4033132791519165
0.05135698616504669
0.19318105280399323
0.4789939522743225
0.5462406873703003
0.22318966686725616
0.6829651594161987
0.6496192216873169
0.47840675711631775
0.6957724094390869
0.5597923398017883
0.6909584403038025
0.49107626080513
0.5896220207214355
0.47478315234184265
0.21041668951511383
0.31081315875053406
0.656988799571991
0.5862663388252258
