0.6077211499214172
0.6879947781562805
0.44430655241012573
0.7664382457733154
0.8413716554641724
0.5420997738838196
0.6967519521713257
0.8561403751373291
0.8569774627685547
0.4108215272426605
0.7678515315055847
0.8437846899032593
0.7495802640914917
0.7747203707695007
0.8343802690505981
0.9201450347900391
0.5537756085395813
0.8383957743644714
0.8289275169372559
0.6314188241958618
0.7631130814552307
0.8218634724617004
0.8178127408027649
0.7531358599662781
0.847089409828186
0.7727940678596497
0.7759190201759338
0.8365557789802551
0.6250396966934204
0.6520481705665588
0.8594455718994141
0.7993969917297363
0.6773548722267151
0.67709881067276
0.8307108283042908
0.684878945350647
0.6629188656806946
0.633751392364502
0.7018423676490784
0.6593624353408813
0.45672693848609924
0.4867018759250641
0.36675000190734863
0.1786917746067047
0.2635851800441742
0.3377082645893097
0.3024354577064514
0.2431829273700714
0.23320932686328888
0.16281293332576752
0.20546869933605194
