0.5326188802719116
0.5310925245285034
0.5489887595176697
0.5322040915489197
0.4815012514591217
0.4636220932006836
0.4841534197330475
0.4457215666770935
0.33365339040756226
0.6539819836616516
0.5907114744186401
0.4424937963485718
0.68980473279953
0.3519274890422821
0.6770142316818237
0.8304199576377869
0.7496604919433594
0.28832441568374634
0.7284549474716187
0.7354766726493835
0.4095539152622223
0.30424854159355164
0.6875917911529541
0.7947324514389038
0.3781093657016754
0.529457151889801
0.36052191257476807
0.6052072048187256
0.3668769896030426
0.27793392539024353
0.3865525722503662
0.2571651041507721
0.34619981050491333
0.5998461246490479
0.4599299430847168
0.3834744691848755
0.533501923084259
0.645706295967102
0.45567524433135986
0.45549970865249634
0.33821171522140503
0.7148685455322266
0.6158100366592407
0.501697838306427
0.8199967741966248
0.7424395084381104
0.4205476641654968
0.5688434839248657
0.7622107863426208
0.6267367601394653
0.2782101035118103
0.5015358924865723
0.39256569743156433
0.38421157002449036
0.2908248007297516
0.5739609003067017
0.2509743571281433
0.37548667192459106
0.436910480260849
0.5775334239006042
0.4409349858760834
0.6445802450180054
0.6096459031105042
0.46038007736206055
0.44349026679992676
0.4951934814453125
0.6380084753036499
