0.7091072797775269
0.5705245733261108
0.6434773802757263
0.6257224082946777
0.5785595774650574
0.5468062162399292
0.5616858601570129
0.5522211790084839
0.5574319958686829
0.34467795491218567
0.44208061695098877
0.3604392111301422
0.5899984836578369
0.5557277202606201
0.5548588037490845
0.5560609698295593
0.3983798027038574
0.442466676235199
0.34892216324806213
0.21282333135604858
0.4055597186088562
0.26231610774993896
0.4389853775501251
0.16244131326675415
0.33550238609313965
0.29645127058029175
0.28877851366996765
0.18203486502170563
0.39641228318214417
0.5182697176933289
0.3855016529560089
0.4760200083255768
0.6085075736045837
0.36037203669548035
0.6595448851585388
0.6450345516204834
0.7603588104248047
0.6449190378189087
0.48209789395332336
0.6803420186042786
0.48098433017730713
0.47452831268310547
0.32740455865859985
0.31035175919532776
0.3770425617694855
0.14974750578403473
0.30228641629219055
0.30781570076942444
0.4231598675251007
0.5049677491188049
0.5163553357124329
0.6163144707679749
0.6403481364250183
0.6115981936454773
0.6797754168510437
0.5198135375976562
0.5797206163406372
0.7188292741775513
0.621271550655365
0.6813818216323853
0.717797577381134
0.8658084869384766
0.931203305721283
0.9010810852050781
0.6323946118354797
0.6878736019134521
0.5910678505897522
0.5164229869842529
0.4718978703022003
0.37563684582710266
0.5790608525276184
0.4562608003616333
0.47487872838974
0.3350549042224884
0.4122793972492218
0.27746883034706116
0.4586328864097595
0.2991434633731842
0.4342769980430603
0.2346145659685135
0.3458140194416046
0.22336117923259735
0.12820513546466827
0.3734673261642456
0.37892666459083557
0.3079984486103058
0.14919249713420868
0.2599140703678131
0.17666815221309662
0.39851394295692444
0.19312968850135803
0.5243971943855286
0.5558176636695862
0.6787426471710205
0.38336825370788574
0.6471450924873352
0.4801447093486786
0.6857457160949707
0.6893084645271301
0.7471980452537537
0.7778599262237549
0.8514565825462341
0.6642838716506958
0.8498204350471497
0.6934536099433899
0.5996034741401672
0.5643081665039062
0.4907206892967224
0.5290262699127197
0.43915390968322754
0.48078814148902893
0.2623586654663086
0.4663466513156891
0.40251049399375916
0.21923916041851044
0.39724287390708923
0.36515378952026367
0.365119993686676
