0.4970412850379944
0.7233017086982727
0.5153645277023315
0.5188643336296082
0.6376107335090637
0.5797504186630249
0.7275436520576477
0.2581624686717987
0.27105602622032166
0.10808111727237701
0.22021332383155823
0.04405822977423668
0.20270653069019318
0.46831268072128296
0.5234626531600952
0.15222688019275665
0.1799604892730713
0.2225617617368698
0.5427387952804565
0.42167046666145325
0.2017771154642105
0.403174489736557
0.7633028030395508
0.5659278035163879
0.7175159454345703
0.8244844675064087
0.8543305397033691
0.6672516465187073
0.6863596439361572
0.6995225548744202
0.6734798550605774
0.5896444916725159
0.7179028391838074
0.7815215587615967
0.6606172323226929
0.6294533014297485
0.5329287648200989
0.7959563136100769
0.5827720761299133
0.762471616268158
0.8728261590003967
0.8708719611167908
0.8621675968170166
0.8952866792678833
0.8713234066963196
0.7357866168022156
0.7070154547691345
0.7464681267738342
0.6692496538162231
0.37338197231292725
0.5329689383506775
0.5005773305892944
0.6804888844490051
0.36435115337371826
0.7567926049232483
0.4916920065879822
0.8452351093292236
0.2777714431285858
0.5922669172286987
0.3431446850299835
0.27429643273353577
0.2436293512582779
0.26525700092315674
0.6608393788337708
0.8275622129440308
0.8864549994468689
0.8073006868362427
0.8279049396514893
0.9057758450508118
0.8966147303581238
0.7049424052238464
0.7760072946548462
0.9096461534500122
0.8839335441589355
0.6296895146369934
0.9202436804771423
0.7498716115951538
0.35887348651885986
0.07123997807502747
0.09813759475946426
0.0659046545624733
0.055568233132362366
0.13191814720630646
0.09773431718349457
0.14437560737133026
0.16282768547534943
0.14352193474769592
0.2291918843984604
0.31113401055336
0.07300575822591782
0.14325566589832306
0.23465919494628906
0.26006144285202026
0.22131483256816864
0.40681082010269165
0.542809784412384
0.4352509081363678
0.33132675290107727
0.5672296285629272
0.6157922744750977
0.312900185585022
0.5966189503669739
0.7907626032829285
0.8854764699935913
0.5714820027351379
0.8247740268707275
0.5713227391242981
0.49562516808509827
0.33423468470573425
0.24404409527778625
0.07652710378170013
0.15339334309101105
0.08019183576107025
0.16077621281147003
0.0774114653468132
0.1595401018857956
0.27824872732162476
0.25049012899398804
0.4564858675003052
0.555350661277771
0.44548168778419495
0.36934345960617065
0.3835689127445221
0.21220006048679352
0.09809107333421707
0.13944539427757263
0.33089327812194824
0.12151621282100677
0.24611002206802368
0.05625535547733307
0.303466260433197
0.21798475086688995
0.38535889983177185
0.13845176994800568
0.38372042775154114
0.4607071876525879
0.41293254494667053
0.36680373549461365
0.39689749479293823
0.43594059348106384
0.38497257232666016
0.33308297395706177
0.4760112762451172
0.16822782158851624
0.19130416214466095
0.20527662336826324
0.5514500141143799
0.49397557973861694
0.5098146200180054
0.415210098028183
0.5073874592781067
0.42700523138046265
0.6766025424003601
0.4997207224369049
0.22297342121601105
0.49830499291419983
0.6271235942840576
0.48191866278648376
0.2894267439842224
0.34121012687683105
0.31708231568336487
0.3009020984172821
0.5451726913452148
0.45687219500541687
0.31315988302230835
0.4434010088443756
0.5176052451133728
0.37497374415397644
0.3085048496723175
0.4511767029762268
0.36529746651649475
