0.25343194603919983
0.3701041340827942
0.3327379524707794
0.44042274355888367
0.6644251346588135
0.27082279324531555
0.4882923662662506
0.7718940377235413
0.6460957527160645
0.32229486107826233
0.27165117859840393
0.2153230607509613
0.22272846102714539
0.2705965042114258
0.2887532114982605
0.42386355996131897
0.31183722615242004
0.25889959931373596
0.35637417435646057
0.58009272813797
0.551746666431427
0.565118134021759
0.5872330665588379
0.38375020027160645
0.42121076583862305
0.5460063219070435
0.25944629311561584
0.3501812517642975
0.46669235825538635
0.35513177514076233
0.49024471640586853
0.6701067686080933
0.41060248017311096
0.6603710651397705
0.5245949029922485
0.6392545700073242
0.46696722507476807
0.6169305443763733
0.6553881168365479
0.8311803936958313
0.450912207365036
0.49075111746788025
0.5612969398498535
0.5483607053756714
0.39258888363838196
0.5564683675765991
0.6875561475753784
0.5694199800491333
0.627156138420105
0.5452306270599365
0.7165511250495911
0.6797386407852173
0.45656242966651917
0.535248339176178
0.6542379260063171
0.513317883014679
0.5345860719680786
0.7613347768783569
0.7843405604362488
0.6655958294868469
0.577166736125946
0.3666127622127533
0.7253629565238953
0.6457604169845581
0.5406025052070618
0.814875602722168
0.38852986693382263
0.5966095924377441
0.37665241956710815
0.3430570960044861
0.6671062707901001
0.632483184337616
0.6618261337280273
0.4714694619178772
0.6292712092399597
0.6152780652046204
0.7396019101142883
0.7232941389083862
0.4616919755935669
0.6228905320167542
0.340251624584198
0.5487619638442993
0.5784658789634705
0.46022477746009827
0.578509509563446
0.639877438545227
0.7177263498306274
0.5628218054771423
0.3281747102737427
0.5914725065231323
0.5863329768180847
0.6081269383430481
0.715184211730957
0.572112500667572
0.6470104455947876
0.4848579466342926
0.6570394039154053
0.37550559639930725
0.6231393218040466
0.3725608289241791
0.46335697174072266
0.6961739659309387
0.5160090327262878
0.6571000218391418
0.41349655389785767
0.5251291394233704
0.4504711925983429
0.6948148608207703
0.5707056522369385
0.7092846632003784
0.5682040452957153
0.6016310453414917
0.4257897436618805
0.44897302985191345
0.494975209236145
0.5371723175048828
0.6479738354682922
0.578186571598053
0.5056925415992737
0.5361137986183167
