0.49748337268829346
0.6407040953636169
0.6179690957069397
0.6269033551216125
0.4688372015953064
0.491604745388031
0.4876643717288971
0.44761553406715393
0.24113689363002777
0.23765788972377777
0.1596025675535202
0.20517806708812714
0.13786864280700684
0.1321607381105423
0.1089542955160141
0.17297033965587616
0.1151866689324379
0.10227031260728836
0.12286363542079926
0.2225121408700943
0.3662123382091522
0.2368030548095703
0.30402258038520813
0.18142403662204742
0.12782931327819824
0.11944767087697983
0.3512372076511383
0.18353915214538574
0.31325235962867737
0.4535275995731354
0.1812637448310852
0.27261582016944885
0.26147904992103577
0.27024340629577637
0.15872450172901154
0.4135361313819885
0.12241826951503754
0.2230859100818634
0.27726733684539795
0.17204612493515015
0.457482248544693
0.5313184857368469
0.8043956160545349
0.6716483235359192
0.771783173084259
0.7010630369186401
0.6554347276687622
0.6502755284309387
0.7512223720550537
0.8547701239585876
0.61789870262146
0.5090821981430054
0.5103417038917542
0.2877918779850006
0.18048392236232758
0.5908306241035461
0.6976744532585144
0.4691258668899536
0.9107268452644348
0.7454492449760437
0.7267602682113647
0.7691799402236938
0.7467229962348938
0.5956155061721802
0.39064738154411316
0.6280552744865417
0.6676496863365173
0.8530269861221313
0.42118021845817566
0.7879160046577454
0.32945454120635986
0.7060967087745667
0.6795739531517029
0.5541542172431946
0.5062413811683655
0.7839744687080383
0.6648296117782593
0.7628679275512695
0.7792713046073914
0.5231307148933411
0.5336287021636963
0.5012192726135254
0.6412082314491272
0.31260883808135986
0.5397953987121582
0.5472294092178345
0.5667075514793396
0.6096999049186707
0.820751965045929
0.5823301672935486
0.6848495602607727
0.6599722504615784
0.5824797749519348
0.7754929065704346
0.7568178176879883
0.7153366804122925
0.7683693766593933
0.7773867845535278
0.8282209038734436
0.8241618275642395
0.7533539533615112
0.7687383890151978
0.583349347114563
0.6369836330413818
0.6375430226325989
0.6137272715568542
0.5758228302001953
0.5829172134399414
0.6840292811393738
0.6820365190505981
0.7013341188430786
0.7514997124671936
0.6376441121101379
0.557934045791626
0.7508145570755005
0.6820045113563538
0.6512803435325623
0.6789781451225281
0.7014007568359375
0.7695845365524292
0.8657944202423096
0.8694313168525696
0.8381160497665405
0.8648175597190857
0.7176957130432129
0.7820402383804321
0.6121750473976135
0.7670436501502991
0.7115099430084229
0.5881337523460388
0.7832489609718323
0.7608576416969299
0.6105764508247375
0.31584632396698
0.46413055062294006
0.2945983111858368
0.33969998359680176
0.329647958278656
0.5027793049812317
0.5428259968757629
0.37362122535705566
0.4169127941131592
0.5833991169929504
0.4445861876010895
0.2917179465293884
0.5168499946594238
0.46621814370155334
0.43142256140708923
0.44077253341674805
0.4439101815223694
0.5459190011024475
0.6619839072227478
0.5557910799980164
0.3519778549671173
0.4081253409385681
0.38478004932403564
0.27793627977371216
0.8495680689811707
0.7489647269248962
0.5902886390686035
0.574012041091919
0.7597578167915344
0.7639331817626953
0.6649757623672485
0.2949162423610687
0.5231274366378784
0.703732967376709
0.6926225423812866
0.7886813879013062
0.8295575380325317
0.7512288689613342
0.6209080219268799
0.3740079402923584
0.28691020607948303
0.6606276631355286
0.4593549966812134
0.30239981412887573
0.3991614282131195
0.7947172522544861
0.5258313417434692
0.580583393573761
0.5976065397262573
0.7381163835525513
0.7244338989257812
0.7010809183120728
0.8232232332229614
0.7352899312973022
0.6586679220199585
0.771232545375824
0.7565639615058899
0.9221712946891785
0.8310304880142212
0.7738462090492249
0.8370941281318665
0.8629447817802429
0.6664028763771057
0.7876392006874084
