0.7368971109390259
0.8549268841743469
0.461451917886734
0.5643871426582336
0.1674567312002182
0.44108855724334717
0.5013260841369629
0.5729639530181885
0.5663579106330872
0.6614165902137756
0.8876109719276428
0.6238203048706055
0.7926993370056152
0.6101472973823547
0.49953916668891907
0.5110535025596619
0.15798518061637878
0.703336775302887
0.6756616234779358
0.49467775225639343
0.36545124650001526
0.3239234983921051
0.4327843189239502
0.20643986761569977
0.49476999044418335
0.6606224179267883
0.7524309158325195
0.7420135140419006
0.7994322776794434
0.8220630884170532
0.7714398503303528
0.8531096577644348
0.74842369556427
0.8209756016731262
0.7565677762031555
0.783351719379425
0.8363348245620728
0.8669366836547852
0.7133203744888306
0.8442713022232056
0.892985999584198
0.834902822971344
0.825890839099884
0.8218495845794678
0.7603184580802917
0.7371746897697449
0.6753605604171753
0.7318480610847473
0.5310056209564209
0.3763873875141144
0.3603348433971405
0.2466130554676056
