0.23238611221313477
0.24676619470119476
0.22750826179981232
0.3647797107696533
0.11663130670785904
0.29537662863731384
0.4297539293766022
0.30964675545692444
0.5286633968353271
0.3753220736980438
0.44293680787086487
0.5576969385147095
0.4891776144504547
0.49668875336647034
0.21130304038524628
0.3036152422428131
0.32362309098243713
0.1707221120595932
0.5077990889549255
0.3962986469268799
0.22692151367664337
0.3414289653301239
0.37820765376091003
0.3740222156047821
0.18028001487255096
0.19476968050003052
0.29321444034576416
0.32766127586364746
0.24884817004203796
0.08266297727823257
0.11835428327322006
0.11001928895711899
0.07625381648540497
0.09844034165143967
0.36852210760116577
0.2432454228401184
0.683087170124054
0.8293740153312683
0.6324865221977234
0.701880156993866
0.6478002667427063
0.208941251039505
0.6931366920471191
0.7410500049591064
0.09027821570634842
0.07733537256717682
0.535590648651123
0.7801652550697327
0.04835643619298935
0.28363385796546936
0.7224158048629761
0.5668011903762817
0.3264715075492859
0.6067851185798645
0.28964653611183167
0.5468105673789978
0.5377916097640991
0.10244607925415039
0.07709977775812149
0.1446024626493454
0.13848847150802612
0.13816289603710175
0.5386797785758972
0.21169373393058777
0.5214079022407532
0.7381736636161804
0.7581882476806641
0.3657781779766083
0.4385749399662018
0.0633254274725914
0.0370776429772377
0.031537070870399475
0.0764426589012146
0.03491776064038277
0.07072200626134872
0.10536433011293411
0.3630852997303009
0.47018009424209595
0.16459205746650696
0.5653442740440369
0.7487940788269043
0.3339090049266815
0.44992902874946594
0.751383364200592
0.4869721829891205
0.38907456398010254
0.570855975151062
0.4120859205722809
0.2477453500032425
0.1402657926082611
0.14478260278701782
0.11599453538656235
0.12894901633262634
0.35739612579345703
0.04442857950925827
0.6167448163032532
0.10267389565706253
0.6019910573959351
0.14694535732269287
0.6911903023719788
0.503839373588562
0.17686240375041962
0.1249135360121727
0.1050325259566307
0.25184696912765503
0.1283646523952484
0.13104374706745148
0.09113149344921112
0.22585207223892212
0.20514841377735138
0.162903293967247
0.15205159783363342
0.21278342604637146
0.30688968300819397
0.3199910521507263
0.19665081799030304
0.1719752997159958
0.42827752232551575
0.28555309772491455
0.6164975762367249
0.3072012662887573
0.7222797870635986
0.5717300176620483
0.4863908588886261
0.24252615869045258
0.2202439159154892
0.07977379113435745
0.34434717893600464
0.1560972034931183
0.0856151357293129
0.2517630159854889
0.29133620858192444
0.6397428512573242
0.6044750213623047
0.3268700838088989
0.6170560717582703
0.25326791405677795
0.44731786847114563
0.689709484577179
0.06942624598741531
0.6311595439910889
0.11664026230573654
0.34740346670150757
0.03753339499235153
0.08866431564092636
0.06547126919031143
0.17949502170085907
0.3131861388683319
0.33237770199775696
0.16289310157299042
0.4092993140220642
0.16929085552692413
0.7785524725914001
0.524815559387207
0.09997963905334473
0.04038124158978462
0.5671932697296143
0.5665451884269714
0.08038400858640671
0.05734364315867424
0.6107935309410095
0.2786795198917389
0.09779997915029526
0.4554654359817505
0.47990021109580994
0.5210003852844238
0.26368582248687744
0.8098819851875305
0.3094622790813446
0.7459890842437744
0.6890504956245422
0.21436335146427155
0.44515958428382874
0.1498839557170868
0.1648133546113968
0.08906949311494827
0.087949737906456
0.06212751194834709
0.23826506733894348
0.13608784973621368
0.23707692325115204
0.4146139621734619
0.5450272560119629
0.3237631320953369
0.41758283972740173
0.6026598215103149
0.8923328518867493
0.7675688862800598
0.9402401447296143
0.7870733141899109
0.3044753074645996
0.7719507813453674
0.8382068872451782
0.29804372787475586
0.5545376539230347
0.7748151421546936
0.7216238379478455
0.42631351947784424
0.6260889172554016
0.7831333875656128
0.7587082982063293
0.6066444516181946
0.5718384981155396
0.4976620674133301
0.6134061217308044
0.5751840472221375
0.3002151548862457
0.5472276210784912
0.7891809940338135
0.4551214277744293
0.31140926480293274
0.39466503262519836
0.19612108170986176
0.17251677811145782
0.19607050716876984
0.342331200838089
0.12793345749378204
0.30816128849983215
0.3868468999862671
0.42414456605911255
0.40664854645729065
0.14844775199890137
0.18417485058307648
0.06871475279331207
0.13259746134281158
0.14300233125686646
0.26776549220085144
0.19903166592121124
0.4862177073955536
0.3154100179672241
0.3135182559490204
0.2694658935070038
0.5896664261817932
0.25573790073394775
0.41953206062316895
0.8333132863044739
0.5959444046020508
0.6803887486457825
0.40828174352645874
0.10293170809745789
0.5746064782142639
0.15401950478553772
0.45651039481163025
0.12993144989013672
0.08116760849952698
0.11642878502607346
0.11724642664194107
0.054642099887132645
0.10106860101222992
0.1321563422679901
0.09968911111354828
0.04544557258486748
0.05195041373372078
0.21369071304798126
0.2041608989238739
0.16936933994293213
0.45271894335746765
0.0566774345934391
0.26208892464637756
0.0947175845503807
0.21249420940876007
0.2411499321460724
0.3538471460342407
0.2827696204185486
0.15385746955871582
0.29188618063926697
0.37998107075691223
0.35741084814071655
0.15161436796188354
0.4161027669906616
0.07613952457904816
0.3829270899295807
0.03853621706366539
0.2387540340423584
0.13229340314865112
0.06843964010477066
0.041216690093278885
0.0832381546497345
0.155924990773201
0.12680424749851227
0.17931289970874786
0.19519869983196259
0.2259703278541565
0.5060781836509705
0.572780430316925
0.3027981221675873
0.4220348596572876
0.0870438665151596
0.0967487320303917
0.4395138919353485
0.3161543905735016
0.6784775853157043
0.8978733420372009
0.7190134525299072
0.6064425110816956
0.5213519334793091
0.7161812782287598
0.7875235676765442
0.5685809850692749
0.4096356928348541
0.3094109892845154
0.5834231376647949
0.7189146876335144
0.6245762705802917
