0.6137790679931641
0.3560292720794678
0.36380019783973694
0.528653085231781
0.5213866829872131
0.7770416736602783
0.15353095531463623
0.4844270944595337
0.38737455010414124
0.3825427293777466
0.45674097537994385
0.5591845512390137
0.5159279704093933
0.48199620842933655
0.5233840942382812
0.39054515957832336
0.30785050988197327
0.255838006734848
0.5823023915290833
0.16701503098011017
0.33549371361732483
0.4554593861103058
0.4751806855201721
0.37999340891838074
0.1922617256641388
0.12313338369131088
0.12336107343435287
0.07005985081195831
0.09313346445560455
0.08349025994539261
0.07290249317884445
0.039567701518535614
0.1453467756509781
0.266961932182312
0.14048872888088226
0.36833158135414124
0.2128056436777115
0.5701168179512024
0.5036545991897583
0.6333253979682922
0.6963068842887878
0.7197526097297668
0.5055323839187622
0.5868549346923828
0.5114690065383911
0.5839425325393677
0.5172211527824402
0.6606050133705139
0.5740098357200623
0.25835222005844116
0.5334723591804504
0.6179627180099487
0.29159924387931824
0.34687432646751404
0.3418692648410797
0.31546396017074585
0.27599576115608215
0.14845575392246246
0.4709055721759796
0.46930891275405884
0.38498830795288086
0.5311006307601929
0.4802294969558716
0.5294046998023987
0.43469080328941345
0.14760929346084595
0.40517207980155945
0.2617007791996002
0.31901925802230835
0.17333507537841797
0.45397552847862244
0.3447708189487457
0.5922539830207825
0.59520423412323
0.669920027256012
0.4178926348686218
0.4768888056278229
0.42679736018180847
0.48181527853012085
0.7237591743469238
0.20808663964271545
0.6431654691696167
0.495401531457901
0.49266254901885986
0.7673658728599548
0.43231192231178284
0.5982221961021423
0.22695179283618927
0.5569427609443665
0.3974926769733429
0.616965115070343
0.5360239744186401
0.4381026327610016
0.669852077960968
0.39171847701072693
0.5294172763824463
0.7401867508888245
0.6893985867500305
0.6662548184394836
0.6884973645210266
0.7122745513916016
0.568254828453064
0.5172101259231567
0.3004329204559326
0.33830827474594116
0.312431663274765
0.6763181686401367
0.3442474901676178
0.22616572678089142
0.44497114419937134
0.3375643193721771
0.6078362464904785
0.6147387623786926
0.77386474609375
0.3861068785190582
0.549737811088562
0.6030678153038025
0.6108081936836243
0.5266061425209045
0.4383281469345093
0.7320285439491272
0.438150554895401
0.2566676735877991
0.27947014570236206
0.0669359639286995
0.1937287598848343
0.049146510660648346
0.01941671222448349
0.04878897964954376
0.03771032765507698
0.09780757874250412
0.11440575122833252
0.16847611963748932
0.38405174016952515
0.10902386158704758
0.10279380530118942
0.04782230034470558
0.15258079767227173
0.3563063442707062
0.0885138213634491
0.20362073183059692
0.5020190477371216
0.45958343148231506
0.5009925961494446
0.639681339263916
0.4674965441226959
0.2358344942331314
0.21483848989009857
0.19252392649650574
0.08096048980951309
0.3252207934856415
0.09086455404758453
0.11588548123836517
0.12042844295501709
0.22141395509243011
0.5848512649536133
0.2591422498226166
0.3801766633987427
0.547189474105835
0.12101896852254868
0.3894771933555603
0.11619255691766739
0.45268958806991577
0.2237858772277832
0.15162593126296997
0.27589288353919983
0.474855899810791
0.7181712985038757
0.4923538267612457
0.6817315816879272
0.7027929425239563
0.6545421481132507
0.7965762615203857
0.7156254649162292
0.3996644616127014
0.7252461314201355
0.6997355818748474
0.39238300919532776
0.4487244188785553
0.4692031443119049
0.06067408621311188
0.0988539606332779
0.06345880776643753
0.08910013735294342
0.12477227300405502
0.14019854366779327
0.19468776881694794
0.15942399203777313
0.11795515567064285
0.07144245505332947
0.11076701432466507
0.0759463980793953
0.0713721364736557
0.030311372131109238
0.027453569695353508
0.021614879369735718
0.18747825920581818
0.15574756264686584
0.06924418359994888
0.16503696143627167
0.08540750294923782
0.2552269697189331
0.4338280260562897
0.22097979485988617
0.3177350163459778
0.12078449875116348
0.18695810437202454
0.13821281492710114
0.20984593033790588
0.26285815238952637
0.14474719762802124
0.12751136720180511
0.08638433367013931
0.16543155908584595
0.10686793923377991
0.042738400399684906
0.04520028084516525
0.07241538912057877
0.1437777429819107
0.15524543821811676
0.1760530173778534
0.15922191739082336
0.6531219482421875
0.5624102354049683
0.5756388902664185
0.4418097138404846
0.15658782422542572
0.3572916090488434
0.06079275906085968
0.09459888190031052
0.1595207303762436
0.08439898490905762
0.051308609545230865
0.09123960137367249
0.2893027365207672
0.13906167447566986
0.04791804775595665
0.12437661737203598
0.12728317081928253
0.07070348411798477
0.1252404749393463
0.17371998727321625
0.19367708265781403
0.1758929342031479
0.1721406728029251
0.22157399356365204
0.22955600917339325
0.35825517773628235
0.3438873887062073
0.3896769881248474
0.30821314454078674
0.31430578231811523
0.15797223150730133
0.2714043855667114
0.28025445342063904
0.3262132704257965
0.6043344140052795
0.4452923834323883
0.48578229546546936
0.7391692399978638
0.6629124283790588
0.47311586141586304
0.22175224125385284
0.27396121621131897
0.18269269168376923
0.2112121880054474
0.21790215373039246
0.2627573609352112
0.429716020822525
0.24315762519836426
0.22271353006362915
0.31039488315582275
0.677137017250061
0.75370854139328
0.8931339979171753
0.5959405899047852
0.4818735122680664
0.4978425204753876
0.41841280460357666
0.33890432119369507
0.36280548572540283
0.4431988000869751
0.12003207206726074
0.2921346127986908
0.09872684627771378
0.06674516201019287
0.09434393048286438
0.24176566302776337
0.2843915522098541
0.3604854643344879
0.41377490758895874
0.43289417028427124
0.5033978819847107
0.5272480845451355
0.36584940552711487
0.5559951066970825
0.26908597350120544
0.7509058117866516
0.4735166132450104
0.3348526954650879
0.37610122561454773
0.6307874321937561
0.7043536901473999
0.5311821699142456
0.6114059686660767
0.4521889090538025
0.2287568747997284
0.21857687830924988
0.16882392764091492
0.2601627707481384
0.19599612057209015
0.3349732756614685
0.1793847382068634
0.2164902687072754
0.2220226228237152
0.19448930025100708
0.5008876919746399
0.3147657811641693
0.2562735080718994
0.22913606464862823
0.19159375131130219
0.15326833724975586
0.2299705147743225
0.19996850192546844
0.35334494709968567
0.20351390540599823
0.191059872508049
0.18744537234306335
0.11253641545772552
0.15389591455459595
0.18600519001483917
0.06425721943378448
0.13770538568496704
0.401283323764801
0.37825024127960205
0.22787100076675415
0.4507371187210083
0.4566790759563446
0.3222365975379944
0.27412891387939453
0.18518035113811493
0.21428509056568146
0.09693609178066254
0.1261328011751175
0.12558536231517792
0.2964637577533722
0.23774081468582153
0.14453008770942688
0.21587051451206207
0.10508787631988525
0.07541117072105408
0.33715060353279114
0.2947079837322235
0.7807939648628235
0.6819359660148621
0.8132566213607788
0.882169246673584
0.9175319671630859
0.751359760761261
0.39445361495018005
0.12964589893817902
0.30121514201164246
0.5588515996932983
0.607370913028717
