0.3987208902835846
0.4525395631790161
0.3406924605369568
0.26604682207107544
0.36796775460243225
0.37799808382987976
0.2415096014738083
0.6204994916915894
0.5419147610664368
0.6877702474594116
0.6128912568092346
0.41004106402397156
0.4251956343650818
0.31426164507865906
0.5085477232933044
0.5328508615493774
0.3890404999256134
0.5042425990104675
0.5930312871932983
0.23170100152492523
0.5189574956893921
0.14627066254615784
0.44815507531166077
0.22610442340373993
0.5048213601112366
0.2689688801765442
0.35821858048439026
0.3424139618873596
0.39563754200935364
0.4978432059288025
0.4969538152217865
0.34859204292297363
0.43199217319488525
0.5086597800254822
0.6554831862449646
0.7936808466911316
0.39419496059417725
0.42476382851600647
0.13349337875843048
0.2427414059638977
0.16976644098758698
0.30560430884361267
0.33228108286857605
0.34810787439346313
0.14060620963573456
0.1308836042881012
0.4093829393386841
0.2232707142829895
0.20714683830738068
0.1532573699951172
0.2757958173751831
0.3929026126861572
0.3041538894176483
0.18020379543304443
0.17298570275306702
0.32606902718544006
0.11374381184577942
0.23633058369159698
0.32603776454925537
0.46725142002105713
0.253092497587204
0.6327993273735046
0.21909241378307343
0.24424630403518677
0.1644320785999298
0.5605645179748535
0.5628026127815247
0.46013933420181274
0.5582515001296997
0.5613663792610168
0.44053521752357483
0.6743838787078857
0.6288117170333862
0.4645586609840393
0.5259231925010681
0.5807629823684692
0.9025640487670898
0.7436845302581787
0.8887353539466858
0.5078516006469727
0.7755800485610962
0.19661927223205566
0.39427199959754944
0.23805387318134308
0.4262068569660187
0.5276963710784912
0.1437404900789261
0.4377589523792267
0.17390479147434235
0.644921600818634
0.4053904116153717
0.7701788544654846
0.5683162808418274
0.7201097011566162
0.5590928196907043
0.8339428305625916
0.7647650241851807
0.5215651988983154
0.6213980317115784
0.47995561361312866
0.36897891759872437
0.5784034729003906
0.7149990200996399
0.6601904630661011
0.742359459400177
0.7481091022491455
0.3767745792865753
0.43421584367752075
0.4389205873012543
0.5377563834190369
0.3205925524234772
0.30021756887435913
0.3034961521625519
0.13406826555728912
0.18005387485027313
0.1425786167383194
0.11916477233171463
0.207031711935997
0.2716183662414551
0.15610955655574799
0.5443373322486877
0.3093504011631012
0.2974397540092468
0.29391613602638245
0.184524804353714
0.11655019223690033
0.13833904266357422
0.06261562556028366
0.26857903599739075
0.35259154438972473
0.6143233180046082
0.6725596189498901
0.8154322504997253
0.8890780210494995
0.8760942816734314
0.7725762128829956
0.8775337338447571
0.739894688129425
0.6663899421691895
0.7448744773864746
0.6878899931907654
0.3913098871707916
0.4586292505264282
0.7951935529708862
0.4597840905189514
0.8118674159049988
0.3209778368473053
0.6146529912948608
0.7468040585517883
0.7974700927734375
0.7524166703224182
0.8119218945503235
0.5765812993049622
0.7584653496742249
0.6870800852775574
0.7377782464027405
0.635101854801178
0.6187002062797546
0.6217931509017944
0.4993216097354889
0.40034452080726624
0.17587122321128845
0.4858063757419586
0.11901300400495529
0.3087065815925598
0.3165988028049469
