0.11317452043294907
0.04535149037837982
0.042192645370960236
0.17536385357379913
0.13445796072483063
0.10705834627151489
0.30618149042129517
0.13076439499855042
0.15306757390499115
0.3309696614742279
0.3170987367630005
0.2102023810148239
0.2122405767440796
0.45559820532798767
0.3161989152431488
0.16890689730644226
0.2584182918071747
0.4725680351257324
0.1787998229265213
0.20561011135578156
0.2778637707233429
0.3998783230781555
0.08460237085819244
0.27873465418815613
0.3099462389945984
0.42713025212287903
0.2809455692768097
0.5038347840309143
0.5734508633613586
0.5032514929771423
0.4525844156742096
0.21242459118366241
0.33973199129104614
0.31880560517311096
0.214302659034729
0.3498714864253998
0.4752800166606903
0.1687452495098114
0.32439693808555603
0.34060683846473694
0.10920409113168716
0.19124089181423187
0.29929137229919434
0.2273624986410141
0.17022748291492462
0.20193080604076385
0.09453409910202026
0.11719036102294922
0.073948435485363
0.07367613166570663
0.13164041936397552
0.22268512845039368
0.14428308606147766
0.5190446972846985
0.554762601852417
0.4567514657974243
0.35214173793792725
0.20215196907520294
0.2886994481086731
0.18410880863666534
0.22376929223537445
0.12007436901330948
0.15548940002918243
0.10681484639644623
0.22612853348255157
0.3125770092010498
0.41736385226249695
0.3969443142414093
0.498522013425827
0.3179437518119812
0.5383532643318176
0.4529443383216858
0.2977592647075653
0.2248348444700241
0.2921329140663147
0.18524682521820068
0.3511655926704407
0.30137670040130615
0.3886948525905609
0.40567660331726074
0.2894877791404724
0.2665456235408783
0.3977673649787903
0.3893137276172638
0.2940567433834076
0.4996260106563568
0.5078210234642029
0.47513294219970703
0.44748741388320923
0.8322860598564148
0.4753710925579071
0.2297632396221161
0.7713656425476074
0.8846969604492188
0.6279810070991516
0.5927513241767883
0.5254898071289062
0.40585142374038696
0.7276160717010498
0.6084087491035461
0.7599526047706604
0.7995660901069641
0.7899805307388306
0.8309496641159058
0.6848004460334778
0.4414680600166321
0.4280557930469513
0.7945013642311096
0.600715160369873
0.47472938895225525
0.5881709456443787
0.4721072018146515
0.4453170597553253
0.4322721064090729
0.4075474143028259
0.4474395215511322
0.5406617522239685
0.3052748441696167
0.36692318320274353
0.31051382422447205
0.3476652204990387
0.30729806423187256
