0.5974892973899841
0.6297529935836792
0.6034796833992004
0.6416620016098022
0.7255328297615051
0.7363975048065186
0.8470832109451294
0.8192808628082275
0.8524348735809326
0.8666209578514099
0.46149390935897827
0.7584196925163269
0.5863892436027527
0.7359134554862976
0.6250243782997131
0.6057870984077454
0.797039806842804
0.8283432722091675
0.8650963306427002
0.7243282794952393
0.5479941964149475
0.7599164843559265
0.6998198628425598
0.46474865078926086
0.4514601528644562
0.3540956676006317
0.7308384776115417
0.8728067874908447
0.8807618021965027
0.9222574234008789
0.7233304381370544
0.7995384335517883
0.7338281869888306
0.606747567653656
0.5971747636795044
0.6559241414070129
0.8355963826179504
0.8526504635810852
0.756706178188324
0.7512892484664917
0.7221927642822266
0.5983336567878723
0.8488724231719971
0.7811034321784973
0.7539520263671875
0.7572154402732849
0.5994237661361694
0.8146846890449524
0.42010173201560974
0.7004050016403198
0.6454102993011475
0.7825428247451782
0.7636875510215759
0.6871645450592041
0.9059545993804932
0.8055834174156189
0.8556059002876282
0.6704654097557068
0.8130983114242554
0.47984060645103455
0.6004433631896973
0.6853933334350586
0.8964486718177795
0.8238896131515503
0.5590572357177734
0.550523579120636
0.46248525381088257
0.304264634847641
0.2703869044780731
0.1785603165626526
0.20821857452392578
0.026433434337377548
0.08688769489526749
0.012623739428818226
0.09179864078760147
0.04606958106160164
0.10246161371469498
0.016940543428063393
0.028324825689196587
0.046789366751909256
0.06628161668777466
0.04698851332068443
0.06429033726453781
0.04029660299420357
0.08811727911233902
0.17628811299800873
0.16182248294353485
0.045097533613443375
0.0584094263613224
0.33744823932647705
0.1552770584821701
0.12503525614738464
0.12014608830213547
0.35528111457824707
0.24522839486598969
0.3524209260940552
0.5717203617095947
0.4886528551578522
0.4787439703941345
0.3387059271335602
0.5875217914581299
0.7558860778808594
0.7008958458900452
0.6041840314865112
0.4636087417602539
0.23563769459724426
0.4681662619113922
0.4821513593196869
0.41469746828079224
0.356082022190094
0.858110249042511
0.6505339741706848
0.8534177541732788
0.833334743976593
0.8715646266937256
0.7732312083244324
0.8064100742340088
0.8322043418884277
0.6207497715950012
0.718583881855011
0.5011019706726074
0.667621910572052
0.8493832945823669
0.5732961893081665
0.5970239639282227
0.7787904143333435
0.5461032390594482
0.6736859083175659
0.46351465582847595
0.6115153431892395
0.45288553833961487
0.33253994584083557
0.05714947730302811
0.08225163072347641
0.07402124255895615
0.04591820016503334
0.15455499291419983
0.05166052654385567
0.006721521262079477
0.01669112779200077
0.06763190776109695
0.06736904382705688
0.01287145633250475
0.026714183390140533
0.04420752450823784
0.05023845285177231
0.15792661905288696
0.11427111178636551
0.07780329138040543
0.20095692574977875
0.1329454630613327
0.042960938066244125
0.14301006495952606
0.08780317008495331
0.051484931260347366
0.08687995374202728
0.479108601808548
0.35985246300697327
0.33873429894447327
0.5706061720848083
0.798747181892395
0.848453938961029
0.7559322714805603
0.8083246350288391
0.6755814552307129
0.6044747829437256
0.5850540995597839
0.5490306615829468
0.2732859253883362
0.2628304064273834
0.23710383474826813
0.2755414545536041
0.5593217611312866
0.13225679099559784
0.4463546574115753
0.6117872595787048
0.08472687751054764
0.11690262705087662
0.5548118352890015
0.23174889385700226
0.5965044498443604
0.16775259375572205
0.12473748624324799
0.036237891763448715
0.07537839561700821
0.23181934654712677
0.26961299777030945
0.2166120409965515
0.4663008749485016
0.5207634568214417
0.5331729054450989
0.49937137961387634
0.14201192557811737
0.40096503496170044
0.8084636330604553
0.6097408533096313
0.5774028897285461
0.18549850583076477
0.41578418016433716
0.2678561508655548
0.09036805480718613
0.17699755728244781
0.08061549812555313
0.2149793803691864
0.22272522747516632
0.5344665050506592
0.24568316340446472
0.5732139348983765
0.5742805004119873
0.6168684959411621
0.6017544865608215
0.5402966141700745
0.6293541789054871
0.16573961079120636
0.4959252178668976
0.21754701435565948
0.031347326934337616
0.10037610679864883
0.0868416428565979
0.0160934217274189
0.060453224927186966
0.015013850294053555
0.22395364940166473
0.1756104677915573
0.2704204320907593
0.5964164137840271
0.24759192764759064
0.6134994626045227
0.40369144082069397
0.6916959285736084
0.4213651418685913
0.3427070081233978
0.6302112936973572
0.7697311639785767
0.619684100151062
0.5377386212348938
0.6893365383148193
0.4823162257671356
0.4675067365169525
0.7825475931167603
0.8227965235710144
0.8599810004234314
0.8163692951202393
0.47229379415512085
0.6385431885719299
0.49284014105796814
0.680202841758728
0.7555361390113831
0.7017205357551575
0.7239930629730225
0.6892476677894592
0.4799933433532715
0.7942879796028137
0.7223020792007446
0.5736385583877563
0.766114354133606
0.6892904043197632
0.452160507440567
0.7767758369445801
0.7792284488677979
0.5782607197761536
0.6459701657295227
0.06332874298095703
0.6025993227958679
0.11974862217903137
0.7502080202102661
0.30397549271583557
0.4633103907108307
0.4467467665672302
0.3210352063179016
0.7596628069877625
0.8008385896682739
0.5201834440231323
0.3303714096546173
0.43537795543670654
0.17329102754592896
0.1665009707212448
0.10058866441249847
0.044138211756944656
0.11272019892930984
0.03452341631054878
0.18261606991291046
0.02556380070745945
0.4885118305683136
0.06469625234603882
0.3468567132949829
0.04134770855307579
0.585600733757019
0.08859474211931229
0.2145562767982483
0.24435867369174957
0.3780386447906494
0.08254601061344147
0.09617051482200623
0.10778806358575821
0.07832611352205276
0.013591584749519825
0.05250358581542969
0.021087558940052986
0.11574266105890274
0.1392863243818283
0.37133896350860596
0.66257244348526
0.4047757685184479
0.5692399144172668
0.18485136330127716
0.35432007908821106
0.13017569482326508
0.18725499510765076
0.04683903232216835
0.19607454538345337
0.3147742450237274
0.4772163927555084
0.6637954711914062
0.6609655618667603
0.6541891098022461
0.5244771838188171
0.6336069107055664
0.5752686262130737
0.4216659963130951
0.6630286574363708
0.2922147810459137
0.2698992192745209
0.046634379774332047
0.32700321078300476
0.02876853011548519
0.10874585062265396
0.03234105184674263
0.07794913649559021
0.056641772389411926
0.14080317318439484
0.19157801568508148
0.12132149189710617
0.5426715612411499
0.17276346683502197
0.6860225796699524
0.06805489212274551
0.2579849362373352
0.06036745756864548
0.18036581575870514
0.018843458965420723
0.047333091497421265
0.040555689483881
0.15997684001922607
0.47784245014190674
0.1785167157649994
0.253153920173645
0.3093980848789215
0.39753755927085876
0.7157220840454102
0.7822846174240112
0.8602662086486816
0.70301753282547
0.7179999947547913
0.7479843497276306
0.4143778085708618
0.7548724412918091
0.5828227996826172
0.2478388100862503
0.5986018180847168
0.5755434632301331
0.827621579170227
0.7262272834777832
0.7377464771270752
0.5639246106147766
0.7696619629859924
0.8180638551712036
0.41316425800323486
0.6968401670455933
0.13008438050746918
0.4158332347869873
0.03306008502840996
0.2751810550689697
