0.8951738476753235
0.9433724284172058
0.9667816162109375
0.9461709260940552
0.9701768159866333
0.9369407296180725
0.9663226008415222
0.9598595499992371
0.9268718361854553
0.9202685952186584
0.9277944564819336
0.7630025744438171
0.7932562828063965
0.7392776012420654
0.6536753177642822
0.6812495589256287
0.36634331941604614
0.7217684984207153
0.5032418370246887
0.5701944231987
0.14164014160633087
0.5115106701850891
0.6247439384460449
0.3309388756752014
0.4235929846763611
0.8287049531936646
0.8817982077598572
0.6864587664604187
0.7443972826004028
0.9313543438911438
0.9512761235237122
0.9171135425567627
0.9448012113571167
0.9271165132522583
0.7411020994186401
0.8560500144958496
0.9542770385742188
0.7936816811561584
0.8532213568687439
0.9154585599899292
0.8619439005851746
0.8804864287376404
0.8626564741134644
0.7509703636169434
0.7300751209259033
0.44398123025894165
0.6351439356803894
0.4928464889526367
0.7124537825584412
0.34350156784057617
0.2923012971878052
0.4930337369441986
0.71343594789505
0.2724853456020355
0.352813184261322
0.8068631291389465
0.6649559736251831
0.5251219272613525
0.7147954106330872
0.9076663255691528
0.937826931476593
0.8685815930366516
0.7668753862380981
0.8807604908943176
0.6183104515075684
0.7165862321853638
0.551707923412323
0.33403894305229187
0.46521228551864624
0.26964762806892395
0.3900744616985321
0.36600181460380554
0.27832332253456116
0.2213791310787201
0.45128193497657776
0.2404102236032486
0.3842904567718506
0.38522520661354065
0.5593094229698181
0.4628187417984009
0.7017016410827637
