0.05905374512076378
0.10787641257047653
0.11154589802026749
0.16574525833129883
0.1254182606935501
0.3347250521183014
0.28455063700675964
0.5503852963447571
0.270672082901001
0.24648062884807587
0.31915074586868286
0.12408822029829025
0.08339305967092514
0.07771887630224228
0.18733027577400208
0.1017799824476242
0.2995692789554596
0.4950757622718811
0.42406606674194336
0.6885152459144592
0.4857706129550934
0.6265072226524353
0.7384433150291443
0.6426320672035217
0.5414878129959106
0.6536629796028137
0.540149986743927
0.5520762205123901
0.20487123727798462
0.4325842261314392
0.30567851662635803
0.1511629968881607
0.1520845741033554
0.24695593118667603
0.26911380887031555
0.3466546833515167
0.20717138051986694
0.3137265741825104
0.4778698980808258
0.5105006098747253
0.21388696134090424
0.5932790040969849
0.7962591052055359
0.6536386609077454
0.89165860414505
0.8696492910385132
0.6430343389511108
0.6747457981109619
0.5992119908332825
0.36268797516822815
0.24980629980564117
0.1741098165512085
0.18891501426696777
0.1693277806043625
0.06737659126520157
0.018782034516334534
0.22512981295585632
0.13639330863952637
0.047520026564598083
0.06971954554319382
0.17697186768054962
0.17178620398044586
0.09841850399971008
0.07026050239801407
0.07850048691034317
0.3654851019382477
0.3805154263973236
0.18751589953899384
0.30239394307136536
0.13438861072063446
0.2193692922592163
0.18114006519317627
0.21115145087242126
0.29179874062538147
0.1290910542011261
0.30547085404396057
0.17309081554412842
0.261739581823349
0.5150305032730103
0.4321424067020416
0.5057111382484436
0.5208935141563416
0.42052990198135376
0.41252216696739197
0.23282891511917114
0.28223928809165955
0.1892857402563095
0.20092971622943878
0.330718070268631
0.21470867097377777
0.16806547343730927
0.09906859695911407
0.13066990673542023
0.1443329155445099
0.24911853671073914
0.3697657883167267
0.2224643975496292
0.2940821349620819
0.2902025282382965
0.25942230224609375
0.17544589936733246
0.14644289016723633
0.1259644329547882
0.3293410539627075
0.26665979623794556
0.17930617928504944
0.3150973916053772
0.13404326140880585
0.014607616700232029
0.05585291609168053
0.07335487753152847
0.14416827261447906
0.17327018082141876
0.2733346223831177
0.2604295313358307
0.2696327567100525
0.23103342950344086
0.31334736943244934
0.09078511595726013
0.03260993957519531
0.04093661159276962
0.073298379778862
0.06554929167032242
0.06878926604986191
0.2559208869934082
0.27907076478004456
0.38824477791786194
0.5316269993782043
0.3078190088272095
0.5535591244697571
0.7185783982276917
0.4643717408180237
0.4572526216506958
0.2981654107570648
0.38003116846084595
0.5427984595298767
0.26439395546913147
0.2316487431526184
0.4956616759300232
0.5806577205657959
0.35782259702682495
0.48454776406288147
0.5965707898139954
0.31511545181274414
0.15064804255962372
0.26644524931907654
0.3699307143688202
0.2933345139026642
0.1315343677997589
0.28503626585006714
0.292598158121109
0.17357636988162994
0.0864274874329567
0.40985333919525146
0.28817909955978394
0.34410297870635986
0.4590110778808594
0.28436586260795593
0.2593313753604889
0.38601255416870117
0.15633799135684967
0.12255474179983139
0.13786043226718903
0.15328940749168396
0.07489466667175293
0.08778706938028336
0.13573339581489563
0.3136538565158844
0.04562567546963692
0.10133036971092224
0.018377557396888733
0.06919962167739868
0.06371758133172989
0.11103641986846924
0.008870551362633705
0.053823478519916534
0.0780043751001358
0.17193175852298737
0.044383008033037186
0.42559632658958435
0.23119807243347168
0.43345537781715393
0.2723257839679718
0.6394286751747131
0.6546272039413452
0.4332160949707031
0.5347625613212585
0.24287202954292297
0.3717424273490906
0.4217268228530884
0.1224362701177597
0.16954894363880157
0.11020676046609879
0.2792588472366333
0.2574029564857483
0.3427959978580475
0.4779471755027771
0.4480997323989868
0.4635021984577179
0.2844621241092682
0.39023828506469727
0.5409911870956421
0.4117109775543213
0.5737563967704773
0.4381944239139557
0.5384443402290344
0.616628885269165
0.616378664970398
0.20746345818042755
0.46343734860420227
0.12633122503757477
0.28329548239707947
0.30903521180152893
0.4463311433792114
0.24801945686340332
0.29719439148902893
0.37097474932670593
0.2550608515739441
0.3896355628967285
0.3362324833869934
0.2880333960056305
0.5109276175498962
0.1170240268111229
0.47399798035621643
0.2953360378742218
0.27976304292678833
0.281839519739151
0.23614859580993652
0.3493806719779968
0.32355448603630066
0.33546826243400574
0.18091492354869843
0.1401713788509369
0.06787122040987015
0.04184584692120552
0.1067059114575386
0.02203541062772274
0.2533310353755951
0.26232653856277466
0.21276135742664337
0.2140064835548401
0.4115002155303955
0.7485309839248657
0.6538394689559937
0.6456661224365234
0.5368788838386536
0.4991553723812103
0.5211974382400513
0.20151032507419586
0.5904344320297241
0.5205764174461365
0.6215441226959229
0.2706294655799866
0.23467803001403809
0.3443702459335327
0.45808592438697815
0.2859570384025574
0.22993050515651703
0.4582583010196686
0.520944356918335
0.34237387776374817
0.26300111413002014
0.37780478596687317
0.4598577320575714
0.42601266503334045
0.36108750104904175
