0.15944238007068634
0.2758863866329193
0.3391247093677521
0.15363971889019012
0.17976625263690948
0.380368709564209
0.5823481678962708
0.2769150733947754
0.26104021072387695
0.7395890355110168
0.7542659044265747
0.6751415729522705
0.6704776883125305
0.5123811364173889
0.6582403182983398
0.48694324493408203
0.2518235146999359
0.17716571688652039
0.25486892461776733
0.2945423126220703
0.15143966674804688
0.11738403886556625
0.1378643959760666
0.19649247825145721
0.19137677550315857
0.23631078004837036
0.5604036450386047
0.5049170255661011
0.43723466992378235
0.7333206534385681
0.6167559623718262
0.8273083567619324
0.8752313852310181
0.9287883043289185
0.6126709580421448
0.6188250780105591
0.9100412726402283
0.8792193531990051
0.3373919427394867
0.7905514240264893
0.7634156942367554
0.5203865766525269
0.2000991851091385
0.5681656002998352
0.6405033469200134
0.3149411082267761
0.23330971598625183
0.3767242729663849
0.4463998079299927
0.7155143618583679
0.4554823338985443
0.705696165561676
0.8556011319160461
0.7259357571601868
0.43536123633384705
0.40454214811325073
0.695747971534729
0.40150564908981323
0.26354703307151794
0.1836535781621933
0.13448591530323029
0.1915634125471115
0.13880637288093567
0.130557581782341
0.2047521024942398
0.12465282529592514
0.24222618341445923
0.10186108946800232
0.1025829091668129
0.12345033138990402
0.10737171769142151
