0.615631103515625
0.4923813045024872
0.4180862009525299
0.5531924962997437
0.14919880032539368
0.2904937267303467
0.20117028057575226
0.41455233097076416
0.4381833076477051
0.2410864382982254
0.46790605783462524
0.4777742028236389
0.3949182331562042
0.27404552698135376
0.5027662515640259
0.49521318078041077
0.2945013642311096
0.7120869159698486
0.4955982565879822
0.34810981154441833
0.37249138951301575
0.6900098323822021
0.4476985037326813
0.297309935092926
0.3300924301147461
0.22874842584133148
0.10463649034500122
0.04638903960585594
0.032325178384780884
0.04838543385267258
0.07294411212205887
0.19580022990703583
0.32259464263916016
0.19092459976673126
0.4032467007637024
0.7365807890892029
0.711887776851654
0.6914032101631165
0.8058412075042725
0.5217970013618469
0.7577366232872009
0.4855262339115143
0.5653906464576721
0.5491365194320679
0.5964066386222839
0.5310270190238953
0.6609266996383667
0.4983196258544922
0.3049370348453522
0.5833525657653809
0.7084606289863586
0.3921925723552704
0.35984140634536743
0.6249290704727173
0.5343917012214661
0.5281456112861633
0.6057405471801758
0.5551183819770813
0.3794831335544586
0.6536260843276978
0.8067207932472229
0.4836192727088928
0.3739250898361206
0.15308761596679688
0.10756511241197586
0.09303905814886093
0.06954101473093033
0.021512852981686592
0.1576426774263382
0.10877487063407898
0.15713559091091156
0.2628156542778015
0.3349830210208893
0.48132219910621643
0.4571757912635803
0.28774139285087585
0.4816369414329529
0.6044009327888489
0.34823259711265564
0.5837187767028809
0.5698566436767578
0.5386105179786682
0.3177849054336548
0.1948496401309967
0.24257752299308777
0.23520737886428833
0.1840653121471405
0.14202532172203064
0.08507061004638672
0.18757054209709167
0.16603568196296692
0.26766565442085266
0.329788476228714
0.3643893897533417
0.497570663690567
0.3850362002849579
0.6595965623855591
0.4529155194759369
0.5124490857124329
0.5732234120368958
0.6465240120887756
0.3569454550743103
0.3542739450931549
0.49274247884750366
0.6236059665679932
0.2971055209636688
0.3508434593677521
0.5415021181106567
0.4112723171710968
0.3117438852787018
0.2019534409046173
0.35646259784698486
0.2975223958492279
0.21702034771442413
0.22482162714004517
0.08162655681371689
0.12500236928462982
0.23661701381206512
0.2864132523536682
0.10607030987739563
0.07391931861639023
0.27616503834724426
0.15382002294063568
0.4776792526245117
0.531560480594635
0.09907165914773941
0.2532508373260498
0.5677529573440552
0.373017817735672
0.21063320338726044
0.7027896046638489
0.659598708152771
0.420151025056839
0.3744499087333679
0.4877813160419464
0.35760587453842163
0.6567182540893555
0.7705182433128357
0.6747938394546509
0.5158888101577759
0.40019574761390686
0.42168888449668884
0.19714118540287018
0.04160762578248978
0.0355021208524704
0.06222178041934967
0.45338377356529236
0.21086664497852325
0.37032467126846313
0.7231162190437317
0.10566035658121109
0.33401405811309814
0.2202591747045517
0.3898857533931732
0.15893110632896423
0.3107500374317169
0.4731268286705017
0.22261156141757965
0.3805941641330719
0.7008082866668701
0.6585959792137146
0.5539711713790894
0.647423505783081
0.35129526257514954
0.34992900490760803
0.51597660779953
0.4956498146057129
0.4211651384830475
0.5631127953529358
0.48097386956214905
0.27138081192970276
0.6319792866706848
0.631066620349884
0.5591610074043274
0.3297177851200104
0.768113911151886
0.7155810594558716
0.4028911292552948
0.3951091170310974
0.5846313238143921
0.3661898076534271
0.17903833091259003
0.23558960855007172
0.10122216492891312
0.08788370341062546
0.39131873846054077
0.6282585859298706
0.36924418807029724
0.4143003821372986
0.7735430598258972
0.7075218558311462
0.6102030277252197
0.7850521802902222
0.6473344564437866
0.5004622936248779
0.6477154493331909
0.37252387404441833
0.26020288467407227
0.17134030163288116
0.4060867726802826
0.4647480547428131
0.06109225004911423
0.08616352826356888
0.3363743722438812
0.45915186405181885
0.41589057445526123
0.5553035140037537
0.28970348834991455
0.549124538898468
0.5214353799819946
0.600623607635498
0.5019429326057434
0.5610271692276001
0.6208342909812927
0.568129301071167
0.2649199664592743
0.1109711304306984
0.13118958473205566
0.2198411524295807
0.20040084421634674
0.06249473616480827
0.29568105936050415
0.12490922957658768
0.0511665940284729
0.06749377399682999
0.29642993211746216
0.04375492036342621
0.16416282951831818
0.33143800497055054
0.39630410075187683
0.18519777059555054
0.4525918960571289
0.5948880314826965
0.6299003958702087
0.7210438847541809
0.5847010612487793
0.6620391607284546
0.5584030747413635
0.6158522367477417
0.49000194668769836
0.6264519095420837
0.6881827712059021
0.6895253658294678
0.7263168096542358
0.6158406138420105
0.5825707316398621
0.37149176001548767
0.6905879974365234
0.43194156885147095
0.49674129486083984
0.7273739576339722
0.6426799893379211
