0.5179799795150757
0.6677650213241577
0.8367089629173279
0.8441962599754333
0.7015973925590515
0.8868141770362854
0.766464352607727
0.4879647493362427
0.7505866885185242
0.8004922866821289
0.49177947640419006
0.6067295670509338
0.7268609404563904
0.7470296025276184
0.34480851888656616
0.5382807850837708
0.6162950992584229
0.24132540822029114
0.11180955916643143
0.16693781316280365
0.3605215549468994
0.17721234261989594
0.36360952258110046
0.5488058924674988
0.3991791307926178
0.303758442401886
0.2880209684371948
0.5826914310455322
0.5141013264656067
0.23951895534992218
0.4693852961063385
0.2878248989582062
0.17978672683238983
0.3418741822242737
0.18467466533184052
0.2713579833507538
0.2828788161277771
0.4103044867515564
0.4379458427429199
0.5334687232971191
0.38678884506225586
0.09161020070314407
0.24827271699905396
0.14840203523635864
0.2846076786518097
0.2277783304452896
0.10201840847730637
0.13743287324905396
0.19886556267738342
0.1469181627035141
0.08113952726125717
0.27378425002098083
0.2671135663986206
0.34310784935951233
0.45675215125083923
0.5608124136924744
0.44186994433403015
0.2342788726091385
0.35721537470817566
0.6908876299858093
0.19301863014698029
0.3790982663631439
0.7010999917984009
0.47495999932289124
0.39055317640304565
0.5978123545646667
0.7984787225723267
0.6218840479850769
0.5592975616455078
0.8019210696220398
0.5122972130775452
0.6756847500801086
0.4445170760154724
0.6060656309127808
0.47523415088653564
0.48056378960609436
0.30912908911705017
0.32741236686706543
0.3398991525173187
0.1860547959804535
0.43472734093666077
0.23834551870822906
0.5986995100975037
0.3119942843914032
0.4620842933654785
0.3976491391658783
0.3058578073978424
0.23242612183094025
0.38578835129737854
0.37260332703590393
0.13329118490219116
0.17404021322727203
0.20124751329421997
0.3757094740867615
0.2791461944580078
0.3256853222846985
0.33842992782592773
0.45505401492118835
0.18375369906425476
0.47763293981552124
0.632272481918335
0.62722247838974
0.42937171459198
0.555121123790741
0.24965667724609375
0.7739859223365784
0.7376484274864197
0.6635158061981201
0.3433835804462433
0.3711759150028229
0.45597437024116516
0.5566404461860657
0.3634881377220154
0.5267347693443298
0.5715247392654419
0.3739074170589447
0.5118252635002136
0.6118161082267761
0.5747053027153015
0.7108730673789978
0.7434436678886414
0.5503867864608765
0.403774231672287
0.353985458612442
0.22345522046089172
0.1766568273305893
0.5374784469604492
0.6531987190246582
0.5611925721168518
0.46700969338417053
0.5318095088005066
0.5863623023033142
0.5161358118057251
0.5781112909317017
0.43542444705963135
0.43089723587036133
0.6422598958015442
