0.14891675114631653
0.21736210584640503
0.49503442645072937
0.3592577278614044
0.21424394845962524
0.2689623236656189
0.08158989995718002
0.1142725795507431
0.03191358223557472
0.009698069654405117
0.02106795273721218
0.030382759869098663
0.02039284072816372
0.10750345140695572
0.4219929277896881
0.34963709115982056
0.06094612181186676
0.026631124317646027
0.04973957687616348
0.29492470622062683
0.2580330967903137
0.03972851112484932
0.035536061972379684
0.3097641170024872
0.23933668434619904
0.12730450928211212
0.11990755051374435
0.19619034230709076
0.3835565149784088
0.36576858162879944
0.3680940568447113
0.5334358215332031
0.582594096660614
0.5237228870391846
0.5243086218833923
0.5558738112449646
0.16631050407886505
0.3699464797973633
0.2216089963912964
0.2748565673828125
0.3812815845012665
0.2726570963859558
0.17385657131671906
0.3326369524002075
0.21507753431797028
0.32671159505844116
0.09359417855739594
0.21595533192157745
0.1674065887928009
0.17212842404842377
0.13799259066581726
0.03385553136467934
0.06145951524376869
0.07540974766016006
0.08371435105800629
0.1494295597076416
0.27722033858299255
0.16291280090808868
0.07379491627216339
0.12265747040510178
0.14532671868801117
0.25580158829689026
0.17157159745693207
0.05812584236264229
0.20578566193580627
0.38198015093803406
0.17653559148311615
0.10015419125556946
0.14048080146312714
0.10144439339637756
0.060224950313568115
0.08690015971660614
0.49266472458839417
0.2614367604255676
0.2803303897380829
0.367584764957428
0.147522434592247
0.08697519451379776
0.06973447650671005
0.12069247663021088
0.11185453832149506
0.22460521757602692
0.624273955821991
0.3521963059902191
0.5332576036453247
0.5565151572227478
0.40070563554763794
0.32689163088798523
0.3446759581565857
0.29820334911346436
0.25706928968429565
0.16717025637626648
0.3119502365589142
0.2727779448032379
0.21156705915927887
0.28813686966896057
0.5531649589538574
0.4713901877403259
0.08859054744243622
0.08760343492031097
0.010154175572097301
0.009634126909077168
0.009570516645908356
0.009545584209263325
0.00795856025069952
0.011263790540397167
0.03448985889554024
0.02699507772922516
0.1397675722837448
0.16902752220630646
0.2674661874771118
0.07848457992076874
0.13182911276817322
0.303698867559433
0.47907862067222595
0.24945762753486633
0.0663081705570221
0.5712283253669739
0.43698421120643616
0.15092577040195465
0.1059008315205574
0.5629833340644836
0.3083116114139557
0.03862937539815903
0.2911032736301422
0.663262665271759
0.37103062868118286
0.14432266354560852
0.08292476087808609
0.1669839769601822
0.08573631197214127
0.021501535549759865
0.03479680418968201
0.017793413251638412
0.006185930222272873
0.02821262739598751
0.05063502490520477
0.09481314569711685
0.1883217841386795
0.5151988863945007
0.42688748240470886
0.1398078352212906
0.358621746301651
0.5221444964408875
0.24100752174854279
0.2149694263935089
0.1321251541376114
0.3925102949142456
0.17541122436523438
0.08374813944101334
0.31870773434638977
0.1848452240228653
0.12498092651367188
0.04863525927066803
0.14255169034004211
0.14734089374542236
0.1400756686925888
0.06876181066036224
0.15004974603652954
0.2051597386598587
0.21503429114818573
0.16707932949066162
0.02999967336654663
0.12401089817285538
0.2533223032951355
0.1290356069803238
0.3788841664791107
0.10718927532434464
0.2275444120168686
0.3001091778278351
0.09031235426664352
0.16534672677516937
0.15163159370422363
0.5703045129776001
0.6092494130134583
0.3418944776058197
0.5520556569099426
0.47919347882270813
0.3432108759880066
0.4054895043373108
0.7007149457931519
0.10578123480081558
0.12728804349899292
0.4242653250694275
0.29513823986053467
0.10762224346399307
0.33514824509620667
0.49158790707588196
0.2905016243457794
0.06364621222019196
0.18250033259391785
0.26974350214004517
0.2396201640367508
0.10202547907829285
0.14245806634426117
0.0689215138554573
0.042547330260276794
0.03344019502401352
0.05885539576411247
0.0770353376865387
0.027165787294507027
0.08327031880617142
0.05898232012987137
0.21645459532737732
0.05019134283065796
0.18103118240833282
0.214010551571846
0.02780458703637123
0.2284773737192154
0.11616909503936768
0.4539019763469696
0.18085907399654388
0.4178563952445984
0.4983496069908142
0.44624799489974976
0.4631943106651306
0.36626997590065
0.4619964063167572
0.3759419322013855
0.3972969949245453
0.4144381284713745
0.27307233214378357
0.05145275220274925
0.025454819202423096
0.10651468485593796
0.04122971370816231
0.2838473618030548
0.08026719093322754
0.21595178544521332
0.05067215487360954
0.18511660397052765
0.06620936840772629
0.013471734710037708
0.02881096489727497
0.01895418018102646
0.07803644239902496
0.15161307156085968
0.10631757974624634
0.06074431911110878
0.07234112173318863
0.03326152637600899
0.11370722204446793
0.07106870412826538
0.18400157988071442
0.23372428119182587
0.15087446570396423
0.45706605911254883
0.5273879766464233
0.4912836253643036
0.5308981537818909
0.45375803112983704
0.46422794461250305
0.3861163258552551
0.48954853415489197
0.4805377423763275
0.37757980823516846
0.43852511048316956
0.3258282244205475
0.2268320471048355
0.30590078234672546
0.12918758392333984
0.046687591820955276
0.13460928201675415
0.020483599975705147
0.2750181257724762
0.23103757202625275
0.07621075212955475
0.637342095375061
0.23160548508167267
0.5143288373947144
0.5169550180435181
0.6090548634529114
0.6830406188964844
0.38147562742233276
0.17289170622825623
0.09070634096860886
0.04229140281677246
0.1783396303653717
0.22056229412555695
0.23023298382759094
0.23990961909294128
0.5466008186340332
0.10640515387058258
0.17988011240959167
0.07096050679683685
0.060696762055158615
0.06944147497415543
0.2987929880619049
0.1792699247598648
0.41338735818862915
0.17250248789787292
0.5291614532470703
0.29819339513778687
0.037243325263261795
0.26423147320747375
0.25872480869293213
0.19344393908977509
0.5186285376548767
0.13009241223335266
0.09385769814252853
0.1500225067138672
0.19009745121002197
0.10164742916822433
0.0357338972389698
0.02646687440574169
0.037496961653232574
0.08982864767313004
0.10745152831077576
0.13173000514507294
0.09707938134670258
0.18219900131225586
0.3192620277404785
0.222966730594635
0.28574490547180176
0.37644198536872864
0.2684382200241089
0.03922627493739128
0.0640367865562439
0.04238234460353851
0.1659451127052307
0.09544416517019272
0.5487989783287048
0.4976283311843872
0.6938208341598511
0.8012855648994446
0.45310258865356445
0.6100379228591919
0.4645446836948395
0.5091227889060974
0.5212521553039551
0.5539167523384094
0.42120519280433655
0.28861188888549805
0.4271738529205322
0.44949108362197876
0.36401620507240295
0.34700337052345276
0.2565935254096985
0.16571266949176788
0.25495073199272156
0.2881301939487457
0.5015086531639099
0.4691007435321808
0.6508615016937256
0.19636864960193634
0.6405749917030334
0.25030073523521423
0.4088539779186249
0.32464975118637085
0.3035879135131836
0.32249322533607483
0.39817890524864197
0.7876603603363037
0.6041025519371033
0.8051360845565796
0.13376541435718536
0.4884549379348755
0.06690321117639542
0.3344864547252655
0.19633929431438446
0.34807029366493225
0.12644721567630768
0.283182293176651
0.23893043398857117
0.14190508425235748
0.07372763752937317
0.1175689697265625
0.11657644808292389
0.4433026611804962
0.23802439868450165
0.7047721147537231
0.691609263420105
0.30138304829597473
0.2569766640663147
0.1995203047990799
0.18085940182209015
0.4729599356651306
0.15146352350711823
0.21989703178405762
0.3480423390865326
0.45081478357315063
0.13607650995254517
0.26625242829322815
0.16936466097831726
0.355516642332077
0.3018629848957062
0.6014418005943298
0.3481246531009674
0.5185472369194031
0.649093508720398
0.6786452531814575
0.6972833871841431
0.43412870168685913
0.46314865350723267
0.19035761058330536
0.13564497232437134
0.34813547134399414
0.059457648545503616
0.14437948167324066
0.05206744372844696
0.11123861372470856
0.07503607124090195
0.2153908610343933
