0.6424111127853394
0.6129566431045532
0.6367098093032837
0.49850183725357056
0.40481245517730713
0.5916031002998352
0.5053261518478394
0.502374529838562
0.1830335408449173
0.4195295572280884
0.5773452520370483
0.33928316831588745
0.668296754360199
0.3128822445869446
0.5700509548187256
0.28444287180900574
0.18187981843948364
0.24414484202861786
0.1246042549610138
0.47719430923461914
0.47936657071113586
0.25598010420799255
0.1671982854604721
0.16530385613441467
0.07230301946401596
0.09983829408884048
0.12049514800310135
0.14673767983913422
0.13790924847126007
0.17346224188804626
0.2502041757106781
0.28436577320098877
0.24252046644687653
0.2983199954032898
0.3562597334384918
0.2145717442035675
0.506428062915802
0.3450676500797272
0.22129115462303162
0.24264998733997345
0.3629720211029053
0.34453287720680237
0.36178353428840637
0.46292319893836975
0.3461458683013916
0.21785899996757507
0.16550424695014954
0.11093888431787491
0.24484460055828094
0.25855836272239685
0.1385367512702942
0.22806628048419952
0.08326373249292374
0.22627316415309906
0.20177432894706726
0.26424676179885864
0.5713618397712708
0.5548790097236633
0.4719219207763672
0.6945250630378723
0.6594966053962708
0.20211684703826904
0.18896356225013733
0.40943264961242676
0.11230456829071045
0.32548582553863525
0.1459619700908661
0.22233577072620392
0.2314717322587967
0.3223826289176941
0.3962859511375427
0.47310739755630493
0.5510774850845337
0.5926879048347473
0.3522278368473053
0.6318317651748657
0.16893501579761505
0.5392382740974426
0.4039192199707031
0.6856228113174438
0.6807780265808105
0.6210606098175049
0.6402531862258911
0.6361021995544434
0.7939687371253967
0.6877430081367493
0.553864061832428
0.8259194493293762
0.8567417860031128
0.826604962348938
0.3527659475803375
0.783638060092926
0.7017243504524231
0.4183824062347412
0.43463367223739624
0.23761336505413055
0.6554182171821594
0.6130715608596802
0.2828570008277893
0.5416783094406128
0.29891449213027954
0.8012909293174744
0.5708956122398376
0.4330531060695648
0.26703324913978577
0.3486452102661133
0.14052537083625793
0.13527631759643555
0.1824965924024582
0.3603364825248718
0.3558182120323181
0.30163851380348206
0.465344101190567
0.3453119993209839
0.33232879638671875
0.3932832181453705
0.4478740692138672
0.48196834325790405
0.4857630729675293
0.5940238833427429
0.528335690498352
0.3228631913661957
0.5212589502334595
0.5959985852241516
0.6289370656013489
0.6087351441383362
0.6250385046005249
0.5392615795135498
0.39964717626571655
0.21511361002922058
0.291130930185318
0.3809344172477722
0.2588616907596588
0.34770676493644714
0.2407371997833252
0.42355409264564514
0.4490242004394531
0.582078754901886
0.8039785027503967
0.8991561532020569
0.7918252348899841
0.8983462452888489
0.8294849991798401
0.4272681772708893
0.6615941524505615
0.19727849960327148
0.34600675106048584
0.1719556599855423
0.25223833322525024
0.22874715924263
0.36194920539855957
0.44427934288978577
0.4939718246459961
0.5415437817573547
0.7558609247207642
0.531097412109375
0.849189043045044
0.4737582206726074
0.8455604314804077
0.6703892946243286
0.8407562375068665
0.8717666268348694
0.7874181866645813
0.8391379117965698
0.8922613263130188
