0.8344363570213318
0.8643323183059692
0.8970745801925659
0.9090672731399536
0.8681367039680481
0.6289212703704834
0.8121737837791443
0.8753998875617981
0.751396119594574
0.48203834891319275
0.7744196057319641
0.883455753326416
0.8175578713417053
0.5831665396690369
0.8025107383728027
0.9156293869018555
0.8419973254203796
0.8637930750846863
0.7718878388404846
0.6165606379508972
0.7646850347518921
0.8151165843009949
0.6377487182617188
0.7884181141853333
0.6774095296859741
0.9014280438423157
0.8435295224189758
0.717108964920044
0.8196759819984436
0.8709701895713806
0.8900286555290222
0.8976297378540039
0.8333039283752441
0.905415415763855
0.8667153716087341
0.8601452112197876
0.8182206749916077
0.9283112287521362
0.8684206008911133
0.6033366322517395
0.8693150281906128
0.9104781746864319
0.594362199306488
0.6703634858131409
0.9660006761550903
0.8763024806976318
0.576845109462738
0.8287224769592285
0.9527844190597534
0.8369333744049072
0.66675865650177
0.9533560872077942
0.9691920876502991
0.8932331204414368
0.9184830784797668
0.9436262845993042
0.9640876054763794
0.8921038508415222
0.6772378087043762
0.8388617634773254
0.7182343602180481
0.7556882500648499
0.6258247494697571
0.7231476902961731
0.7927005290985107
0.7880591154098511
0.6427255272865295
0.8702890276908875
0.7873233556747437
0.8572977185249329
0.8437102437019348
0.8182113766670227
0.8615649938583374
