0.4544568657875061
0.619914174079895
0.6425582766532898
0.718347430229187
0.8107157945632935
0.7327341437339783
0.8727976679801941
0.9399737119674683
0.7358611226081848
0.7715785503387451
0.8922443389892578
0.8749873042106628
0.8420859575271606
0.8349798321723938
0.8894003629684448
0.7291648983955383
0.7622823119163513
0.8057910203933716
0.7431185245513916
0.6282607316970825
0.7610011696815491
0.6052052974700928
0.6370963454246521
0.6113771200180054
0.8270159959793091
0.7938277721405029
0.5337563157081604
0.8080925345420837
0.9175587892532349
0.8016788363456726
0.6094489693641663
0.9089801907539368
0.8235598206520081
0.6900466084480286
0.8796514868736267
0.863207221031189
0.7143581509590149
0.5235326886177063
0.8175198435783386
0.8501800298690796
0.692586362361908
0.8798046112060547
0.8502935767173767
0.8145773410797119
0.850024402141571
0.7979502081871033
0.8510413765907288
0.7279865741729736
0.8549784421920776
0.7080832719802856
0.785358726978302
0.7808122634887695
0.4842800498008728
0.6548352241516113
0.5568679571151733
0.6989029049873352
0.4530496597290039
0.5103298425674438
0.4444197118282318
0.21415285766124725
0.445197731256485
0.2821151316165924
0.391725093126297
0.2655808925628662
0.20748306810855865
0.15438209474086761
0.2835608720779419
0.46799272298812866
0.1476212441921234
0.11341891437768936
0.42929884791374207
0.266922265291214
0.40644511580467224
0.3891352713108063
0.7248169779777527
0.6143201589584351
0.30892398953437805
0.5898547172546387
0.7528554797172546
0.6670868992805481
0.36875486373901367
0.8220508098602295
0.68952876329422
0.7309313416481018
0.6928167939186096
0.8131964802742004
0.780821681022644
0.7981908917427063
0.7265896201133728
0.8346438407897949
0.8596708178520203
0.6888226866722107
0.8796179890632629
0.9146405458450317
0.8085660338401794
0.7731104493141174
0.8745065331459045
0.8434141874313354
0.4944736659526825
0.8825603127479553
0.7836588621139526
0.7362070679664612
0.7855766415596008
0.6010501980781555
0.6280606985092163
0.6558063626289368
