0.35729408264160156
0.26731017231941223
0.29945802688598633
0.3323793411254883
0.394887238740921
0.39167943596839905
0.3724680542945862
0.5495595335960388
0.3958209753036499
0.21835531294345856
0.3737514317035675
0.39711371064186096
0.2239336520433426
0.27449068427085876
0.305538147687912
0.3721691370010376
0.46682417392730713
0.40858933329582214
0.6863250732421875
0.623935341835022
0.478246808052063
0.4093307554721832
0.5936325788497925
0.5495326519012451
0.6525588035583496
0.5421650409698486
0.5241996049880981
0.21534192562103271
0.4641393721103668
0.3926287591457367
0.3002394437789917
0.31798258423805237
0.2649041414260864
0.418779581785202
0.2787257432937622
0.31687575578689575
0.21946623921394348
0.209379643201828
0.3487921357154846
0.4317418336868286
0.29396340250968933
0.38220152258872986
0.4777069687843323
0.6576076745986938
0.6452713012695312
0.5198284983634949
0.5612526535987854
0.42387983202934265
0.28782933950424194
0.4557516276836395
0.4230409860610962
0.34205952286720276
0.2791561186313629
0.3066900372505188
0.5548046827316284
0.6882875561714172
0.5753100514411926
0.8052971959114075
0.7924229502677917
0.6040690541267395
0.6235043406486511
0.7414541840553284
0.783664882183075
0.8041301369667053
0.71377032995224
0.7236559391021729
0.442099004983902
0.5757474899291992
0.5663664937019348
0.4519137740135193
0.4292874038219452
0.28994056582450867
0.5720430612564087
0.5876879692077637
0.5289949774742126
0.512218713760376
0.5880682468414307
0.6187026500701904
