0.6299692392349243
0.556138813495636
0.5060701966285706
0.40667998790740967
0.4571624994277954
0.5425704717636108
0.509914219379425
0.4112515151500702
0.2560926079750061
0.4352744221687317
0.27026355266571045
0.3890116214752197
0.397306352853775
0.4696788191795349
0.2721690237522125
0.520790159702301
0.3658279478549957
0.6266023516654968
0.5423822402954102
0.5046883821487427
0.5431833863258362
0.6917136907577515
0.636613130569458
0.6287431716918945
0.75746089220047
0.7339953780174255
0.6949383020401001
0.6221790313720703
0.6653429269790649
0.5650939345359802
0.295603483915329
0.5244404673576355
0.4795397222042084
0.7420593500137329
0.3985089361667633
0.7214731574058533
0.6973379850387573
0.7116143107414246
0.7747827172279358
0.7762799859046936
0.6635677218437195
0.5940954685211182
0.7352577447891235
0.5813745856285095
0.6253445744514465
0.8162800073623657
0.795752227306366
0.5409355759620667
0.6860254406929016
0.7386965155601501
0.6529412865638733
0.7702652215957642
0.6122345328330994
0.6653334498405457
0.552207887172699
0.6336727738380432
0.6395050287246704
0.6905217170715332
0.6539891362190247
0.2843700051307678
0.6208170056343079
0.7433443069458008
0.5925410389900208
0.5794554352760315
0.5253060460090637
0.39733651280403137
0.7344334721565247
0.749006450176239
0.4026346802711487
0.4769836962223053
0.4034433364868164
0.2935534715652466
0.6846935153007507
0.8335278630256653
0.6197335124015808
0.5478575825691223
0.3983314633369446
0.44420579075813293
0.574066698551178
0.5863065719604492
0.6571127772331238
0.6982748508453369
0.7872045636177063
0.8680973052978516
0.7243870496749878
0.8429175615310669
0.8866081237792969
0.8573881387710571
0.7402627468109131
0.7845094799995422
0.7731526494026184
0.6662743091583252
0.6820855140686035
