0.4395410716533661
0.45467233657836914
0.37718287110328674
0.41064801812171936
0.2125168889760971
0.43594151735305786
0.3316851556301117
0.13083574175834656
0.4330081045627594
0.5605962872505188
0.1392299383878708
0.21673128008842468
0.2685207724571228
0.09547989070415497
0.027485039085149765
0.02132696844637394
0.007720476947724819
0.006735431496053934
0.02620130218565464
0.04614894092082977
0.09097132831811905
0.1080004945397377
0.3636922240257263
0.37718042731285095
0.8125962615013123
0.5344690680503845
0.1480889916419983
0.5569360852241516
0.8070310354232788
0.4065267741680145
0.12390563637018204
0.5770553350448608
0.7012319564819336
0.19242213666439056
0.42301005125045776
0.7425566911697388
0.780563473701477
0.3987801969051361
0.20583383738994598
0.05555960163474083
0.10879185795783997
0.017110148444771767
0.014273582026362419
0.012318258173763752
0.018807196989655495
0.10838422924280167
0.34979575872421265
0.17829303443431854
0.09007228910923004
0.04726513847708702
0.08541473746299744
0.19747374951839447
0.20418483018875122
0.21009483933448792
0.35697904229164124
0.2454705536365509
0.15297482907772064
0.07268302142620087
0.01622607745230198
0.02197527326643467
0.06356990337371826
0.04102253168821335
0.012271659448742867
0.040880557149648666
0.02898397669196129
0.0019651101902127266
0.011064901947975159
0.03747203201055527
0.021438339725136757
0.015455535613000393
0.004706541076302528
0.0031786381732672453
0.022329190745949745
0.01609027199447155
0.007514248136430979
0.021205859258770943
0.01958261802792549
0.172382652759552
0.22598129510879517
0.654068112373352
0.5611992478370667
0.7592922449111938
0.7013521790504456
0.09316083043813705
0.3031710982322693
0.4649065434932709
0.04391337186098099
0.05457253009080887
0.5082640051841736
0.18602421879768372
0.015380836091935635
0.0768391340970993
0.18481063842773438
0.021264679729938507
0.1074429377913475
0.01481633260846138
0.029736191034317017
0.061363473534584045
0.009910832159221172
0.035329610109329224
0.012946519069373608
0.22451801598072052
0.16478358209133148
0.8187666535377502
0.6834075450897217
0.4357280135154724
0.8335854411125183
0.9366135001182556
0.9677637815475464
0.6164766550064087
0.5689886212348938
0.9517337083816528
0.9271527528762817
0.342874675989151
0.8863415122032166
0.9325882792472839
0.6757322549819946
0.3109944760799408
0.7688433527946472
0.7742248177528381
0.2347836047410965
0.12845131754875183
0.2401791363954544
0.06988106667995453
0.23440344631671906
0.2054966539144516
0.22423569858074188
0.1695733666419983
0.43105316162109375
0.642160952091217
0.45464256405830383
0.7200978398323059
0.1564670205116272
0.23452496528625488
0.39626798033714294
0.2947351932525635
0.4453947842121124
0.39084476232528687
0.3306351900100708
0.11962894350290298
0.5151015520095825
0.18176940083503723
0.24306464195251465
0.9057904481887817
0.8032227158546448
0.9025230407714844
0.7005621790885925
0.9111841917037964
0.8380812406539917
0.5850865244865417
0.5063185691833496
0.6705580353736877
0.17950768768787384
0.24650706350803375
0.09807197749614716
0.059793002903461456
0.1720072329044342
0.2697398066520691
0.2554135024547577
0.8085719347000122
0.6290292739868164
0.7164921164512634
0.9483826756477356
0.8317186236381531
0.535685658454895
0.8694930076599121
0.8939347863197327
0.5229714512825012
0.4469391107559204
0.8728998303413391
0.7520950436592102
0.2672326862812042
0.532683789730072
0.8280969262123108
0.39972659945487976
0.3380986750125885
0.1890680193901062
0.13499827682971954
0.2355516254901886
0.14395375549793243
0.3315503001213074
0.2712782919406891
0.30818110704421997
0.3326368033885956
0.5051715970039368
0.44795241951942444
0.5740274786949158
0.5995727777481079
0.9438300728797913
0.9458826184272766
0.6891070604324341
0.4113894999027252
0.5789722800254822
0.8298634886741638
0.5263556241989136
0.3826589286327362
0.5384593605995178
0.23888413608074188
0.06916085630655289
0.23749810457229614
0.196775883436203
0.11872104555368423
0.08988091349601746
0.15615907311439514
0.21524286270141602
0.2191123217344284
0.16923590004444122
0.04202725738286972
0.10763886570930481
0.0325453020632267
0.041207075119018555
0.09194616228342056
0.10529710352420807
0.27478405833244324
0.2148524671792984
0.5503202080726624
0.39801356196403503
0.37070217728614807
0.5979626178741455
0.7203162908554077
0.5904160737991333
0.4489688277244568
0.4849821627140045
0.5259507298469543
0.08820640295743942
0.09667215496301651
0.30414921045303345
0.24984577298164368
0.05603524670004845
0.14525921642780304
0.16362586617469788
0.2106480598449707
0.06268757581710815
0.07499675452709198
0.0720374584197998
0.08847726136445999
0.11814583837985992
0.07298070192337036
0.07299212366342545
0.05884118378162384
0.03670984506607056
0.055138375610113144
0.06915030628442764
0.41987377405166626
0.22563010454177856
0.4440363943576813
0.3646380305290222
0.7500153183937073
0.8435194492340088
0.5133912563323975
0.673309326171875
0.6416857838630676
0.6629401445388794
0.822564959526062
0.9065844416618347
0.7649287581443787
0.8320829272270203
0.877221405506134
0.6643621921539307
0.5106343030929565
0.5765819549560547
0.40475496649742126
0.6355308294296265
0.7722223997116089
0.7337215542793274
0.7835721373558044
0.2915734052658081
0.2867155373096466
0.281267374753952
0.5693309307098389
0.5696489214897156
0.2404511719942093
0.3815898299217224
0.17289157211780548
0.18214799463748932
0.08238635212182999
0.2907930016517639
0.18029557168483734
0.10375138372182846
0.09191331267356873
0.06201360002160072
0.4291161000728607
0.4215533137321472
0.41161048412323
0.8042863011360168
0.8982872366905212
0.867333710193634
0.8698963522911072
0.690831184387207
0.38766422867774963
0.3039352297782898
0.6083327531814575
0.2565106451511383
0.10859557241201401
0.2811671495437622
0.21851859986782074
0.09306783229112625
0.11687539517879486
0.14051590859889984
0.11855891346931458
0.10293146967887878
0.0725979134440422
0.06195933371782303
0.13342233002185822
