0.49069514870643616
0.3219977021217346
0.3370458781719208
0.2156955599784851
0.4831983149051666
0.3381686806678772
0.25971120595932007
0.16241084039211273
0.3372103273868561
0.33576518297195435
0.16806550323963165
0.24555474519729614
0.21814174950122833
0.36633044481277466
0.1636018306016922
0.28116533160209656
0.13189101219177246
0.32960543036460876
0.0815221443772316
0.05513383820652962
0.06609384715557098
0.08375001698732376
0.16339938342571259
0.17150428891181946
0.3853355944156647
0.4137355387210846
0.47670379281044006
0.5256228446960449
0.2707069516181946
0.5990725159645081
0.5132539868354797
0.4630344808101654
0.327863484621048
0.32914718985557556
0.26524513959884644
0.37780287861824036
0.185991108417511
0.6485192179679871
0.5993965864181519
0.7163512110710144
0.28907498717308044
0.24937036633491516
0.11264067143201828
0.04926622658967972
0.10332951694726944
0.14469006657600403
0.15593986213207245
0.09515755623579025
0.1229325532913208
0.09158255904912949
0.07695039361715317
0.09582943469285965
0.11251558363437653
0.12602554261684418
0.04758637398481369
0.13846218585968018
0.22195389866828918
0.3132459819316864
0.12675391137599945
0.3026084303855896
0.38328829407691956
0.2772214710712433
0.46759694814682007
0.18002919852733612
0.2859801650047302
0.3149910271167755
0.49429789185523987
0.35555389523506165
0.3355253040790558
0.2730650007724762
0.35322752594947815
0.28794828057289124
0.40835919976234436
0.39946624636650085
0.49906042218208313
0.24934744834899902
0.39518114924430847
0.3351112902164459
0.6833327412605286
0.6435618996620178
0.24038396775722504
0.6997079253196716
0.48797544836997986
0.1207292452454567
0.40034469962120056
0.5636011362075806
0.36976608633995056
0.31558480858802795
0.23869067430496216
0.3089963495731354
0.10171213746070862
0.20085686445236206
0.2067004293203354
0.06650761514902115
0.20248328149318695
0.48867449164390564
0.1359194666147232
0.10862866044044495
0.5361793637275696
0.24650093913078308
0.05922853201627731
0.27862852811813354
0.5839131474494934
0.643020749092102
0.26125970482826233
0.22528351843357086
0.1367218941450119
0.2030041217803955
0.06904494762420654
0.07989807426929474
0.294135719537735
0.28952792286872864
0.056798942387104034
0.12166191637516022
0.41833916306495667
0.29054751992225647
0.12593363225460052
0.26268279552459717
0.1341414451599121
0.2113625407218933
0.5048992037773132
0.12947985529899597
0.16671425104141235
0.5103388428688049
0.5310899615287781
0.34549418091773987
0.2919519245624542
0.7912540435791016
0.6798519492149353
0.5749064087867737
0.5516638159751892
0.4509941339492798
0.6951014995574951
0.5645454525947571
0.24242837727069855
0.6446464657783508
0.19860342144966125
0.47887495160102844
0.5211978554725647
0.6147249341011047
0.14531384408473969
0.3580249547958374
0.6098247170448303
0.1509687453508377
0.15791907906532288
0.3087882697582245
0.10263176262378693
0.5304814577102661
0.4873155951499939
0.5136953592300415
0.5584356188774109
0.6582919359207153
0.4549304246902466
0.12974882125854492
0.3151944875717163
0.27333229780197144
0.2256879061460495
0.05357950180768967
0.4065060615539551
0.20579572021961212
0.0683329775929451
0.06323104351758957
0.29785484075546265
0.14263010025024414
0.1293412297964096
0.35729968547821045
0.39031386375427246
0.22717121243476868
0.41867274045944214
0.5791582465171814
0.6052266359329224
0.7581194043159485
0.7405576705932617
0.3290017545223236
0.5296477675437927
0.7144464254379272
0.6944311857223511
0.17305025458335876
0.5977795124053955
0.8357846140861511
0.6636470556259155
0.19001774489879608
0.6718308925628662
0.7778979539871216
0.4193797707557678
0.16114281117916107
0.7891324162483215
0.7985127568244934
0.4789019227027893
0.8586435914039612
0.7543414235115051
0.33115771412849426
0.44768086075782776
0.5501407980918884
0.28070268034935
0.22184915840625763
0.7224225997924805
0.6977447271347046
0.5587357878684998
0.6753972172737122
0.7360756993293762
0.7405369281768799
0.579926073551178
0.5075215101242065
0.7050691843032837
0.4150226414203644
0.4581761956214905
0.3504481017589569
0.2076537162065506
0.20683987438678741
0.08388354629278183
0.29337894916534424
0.14548349380493164
0.42156314849853516
0.502445638179779
0.1267167329788208
0.06423898041248322
0.2992742657661438
0.059895385056734085
0.08844709396362305
0.07334588468074799
0.08845750242471695
0.306318998336792
0.21972759068012238
0.21610088646411896
0.6095935702323914
0.6283722519874573
0.6842862963676453
0.5455381870269775
0.32559195160865784
0.5058205723762512
0.25191694498062134
0.06140822172164917
0.06583516299724579
0.02932981587946415
0.10349854081869125
0.1775684654712677
0.08892098814249039
0.21253898739814758
0.19981631636619568
0.13311783969402313
0.37511008977890015
0.19429458677768707
0.4237004518508911
0.6657094955444336
0.5090606808662415
0.3071366548538208
0.2343159019947052
0.49278584122657776
0.5582135319709778
0.2584865987300873
0.21953794360160828
0.3416985869407654
0.20722539722919464
0.21392278373241425
0.1499243825674057
0.45000362396240234
0.15795941650867462
0.250251442193985
0.5047966837882996
0.5095369219779968
0.4342330992221832
0.5200536847114563
0.5113871097564697
0.5492528080940247
