0.12458933889865875
0.33500510454177856
0.49730291962623596
0.22797375917434692
0.20982690155506134
0.36176249384880066
0.31741800904273987
0.21303169429302216
0.3133855164051056
0.2542085349559784
0.1537913978099823
0.29089120030403137
0.12063290178775787
0.1818145215511322
0.15903085470199585
0.15891489386558533
0.15685652196407318
0.2111952155828476
0.2127232849597931
0.17229676246643066
0.17037850618362427
0.2211429625749588
0.08394983410835266
0.17829285562038422
0.16612330079078674
0.11041504144668579
0.21434561908245087
0.037109602242708206
0.08528220653533936
0.1744333803653717
0.1302454024553299
0.021214734762907028
0.33325594663619995
0.3270091116428375
0.03478430584073067
0.042157240211963654
0.13881230354309082
0.2321852296590805
0.20309799909591675
0.1142411008477211
0.048401400446891785
0.04771154373884201
0.13653571903705597
0.00740211782976985
0.02746502123773098
0.09920618683099747
0.04749849811196327
0.01812281832098961
0.05758673697710037
0.12941744923591614
0.282121866941452
0.08689271658658981
0.08790445327758789
0.1245710700750351
0.09691629558801651
0.04011004418134689
0.1496734917163849
0.16430635750293732
0.08116412162780762
0.10914256423711777
0.07852434366941452
0.1433413177728653
0.05266839265823364
0.12815196812152863
0.2533528506755829
0.15861760079860687
0.09391248226165771
0.09793233871459961
0.3891582489013672
0.09230132400989532
0.20456700026988983
0.20198333263397217
0.3851252794265747
0.37492701411247253
0.3359305262565613
0.3682931363582611
0.26867949962615967
0.5159202814102173
0.4665897786617279
0.5075123310089111
0.48687008023262024
0.469372421503067
0.4916059672832489
0.5551221966743469
0.4601563811302185
0.5549870729446411
0.5324540734291077
0.2855737507343292
0.45235028862953186
0.5197175741195679
0.40670496225357056
0.10183075815439224
0.28929224610328674
0.4616406261920929
0.16755050420761108
0.05322067812085152
0.2542705237865448
0.5744360089302063
0.16994746029376984
0.20681515336036682
0.4049929678440094
0.5102370381355286
0.22326190769672394
0.2518399953842163
0.10230530053377151
0.08274409174919128
0.2696428596973419
0.16021127998828888
0.20581595599651337
0.13420811295509338
0.0849219337105751
0.13802678883075714
0.26117461919784546
0.09716539829969406
0.030072221532464027
0.35980746150016785
0.48234978318214417
0.07066281884908676
0.0761948898434639
0.43285873532295227
0.4546300172805786
0.3780839443206787
0.2028360515832901
0.5325676202774048
0.7758650183677673
0.5876814723014832
0.6590065360069275
0.502504289150238
0.3283706307411194
0.28286561369895935
0.2842960059642792
0.327594131231308
0.7451273798942566
0.15331031382083893
0.1087651401758194
0.11312320828437805
0.17490722239017487
0.11260221153497696
0.036764372140169144
0.05530337616801262
0.06580352038145065
0.02743646129965782
0.03530687838792801
0.09895645081996918
0.07034377008676529
0.06528487056493759
0.1391032487154007
0.09342271089553833
0.20406433939933777
0.1907411813735962
0.1429155468940735
0.18347643315792084
0.17608895897865295
0.15137600898742676
0.1317318230867386
0.13794080913066864
0.1823870837688446
0.09548357874155045
0.07576704025268555
0.10276670008897781
0.22585082054138184
0.1320350170135498
0.09741609543561935
0.10110590606927872
0.1431756168603897
0.15885254740715027
0.3107600212097168
0.11779329925775528
0.2496444433927536
0.2188810259103775
0.23118025064468384
0.25177323818206787
0.15457607805728912
0.11095495522022247
0.10729049891233444
0.08558295667171478
0.16481685638427734
0.08208370953798294
0.09580717235803604
0.03263751417398453
0.2814673185348511
0.4280203580856323
0.07987076044082642
0.0851791501045227
0.5390540957450867
0.4165549576282501
0.07951944321393967
0.20717504620552063
0.7479825615882874
0.26441362500190735
0.31022030115127563
0.5091042518615723
0.4812810719013214
0.3473118543624878
0.5579474568367004
0.5696994066238403
0.8453338742256165
0.689453125
0.5678184628486633
0.5824159979820251
0.15011736750602722
0.33533769845962524
0.6159375309944153
0.464566171169281
0.18162889778614044
0.16627785563468933
0.4119810461997986
0.3105844259262085
0.07983823120594025
0.24349887669086456
0.3538452386856079
0.31035175919532776
0.11685628443956375
0.29223954677581787
0.7222842574119568
0.6347187161445618
0.2738823890686035
0.2193738967180252
0.30220022797584534
0.1711892932653427
0.2889575958251953
0.20305979251861572
0.26696068048477173
0.2356470227241516
0.32364147901535034
0.3032098412513733
0.40643247961997986
0.6774778962135315
0.388367235660553
0.6868206262588501
0.3156021535396576
0.8208790421485901
0.8697914481163025
0.634414553642273
0.2508104145526886
0.8119472861289978
0.8404682278633118
0.4299713671207428
0.16886547207832336
0.566105842590332
0.453020840883255
0.18107099831104279
0.16737768054008484
0.21608629822731018
0.760395348072052
0.4753333628177643
0.18015281856060028
0.2730499804019928
0.17181174457073212
0.07405971735715866
0.03218715265393257
0.037630822509527206
0.07954197376966476
0.1655423641204834
0.03477505221962929
0.10084480792284012
0.023696715012192726
0.05936677008867264
0.05776955187320709
0.03171127662062645
0.034002792090177536
0.11019094288349152
0.03411528468132019
0.04613065719604492
0.13917160034179688
0.17502230405807495
0.08932601660490036
0.1290021687746048
0.10975485295057297
0.11814744025468826
0.2048824429512024
0.11608559638261795
0.12330111116170883
0.1451817899942398
0.2817467153072357
0.13001851737499237
0.041910648345947266
0.13463367521762848
0.18007299304008484
0.1963781714439392
0.11858636885881424
0.2872328460216522
0.4110492169857025
0.26649442315101624
0.17623838782310486
0.28933680057525635
0.25225797295570374
0.2878105044364929
0.3652137219905853
0.47860589623451233
0.4101859927177429
0.674519419670105
0.8052893280982971
0.8384842872619629
0.5834827423095703
0.28771135210990906
0.7639672756195068
0.70728600025177
0.4776889979839325
0.486244797706604
0.8687207102775574
0.6195505857467651
0.39247527718544006
0.48671284317970276
0.15492793917655945
0.2499808520078659
0.2552683651447296
0.2227143496274948
0.17151141166687012
0.1922990083694458
0.38678207993507385
0.22516341507434845
0.10787621140480042
0.399804025888443
0.6371353268623352
0.25068458914756775
0.27271416783332825
0.6389970779418945
0.7778552174568176
0.15520545840263367
0.6212671399116516
0.8587787747383118
0.6960679888725281
0.474405437707901
0.6626915335655212
0.8947845101356506
0.7822204232215881
0.5081640481948853
0.7098190784454346
0.5172727704048157
0.3290150761604309
