0.6780102849006653
0.48819562792778015
0.5462720394134521
0.6607388854026794
0.2754199504852295
0.5610888004302979
0.09779790788888931
0.18927700817584991
0.055158164352178574
0.1994313895702362
0.03619261085987091
0.15120908617973328
0.43891283869743347
0.5271760821342468
0.08612986654043198
0.07873157411813736
0.09440910816192627
0.2837899327278137
0.12597155570983887
0.09236745536327362
0.04936628416180611
0.42875590920448303
0.23550660908222198
0.2537809908390045
0.6290616393089294
0.5267149806022644
0.172530859708786
0.5802076458930969
0.3345305025577545
0.2674192190170288
0.2962455749511719
0.5054778456687927
0.49420514702796936
0.6614351272583008
0.6783524751663208
0.4616270661354065
0.8495097756385803
0.6593939065933228
0.6732081174850464
0.709043562412262
0.8643147945404053
0.7164729237556458
0.8010121583938599
0.6595367193222046
0.6860806345939636
0.44964972138404846
0.538485050201416
0.3313782513141632
0.3340095579624176
0.2549038231372833
0.2580854296684265
0.6695027351379395
0.2286273092031479
0.566489040851593
0.22272436320781708
0.6420343518257141
0.18126122653484344
0.5070217847824097
0.14898140728473663
0.26209285855293274
0.36445125937461853
0.3186705410480499
0.7643962502479553
0.7514679431915283
0.8886579871177673
0.7050607204437256
0.5662916302680969
0.7425007820129395
0.8214616775512695
0.8024848103523254
0.5065696835517883
0.718450129032135
0.8910925984382629
0.8288797736167908
0.6897867321968079
0.891113817691803
0.8394458889961243
0.4419662356376648
0.501227617263794
0.1538316160440445
0.13303415477275848
0.04632280021905899
0.05840221419930458
0.01767311803996563
0.0836118757724762
0.09167680889368057
0.19706815481185913
0.23092825710773468
0.28367820382118225
0.1093134805560112
0.15055693686008453
0.2554730474948883
0.14473074674606323
0.07285991311073303
0.12670870125293732
0.23420241475105286
0.23102588951587677
0.13863635063171387
0.2224407196044922
0.38406410813331604
0.14178311824798584
0.26218506693840027
0.40623077750205994
0.6889675855636597
0.5931545495986938
0.7842782139778137
0.40815842151641846
0.46002498269081116
0.35574713349342346
0.42117002606391907
0.2683336138725281
0.4386807382106781
0.3026314973831177
0.08251211047172546
0.09642887860536575
0.041069235652685165
0.08746183663606644
0.1816689521074295
0.23936349153518677
0.3447968065738678
0.4307457506656647
0.36018630862236023
0.33833086490631104
0.3175033926963806
0.2876872718334198
0.2444869726896286
0.14335699379444122
0.13340313732624054
0.17560596764087677
0.09957288950681686
0.14694315195083618
0.02321075089275837
0.2395724207162857
0.2185685932636261
0.22199924290180206
0.24905507266521454
0.3536864221096039
0.1651424765586853
0.3245428800582886
0.5187938809394836
0.5707478523254395
0.2745248079299927
0.4164559543132782
0.3375135064125061
0.20921345055103302
0.14320051670074463
0.13133537769317627
0.3598328232765198
0.22039683163166046
0.33960825204849243
0.3136717975139618
0.21003679931163788
0.18917758762836456
0.3054046630859375
0.4713136851787567
0.1863366812467575
0.39845576882362366
0.370374470949173
0.3436298370361328
0.5548139214515686
0.3666267395019531
0.2947908043861389
0.17876775562763214
0.30776238441467285
0.2866574823856354
0.17789149284362793
0.18139979243278503
0.1456928700208664
0.372884601354599
