0.7483292818069458
0.5033901333808899
0.24993310868740082
0.359872967004776
0.5302914381027222
0.1841803938150406
0.26452532410621643
0.05150988698005676
0.02064666338264942
0.10296566039323807
0.14964158833026886
0.3813042640686035
0.1613583117723465
0.10172788053750992
0.12614849209785461
0.4089878499507904
0.15950991213321686
0.1306963562965393
0.6243235468864441
0.4548035264015198
0.645590603351593
0.7065175175666809
0.8939189910888672
0.9173474907875061
0.7256336808204651
0.8896420001983643
0.803164005279541
0.771888017654419
0.594891369342804
0.5872795581817627
0.6381714940071106
0.3631759285926819
0.28858357667922974
0.10939685255289078
0.015006614848971367
0.01652800664305687
0.006070553325116634
0.010433165356516838
0.016606181859970093
0.00722073670476675
0.03537653759121895
0.010360950604081154
0.06624246388673782
0.043372977524995804
0.04381803050637245
0.03444776311516762
0.014267203398048878
0.0487525574862957
0.004504913464188576
0.01179606281220913
0.034209758043289185
0.03796205297112465
0.002561797620728612
0.023098373785614967
0.05158805847167969
0.013231005519628525
0.02057042345404625
0.07954176515340805
0.09097018092870712
0.18527044355869293
0.37535396218299866
0.6729502081871033
0.5334516167640686
0.5783236026763916
0.6989580988883972
0.7468456625938416
0.6444122791290283
0.35856157541275024
0.09002970159053802
0.04747851565480232
0.10377494245767593
0.018339652568101883
0.003053925232961774
0.00672056432813406
0.006056446582078934
0.04805240035057068
0.012128971517086029
0.06579668074846268
0.030937479808926582
0.09493114799261093
0.01906195655465126
0.013185002841055393
0.032217469066381454
0.01720317453145981
0.006396921817213297
0.008830844424664974
0.02643471583724022
0.0031606138218194246
0.002063745865598321
0.010271841660141945
0.007541161496192217
0.0018883647862821817
0.016693342477083206
0.01655149832367897
0.012923895381391048
0.01708287000656128
0.048029571771621704
0.021438024938106537
0.014536578208208084
0.005119043402373791
0.017925025895237923
0.005526774562895298
0.06184665486216545
0.01366600301116705
0.019194558262825012
0.011607794091105461
0.01833202876150608
0.014161676168441772
0.008381363935768604
0.006280375178903341
0.011875119991600513
0.0015356221701949835
0.0034248908050358295
0.01853823848068714
0.015268509276211262
0.004890384152531624
0.0028471467085182667
0.02710014209151268
0.0175507552921772
0.01351513434201479
0.005993465427309275
0.04633639007806778
0.014723766595125198
0.15173517167568207
0.05860765278339386
0.012348102405667305
0.027216337621212006
0.025821704417467117
0.044193949550390244
0.026630470529198647
0.016873301938176155
0.014490480534732342
0.021052155643701553
0.002294631442055106
0.005649171769618988
0.01493134442716837
0.00451618991792202
0.004598783794790506
0.02854715846478939
0.01458462793380022
0.010833284817636013
0.026604924350976944
0.014640831388533115
0.06494030356407166
0.02309274673461914
0.03161851689219475
0.05781664326786995
0.041196975857019424
0.20420832931995392
0.6209071278572083
0.26770055294036865
0.8896746039390564
0.9082162976264954
0.3347817659378052
0.17529813945293427
0.580689013004303
0.4022943377494812
0.042646169662475586
0.08629485219717026
0.4419649541378021
0.13993123173713684
0.012400148436427116
0.19205909967422485
0.11357300728559494
0.03317565470933914
0.050220586359500885
0.04229032248258591
0.14956459403038025
0.25737300515174866
0.11196435987949371
0.09013288468122482
0.09378759562969208
0.11451148986816406
0.1644078940153122
0.5765724182128906
0.4401189088821411
0.8445718288421631
0.8097595572471619
0.7377897500991821
0.9362505674362183
0.8822359442710876
0.30461326241493225
0.8911011219024658
0.951134979724884
0.7824427485466003
0.309741735458374
0.9242541193962097
0.9405133128166199
0.5420106053352356
0.7422721982002258
0.9507139921188354
0.7982006669044495
0.4217550754547119
0.776846706867218
0.9307606220245361
0.905083954334259
0.8974276781082153
0.8046903014183044
0.8420035243034363
0.5085996985435486
0.5548998117446899
0.2537152171134949
0.3504461944103241
0.2284224033355713
0.0933288186788559
0.03786825016140938
0.02105151303112507
0.15685023367404938
0.026881879195570946
0.1512049436569214
0.20318913459777832
0.461163729429245
0.49741023778915405
0.33018654584884644
0.7690365314483643
0.6956286430358887
0.05129139497876167
0.3504982590675354
0.7372424006462097
0.2342134267091751
0.01831691339612007
0.3071216940879822
0.4052649438381195
0.08854144811630249
0.039113398641347885
0.791728675365448
0.7099966406822205
0.7307234406471252
0.04779791086912155
0.0532582551240921
0.016653306782245636
0.002681722631677985
0.009170642122626305
0.013895177282392979
0.05554763972759247
0.047192949801683426
0.09109225124120712
0.26502519845962524
0.34396302700042725
0.6113036870956421
0.2261412888765335
0.06860373914241791
0.5582659244537354
0.653498649597168
0.10109139233827591
0.16813041269779205
0.5150891542434692
0.4556127190589905
0.2188556045293808
0.466763436794281
0.7242886424064636
0.5343142151832581
0.45916807651519775
0.6899096369743347
0.7041590809822083
0.7479293346405029
0.8647685647010803
0.888914942741394
0.7865493297576904
0.8298208713531494
0.3908332586288452
0.37516069412231445
0.5346295237541199
0.16001735627651215
0.29750218987464905
0.06618273258209229
0.3481612205505371
0.07537151873111725
0.10169771313667297
0.13520748913288116
0.09495971351861954
0.012243345379829407
0.008041937835514545
0.020706024020910263
0.03912797570228577
0.018953369930386543
0.05412369593977928
0.026916950941085815
0.12996239960193634
0.03925353288650513
0.20808158814907074
0.1257409006357193
0.17227672040462494
0.3186855912208557
0.5098289847373962
0.8481268882751465
0.5408902764320374
0.3811294734477997
0.6787563562393188
0.8241236805915833
0.4946966767311096
0.44013699889183044
0.49675941467285156
0.46092361211776733
0.16900810599327087
0.5182221531867981
0.47323763370513916
0.24040330946445465
0.4342893660068512
0.146017387509346
0.06110098585486412
0.03412821143865585
0.018524879589676857
0.0774262398481369
0.032889191061258316
0.06818179041147232
0.15006549656391144
0.31263384222984314
0.16771459579467773
0.6840176582336426
0.27163347601890564
0.5184946656227112
0.7916200160980225
0.5428267121315002
0.8965966105461121
0.7491462826728821
0.2390023022890091
0.7725510001182556
0.8891207575798035
0.8433541655540466
0.6876438856124878
0.5778303146362305
0.35159122943878174
0.23828183114528656
0.14985927939414978
0.2026386559009552
0.17883022129535675
0.051004648208618164
0.016456561163067818
0.1383848935365677
0.04863990470767021
0.01296008937060833
0.05321419984102249
0.07632537186145782
0.025421300902962685
0.009218629449605942
0.013941162265837193
0.022162696346640587
0.019004398956894875
0.01725885458290577
0.013643909245729446
0.031045863404870033
0.08568354696035385
0.11153319478034973
0.049966391175985336
0.04486946389079094
0.20427949726581573
0.0683031976222992
0.414795845746994
0.3723088204860687
0.6168261766433716
0.41188153624534607
0.7868847250938416
0.8798773288726807
0.39583614468574524
0.3578019142150879
0.5395160913467407
0.5128257274627686
0.022929048165678978
0.18424558639526367
0.384296715259552
0.21686899662017822
0.0373525433242321
0.07351348549127579
0.08347154408693314
0.27102768421173096
0.13031898438930511
0.5182088613510132
0.6819203495979309
0.21846063435077667
0.5584272742271423
0.9195943474769592
0.907059371471405
0.5790391564369202
0.8004438877105713
0.43523135781288147
0.3062264323234558
0.44842010736465454
0.5485677719116211
0.5338228344917297
0.3860076069831848
0.44880232214927673
0.45066970586776733
