0.687017023563385
0.7562546730041504
0.8148815631866455
0.8908422589302063
0.9027326703071594
0.8965210318565369
0.8656045794487
0.9362331032752991
0.9209455847740173
0.903331458568573
0.8361016511917114
0.9603015184402466
0.9322829842567444
0.8808899521827698
0.9304141998291016
0.9692304730415344
0.8909655809402466
0.8601773381233215
0.9304012656211853
0.9464390873908997
0.8059106469154358
0.8994633555412292
0.8477070331573486
0.9252041578292847
0.8282073140144348
0.8604214787483215
0.794708788394928
0.8826618194580078
0.7091103792190552
0.8171053528785706
0.7615944147109985
0.5639152526855469
0.6371169686317444
0.8743736147880554
0.514093279838562
0.27404719591140747
0.7858502268791199
0.9100991487503052
0.13471616804599762
0.5828201174736023
0.7452422380447388
0.8366542458534241
0.15389785170555115
0.6857402920722961
0.8872553110122681
0.685535728931427
0.3739859163761139
0.8276854753494263
0.8603590726852417
0.45974254608154297
0.3364618122577667
0.758012592792511
0.8365502953529358
0.5988409519195557
0.29437315464019775
0.559471845626831
0.4863588511943817
0.47092506289482117
0.5661464333534241
0.2978699505329132
0.5402781963348389
0.5248902440071106
0.3700401186943054
0.46378442645072937
0.33884871006011963
0.1939229518175125
0.1330837607383728
0.26954784989356995
0.2924899756908417
0.12907840311527252
0.14394035935401917
0.2567879855632782
0.291854590177536
0.2313128113746643
0.1735857129096985
0.5202906131744385
0.628654956817627
0.781915009021759
0.6944792866706848
0.653437077999115
0.6568887829780579
0.46328005194664
0.173275426030159
0.2961473762989044
0.3439123034477234
0.21050921082496643
0.18476982414722443
0.2024778127670288
0.19688941538333893
0.24926863610744476
0.24432511627674103
0.21393580734729767
0.2305191308259964
0.22808997333049774
0.21935097873210907
0.23957453668117523
0.25393393635749817
0.09990118443965912
0.2628626823425293
0.26393428444862366
0.6547299027442932
0.6189872026443481
0.4317131042480469
0.5140657424926758
0.619608998298645
0.6436861157417297
0.8218496441841125
0.9240483045578003
0.8670780062675476
0.9124932885169983
0.8998333811759949
0.7315002679824829
0.7593424916267395
0.8040865659713745
0.8782706260681152
0.6151618957519531
0.7445958256721497
0.7640953063964844
0.7246422171592712
0.6313141584396362
0.30657219886779785
0.2931060492992401
0.574866771697998
0.20624364912509918
0.15653613209724426
0.17090827226638794
0.23041076958179474
0.13072200119495392
0.4485348165035248
0.31410205364227295
0.26757845282554626
0.23803898692131042
0.6338627934455872
0.8117724061012268
0.36153942346572876
0.48616352677345276
0.499473512172699
0.5666466951370239
0.300275981426239
0.6363399624824524
0.3438263237476349
0.6864210367202759
0.4759615957736969
0.7629225850105286
0.8899694085121155
0.7293834686279297
0.5253322720527649
0.38260260224342346
0.27189990878105164
0.24070627987384796
0.21414293348789215
0.35468223690986633
0.17604748904705048
0.3705466687679291
0.2622610628604889
0.37579426169395447
0.31093448400497437
