0.43041515350341797
0.683783769607544
0.7533729672431946
0.4007866680622101
0.8745059967041016
0.4621729254722595
0.8063339591026306
0.4419078528881073
0.5957843661308289
0.467824250459671
0.49533912539482117
0.6234007477760315
0.8367047905921936
0.9123490452766418
0.8929685950279236
0.9062073826789856
0.8717237710952759
0.8409209251403809
0.6727367043495178
0.6441081166267395
0.6277756690979004
0.4487611949443817
0.351959764957428
0.37971532344818115
0.3161987066268921
0.31778985261917114
0.5593581795692444
0.24244795739650726
0.3849305510520935
0.47756996750831604
0.7438071370124817
0.3119654357433319
0.3027728497982025
0.678235650062561
0.7507338523864746
0.6070616245269775
0.39705538749694824
0.44189321994781494
0.3255338668823242
0.2601458728313446
0.3697819113731384
0.2699381113052368
0.5968032479286194
0.7130345702171326
0.7436088919639587
0.8374381065368652
0.8368057608604431
0.8480100631713867
0.8855725526809692
0.7289369106292725
0.8282735347747803
0.7418181300163269
0.32350829243659973
0.7070963382720947
0.5017708539962769
0.36279675364494324
0.5385454297065735
0.5863469243049622
0.2150164395570755
0.3874616026878357
0.8355712890625
0.6237881779670715
0.4977337419986725
0.505444347858429
0.8626760244369507
0.6427279710769653
0.5721308588981628
0.8137121796607971
0.7245835661888123
0.7199965119361877
0.7154324650764465
0.7562974095344543
0.860358476638794
0.8571965098381042
0.6586272120475769
0.8653333783149719
0.40883731842041016
0.6458232998847961
0.24658431112766266
0.5633680820465088
0.42304620146751404
0.4518684446811676
