0.73363196849823
0.6859325170516968
0.612205445766449
0.36405083537101746
0.4573875069618225
0.24111485481262207
0.5279564261436462
0.4875772297382355
0.3360271155834198
0.45754140615463257
0.571694016456604
0.4643639922142029
0.4197451174259186
0.7318354845046997
0.7758654356002808
0.761064887046814
0.8295918703079224
0.7806221842765808
0.8474934697151184
0.7943841814994812
0.8051268458366394
0.7605045437812805
0.7170806527137756
0.6332409977912903
0.349600225687027
0.41557207703590393
0.5941580533981323
0.17077410221099854
0.2565242350101471
0.4123246371746063
0.5954081416130066
0.2107791155576706
0.15295803546905518
0.5630980730056763
0.4625472128391266
0.37852388620376587
0.40761667490005493
0.3389974534511566
0.2762225866317749
0.27687710523605347
0.13148562610149384
0.2729734778404236
0.17286589741706848
0.23474380373954773
0.4587463438510895
0.7343651652336121
0.7428043484687805
0.7877979278564453
0.7836205363273621
0.8570395708084106
0.6844439506530762
0.8734670281410217
0.7911697626113892
0.8566598892211914
0.7550771832466125
0.41186606884002686
0.7381224632263184
0.521880030632019
0.5738099813461304
0.7640016078948975
0.8122267723083496
0.42470234632492065
0.7053154110908508
0.8682696223258972
0.7249346971511841
0.7011082768440247
0.7913438677787781
0.8742212653160095
0.7620847821235657
0.8416456580162048
0.8167273998260498
0.6775180697441101
0.6329306364059448
0.7483536601066589
0.6866591572761536
0.6146833896636963
0.7179731130599976
0.6945739984512329
0.6458585858345032
0.6064215302467346
0.7165051102638245
0.7871292233467102
0.7344630360603333
0.7531305551528931
0.6806511282920837
0.5545194745063782
0.4463796615600586
0.19589625298976898
0.543238639831543
0.19627507030963898
0.4339582324028015
0.296758770942688
