0.7905465960502625
0.8255389332771301
0.8544939756393433
0.8359206914901733
0.7476843595504761
0.8374279737472534
0.8828825950622559
0.8697323203086853
0.8811169862747192
0.8587649464607239
0.7085815668106079
0.6643537282943726
0.33127498626708984
0.42450904846191406
0.4544711112976074
0.6422767043113708
0.4758458137512207
0.5358273983001709
0.5563806295394897
0.6436994671821594
0.48574644327163696
0.3983347713947296
0.5472087860107422
0.6933466196060181
0.598197877407074
0.7483053803443909
0.8346633315086365
0.7448572516441345
0.8390942811965942
0.7138925790786743
0.8417167663574219
0.6858990788459778
0.6878111958503723
0.7636778354644775
0.7555757164955139
0.6420386433601379
0.6722120642662048
0.6463554501533508
0.823089063167572
0.6957387924194336
0.8268747925758362
0.6164808869361877
0.8529850840568542
0.5749902725219727
0.7676833868026733
0.2926430106163025
0.4714012145996094
0.747333288192749
0.7328519821166992
0.7824662327766418
0.7337339520454407
0.754932701587677
0.42196616530418396
0.6372345685958862
0.44194740056991577
0.5966644287109375
0.6695175170898438
0.7219910025596619
0.8028565645217896
0.7815156579017639
0.738882839679718
0.5794578194618225
0.7617140412330627
0.49987316131591797
0.6001863479614258
0.33928924798965454
0.5348688960075378
0.6299684643745422
0.47900089621543884
0.5227946639060974
0.653328537940979
0.6122525334358215
0.7648196220397949
0.7402495741844177
0.7134947180747986
0.38976743817329407
0.6223693490028381
0.6240435838699341
0.7752171158790588
0.4646356403827667
0.8733664751052856
0.5976362228393555
0.9076856970787048
0.5808910727500916
0.7874757647514343
0.7596291303634644
0.7799566388130188
0.7605282664299011
0.7999789714813232
0.8453330397605896
0.8499264121055603
0.8675463795661926
0.817403256893158
0.8710001707077026
0.8814154863357544
0.8717641830444336
0.8950309753417969
0.70209139585495
0.8532775044441223
0.4247441589832306
0.5729886293411255
0.3053043484687805
0.5721502900123596
0.6623972058296204
0.583990216255188
