0.3052509129047394
0.31689780950546265
0.3381391763687134
0.1807316541671753
0.22852317988872528
0.2253284454345703
0.3434517979621887
0.21629418432712555
0.6144199371337891
0.256598562002182
0.35782912373542786
0.16402049362659454
0.10881832242012024
0.11287003010511398
0.13356482982635498
0.12193695455789566
0.13451802730560303
0.11929069459438324
0.2566702365875244
0.11617673933506012
0.3242429792881012
0.1853005290031433
0.18468713760375977
0.2908596694469452
0.19835729897022247
0.3126969635486603
0.24970419704914093
0.33553987741470337
0.27474942803382874
0.37736883759498596
0.45662274956703186
0.4150729179382324
0.7412012219429016
0.6448078751564026
0.9126585721969604
0.897892415523529
0.6568036079406738
0.8717577457427979
0.3719857633113861
0.5442132949829102
0.23688837885856628
0.18588905036449432
0.2546999156475067
0.14206267893314362
0.26727786660194397
0.21222037076950073
0.09925840049982071
0.15188486874103546
0.4227854907512665
0.49948635697364807
0.454656720161438
0.5362658500671387
0.49615874886512756
0.6092628836631775
0.4654150605201721
0.5750745534896851
0.5546787977218628
0.3846682906150818
0.5581753253936768
0.8953621983528137
0.6266226172447205
0.9203749895095825
0.6242253184318542
0.809732973575592
0.5725057721138
0.6777383685112
0.3695392608642578
0.30935201048851013
0.12376626580953598
0.40189462900161743
0.30917641520500183
0.9097460508346558
0.5283116102218628
0.9284932017326355
0.5379167795181274
0.9041719436645508
0.7822439074516296
0.8901124596595764
0.7854893207550049
0.787482500076294
0.7677410840988159
0.7479462027549744
0.630261242389679
0.4807676672935486
0.3933494985103607
0.6238577961921692
0.39547038078308105
0.34360677003860474
0.4056590795516968
0.17134682834148407
0.27841806411743164
0.12828342616558075
0.31666189432144165
0.1459491103887558
0.3039514720439911
0.04724017158150673
0.2563899755477905
0.11614484339952469
0.13015422224998474
0.059325795620679855
0.11340589076280594
0.07062399387359619
0.03910471871495247
0.12843741476535797
0.066309854388237
0.1350683718919754
0.22884924709796906
0.5401630401611328
0.716057300567627
0.38837602734565735
0.8407893776893616
0.6436922550201416
0.7630724906921387
0.6929340958595276
0.8276031613349915
0.900701105594635
0.9109671711921692
0.7634760737419128
0.7625322341918945
0.5293309092521667
0.6502109169960022
0.4021715223789215
0.4068290889263153
0.3361959755420685
0.30933433771133423
0.2182839810848236
0.26538386940956116
0.15616819262504578
0.06225664168596268
0.09174729138612747
0.021202415227890015
0.13194771111011505
0.14054246246814728
