0.186937615275383
0.34352436661720276
0.37711289525032043
0.5320771336555481
0.20412299036979675
0.26110807061195374
0.3360740542411804
0.4468231201171875
0.17381051182746887
0.21803955733776093
0.6730113625526428
0.35966554284095764
0.39478540420532227
0.39997878670692444
0.4324204623699188
0.3159501850605011
0.3686380684375763
0.3092682659626007
0.20451396703720093
0.19078025221824646
0.40243619680404663
0.3472226858139038
0.22002482414245605
0.22609229385852814
0.18752169609069824
0.3037874102592468
0.30089035630226135
0.304394394159317
0.08430477231740952
0.2535037100315094
0.39918065071105957
0.07319913059473038
0.16100674867630005
0.4885442554950714
0.2863175570964813
0.10729876905679703
0.32536381483078003
0.33411383628845215
0.39214107394218445
0.38848668336868286
0.3883068263530731
0.31025123596191406
0.18593287467956543
0.197012260556221
0.2796655297279358
0.10839439928531647
0.2604062855243683
0.26951736211776733
0.22463780641555786
0.07694800943136215
0.13567420840263367
0.278829962015152
0.12758010625839233
0.053793299943208694
0.22895747423171997
0.27005448937416077
0.22584734857082367
0.10254782438278198
0.3297984302043915
0.2781391739845276
0.06946435570716858
0.3152160942554474
0.5653719305992126
0.2653998136520386
0.19870765507221222
0.2678285539150238
0.39384424686431885
0.46660348773002625
0.2479298710823059
0.38746321201324463
0.5206096172332764
0.5867434144020081
0.34101223945617676
0.26886671781539917
0.15393377840518951
0.27727752923965454
0.21365560591220856
0.2785159945487976
0.41457048058509827
0.20241102576255798
0.7011585831642151
0.17886856198310852
0.17218808829784393
0.33836302161216736
0.28801801800727844
0.3830575942993164
0.13941402733325958
0.2547454237937927
0.1264948695898056
0.22258199751377106
0.07056967169046402
0.07656129449605942
0.1774623692035675
0.22657354176044464
0.161538764834404
0.06250430643558502
0.21779511868953705
0.21641503274440765
0.1222391128540039
0.23921336233615875
0.37626734375953674
0.2233702838420868
0.12044645845890045
0.13351786136627197
0.2660161256790161
0.19269096851348877
0.05982055887579918
0.254515677690506
0.30103665590286255
0.286860853433609
0.16763319075107574
0.20815914869308472
0.3605884313583374
0.30664801597595215
0.20258457958698273
0.16075344383716583
0.21185176074504852
0.15000708401203156
0.08843810111284256
0.16832967102527618
0.2877741754055023
0.1755640059709549
0.07835612446069717
0.1515641212463379
0.29898759722709656
0.08825875073671341
0.19626808166503906
0.5818991661071777
0.21001048386096954
0.2339479625225067
0.5531342029571533
0.6470419764518738
0.21401290595531464
0.5028534531593323
0.7410277128219604
0.8107441067695618
0.5167889595031738
0.48667117953300476
0.8519187569618225
0.6428073644638062
0.41521382331848145
0.6086951494216919
0.68840092420578
0.3592291474342346
0.45543015003204346
0.6800344586372375
0.3820832371711731
0.2080543488264084
0.18283303081989288
0.18701577186584473
0.111143097281456
