0.515986979007721
0.7005765438079834
0.5344231724739075
0.293041855096817
0.6084207892417908
0.7335594296455383
0.5108586549758911
0.33466753363609314
0.7336215972900391
0.5627812147140503
0.5252119302749634
0.4770990014076233
0.7669684290885925
0.6742262840270996
0.7758089900016785
0.7693389654159546
0.777237057685852
0.685069739818573
0.9132548570632935
0.8802495002746582
0.854668915271759
0.44655364751815796
0.5976343154907227
0.8114063143730164
0.7869569659233093
0.8134055733680725
0.8362248539924622
0.6529672145843506
0.7583239674568176
0.39790788292884827
0.65373295545578
0.11741582304239273
0.3259669840335846
0.1940794736146927
0.34555697441101074
0.3576352894306183
0.6650032997131348
0.5323490500450134
0.8598803877830505
0.9247289299964905
0.8522685766220093
0.9433611035346985
0.9279064536094666
0.8548468351364136
0.8620613813400269
0.9101069569587708
0.9293064475059509
0.867428183555603
0.79067462682724
0.7063884139060974
0.43383780121803284
0.8151839971542358
0.34926557540893555
0.8704973459243774
0.5265753269195557
0.8065809011459351
0.48901495337486267
0.6137707233428955
0.2806221544742584
0.5875855088233948
0.36088648438453674
0.528514564037323
0.3046596646308899
0.731525719165802
0.7001335620880127
0.3444942533969879
0.5268591046333313
0.37581318616867065
0.2675471603870392
0.23575036227703094
0.3360999524593353
0.37824925780296326
0.3771285116672516
0.39739957451820374
0.32668590545654297
0.2572549879550934
0.5584030151367188
0.7770362496376038
0.7606610059738159
0.9330159425735474
0.71871018409729
0.8474650979042053
0.6665440797805786
0.8188509941101074
0.72493577003479
0.39436647295951843
0.657494306564331
0.7959197163581848
0.5206812620162964
0.8079860806465149
0.42917266488075256
0.7833252549171448
0.7374359369277954
0.9048557281494141
0.8342255353927612
0.7452879548072815
0.7412227392196655
0.9103002548217773
0.9064543843269348
0.9254419803619385
0.873820960521698
0.7176929116249084
0.9191210865974426
0.9043678641319275
0.9318715333938599
0.9099324345588684
0.8781254887580872
0.9213024973869324
0.5367130637168884
0.8752172589302063
0.3457620143890381
0.6314715147018433
0.5183501839637756
0.5899890065193176
0.22773487865924835
0.7022623419761658
0.2685352861881256
0.755608856678009
0.5980101823806763
0.874468982219696
0.6597399115562439
0.9296303987503052
0.7550730109214783
0.9243372082710266
0.6482683420181274
0.8125278949737549
0.4952089488506317
0.8754646182060242
0.5274696350097656
0.8479679226875305
0.8194125890731812
0.6332387328147888
0.8601474165916443
0.8265907764434814
0.8750602602958679
0.8891119360923767
0.8158727884292603
0.8404025435447693
0.66769939661026
0.518238365650177
0.601640522480011
0.5414067506790161
0.2287304699420929
0.5204717516899109
0.26481273770332336
0.6894496083259583
0.2936609089374542
0.5728914737701416
0.5746304988861084
0.9262412190437317
0.9378350377082825
0.8864215612411499
0.8456549048423767
0.7261338233947754
0.8489934206008911
0.7243466377258301
0.37991753220558167
0.6382202506065369
0.3285708725452423
0.5892177224159241
0.44053739309310913
0.5550330281257629
0.4602735936641693
0.5029506683349609
0.5065248608589172
0.4746466875076294
0.6103830337524414
0.8165391683578491
0.8610614538192749
0.9102090001106262
0.8451678156852722
0.9537360072135925
0.9176384806632996
0.8994783759117126
0.923895001411438
0.9420166015625
0.830640971660614
0.7894487380981445
0.7723265290260315
0.7384505867958069
0.6886743903160095
0.49455827474594116
0.7091421484947205
0.39529383182525635
0.7054702043533325
0.7187161445617676
0.8250113129615784
0.891291081905365
0.8475392460823059
0.9034170508384705
0.9389998316764832
0.9082204103469849
0.9230230450630188
0.8492395877838135
0.8768742084503174
0.8667046427726746
0.827967643737793
0.743765115737915
0.8973986506462097
0.7244647145271301
0.6737402081489563
0.3190796971321106
0.3624359667301178
0.3082985579967499
0.5763158798217773
0.2970089018344879
0.4934540390968323
0.27259501814842224
0.744918167591095
0.8530071377754211
0.8333971500396729
0.8436967730522156
