0.22910171747207642
0.3147549033164978
0.4529254734516144
0.52015620470047
0.3132517635822296
0.48791399598121643
0.6432546377182007
0.7389457821846008
0.3157356083393097
0.44272172451019287
0.7646888494491577
0.4799281656742096
0.2540672719478607
0.5778118371963501
0.6858049035072327
0.17477647960186005
0.3465171158313751
0.6747797131538391
0.5278967022895813
0.4291728436946869
0.35138556361198425
0.2739793658256531
0.15708668529987335
0.2689346373081207
0.3726907968521118
0.36735254526138306
0.3848765790462494
0.6205130219459534
0.5480483174324036
0.3673397898674011
0.6705949902534485
0.7399674654006958
0.2926231324672699
0.5514527559280396
0.37358948588371277
0.6338890194892883
0.6799267530441284
0.8824304342269897
0.7874085307121277
0.7188287973403931
0.7482227087020874
0.49316057562828064
0.4837661385536194
0.39648571610450745
0.6477049589157104
0.12532344460487366
0.5858546495437622
0.22350157797336578
0.30696725845336914
0.1855207085609436
0.2056746631860733
0.3014012575149536
0.16599805653095245
0.19790448248386383
0.3620971739292145
0.3593982756137848
0.38805294036865234
0.34361258149147034
0.19409216940402985
0.38116124272346497
0.16490116715431213
0.17142035067081451
0.6857808232307434
0.47737428545951843
0.8423091173171997
0.603911280632019
0.5923207402229309
0.7353893518447876
0.5425642132759094
0.42495864629745483
0.4989148676395416
0.5627952218055725
0.6694604158401489
0.6430179476737976
0.26156237721443176
0.4970233738422394
0.314456045627594
0.24062377214431763
0.5942153334617615
0.3386116921901703
0.36792245507240295
0.7368248105049133
0.7010629773139954
0.7836865186691284
0.7343388199806213
0.8354964852333069
0.8082805871963501
0.2424554079771042
0.5996184349060059
0.5930201411247253
0.678538978099823
0.488945871591568
0.5933716893196106
0.4416312277317047
0.435555100440979
0.627802848815918
0.6397785544395447
0.45171165466308594
0.2551634907722473
0.33467403054237366
0.6712777018547058
0.24205072224140167
0.8351872563362122
0.501844048500061
0.42082348465919495
0.38849523663520813
0.26912444829940796
0.35110458731651306
0.24750442802906036
0.3528141379356384
0.2791346311569214
0.5086858868598938
0.2574392557144165
0.3573564887046814
0.24987931549549103
0.37678027153015137
0.4435548186302185
0.3094433844089508
0.36124083399772644
0.48006805777549744
0.5435402393341064
