0.3987584412097931
0.37106242775917053
0.3235225975513458
0.3490811884403229
0.18512222170829773
0.44012781977653503
0.48178693652153015
0.4957958459854126
0.4239027500152588
0.4147682785987854
0.4297506511211395
0.6998005509376526
0.6013059616088867
0.39222055673599243
0.44349515438079834
0.7348759770393372
0.8398898243904114
0.5549600124359131
0.39529508352279663
0.6776579022407532
0.6441510915756226
0.4829218089580536
0.4702965021133423
0.3364090323448181
0.45681238174438477
0.504065215587616
0.5437542796134949
0.36886000633239746
0.43229761719703674
0.474731981754303
0.798708975315094
0.6411297917366028
0.348797470331192
0.6787170171737671
0.8609374165534973
0.6476325988769531
0.48127481341362
0.8537936806678772
0.8502195477485657
0.3605281114578247
0.6203897595405579
0.8717619180679321
0.7284952402114868
0.5086118578910828
0.7252645492553711
0.8096026182174683
0.7687675952911377
0.42980459332466125
0.5154884457588196
0.46749740839004517
0.5524397492408752
0.33582866191864014
0.5300139784812927
0.49396345019340515
0.4027368426322937
0.6659316420555115
0.5917091965675354
0.7061532139778137
0.7551780343055725
0.8624222278594971
0.8794477581977844
0.7435653209686279
0.5404472351074219
0.48095566034317017
0.7423994541168213
0.7406849265098572
0.4884718358516693
0.7043459415435791
0.7243596315383911
0.729498565196991
0.7301560044288635
0.7926996350288391
0.8335971832275391
0.5474444031715393
0.6484864354133606
0.6495571136474609
0.7292238473892212
0.3044101893901825
0.4901053011417389
0.32533693313598633
0.7905943393707275
0.7594783902168274
0.5657440423965454
0.6011772751808167
0.5423796772956848
0.6753068566322327
0.5923288464546204
0.6678846478462219
0.7620989084243774
0.8431975841522217
