0.26693442463874817
0.32606253027915955
0.32321202754974365
0.37118762731552124
0.36685314774513245
0.34420785307884216
0.606556236743927
0.6301440596580505
0.3977050185203552
0.6881727576255798
0.5837624073028564
0.590075671672821
0.5954609513282776
0.6569047570228577
0.3135124742984772
0.7460205554962158
0.13721410930156708
0.0812203511595726
0.2842065095901489
0.1935914307832718
0.27780380845069885
0.5175492167472839
0.3096957802772522
0.21929782629013062
0.497774600982666
0.48098665475845337
0.32894718647003174
0.3726251423358917
0.3160379230976105
0.20687074959278107
0.19601376354694366
0.10876026749610901
0.14133426547050476
0.1091490313410759
0.16206634044647217
0.15125811100006104
0.403876394033432
0.273100346326828
0.35382628440856934
0.06799280643463135
0.21095216274261475
0.10997502505779266
0.2774902880191803
0.2916136085987091
0.1954513043165207
0.2797684073448181
0.39239880442619324
0.45084530115127563
0.18034346401691437
0.43155279755592346
0.30755287408828735
0.44838768243789673
0.5651856660842896
0.3439810574054718
0.21929219365119934
0.3589896559715271
0.26342716813087463
0.4215799570083618
0.3488547205924988
0.5525063276290894
0.5162436962127686
0.5339868664741516
0.6558922529220581
0.3181385099887848
0.5538341999053955
0.26661449670791626
0.6446517109870911
0.1941526234149933
0.06787242740392685
0.07990516722202301
0.14618876576423645
0.06325934827327728
0.18293823301792145
0.16108304262161255
0.10005113482475281
0.17284539341926575
0.1742999106645584
0.1766236573457718
0.23446369171142578
0.14314903318881989
0.07631376385688782
0.06605039536952972
0.044069912284612656
0.07336121052503586
0.12002912908792496
0.09470363706350327
0.6725587844848633
0.5609661936759949
0.17540928721427917
0.34770679473876953
0.023466864600777626
0.2738614082336426
0.03664001449942589
0.04191111400723457
0.18859973549842834
0.2680872678756714
0.389311820268631
0.40206682682037354
0.2302454560995102
0.3328825831413269
0.32216161489486694
0.38148966431617737
0.17354747653007507
0.3861858546733856
0.21544772386550903
0.47502613067626953
0.34676453471183777
0.23400817811489105
0.4867730140686035
0.544687032699585
0.3438735008239746
0.11885460466146469
0.43435919284820557
0.1607864648103714
0.035182464867830276
0.08048662543296814
0.03335084021091461
0.08872967958450317
0.15136326849460602
0.21420550346374512
0.06496292352676392
0.048905566334724426
0.038186702877283096
0.06995249539613724
0.0060353633016347885
0.010070592164993286
0.014284289442002773
0.017815763130784035
0.08478976786136627
0.629129946231842
0.22948281466960907
0.41279855370521545
0.13279913365840912
0.011996731162071228
0.12234938144683838
0.036781203001737595
0.08654597401618958
0.04839009419083595
0.07299146801233292
0.133522167801857
0.1434297263622284
0.2696501314640045
0.09823920577764511
0.27755221724510193
0.08097421377897263
0.06496883183717728
0.18557614088058472
0.16359853744506836
0.08128929138183594
0.17977607250213623
0.53196781873703
0.2567731440067291
0.10176500678062439
0.1283247321844101
0.5828732252120972
0.6273182034492493
0.5837449431419373
0.03482965752482414
0.4343551695346832
0.0659540519118309
0.012660464271903038
0.06858772784471512
0.0632643923163414
0.13724391162395477
0.3698093891143799
0.21906165778636932
0.0641050934791565
0.1446588784456253
0.1327134519815445
0.019460121169686317
0.03077814355492592
0.015330897644162178
0.06566270440816879
0.08801622688770294
0.7545222043991089
0.2861417233943939
0.5030073523521423
0.11924412846565247
0.030402757227420807
0.05595092847943306
0.04323413595557213
0.08898083120584488
0.20302611589431763
0.15769906342029572
0.20145823061466217
0.21958108246326447
0.335077166557312
0.3540117144584656
0.10518310219049454
0.19266961514949799
0.13970604538917542
0.0774591863155365
0.1382942944765091
0.19597654044628143
0.15428845584392548
0.04422316700220108
0.22271400690078735
0.22612066566944122
0.30296406149864197
0.33444079756736755
0.3182417154312134
0.3828257918357849
0.20795100927352905
0.19515292346477509
0.5187023878097534
0.1946503221988678
0.3677426874637604
0.4228033125400543
0.13657185435295105
0.14973999559879303
0.06777730584144592
0.08648229390382767
0.10903073847293854
0.5971255302429199
0.26074546575546265
0.16516442596912384
0.3631763458251953
0.8134283423423767
0.8074535727500916
0.7455645799636841
0.13590331375598907
0.5453240275382996
0.24254032969474792
0.051630329340696335
0.34640365839004517
0.17317704856395721
0.2714627981185913
0.2792348265647888
0.21324658393859863
0.18204328417778015
0.06544836610555649
0.17365355789661407
0.050782397389411926
0.5388984084129333
0.4763442575931549
0.8314910531044006
0.7609136700630188
0.6129753589630127
0.475420743227005
0.13342104852199554
0.13738831877708435
0.07364580780267715
0.07094775140285492
0.06688619405031204
0.07167419046163559
0.013201507739722729
0.0757460817694664
0.16929376125335693
0.1365710198879242
0.032358963042497635
0.11190996319055557
0.12794208526611328
0.1783422976732254
0.1714833676815033
0.06796012818813324
0.14749927818775177
0.11671657115221024
0.19895271956920624
0.04231446236371994
0.14688773453235626
0.12106071412563324
0.06842992454767227
0.10647733509540558
0.2534126937389374
0.3028692901134491
0.163630872964859
0.4054855406284332
0.27885493636131287
0.4189639985561371
0.6173714399337769
0.6406795978546143
0.6224616765975952
0.5134512782096863
0.8284507989883423
0.8757308125495911
0.9287480115890503
0.8782715201377869
0.4840419590473175
0.5351197123527527
0.376467764377594
0.29777461290359497
0.26077166199684143
0.20910431444644928
0.42807406187057495
0.5506137609481812
0.37949663400650024
0.34826114773750305
0.16282159090042114
0.07922134548425674
0.10885133594274521
0.1378454715013504
0.171772763133049
0.22132782638072968
0.7189891934394836
0.5403830409049988
0.11429381370544434
0.32951706647872925
0.05764365196228027
0.2344783991575241
0.10896364599466324
0.16580714285373688
0.2175523042678833
0.3022439181804657
0.3396412432193756
0.269599586725235
0.3378067910671234
0.14351943135261536
0.1242976039648056
0.29527488350868225
0.25273314118385315
0.10872422903776169
0.37101396918296814
0.2979128062725067
0.23787981271743774
0.3080662488937378
0.21932359039783478
0.21165603399276733
0.35060420632362366
0.5350236892700195
0.45221710205078125
0.19907903671264648
0.3742692172527313
0.49193838238716125
0.48601165413856506
0.2982465624809265
0.7013838887214661
0.2617585361003876
0.04236038774251938
0.10109030455350876
0.1567867398262024
0.13125285506248474
0.3507187068462372
0.298686683177948
0.21088169515132904
0.31639766693115234
0.17921943962574005
0.04875655472278595
0.11478377878665924
0.08339813351631165
0.17449957132339478
0.20402833819389343
0.6832870841026306
0.5393756031990051
0.33722031116485596
0.29344049096107483
0.166839137673378
0.3124614655971527
0.20674824714660645
0.20038744807243347
0.2983458340167999
0.3218039572238922
0.3796645700931549
