0.3412238657474518
0.18111874163150787
0.20725932717323303
0.08525370061397552
0.07405762374401093
0.19329825043678284
0.3048396408557892
0.09982965141534805
0.18585236370563507
0.13897110521793365
0.31804385781288147
0.22453413903713226
0.08960341662168503
0.192997545003891
0.12501831352710724
0.44922935962677
0.07850761711597443
0.37249693274497986
0.2220362424850464
0.3089055120944977
0.30457979440689087
0.46041616797447205
0.2377992421388626
0.4314856231212616
0.7008964419364929
0.6822717189788818
0.8174893260002136
0.8881474137306213
0.7350841760635376
0.7567906975746155
0.8576181530952454
0.8549416661262512
0.7280648946762085
0.5860723853111267
0.42383310198783875
0.2462076097726822
0.23734743893146515
0.1942521184682846
0.37204399704933167
0.11987939476966858
0.3153851628303528
0.16963738203048706
0.43364983797073364
0.43396201729774475
0.4672829210758209
0.06952030211687088
0.24444760382175446
0.14270363748073578
0.3640717566013336
0.26399603486061096
0.3351922035217285
0.5656070113182068
0.701360285282135
0.7390240430831909
0.7537230849266052
0.7330906391143799
0.746900737285614
0.5901901125907898
0.5109298825263977
0.3455584943294525
0.3868282735347748
0.41499555110931396
0.3061646819114685
0.43597719073295593
0.24422423541545868
0.4520951509475708
0.44688230752944946
0.39860597252845764
0.2648930549621582
0.18459852039813995
0.057505086064338684
0.2450774759054184
0.12508639693260193
0.4142972528934479
0.3716449737548828
0.5673151612281799
0.7239665985107422
0.6773110032081604
0.5766564011573792
0.7446818351745605
0.49052974581718445
0.5162293314933777
0.4425290822982788
0.28825321793556213
0.07004590332508087
0.03448844328522682
0.022002993151545525
0.07925102859735489
0.07463110238313675
0.04554607346653938
0.17551958560943604
0.13780416548252106
0.22562356293201447
0.1941453069448471
0.1367192268371582
0.016690367832779884
0.032941896468400955
0.042618293315172195
0.13268981873989105
0.2799766957759857
0.28418970108032227
0.6098474860191345
0.5853927135467529
0.6957695484161377
0.6696743965148926
0.39846083521842957
0.08772467076778412
0.27160295844078064
0.10788045078516006
0.15214461088180542
0.25001421570777893
0.26401254534721375
0.4533758759498596
0.6762806177139282
0.7407119870185852
0.4214130938053131
0.3758932650089264
0.614350438117981
0.2773941159248352
0.23038384318351746
0.5849531888961792
0.512188196182251
0.22948898375034332
0.33348241448402405
0.5483372807502747
0.49799877405166626
0.30131322145462036
0.20917411148548126
0.5152844190597534
0.43009617924690247
0.38418760895729065
0.6466277241706848
0.46234893798828125
0.5241082906723022
0.6802308559417725
0.7265273332595825
0.5191255807876587
0.5390543341636658
0.801842987537384
0.8698351383209229
0.5754066109657288
0.6813210248947144
0.7421793341636658
0.7824313640594482
0.4898749589920044
0.5926045775413513
0.34486544132232666
0.6939480900764465
0.5390759110450745
0.27487191557884216
0.6425865888595581
0.6142941117286682
0.7165806889533997
0.5832861065864563
0.5110057592391968
0.5769807696342468
0.4261176586151123
0.4658851623535156
0.4918789267539978
