0.4458679258823395
0.46889528632164
0.3884164094924927
0.5058428645133972
0.42134037613868713
0.6332189440727234
0.6176210045814514
0.4644434154033661
0.6413100361824036
0.524678111076355
0.6833003163337708
0.8982022404670715
0.8852778077125549
0.7746422290802002
0.5237701535224915
0.794339120388031
0.40264949202537537
0.7136045098304749
0.5782111883163452
0.7391819357872009
0.7287555932998657
0.5603377223014832
0.4358198344707489
0.5846889615058899
0.7054840326309204
0.4647980332374573
0.5980605483055115
0.5761852860450745
0.42983168363571167
0.6606338620185852
0.5475151538848877
0.6154640913009644
0.7240800261497498
0.7219122648239136
0.7613418102264404
0.7680988311767578
0.6935438513755798
0.7158721089363098
0.6126261353492737
0.5023282766342163
0.3540242612361908
0.33476772904396057
0.6904857754707336
0.3938104808330536
0.48517704010009766
0.5941384434700012
0.8151411414146423
0.622888445854187
0.6680710911750793
0.7179630398750305
0.7040688991546631
0.8094850182533264
0.7243292331695557
0.7172963619232178
0.7434278726577759
0.7679725885391235
0.7701930999755859
0.7718151211738586
0.789788544178009
0.7205294966697693
0.7540661096572876
0.4669663608074188
0.5661635994911194
0.45792654156684875
0.40956446528434753
0.43169522285461426
0.5852439999580383
0.46420684456825256
0.4447791278362274
0.4838343858718872
0.38341307640075684
0.6442939043045044
0.4287262558937073
0.42547106742858887
0.6442875266075134
0.7541020512580872
0.5284033417701721
0.7983701229095459
0.6749468445777893
0.8385654091835022
0.8841646909713745
0.8459243774414062
0.8239988684654236
0.8879730701446533
0.8811874389648438
0.8624634146690369
0.8723373413085938
0.805033266544342
0.752561628818512
0.6202929615974426
0.7293699979782104
0.39430251717567444
0.37436479330062866
0.32691052556037903
0.25629302859306335
0.2408112734556198
0.19709081947803497
0.23290713131427765
0.20558640360832214
0.10152050107717514
0.19666780531406403
0.1884315460920334
0.19626320898532867
0.1202276274561882
0.16160818934440613
0.1307571679353714
0.244271382689476
0.20566944777965546
0.3792177438735962
0.47667768597602844
0.5960476398468018
0.562955915927887
0.8038296699523926
0.8218580484390259
0.8157259821891785
0.8775454163551331
0.7624242901802063
0.7183282375335693
0.6759524345397949
0.6531697511672974
0.6206989884376526
0.5789993405342102
0.43702760338783264
0.5553396344184875
0.43942368030548096
0.4410270154476166
0.48226553201675415
0.4909169375896454
0.3338700830936432
0.3290877342224121
0.1567952185869217
0.20035095512866974
0.2600988447666168
0.29758110642433167
0.18164287507534027
0.29200616478919983
0.321077436208725
0.27519360184669495
0.26745641231536865
0.29704010486602783
0.172124445438385
0.23629498481750488
0.24792297184467316
0.3228263854980469
0.3129744529724121
0.20296414196491241
0.3520926535129547
0.34145042300224304
0.41893935203552246
0.47703859210014343
0.6249530911445618
0.7876490950584412
0.6983513832092285
0.8890168070793152
0.777705192565918
0.8354206681251526
0.637836217880249
0.6192570328712463
0.8925045132637024
0.572817325592041
0.7275682091712952
0.5499235391616821
0.5489479899406433
0.7459412813186646
0.6462956666946411
0.6349530220031738
0.5001220703125
0.538657546043396
0.3874547779560089
0.3218182623386383
0.5520650744438171
0.2626414895057678
0.1707754284143448
0.35837334394454956
0.3750869333744049
0.19652409851551056
0.18511544167995453
0.3878023624420166
0.36398664116859436
0.2641107738018036
0.5363500714302063
0.5227357745170593
0.7815386652946472
0.7762355208396912
0.5208171010017395
0.7105525135993958
0.6198258399963379
0.458585649728775
0.3512464165687561
0.5034744739532471
0.5867746472358704
0.12551039457321167
0.14622624218463898
0.7425704002380371
0.5561907887458801
0.2858421206474304
0.23749031126499176
0.4464624226093292
0.5343203544616699
0.6448157429695129
0.6149843335151672
0.7667126059532166
0.6932788491249084
0.5314969420433044
0.7687955498695374
0.5823256969451904
0.40064913034439087
0.5241717100143433
0.6100044846534729
0.8320954442024231
0.6207619905471802
0.7374528050422668
0.43610942363739014
0.415113627910614
0.25631019473075867
0.2654149532318115
0.24177850782871246
0.3330742418766022
0.3565228581428528
0.3678222596645355
0.34847667813301086
0.4480956494808197
0.507324755191803
0.5067416429519653
0.4971202313899994
0.5477926731109619
0.47169771790504456
0.3889271318912506
0.5946841239929199
0.5129533410072327
0.3830973505973816
0.5646769404411316
0.5441504716873169
0.6046079397201538
0.457425057888031
0.5702868700027466
0.5452254414558411
0.6921829581260681
0.6873587369918823
0.7726026177406311
0.7516646385192871
0.9002306461334229
0.8914889097213745
0.554193377494812
0.3961246609687805
0.5059458017349243
0.43296995759010315
0.2590451240539551
0.23750217258930206
0.3053114414215088
0.2309463769197464
0.15561436116695404
0.19544750452041626
0.1298077255487442
0.13380587100982666
0.23245640099048615
0.12237957864999771
0.1442234069108963
0.20865494012832642
0.2271168977022171
0.27398473024368286
0.20401951670646667
0.15464656054973602
0.1837133765220642
0.21404944360256195
0.3655734062194824
0.3784107565879822
0.566369354724884
0.5582577586174011
0.5944315791130066
0.6671203374862671
0.45897775888442993
0.5070266723632812
0.6536448001861572
0.5780156850814819
0.5715183615684509
0.7511155009269714
0.7745315432548523
0.8830583095550537
0.8549883961677551
0.667728841304779
0.5869970917701721
0.6674381494522095
0.7873263955116272
0.5590556263923645
0.4786289632320404
0.7211047410964966
0.8534388542175293
0.7708438038825989
0.5024746060371399
0.662591814994812
0.657249391078949
0.6772969365119934
0.7038309574127197
0.6501765251159668
0.703617513179779
0.568541944026947
0.6937758326530457
0.6366379261016846
0.2712472379207611
0.5646055340766907
0.5615847706794739
0.543075442314148
0.29992184042930603
0.6782191395759583
0.693784773349762
0.43844300508499146
0.6014170050621033
0.5788005590438843
0.4403466284275055
0.6592543721199036
0.46847793459892273
0.5632156729698181
0.514279842376709
0.41841939091682434
0.5038055777549744
0.5215944051742554
0.4468313455581665
0.23067021369934082
0.6619212031364441
0.7188262343406677
0.21004529297351837
0.3170382082462311
0.6895920634269714
0.7455146908760071
0.5999380350112915
0.5987480878829956
0.7440716624259949
