0.6527754664421082
0.6970153450965881
0.7690876126289368
0.7225906252861023
0.8288059234619141
0.5674216151237488
0.8351543545722961
0.347066730260849
0.7815259099006653
0.49968019127845764
0.6246628165245056
0.6152377724647522
0.7613664269447327
0.8650485277175903
0.6393263936042786
0.8135333061218262
0.6409772038459778
0.8122105598449707
0.46058717370033264
0.6119731068611145
0.7370020747184753
0.5846952795982361
0.4367658197879791
0.4137635827064514
0.23195144534111023
0.3842908442020416
0.42699164152145386
0.27004992961883545
0.302450567483902
0.34223657846450806
0.4867091178894043
0.3772055208683014
0.30321425199508667
0.36134591698646545
0.5233030915260315
0.466718465089798
0.5746477246284485
0.6594427824020386
0.7497090101242065
0.7406172156333923
0.7626240253448486
0.5641077160835266
0.676694929599762
0.6042975187301636
0.5056234002113342
0.44475024938583374
0.43881672620773315
0.3366416394710541
0.4534996449947357
0.42139288783073425
0.3816763162612915
0.42652052640914917
0.42134806513786316
0.7294778823852539
0.6403164863586426
0.8543330430984497
0.774362325668335
0.8695020079612732
0.8996720910072327
0.8881661891937256
0.8725481629371643
0.9168161749839783
0.8762111663818359
0.8401949405670166
0.7743951678276062
0.775173008441925
0.6999415755271912
0.44568926095962524
0.5232699513435364
0.7899988889694214
0.6650698184967041
0.35237470269203186
0.7473728656768799
0.7968955039978027
0.7528731226921082
0.8772405385971069
0.7841269373893738
0.8742965459823608
0.91065514087677
0.8245289325714111
0.836685061454773
0.5300772190093994
0.7426429986953735
0.3157850503921509
0.7006384134292603
0.6412976384162903
0.6911951303482056
0.6847360730171204
