0.4810728132724762
0.3952277898788452
0.44393640756607056
0.5335738062858582
0.559631884098053
0.2445036917924881
0.5045522451400757
0.5335345268249512
0.61842942237854
0.661649763584137
0.7734386920928955
0.7606434226036072
0.7462494373321533
0.7862076163291931
0.5616711974143982
0.45923009514808655
0.6588848829269409
0.6370524764060974
0.5347884893417358
0.6247007250785828
0.6500363945960999
0.18652582168579102
0.5030553340911865
0.4337930977344513
0.4460524618625641
0.42364874482154846
0.5657886862754822
0.534069836139679
0.5906460881233215
0.4055160582065582
0.7019214630126953
0.7436147928237915
0.8768671154975891
0.9283575415611267
0.7211090922355652
0.7024194598197937
0.7460101246833801
0.5841498970985413
0.43415963649749756
0.7199206352233887
0.48068830370903015
0.7030106782913208
0.7171067595481873
0.46163979172706604
0.492441862821579
0.705186665058136
0.662865936756134
0.6239507794380188
0.6943033337593079
0.5576196908950806
0.511107861995697
0.6171168088912964
0.6877807378768921
0.5172725915908813
0.4100934863090515
0.32104435563087463
0.6151889562606812
0.523375391960144
0.6489856839179993
0.5951855778694153
0.6232420802116394
0.7053459882736206
0.5451968312263489
0.5555024743080139
0.494253009557724
0.4912296533584595
0.6156516671180725
0.6913415789604187
0.7874787449836731
0.600448727607727
0.8083968758583069
0.6826915144920349
0.8101532459259033
0.7486558556556702
0.8950751423835754
0.768134593963623
0.8500202298164368
0.8081085681915283
0.7245597839355469
0.6492751240730286
0.6344952583312988
0.5281543731689453
0.6452974677085876
0.5253081917762756
0.5176152586936951
0.5796735882759094
0.5188001990318298
0.6063178777694702
0.5531389713287354
0.6493164300918579
0.5509490370750427
0.6149891018867493
0.6202220320701599
0.5921984314918518
0.5979484915733337
0.43309348821640015
0.583105742931366
0.6882302165031433
0.8414676785469055
0.5412376523017883
0.8335903286933899
0.749779224395752
0.8232277631759644
0.6117199063301086
0.7650848627090454
0.8598377108573914
0.8874492645263672
0.6371856331825256
0.6757238507270813
0.8196132779121399
0.8829679489135742
0.42471203207969666
0.652155876159668
0.7406052350997925
0.6004701256752014
0.6429520845413208
0.6631370186805725
0.43826615810394287
0.5661442875862122
0.5922182202339172
0.4914223849773407
0.3489473760128021
