0.30264467000961304
0.37006720900535583
0.33229711651802063
0.4256903827190399
0.566795825958252
0.47137826681137085
0.6590694785118103
0.8094297647476196
0.6670864820480347
0.6560303568840027
0.39991897344589233
0.8805360198020935
0.3500972390174866
0.5107019543647766
0.828563392162323
0.8090124130249023
0.3763926923274994
0.27508488297462463
0.9118573069572449
0.5765676498413086
0.4188510775566101
0.7759542465209961
0.787893533706665
0.43219122290611267
0.42406830191612244
0.6610782742500305
0.8379231691360474
0.6543548703193665
0.5335242748260498
0.4399651288986206
0.8701452612876892
0.68092280626297
0.38842812180519104
0.8294439315795898
0.9379211068153381
0.6613964438438416
0.3956095576286316
0.9047859311103821
0.8997790217399597
0.6505025029182434
0.6549639701843262
0.8549268841743469
0.5112645030021667
0.598983108997345
0.8241497278213501
0.8241286873817444
0.45959267020225525
0.46752187609672546
0.45522335171699524
0.3194444477558136
0.37708422541618347
0.5265093445777893
0.5887188911437988
0.32057589292526245
0.6793504953384399
0.6653850674629211
0.7932117581367493
0.5303028225898743
0.8906650543212891
0.8809435367584229
0.7840392589569092
0.7499831914901733
0.8830306529998779
0.9569624066352844
0.7287343144416809
0.8466187715530396
0.6918788552284241
0.871261715888977
0.66904616355896
0.6038596034049988
0.8672968745231628
0.49453872442245483
0.6035526394844055
0.5598858594894409
0.526104211807251
0.2736651301383972
0.3959076404571533
0.37511295080184937
0.19330793619155884
0.24521319568157196
