0.27623796463012695
0.4159117341041565
0.3289949893951416
0.24799881875514984
0.3384498655796051
0.40260085463523865
0.34102243185043335
0.4402082860469818
0.581055223941803
0.4796517789363861
0.5589669346809387
0.6403592824935913
0.5337033867835999
0.5676384568214417
0.417597234249115
0.43007710576057434
0.5442865490913391
0.6815303564071655
0.6840780377388
0.6787539720535278
0.7805584073066711
0.7554773688316345
0.7385199069976807
0.7162676453590393
0.9110615253448486
0.899734616279602
0.8070021867752075
0.8718916773796082
0.9539949893951416
0.9151920676231384
0.7031136751174927
0.9544729590415955
0.9487949013710022
0.8154316544532776
0.8604845404624939
0.9378336668014526
0.9024753570556641
0.7492313981056213
0.8486916422843933
