0.4409317076206207
0.3121933937072754
0.2776387333869934
0.4408203959465027
0.3278951048851013
0.2264232337474823
0.1305103600025177
0.514822781085968
0.36516454815864563
0.1510561853647232
0.2253379374742508
0.42314413189888
0.5243686437606812
0.6142229437828064
0.7709478139877319
0.8776180148124695
0.5686401724815369
0.462470680475235
0.6900755167007446
0.6565499305725098
0.6903606653213501
0.4150942265987396
0.45837461948394775
0.36451879143714905
0.4571504592895508
0.2825651466846466
0.475692480802536
0.7190157771110535
0.342812716960907
0.3656424582004547
0.8446463346481323
0.7484018802642822
0.892120361328125
0.7691160440444946
0.5259334444999695
0.6031173467636108
0.7987484335899353
0.5963316559791565
0.2715142071247101
0.6006544232368469
0.6907069087028503
0.3399597108364105
0.3377208113670349
0.6961256265640259
0.4942813515663147
0.382545530796051
0.2654176652431488
0.7078626751899719
0.6104288101196289
0.610883891582489
0.49335813522338867
0.7194650769233704
0.6131560206413269
0.5354864001274109
0.6963194012641907
0.7323316931724548
0.4810328483581543
0.22543004155158997
0.7494242787361145
0.4300878345966339
0.12618814408779144
0.3613463342189789
0.8097055554389954
0.3796916902065277
0.45622313022613525
0.7046530842781067
0.7616599202156067
0.4078635275363922
0.5464307069778442
0.8281047940254211
0.6576908230781555
0.46531757712364197
0.6002022624015808
0.7617834210395813
0.7699506878852844
0.46184244751930237
0.5794556736946106
0.6794679164886475
0.6507638096809387
0.42578405141830444
0.7544716000556946
0.8179793357849121
0.7425428628921509
0.6821842193603516
0.8593766689300537
0.6909947991371155
0.34717243909835815
0.667241096496582
0.6323093175888062
0.3477814197540283
0.49106112122535706
0.6298568844795227
0.5795077085494995
0.7698873281478882
0.5661247372627258
0.6871679425239563
0.592637836933136
0.5524119138717651
0.6127074360847473
0.6195509433746338
0.7281730771064758
0.7067189812660217
0.6371518969535828
0.32870689034461975
0.7655516266822815
0.8042010068893433
0.32914212346076965
0.5714970231056213
0.6413463950157166
0.7077773213386536
0.15919333696365356
0.477288156747818
0.6148676872253418
0.5246908068656921
0.3356110155582428
0.5086724758148193
0.6461701393127441
0.27934274077415466
0.541510283946991
0.5145151615142822
0.5646414756774902
0.37311697006225586
0.5739468932151794
0.5524038076400757
0.598633348941803
0.2606513500213623
0.5306732058525085
0.6560762524604797
0.279438853263855
0.31514042615890503
0.3998802602291107
0.35975444316864014
0.21318821609020233
0.4389292001724243
0.4274060130119324
0.2520741820335388
0.2960551679134369
