0.28800931572914124
0.3999588191509247
0.4729604721069336
0.5147492289543152
0.5159501433372498
0.5021387934684753
0.7068126797676086
0.5481336712837219
0.15185120701789856
0.7785807251930237
0.574586808681488
0.8058727979660034
0.7619811296463013
0.7599731683731079
0.5725681185722351
0.7318505048751831
0.8033769726753235
0.6013497114181519
0.792965829372406
0.4890510141849518
0.7102019786834717
0.6881058216094971
0.6834593415260315
0.7592424750328064
0.8530794978141785
0.5505856871604919
0.8505942225456238
0.41933372616767883
0.7386881113052368
0.26789596676826477
0.6809812188148499
0.20119218528270721
0.6935328245162964
0.2890535593032837
0.6401820778846741
0.5325172543525696
0.33609625697135925
0.20490063726902008
0.43270143866539
0.3787657916545868
0.6258931756019592
0.5441038012504578
0.8128364086151123
0.7222175002098083
0.7300369739532471
0.7618576884269714
0.6710366606712341
0.7107491493225098
0.6352040767669678
0.5352202653884888
0.4943443536758423
0.5248205065727234
0.44220879673957825
0.49948650598526
0.5697901844978333
0.7769425511360168
0.8748669028282166
0.7530643343925476
0.8951703310012817
0.8643891215324402
0.8614844679832458
0.6955246925354004
0.8573678135871887
0.7272694110870361
0.7746400833129883
0.47066599130630493
0.6538118124008179
0.5701212286949158
0.8880302309989929
0.6977588534355164
0.931447446346283
0.8627378940582275
0.3729688823223114
0.6895791292190552
0.49954235553741455
0.5875228047370911
0.7640862464904785
0.7560511231422424
0.7213613390922546
0.6125252842903137
0.6212636828422546
0.6635176539421082
0.7259219288825989
0.5744564533233643
0.793553352355957
0.43110203742980957
0.7219739556312561
0.3153350055217743
0.4749268889427185
0.07226810604333878
0.6064257621765137
0.3014872968196869
0.750748336315155
0.7012871503829956
0.5048297047615051
0.6582142114639282
0.5513315200805664
0.8866073489189148
0.5456048250198364
0.8904488682746887
0.8384937644004822
0.42210569977760315
0.7437266707420349
0.3990009129047394
0.7158658504486084
0.5402436256408691
0.7492777705192566
