0.34428778290748596
0.2196301966905594
0.40119683742523193
0.4198128283023834
0.28248560428619385
0.27907565236091614
0.45158275961875916
0.39756345748901367
0.36321210861206055
0.36392149329185486
0.4038142263889313
0.200469970703125
0.327208548784256
0.07764071971178055
0.4028282165527344
0.47251346707344055
0.5341567397117615
0.49056902527809143
0.5194584131240845
0.8214487433433533
0.631195068359375
0.7750500440597534
0.551679790019989
0.17095370590686798
0.278671532869339
0.20905570685863495
0.14240065217018127
0.3232290744781494
0.06436453759670258
0.5332323908805847
0.15600544214248657
0.3893667459487915
0.49070268869400024
0.34290164709091187
0.4694782495498657
0.5030465126037598
0.5057951807975769
0.19772972166538239
0.11329870671033859
0.11114758998155594
0.24123845994472504
0.18041925132274628
0.26502668857574463
0.38319841027259827
0.3986557722091675
0.4204710125923157
0.4192638397216797
0.5453899502754211
0.4250268340110779
0.2249632477760315
0.45939794182777405
0.397612601518631
0.1326119601726532
0.4961172640323639
0.5234932899475098
0.3151497542858124
0.2916228175163269
0.6600534915924072
0.28830817341804504
0.125374898314476
0.3305443823337555
0.26127925515174866
0.08765249699354172
0.199972465634346
0.1698477864265442
0.18655183911323547
0.1987438052892685
0.15496064722537994
0.2037724107503891
0.14632529020309448
0.26730048656463623
0.10529401898384094
0.09767083823680878
0.16508792340755463
0.06862372159957886
0.05799872428178787
0.09258507937192917
0.18587538599967957
0.08910894393920898
0.2781964838504791
0.4111629128456116
0.4365372061729431
0.46389293670654297
0.657989501953125
0.5139908194541931
0.43569719791412354
0.44676294922828674
0.4816369414329529
0.5154419541358948
0.2788875102996826
0.3757643699645996
0.3501621186733246
0.33220216631889343
0.15626561641693115
0.07397037744522095
0.04907854273915291
0.1137843132019043
0.3248370587825775
0.3996031880378723
0.3495813310146332
0.2769887149333954
0.6294788122177124
0.35033124685287476
0.14781303703784943
0.5005972981452942
0.5609497427940369
0.283318430185318
0.18290117383003235
0.5293253064155579
0.45297956466674805
0.20904876291751862
0.5792781710624695
0.601607084274292
0.5069064497947693
0.07632418721914291
0.08409379422664642
0.1510113775730133
0.35762515664100647
0.1628669798374176
0.0964776799082756
0.07134271413087845
0.16700516641139984
0.1620236039161682
0.0760708749294281
0.026328006759285927
0.1288696825504303
0.0925566777586937
0.008432437665760517
0.02622273936867714
0.09404253214597702
0.010992415249347687
0.01480667944997549
0.0629635825753212
0.09442715346813202
0.06323639303445816
0.09499703347682953
0.1496385633945465
0.1508958637714386
0.22511723637580872
0.3758406639099121
0.11737147718667984
0.10477172583341599
0.19179779291152954
0.23387834429740906
0.24790777266025543
0.08476974070072174
0.23078887164592743
0.2530292570590973
0.5866910219192505
0.30037128925323486
0.10269863903522491
0.27035772800445557
0.3468964397907257
0.47119835019111633
0.48278751969337463
0.5175464749336243
0.6173484921455383
0.4078082740306854
0.39417412877082825
0.3980664312839508
0.4437357485294342
0.35760369896888733
0.35149118304252625
0.3478935956954956
0.34140002727508545
0.35759010910987854
0.3198549151420593
0.44864422082901
0.2790740728378296
0.510717511177063
0.5617408156394958
0.471725195646286
0.421893447637558
0.45358601212501526
0.20521879196166992
0.253436803817749
0.3405994474887848
0.2919096052646637
0.4622683525085449
0.15941815078258514
0.12335238605737686
0.2494564652442932
0.2879556715488434
0.21378552913665771
0.2917013466358185
0.0573698952794075
0.11736515164375305
0.0447704903781414
0.20273742079734802
0.387355238199234
0.1700575202703476
0.2572239637374878
0.3585829436779022
0.18530058860778809
0.22699430584907532
0.5695146322250366
0.4274574816226959
0.6814612150192261
0.6179095506668091
0.4750048816204071
0.6497229933738708
0.6184539794921875
0.6487640738487244
0.7296012043952942
0.3471749424934387
0.4029355049133301
0.7075080871582031
0.7623607516288757
0.5499916076660156
0.338421106338501
0.6380313038825989
0.2775249481201172
0.4208792746067047
0.3808683454990387
0.3206372857093811
0.5314003229141235
0.28473562002182007
0.21553216874599457
0.3478523790836334
0.4347621500492096
0.5001851916313171
0.3835778832435608
0.1452520191669464
0.1751018911600113
0.10143319517374039
0.0838853120803833
0.03502040356397629
0.20581214129924774
0.0845932587981224
0.024066457524895668
0.022700438275933266
0.13699105381965637
0.04051278904080391
0.0361204668879509
0.16555733978748322
0.15175040066242218
0.08358738571405411
0.15263201296329498
0.22425444424152374
0.11128155142068863
0.49845805764198303
0.6544653177261353
0.3640575408935547
0.4671741724014282
0.7207117080688477
0.3335558772087097
0.70549476146698
0.636666476726532
0.41059914231300354
0.5335911512374878
0.501649022102356
0.3747956156730652
0.3512749969959259
0.6905826330184937
0.4489254355430603
0.19739492237567902
0.41373422741889954
0.36058253049850464
0.3264797329902649
0.4609810411930084
0.5823343396186829
0.23451873660087585
0.39283981919288635
0.45976319909095764
0.4406585097312927
0.5367145538330078
0.46919265389442444
0.6077715754508972
0.3734394311904907
0.47398367524147034
0.6204504370689392
0.582647979259491
0.32152214646339417
0.4223587214946747
0.5091055035591125
0.363784521818161
0.2295258790254593
0.5755525827407837
0.6573862433433533
0.20861296355724335
0.4683081805706024
0.4320064187049866
0.3327348232269287
0.3252515196800232
0.3251411020755768
0.39326730370521545
0.39947402477264404
0.3565693795681
0.3402405083179474
0.2954954206943512
0.3856160640716553
0.4138011932373047
0.4212777614593506
0.5839465260505676
0.6932939291000366
0.6223464012145996
0.7065064907073975
0.6075295209884644
0.7120609879493713
0.282491534948349
0.2568139135837555
0.3620959222316742
0.4395368993282318
0.4415704309940338
0.1552555114030838
0.3515588641166687
0.5806727409362793
0.6615227460861206
0.5901459455490112
0.6889315247535706
0.4653218686580658
0.39750969409942627
0.5758106708526611
0.46461090445518494
0.4338653087615967
0.13639195263385773
0.27647003531455994
0.21720640361309052
0.23750771582126617
0.23888345062732697
0.41149774193763733
0.11788550019264221
0.07988239079713821
0.3244176506996155
0.24902799725532532
0.07701484113931656
0.2627960741519928
0.3912256956100464
0.42793676257133484
0.4363040328025818
0.25231727957725525
0.48759588599205017
0.4533403217792511
0.25894424319267273
0.2011084407567978
0.11920402199029922
0.04186058044433594
0.09892701357603073
0.19805163145065308
0.1091696172952652
0.13469381630420685
0.389436274766922
0.31036749482154846
0.247337207198143
0.29646435379981995
0.11581206321716309
0.1739664524793625
0.315050333738327
