0.7069611549377441
0.7449874877929688
0.48033952713012695
0.5490491986274719
0.6225159764289856
0.508221447467804
0.45863354206085205
0.3397652208805084
0.40655452013015747
0.5699552893638611
0.16238932311534882
0.33347296714782715
0.630268931388855
0.7499724626541138
0.621791660785675
0.7784531712532043
0.8174064755439758
0.8168034553527832
0.7563272714614868
0.8186419606208801
0.7219647765159607
0.5581587553024292
0.6867818236351013
0.7063282132148743
0.5084067583084106
0.43105512857437134
0.4455193877220154
0.44386494159698486
0.45681488513946533
0.65688556432724
0.7066255211830139
0.6264980435371399
0.47645172476768494
0.448166161775589
0.2861945629119873
0.5917150378227234
0.6753304600715637
0.4188704192638397
0.7441688776016235
0.8516727685928345
0.7569809556007385
0.8008474111557007
0.8179212808609009
0.7702186703681946
0.7373824119567871
0.38799476623535156
0.7016170620918274
0.690797746181488
0.6055527925491333
0.6800896525382996
0.4662286043167114
0.7370010614395142
0.8734769821166992
0.9084194898605347
0.8318064212799072
0.7196248173713684
0.7016193866729736
0.8983568549156189
0.8405536413192749
0.5273682475090027
0.8253181576728821
0.8819096684455872
0.8036120533943176
0.6966336369514465
0.817628800868988
0.8649869561195374
0.7956161499023438
0.7278216481208801
0.7080315351486206
0.826062798500061
0.6602138876914978
0.8282302021980286
0.7443971037864685
0.8083116412162781
