0.4333461821079254
0.6198513507843018
0.6266452074050903
0.6036826372146606
0.8273135423660278
0.7752046585083008
0.5855015516281128
0.7885565161705017
0.8461353778839111
0.6496543884277344
0.6818987727165222
0.8696331977844238
0.7707104086875916
0.5463993549346924
0.7805525064468384
0.8035959601402283
0.6468896865844727
0.6444340348243713
0.5525922775268555
0.7314361333847046
0.5332221984863281
0.45074912905693054
0.6180002689361572
0.5010249018669128
0.4619790315628052
0.39755886793136597
0.3622530698776245
0.33374860882759094
0.22974130511283875
0.39040014147758484
0.4240545332431793
0.5698260068893433
0.6571997404098511
0.4907290041446686
0.3437718152999878
0.553514301776886
0.566850483417511
0.7652673125267029
0.8632276654243469
0.881252646446228
0.9173867106437683
0.9050476551055908
0.7756685614585876
0.7979115843772888
0.7961772084236145
0.7168102860450745
0.4471678137779236
0.3425401449203491
0.6460639238357544
0.5905972123146057
0.701698899269104
0.7461598515510559
0.8512203693389893
0.4792672395706177
0.834631085395813
0.7679899334907532
0.7871131300926208
0.6569674611091614
0.8023821711540222
0.89017254114151
0.887080729007721
0.7457590103149414
0.7866200804710388
0.7913750410079956
0.6925729513168335
0.7167657017707825
0.6002021431922913
0.5540209412574768
0.7495087385177612
0.8422126770019531
0.5483188033103943
0.7806686162948608
0.4993627369403839
0.8271012306213379
0.5599981546401978
0.7482397556304932
0.2878803014755249
0.6549009084701538
0.678312361240387
0.7657375931739807
0.48433250188827515
0.732767641544342
0.623868465423584
0.7128171324729919
0.6840856671333313
0.7307099103927612
0.6228367686271667
0.5935511589050293
0.6996588110923767
0.578507661819458
0.7542451024055481
0.6365640759468079
0.7898321747779846
0.8441463112831116
0.7712342739105225
0.7932196855545044
0.7349658608436584
0.7247258424758911
0.49194541573524475
0.5649548768997192
0.5011201500892639
0.4956446886062622
0.4440610110759735
0.5332444906234741
