0.23102052509784698
0.2696129083633423
0.19515004754066467
0.21365664899349213
0.25243064761161804
0.19266925752162933
0.16695159673690796
0.12440415471792221
0.18263010680675507
0.08150205761194229
0.3780706524848938
0.2792791426181793
0.22792679071426392
0.3636082708835602
0.4501616060733795
0.5828878283500671
0.25696325302124023
0.5842441916465759
0.2527863085269928
0.14912459254264832
0.43142062425613403
0.5066915154457092
0.4790126383304596
0.4048351049423218
0.6125249266624451
0.6652405858039856
0.42413702607154846
0.5746131539344788
0.5316305756568909
0.38569721579551697
0.40264132618904114
0.3711291551589966
0.40391579270362854
0.15773141384124756
0.33846601843833923
0.05516903102397919
0.04873117059469223
0.04005350545048714
0.10935788601636887
0.07672151178121567
0.11707504838705063
0.20139490067958832
0.13687434792518616
0.35738012194633484
0.3469690680503845
0.22453641891479492
0.4200175106525421
0.5632039904594421
0.6009327173233032
0.7171207666397095
0.5177481770515442
0.7799456119537354
0.6990694403648376
0.4993771016597748
0.4183165729045868
0.23551228642463684
0.1120978593826294
0.055272482335567474
0.1394854336977005
0.2533875107765198
0.18261010944843292
0.11603882908821106
0.29895564913749695
0.32588517665863037
0.4662513732910156
0.27639296650886536
0.39539864659309387
0.7191988825798035
0.7371485829353333
0.24069209396839142
0.4126437306404114
0.7706888318061829
0.2905365228652954
0.49788039922714233
0.8405029773712158
0.5313302278518677
0.5314072966575623
0.7371172308921814
0.16688254475593567
0.3614664673805237
0.45319366455078125
0.09979913383722305
0.1177658885717392
0.3685385584831238
0.21812206506729126
0.15206123888492584
0.2785532772541046
0.6356966495513916
0.4858469069004059
0.12098055332899094
0.07678679376840591
0.12283714860677719
0.17924083769321442
0.08768127113580704
0.12274583429098129
0.48716074228286743
0.749678909778595
0.7155252695083618
0.5091975331306458
0.7137117385864258
0.4949822425842285
0.13580821454524994
0.1337914764881134
0.28466981649398804
0.1795230656862259
0.5159170031547546
0.6574869155883789
0.7322267889976501
0.7140641212463379
0.538185715675354
0.4794587194919586
0.3188299238681793
0.3592197000980377
0.6982667446136475
0.5380392074584961
0.7047155499458313
0.6332470774650574
0.6646121144294739
0.7142791152000427
0.7614165544509888
0.621661901473999
0.6340059638023376
0.7347205281257629
0.7620278596878052
0.7670246958732605
0.6870405673980713
0.7574403882026672
0.659295380115509
0.5761801600456238
0.6981884837150574
0.5404822826385498
0.5020817518234253
0.508074939250946
0.6469487547874451
0.2377505898475647
0.5514214038848877
0.7021294236183167
0.6583214998245239
0.5074670910835266
0.6515849828720093
0.5160961747169495
0.510779857635498
0.4251261055469513
0.5115280151367188
0.5027710795402527
0.2164417952299118
0.2861597239971161
0.24319304525852203
0.3901270925998688
0.17398758232593536
0.5155807137489319
0.44721806049346924
0.1989729404449463
0.5745180249214172
0.4412142336368561
0.29138144850730896
0.4062279760837555
0.47624388337135315
0.25396275520324707
0.4015131890773773
0.21621562540531158
0.21798114478588104
0.0728340819478035
0.15073201060295105
0.15662774443626404
0.20502951741218567
0.09655038267374039
0.23840133845806122
0.4327234625816345
0.4064435660839081
0.13840694725513458
0.11627215892076492
0.10011670738458633
0.13442471623420715
0.030478762462735176
0.24814863502979279
0.3549380898475647
0.6627136468887329
0.6037502884864807
0.5738393068313599
0.6647873520851135
0.6601336598396301
0.5598490834236145
0.7974556684494019
0.8257825970649719
0.5692022442817688
0.7371755242347717
0.6359063386917114
0.38786497712135315
0.22262854874134064
0.5108778476715088
0.5450989603996277
0.5238181352615356
0.72746342420578
0.7604705691337585
0.6835034489631653
0.8068234324455261
0.7952702641487122
0.7950412631034851
0.8297940492630005
0.7342601418495178
0.6718147397041321
0.22349323332309723
0.08432628214359283
0.1493661105632782
0.047390177845954895
0.08030067384243011
0.07689706236124039
0.2132406085729599
0.07117953896522522
0.22617939114570618
0.27255815267562866
0.23586757481098175
0.16463370621204376
0.1424163430929184
0.11215344816446304
0.07088647782802582
0.05817578360438347
0.15482090413570404
0.0697055235505104
0.15243907272815704
0.3024696409702301
0.2865757942199707
0.5942626595497131
0.4391721785068512
0.6217620968818665
0.591765284538269
0.5736051201820374
0.41814348101615906
0.5615374445915222
0.5504582524299622
0.22881565988063812
0.5346084237098694
0.3170856833457947
0.19934311509132385
0.08068269491195679
0.20366455614566803
0.3084867000579834
0.26879575848579407
0.45278894901275635
0.4212047755718231
0.2739039957523346
0.4297139644622803
0.27209770679473877
0.1246602013707161
0.2844788730144501
0.46269407868385315
0.5735527276992798
0.12107595056295395
0.12438283860683441
0.18631334602832794
0.1478547304868698
0.5333676338195801
0.35841137170791626
0.48242199420928955
0.5761516094207764
0.4595129191875458
0.3133642077445984
