0.28747931122779846
0.4800121486186981
0.5405164361000061
0.2736164927482605
0.4328596889972687
0.6202449798583984
0.573182225227356
0.6312627196311951
0.7385528683662415
0.7108462452888489
0.6892415285110474
0.7893692851066589
0.5174749493598938
0.606237530708313
0.21750152111053467
0.31475821137428284
0.18252582848072052
0.2529590129852295
0.36384841799736023
0.5030234456062317
0.10335671901702881
0.46130362153053284
0.16243895888328552
0.4533681869506836
0.2502276301383972
0.5558134913444519
0.370780885219574
0.6906817555427551
0.7380950450897217
0.8636893033981323
0.8767414689064026
0.7082447409629822
0.6952195763587952
0.5977334380149841
0.4786098897457123
0.6194671988487244
0.75110924243927
0.7425514459609985
0.5276296138763428
0.42697831988334656
0.555172860622406
0.4501945674419403
0.5624775290489197
0.4757957458496094
0.7098113894462585
0.5845615267753601
0.5427062511444092
0.46166175603866577
0.4680391848087311
0.493625283241272
0.4670185446739197
0.5133031606674194
0.6537236571311951
0.6032316088676453
0.787352442741394
0.8051448464393616
0.8279431462287903
0.6387377977371216
0.6544125080108643
0.768427312374115
0.714560329914093
0.8113580346107483
0.8800097703933716
0.8828967809677124
0.749099850654602
0.7339499592781067
0.6853932738304138
0.5478041768074036
0.6069403886795044
0.31363216042518616
0.5400352478027344
0.2571885883808136
0.6106055378913879
0.15676672756671906
0.33776894211769104
0.06230028346180916
0.477773517370224
0.2585848867893219
0.35710400342941284
0.43014147877693176
0.7395421862602234
0.42245763540267944
0.7637508511543274
0.37103521823883057
0.7415932416915894
0.2925001084804535
0.4245215058326721
0.6166207790374756
0.4250735938549042
0.7812116742134094
0.7366283535957336
0.8713356852531433
0.7161663174629211
0.43360817432403564
0.45339223742485046
0.5858153700828552
0.7259615659713745
0.6688293814659119
0.5681112408638
0.6473830342292786
0.7353259921073914
0.5772916078567505
0.7566694617271423
0.2539118826389313
0.7707496285438538
0.15304477512836456
0.4481644034385681
0.13292627036571503
0.477417528629303
