0.38555604219436646
0.5498986840248108
0.33979836106300354
0.6324799060821533
0.7152975797653198
0.7404456734657288
0.8463321924209595
0.8549988269805908
0.8998565673828125
0.9515316486358643
0.9213127493858337
0.8575322031974792
0.9161862134933472
0.8568901419639587
0.9198673963546753
0.8211684823036194
0.8693774342536926
0.779701828956604
0.9185910820960999
0.8092696070671082
0.8640567660331726
0.7928197979927063
0.11434800177812576
0.4135510325431824
0.9231709241867065
0.44716179370880127
0.049179382622241974
0.7666074633598328
0.8330069780349731
0.10326270014047623
0.11398766934871674
0.5796858668327332
0.24764986336231232
0.4144130349159241
0.3563835024833679
0.11422937363386154
0.20014972984790802
0.04172864556312561
0.1302555501461029
0.05414445698261261
0.0896371603012085
0.5760612487792969
0.8748660087585449
0.6179599165916443
0.320231556892395
0.5352001190185547
0.4138818383216858
0.2669280469417572
0.2166585773229599
0.2522663474082947
0.19354510307312012
0.17379911243915558
0.0272554699331522
0.0524517185986042
0.05278928950428963
0.031029237434267998
0.021232515573501587
0.06702283024787903
0.04043105989694595
0.04230836033821106
0.13331079483032227
0.07609758526086807
0.14438030123710632
0.032453782856464386
0.09841042011976242
0.08012568205595016
0.1649804413318634
0.38311493396759033
0.769464910030365
0.14436054229736328
0.453872948884964
0.7970187067985535
0.54072105884552
0.09963951259851456
0.6148954033851624
0.634677529335022
0.1738608181476593
0.20594948530197144
0.19854363799095154
0.16482524573802948
0.07517930865287781
0.3884144425392151
0.7432017922401428
0.5067930221557617
0.8197935819625854
0.5286417603492737
0.9080410003662109
0.7661554217338562
0.3443653881549835
0.3824146091938019
0.8350695967674255
0.6257954239845276
0.32854869961738586
0.6033810377120972
0.6298019886016846
0.4942026138305664
0.5131005644798279
0.4661444127559662
0.4931652247905731
0.1264408528804779
0.23092110455036163
0.2612301707267761
0.2192976474761963
0.24591834843158722
0.16725558042526245
0.27955734729766846
0.46012353897094727
0.5308670997619629
0.2092456966638565
0.16824159026145935
0.05561356619000435
0.06796735525131226
0.11548381298780441
0.11079297214746475
0.354726105928421
0.854317307472229
0.8817035555839539
0.9382748007774353
0.8921574354171753
0.5719825625419617
0.7374834418296814
0.9296772480010986
0.7322524189949036
0.6183319687843323
0.8462132811546326
0.8248313069343567
0.5172866582870483
0.7665212750434875
0.8223550915718079
0.8875241875648499
0.5984521508216858
0.7681406140327454
0.7759320735931396
0.9014557003974915
0.5530163645744324
0.6147345900535583
0.47783538699150085
0.5346808433532715
0.5402358174324036
0.8126336336135864
0.7528046369552612
0.8805798292160034
0.6840546131134033
0.8324180841445923
0.6856298446655273
0.6883195042610168
0.8895207643508911
0.913031280040741
0.6804816126823425
0.8107931017875671
0.6268580555915833
0.8464677929878235
0.47738271951675415
0.745609700679779
0.684650719165802
0.5925354957580566
0.5707433223724365
0.51010662317276
0.5037192702293396
0.3194599151611328
0.24286265671253204
0.2415209859609604
0.09321776777505875
0.2408621907234192
0.077594093978405
0.03452521562576294
0.052562031894922256
0.0942009836435318
0.07065718621015549
