0.6590961217880249
0.6528810858726501
0.3755986988544464
0.8225524425506592
0.5086666941642761
0.769554615020752
0.8517881035804749
0.6550434231758118
0.8021309971809387
0.8913099765777588
0.7800900936126709
0.4602185785770416
0.41229239106178284
0.6477537751197815
0.7612274289131165
0.5736664533615112
0.5211318731307983
0.22143109142780304
0.768418550491333
0.46418496966362
0.40592771768569946
0.5315384268760681
0.6301968097686768
0.49838787317276
0.4435308277606964
0.6289990544319153
0.5980656743049622
0.800554096698761
0.690950334072113
0.8402741551399231
0.8011635541915894
0.9174702167510986
0.8770525455474854
0.8152139782905579
0.860946774482727
0.579932451248169
0.9197743535041809
0.9465254545211792
0.9142881035804749
0.9524680376052856
0.9439913630485535
0.8406016230583191
0.7814475893974304
0.5307209491729736
0.771894097328186
0.24086563289165497
0.6782700419425964
0.7173452377319336
0.7032396197319031
0.7245190739631653
0.8229330778121948
0.6135337948799133
0.8676746487617493
0.8237681984901428
0.8241150975227356
0.7513315081596375
0.6669489741325378
0.3985883295536041
0.653764545917511
0.39307901263237
0.7389131784439087
0.41972461342811584
0.464056134223938
0.8937981128692627
0.8344882130622864
0.630027711391449
0.5608628392219543
0.9045841693878174
0.8704591393470764
0.3938126862049103
0.5031911134719849
0.904048502445221
0.41766631603240967
0.38001981377601624
0.8056687116622925
0.8067927956581116
0.5516195893287659
0.2681261897087097
0.8373625874519348
0.6979195475578308
0.21606184542179108
0.7510910034179688
0.8842343688011169
0.5254090428352356
0.13762764632701874
0.6907021999359131
0.8373154401779175
0.22378341853618622
0.16016550362110138
0.7891629338264465
0.7636347413063049
0.6145523190498352
0.1270643025636673
0.16254763305187225
0.34204497933387756
0.2550629675388336
0.6458509564399719
0.3525182604789734
0.7689948081970215
0.5346823334693909
0.5495855808258057
0.7765746712684631
0.5436429977416992
0.8488771319389343
0.7742357850074768
0.7235247492790222
0.42966586351394653
0.6320955753326416
0.5060027837753296
0.25757095217704773
0.42754191160202026
0.6510276794433594
0.4703022539615631
0.4036307632923126
0.3973858058452606
0.6730416417121887
0.6493734121322632
0.272896409034729
0.6896141767501831
0.1589037925004959
0.07232892513275146
0.04708797112107277
0.3146425485610962
0.17583876848220825
0.25839951634407043
0.5280682444572449
0.2043217569589615
0.1598033607006073
0.6266390681266785
0.7130986452102661
0.3979122042655945
0.7520282864570618
0.9304982423782349
0.7951390743255615
0.5620828866958618
0.9645609259605408
0.9686267971992493
0.6446319222450256
0.9259535670280457
0.9813037514686584
0.9325735569000244
0.9013156890869141
0.9841500520706177
0.9592816233634949
0.962360680103302
0.9528264999389648
0.9086867570877075
0.9167795181274414
0.8821532726287842
0.6992027163505554
0.7850865125656128
0.7131807208061218
0.721566915512085
0.5258957743644714
0.2602023482322693
0.7194698452949524
0.5008601546287537
0.28132036328315735
0.4114542007446289
0.38797032833099365
0.18980750441551208
0.3878537714481354
0.4218345582485199
0.4451666474342346
0.4324595034122467
0.23019690811634064
0.20882810652256012
0.4222261905670166
0.5637544393539429
0.2194809913635254
0.41728004813194275
0.6307670474052429
0.4798583984375
0.24414794147014618
0.6673184633255005
0.49686479568481445
0.3353515863418579
0.4493948221206665
0.8147357702255249
0.6327219605445862
0.4721631109714508
0.19793343544006348
0.5562779307365417
0.2001461237668991
0.16736266016960144
0.2189633846282959
0.27017393708229065
0.06777770817279816
0.20222707092761993
0.2015296071767807
0.14059078693389893
0.044576775282621384
0.03281427174806595
0.00784278754144907
0.10047120600938797
0.00744509045034647
0.008863693103194237
0.017918569967150688
0.02546682581305504
0.04352790117263794
0.04485759139060974
0.03335835412144661
0.020895985886454582
0.009915739297866821
0.0028551570139825344
0.002311036456376314
0.009675553999841213
0.021727731451392174
0.08829054236412048
0.5944026708602905
0.5539954304695129
0.6203942894935608
0.8344210982322693
0.43753671646118164
0.2826637327671051
0.7315771579742432
0.7852766513824463
0.13479118049144745
0.2714053690433502
0.7246580123901367
0.3260621726512909
0.02468327432870865
0.16830216348171234
0.32552647590637207
0.0870550200343132
0.06070154905319214
0.04929574579000473
0.06851670891046524
0.0360199399292469
0.04414914920926094
0.018784575164318085
0.014411683194339275
0.05379386618733406
0.025105644017457962
0.03349454328417778
0.12454182654619217
0.17506931722164154
0.41579291224479675
0.29593825340270996
0.30946189165115356
0.5334204435348511
0.5718823671340942
0.33541327714920044
0.27802401781082153
0.756872832775116
0.7137319445610046
0.692278265953064
0.17967230081558228
0.4409574568271637
0.5673071146011353
0.38168421387672424
0.5474770069122314
0.33842357993125916
0.10677594691514969
0.3262132704257965
0.1238604411482811
0.045961737632751465
0.07453066110610962
0.09636629372835159
0.2082362174987793
0.4313356876373291
0.6164208650588989
0.7557787299156189
0.6484154462814331
0.3827042877674103
0.6230643391609192
0.6227453351020813
0.1715042144060135
0.04873185232281685
0.36136117577552795
0.17566192150115967
0.035200994461774826
0.0353393591940403
0.014708292670547962
0.011589907109737396
0.0038564640562981367
0.0019216792425140738
0.008872609585523605
0.02493230812251568
0.15700417757034302
0.5547036528587341
0.7279332876205444
0.7415629625320435
0.49850571155548096
0.9004276990890503
0.7430017590522766
0.777434229850769
0.09903447329998016
0.11069488525390625
0.44077879190444946
0.3580515682697296
0.01583229936659336
0.09709945321083069
0.3479715883731842
0.07724004238843918
0.06852499395608902
0.022057676687836647
0.02161240018904209
0.008358449675142765
0.01776018738746643
0.044660795480012894
0.1629965454339981
0.3086754381656647
0.6508954167366028
0.8291622400283813
0.3526826500892639
0.3094824254512787
0.5221432447433472
0.5057253241539001
0.1412079930305481
0.1881617158651352
0.22717268764972687
0.14811541140079498
0.14879967272281647
0.39087915420532227
0.2084619700908661
0.1977653205394745
0.10204210877418518
0.20309562981128693
0.10610117018222809
0.04986787587404251
0.07106111198663712
0.06410038471221924
0.045289985835552216
0.017559701576828957
0.05202836915850639
0.03244848549365997
0.03689185157418251
0.053878266364336014
0.05018255114555359
0.04266244173049927
0.033278435468673706
0.052616436034440994
0.07529209554195404
0.08744821697473526
0.40063968300819397
0.4761318266391754
0.8686716556549072
0.7535406351089478
0.19740526378154755
0.14235322177410126
0.17864499986171722
0.26536819338798523
0.05581218749284744
0.03676556050777435
0.06444251537322998
0.18595421314239502
0.021899132058024406
0.027369072660803795
0.07329276204109192
0.08497055619955063
0.030341407284140587
0.06538888067007065
0.21108044683933258
0.20462939143180847
0.10201921314001083
0.15638449788093567
0.2857540249824524
0.19869787991046906
0.27940547466278076
0.23415489494800568
0.38334906101226807
0.1381889432668686
0.10334565490484238
0.06704239547252655
0.10160968452692032
0.11948612332344055
0.07370322197675705
0.09089496731758118
0.02775316685438156
0.05098356679081917
0.07548032701015472
0.044125236570835114
0.06325115263462067
0.08043519407510757
0.3015533983707428
0.24193671345710754
0.5723354816436768
0.7123140096664429
0.8047102093696594
0.7207881808280945
0.7747151255607605
0.5350741147994995
0.8263453245162964
0.8754321336746216
0.764166533946991
0.7278534770011902
0.8841633796691895
0.819886326789856
0.86309415102005
0.7568300366401672
0.7276875376701355
0.23868563771247864
0.5737714767456055
0.5437933802604675
0.12062936276197433
0.16145601868629456
0.1322459727525711
0.43745505809783936
0.08458014577627182
0.2563755214214325
0.23747804760932922
0.21258577704429626
0.21064117550849915
0.17285580933094025
0.17097942531108856
0.27973997592926025
0.08880322426557541
0.04345444217324257
0.21692967414855957
0.1831076741218567
0.24388395249843597
0.6180374622344971
0.7508750557899475
0.6814709305763245
0.896757960319519
0.745342493057251
0.8800666332244873
0.86329585313797
0.9191876649856567
0.47120401263237
0.6464768648147583
0.884355366230011
0.7639762163162231
0.4572272300720215
0.6913126111030579
0.4053266644477844
0.5926344990730286
0.1712743639945984
0.17839360237121582
0.155366912484169
0.363605797290802
0.06587465852499008
0.02010948397219181
0.06595591455698013
0.1296585202217102
0.07831317186355591
0.02421685680747032
0.028197752311825752
0.08862117677927017
0.06916697323322296
0.035652678459882736
0.05694742500782013
0.03278114274144173
0.05316747725009918
0.02460564859211445
0.040976572781801224
0.02137589268386364
0.039913419634103775
0.21246060729026794
0.06983683258295059
0.19009436666965485
0.19486992061138153
0.18201041221618652
0.275591641664505
0.6914430260658264
0.4935903549194336
0.3981766700744629
0.6453517079353333
0.7112963199615479
0.3467477262020111
0.3422139585018158
0.8504083752632141
0.5205782055854797
0.2380986213684082
0.18320247530937195
0.5153201818466187
0.3562929630279541
0.09986615926027298
0.19312402606010437
0.4472115933895111
0.11889105290174484
0.4162585139274597
0.15657737851142883
0.21146368980407715
0.04243011772632599
0.04618697613477707
0.010767591185867786
0.02608853206038475
0.02330903150141239
0.08495806902647018
0.16410233080387115
0.302458792924881
0.545739471912384
0.7290637493133545
0.7121080756187439
0.7195274233818054
0.6274968385696411
0.4269067049026489
0.4897828698158264
0.5707862973213196
0.3630101978778839
0.25804662704467773
0.29723483324050903
0.4396522343158722
0.04808775708079338
0.03306218609213829
0.12231387197971344
0.2711896300315857
0.05608551576733589
0.03727243095636368
0.3053039610385895
0.5656493306159973
0.2689336836338043
0.16025705635547638
0.043465759605169296
0.009111806750297546
0.034099776297807693
0.06703492999076843
0.1450771540403366
0.14919845759868622
0.4134191572666168
0.23084108531475067
0.23428885638713837
0.43739810585975647
0.4123822748661041
0.23162433505058289
0.11600209772586823
0.2655511498451233
0.3942129611968994
0.12137220799922943
0.1621057242155075
0.2305232435464859
0.17084553837776184
0.11423924565315247
0.11643273383378983
0.08440623432397842
0.07786637544631958
0.12514325976371765
0.06516209989786148
0.11162355542182922
0.04101024568080902
0.06981658190488815
0.02986699715256691
0.052746713161468506
0.16669638454914093
0.13184301555156708
0.17299829423427582
0.0489538237452507
0.015084965154528618
0.042149048298597336
0.10174160450696945
0.11263813078403473
0.30799129605293274
0.18056204915046692
0.47810643911361694
0.6546376943588257
0.6051506400108337
0.5794445276260376
0.5803216695785522
0.5322391390800476
0.6996577382087708
0.44607284665107727
0.5899591445922852
0.5890651345252991
0.3981274664402008
0.22854535281658173
0.646763265132904
0.6516504287719727
0.2061600238084793
0.2896919548511505
0.48330530524253845
0.6422731876373291
0.46143823862075806
0.480962872505188
0.7589352130889893
0.6369410157203674
0.7013477683067322
0.6467865109443665
0.5731481313705444
0.18577875196933746
0.3881925642490387
0.6841919422149658
0.4722217619419098
0.3655763864517212
0.35629257559776306
0.17037911713123322
0.247628852725029
0.3028159737586975
0.11101434379816055
0.4052603840827942
0.24715521931648254
0.34171977639198303
0.07926074415445328
0.0581417940557003
0.06687675416469574
0.024411821737885475
0.016681456938385963
0.07563942670822144
0.12739846110343933
0.5383922457695007
0.26420652866363525
0.3965485692024231
0.8795589208602905
0.8697161078453064
0.8740516304969788
0.764172375202179
0.45133596658706665
0.6780856251716614
0.35517632961273193
0.3767634928226471
0.10540688782930374
0.4182997941970825
0.24358177185058594
0.1700725257396698
0.22910693287849426
0.3590964078903198
0.5022175908088684
0.09591173380613327
0.15328311920166016
0.08452539891004562
0.07990366220474243
0.10699544847011566
0.2407953441143036
0.23903124034404755
0.8085116147994995
0.8553268909454346
0.5478480458259583
0.8314221501350403
0.9341149926185608
0.898428738117218
0.7117845416069031
0.7060156464576721
0.3922247588634491
0.311220645904541
0.5884779691696167
0.21857203543186188
0.5951237082481384
0.42982497811317444
0.768589198589325
0.5103262066841125
0.4004915952682495
0.38606157898902893
0.24142278730869293
0.401307076215744
0.31539595127105713
0.4111747145652771
0.4140172004699707
0.24722544848918915
0.34745511412620544
0.7284892201423645
0.6193268895149231
0.2971619665622711
0.47007063031196594
0.43775877356529236
0.47517454624176025
0.37836387753486633
0.45323070883750916
0.5229402184486389
0.4936774671077728
0.3531056344509125
0.4187304973602295
0.4310944080352783
0.3942801058292389
0.24274379014968872
0.31484222412109375
0.4329737722873688
0.5908661484718323
0.5003567337989807
0.7796766757965088
0.6243264675140381
0.46193811297416687
0.5837636590003967
0.6044876575469971
0.10029381513595581
0.14679273962974548
0.24551105499267578
0.43588486313819885
0.0656825453042984
0.19420161843299866
0.6273182034492493
0.28892165422439575
0.13670553267002106
0.5914931297302246
0.571294367313385
0.6579721570014954
0.5604144334793091
0.4972008168697357
0.6720869541168213
0.6129555106163025
0.7225117683410645
0.30520927906036377
0.7413037419319153
0.5179197788238525
0.7620323896408081
0.5238073468208313
0.6619235873222351
0.7390106916427612
0.6093258261680603
0.5851638317108154
0.5365654826164246
0.6871655583381653
0.3359763026237488
0.47969579696655273
0.6695556044578552
0.6436768174171448
0.5338271856307983
0.7837656736373901
0.7968476414680481
0.7848970890045166
0.7726027369499207
0.5765182375907898
0.5212870836257935
0.6887475848197937
0.687477707862854
0.6939945220947266
0.5264478325843811
0.5307935476303101
0.7453129887580872
0.5362411141395569
0.8031713366508484
0.5927174687385559
0.42573535442352295
0.7237867116928101
0.5144855380058289
0.5988696217536926
0.6029230952262878
0.9048400521278381
0.8613781332969666
0.7948479652404785
0.6482694149017334
0.4277379810810089
0.3485100567340851
0.5288512706756592
0.26872316002845764
0.17956788837909698
0.3542526960372925
0.20001202821731567
0.1118510290980339
0.20660269260406494
0.40015533566474915
0.33860263228416443
0.25577512383461
0.3259398639202118
0.23636187613010406
0.20437784492969513
0.2569020986557007
0.5704964399337769
0.5524941682815552
0.6320112347602844
0.4364542067050934
0.34326139092445374
0.3285650312900543
0.5052952766418457
0.350033164024353
0.34744665026664734
0.38452306389808655
0.559364914894104
0.6371051073074341
0.6115993857383728
0.8465690612792969
0.7406400442123413
0.8190036416053772
0.7908386588096619
0.6267462372779846
0.49263250827789307
0.34462711215019226
0.21416981518268585
0.4126717150211334
0.3384563624858856
0.4927723705768585
0.7309398651123047
0.5469666123390198
0.2476707100868225
0.488827645778656
0.5726150274276733
