0.3791133761405945
0.4212815463542938
0.4454025626182556
0.31170743703842163
0.29507726430892944
0.1510976403951645
0.1439669281244278
0.23562757670879364
0.14167849719524384
0.15411536395549774
0.17090411484241486
0.1695737987756729
0.1339268982410431
0.15208333730697632
0.31874629855155945
0.32596245408058167
0.21354851126670837
0.34233707189559937
0.5915561318397522
0.573898434638977
0.3660845458507538
0.4705314636230469
0.7409921884536743
0.5007458329200745
0.6649494171142578
0.7959781289100647
0.7964029908180237
0.7327762246131897
0.30991998314857483
0.759061336517334
0.8712921142578125
0.7487509250640869
0.28720417618751526
0.841128408908844
0.8473845720291138
0.2890094518661499
0.2693605124950409
0.821287989616394
0.7742250561714172
0.19280242919921875
0.3917165994644165
0.6495593786239624
0.5572988986968994
0.35276350378990173
0.6332634687423706
0.6663872003555298
0.37686362862586975
0.382212370634079
0.22409160435199738
0.35472002625465393
0.5437366366386414
0.5709261894226074
0.5040912628173828
0.48799726366996765
0.5132229328155518
0.4977737069129944
0.4633585214614868
0.2389584630727768
0.2926558554172516
0.4977051019668579
0.7196131944656372
0.45780590176582336
0.7194430232048035
0.7704514265060425
0.7100212574005127
0.5099570155143738
0.5061304569244385
0.6592370271682739
0.5098801851272583
0.32745617628097534
0.32527247071266174
0.39163491129875183
0.3631138503551483
0.4245285093784332
0.39783716201782227
0.3768562376499176
0.3765871226787567
0.3701084852218628
0.4130529463291168
0.3179610073566437
0.23462340235710144
0.3031021058559418
0.41454145312309265
0.38207104802131653
0.21807464957237244
0.4863768219947815
0.46747907996177673
0.3981046676635742
0.4041198790073395
0.5004846453666687
0.3899420201778412
0.3949492573738098
0.2593708634376526
0.36068195104599
0.48251184821128845
0.34774526953697205
0.7896348237991333
0.39514508843421936
0.22270072996616364
0.22278210520744324
0.6664807200431824
0.4437892735004425
0.13530197739601135
0.23112988471984863
0.45481789112091064
0.4644409418106079
0.17362496256828308
0.17734715342521667
0.3592067062854767
0.3707396686077118
0.048741087317466736
0.1579197347164154
0.32323911786079407
0.15294615924358368
0.10469598323106766
0.049768198281526566
0.021565089002251625
0.04811156913638115
0.062134161591529846
0.12277582287788391
0.12696850299835205
0.42582523822784424
0.3767912685871124
0.49550098180770874
0.3480381369590759
0.6595984101295471
0.7836902141571045
0.7056903839111328
0.6497352719306946
0.4662267863750458
0.30085816979408264
0.5910303592681885
0.2328868955373764
0.6875448226928711
0.4694575369358063
0.10790614038705826
0.33983588218688965
0.29548242688179016
0.5859329104423523
0.47007668018341064
0.5581702589988708
0.24237778782844543
0.5331006646156311
0.1471480280160904
0.055179014801979065
0.11729563772678375
0.11690032482147217
0.1521531343460083
0.37210527062416077
0.33353665471076965
0.6631191372871399
0.6309942603111267
0.4762260615825653
0.6787141561508179
0.6599497199058533
0.39163121581077576
0.5935510396957397
0.4854012131690979
0.3892735242843628
0.36934638023376465
0.1649131327867508
0.3827647268772125
0.06768602877855301
0.08003439009189606
0.023724457249045372
0.10617528855800629
0.11577444523572922
0.16704486310482025
0.26895809173583984
0.24564772844314575
0.44571107625961304
0.7502146363258362
0.5271556377410889
0.6624746918678284
0.5798546671867371
0.5209288597106934
0.7604196667671204
0.605891764163971
0.7555397152900696
0.6148322224617004
0.19887305796146393
0.41464319825172424
0.6077626943588257
0.3940809965133667
0.15730133652687073
0.2522636353969574
0.6192551255226135
0.35547009110450745
0.1969848871231079
0.12221024185419083
0.34577476978302
0.06906016916036606
0.21951954066753387
0.08488552272319794
0.1254814714193344
0.5672996044158936
0.5312106609344482
0.17152103781700134
0.4163525700569153
0.4964485168457031
0.4833061397075653
0.5109804272651672
0.4182656705379486
0.5502294898033142
0.26175299286842346
0.21569976210594177
0.39975273609161377
0.5124778151512146
0.5737982988357544
0.5552970170974731
0.49726560711860657
0.25239992141723633
0.18520325422286987
0.4889781177043915
0.2416168600320816
0.4835030138492584
0.25500214099884033
0.567284882068634
0.7343453168869019
0.8371453285217285
0.7654216885566711
0.8340086340904236
0.7552027702331543
0.47416993975639343
0.71668940782547
0.47185373306274414
0.6376298666000366
0.354605108499527
0.4763176143169403
0.6925177574157715
0.6010535955429077
0.5148876905441284
0.21090422570705414
0.45261329412460327
0.23554164171218872
0.07493436336517334
0.32272377610206604
0.3235985338687897
0.2914520800113678
0.16399513185024261
0.28779545426368713
0.32296261191368103
0.17758207023143768
0.3268662095069885
0.37248414754867554
0.2393457591533661
0.20677025616168976
0.1834772676229477
0.5060327649116516
0.33216315507888794
0.2583482563495636
0.16854363679885864
0.2642553150653839
0.4446534514427185
0.46368688344955444
0.534715473651886
