0.5041834115982056
0.2609575688838959
0.1482449322938919
0.10086723417043686
0.14743277430534363
0.15961730480194092
0.020640812814235687
0.012489006854593754
0.007303047459572554
0.01948472298681736
0.008637685328722
0.060280799865722656
0.060510583221912384
0.25057926774024963
0.0720038190484047
0.034413378685712814
0.0882125049829483
0.23839057981967926
0.03842026740312576
0.017130054533481598
0.19191038608551025
0.3352951407432556
0.04209454730153084
0.23116061091423035
0.6607396006584167
0.44386690855026245
0.4765018820762634
0.2930222153663635
0.1711830049753189
0.04157998412847519
0.04904836043715477
0.012302296236157417
0.05344949662685394
0.08693002909421921
0.2243625372648239
0.3948806822299957
0.6114211082458496
0.7992008328437805
0.6031041741371155
0.18178389966487885
0.20256689190864563
0.42333725094795227
0.1925787478685379
0.3315368890762329
0.3687601387500763
0.34908872842788696
0.2956390678882599
0.16236574947834015
0.1119532436132431
0.24215255677700043
0.12637493014335632
0.1861705183982849
0.26408177614212036
0.6098942160606384
0.32522010803222656
0.3520081043243408
0.551588237285614
0.39002054929733276
0.19693374633789062
0.0731564313173294
0.0640883669257164
0.15026821196079254
0.09326079487800598
0.045751649886369705
0.062033671885728836
0.07784727960824966
0.08287477493286133
0.11936996132135391
0.06282027065753937
0.04974229633808136
0.26129525899887085
0.14136862754821777
0.5682383179664612
0.34656527638435364
0.1394534558057785
0.3767496347427368
0.19559508562088013
0.200163334608078
0.35578247904777527
0.35937535762786865
0.14319059252738953
0.3929588794708252
0.16904738545417786
0.2698530852794647
0.28646907210350037
0.16127410531044006
0.27937865257263184
0.14100447297096252
0.2773761749267578
0.18397706747055054
0.3247816562652588
0.48299190402030945
0.2140657901763916
0.3489129841327667
0.6428794264793396
0.6644168496131897
0.46272003650665283
0.7767208814620972
0.31514254212379456
0.7435196042060852
0.8898956775665283
0.8950706124305725
0.5633171796798706
0.7612811326980591
0.5749573111534119
0.5052651166915894
0.49637502431869507
0.09877704828977585
0.15482985973358154
0.08524099737405777
0.19293618202209473
0.20485229790210724
0.14143896102905273
0.2099531590938568
0.5738715529441833
0.6193806529045105
0.3394862711429596
0.551829993724823
0.25472790002822876
0.43754950165748596
0.535001814365387
0.437160849571228
0.568994402885437
0.5393746495246887
0.7741664052009583
0.8106711506843567
0.8873408436775208
0.6440702080726624
0.5464920401573181
0.8381479978561401
0.7347934246063232
0.3900836110115051
0.6534901261329651
0.44691649079322815
0.4372241199016571
0.40907537937164307
0.7907286882400513
0.7921501398086548
0.30303385853767395
0.5508633852005005
0.735251247882843
0.33625856041908264
0.12753644585609436
0.6741592884063721
0.4904541075229645
0.0609108991920948
0.2952024042606354
0.4895535111427307
0.06441458314657211
0.07189566642045975
0.3235330879688263
0.1339355707168579
0.07572780549526215
0.06988170742988586
0.05809307098388672
0.06701580435037613
0.04874059185385704
0.05808652192354202
0.10108979791402817
0.051849886775016785
0.04993649944663048
0.08058937638998032
0.037813764065504074
0.035558514297008514
0.01336178183555603
0.028639743104577065
0.037063486874103546
0.041725512593984604
0.027125844731926918
0.02583773247897625
0.00952689629048109
0.0556054450571537
0.04833271726965904
0.011728545650839806
0.055511802434921265
0.14897312223911285
0.06385514885187149
0.12631948292255402
0.2821241021156311
0.1104763075709343
0.16749151051044464
0.4657183885574341
0.47277703881263733
0.14174537360668182
0.14193500578403473
0.47122976183891296
0.39510098099708557
0.07028444111347198
0.02027662843465805
0.17331178486347198
0.12092699110507965
0.05822484940290451
0.057443778961896896
0.3010352849960327
0.10862564295530319
0.23492248356342316
0.28467947244644165
0.13919110596179962
0.1206066906452179
0.06164637580513954
0.061561036854982376
0.05819297581911087
0.05664155259728432
0.02740120328962803
0.005373101215809584
0.05890313908457756
0.045939646661281586
0.005497890058904886
0.029154116287827492
0.1648525893688202
0.20314298570156097
0.024873588234186172
0.18454301357269287
0.23018625378608704
0.24113358557224274
0.26141494512557983
0.4810856878757477
0.13016337156295776
0.42653027176856995
0.7826651930809021
0.7434661984443665
0.8049119114875793
0.47881022095680237
0.715551495552063
0.2383018136024475
0.2377619445323944
0.21909774839878082
0.23711824417114258
0.3336850702762604
0.25524431467056274
0.5729497075080872
0.7142070531845093
0.1799866408109665
0.2968781292438507
0.2765878438949585
0.47113037109375
0.2347821742296219
0.14785081148147583
0.6259684562683105
0.3731568455696106
0.2437453269958496
0.28355005383491516
0.9198685884475708
0.55753493309021
0.09771554917097092
0.6067460179328918
0.9268980026245117
0.8428977131843567
0.5716473460197449
0.3488578498363495
0.28410282731056213
0.4356530010700226
0.48768723011016846
0.6104984283447266
0.5505483150482178
0.2845322787761688
0.24736656248569489
0.14331047236919403
0.16647934913635254
0.0696883350610733
0.07875731587409973
0.06865528225898743
0.12615390121936798
0.06741998344659805
0.08426125347614288
0.042086418718099594
0.027265015989542007
0.019390366971492767
0.044284481555223465
0.030648738145828247
0.05900224670767784
0.01903868280351162
0.02240636944770813
0.11002181470394135
0.09508533030748367
0.4247981011867523
0.5021591186523438
0.1916026622056961
0.08098471164703369
0.17483271658420563
0.08271164447069168
0.025113916024565697
0.12501214444637299
0.07674888521432877
0.03786884620785713
0.03559419512748718
0.028398960828781128
0.1126532033085823
0.09105759114027023
0.2893703877925873
0.14318573474884033
0.1513584703207016
0.28423237800598145
0.15981075167655945
0.07546448707580566
0.08716363459825516
0.29130038619041443
0.1843646913766861
0.2438405305147171
0.5527203679084778
0.31876838207244873
0.34928303956985474
0.16105252504348755
0.16829819977283478
0.3189822733402252
0.05912959575653076
0.07802724093198776
0.02562720514833927
0.0460955947637558
0.02944588102400303
0.12616375088691711
0.12029286473989487
0.12986059486865997
0.05469323694705963
0.1488826423883438
0.28788819909095764
0.11821670085191727
0.39048925042152405
0.3116787075996399
0.2005736082792282
0.22595763206481934
0.07043535262346268
0.09838203340768814
0.15882103145122528
0.06137935444712639
0.15925565361976624
0.1849433183670044
0.28026339411735535
0.3759516775608063
0.4478049874305725
0.46428224444389343
0.41991522908210754
0.5097352862358093
0.4491461217403412
0.45646047592163086
0.4046284258365631
0.33306658267974854
0.16910894215106964
0.3509363532066345
0.06390924751758575
0.07425335794687271
0.054164785891771317
0.13340945541858673
0.11927146464586258
0.3947860896587372
0.4819861650466919
0.2749553322792053
0.5722025036811829
0.19589392840862274
0.12746752798557281
0.2010110467672348
0.38457176089286804
0.18699109554290771
0.10725084692239761
0.1046658605337143
0.11228583008050919
0.010816147550940514
0.061689019203186035
0.028973940759897232
0.12334857881069183
0.10726547986268997
0.3358630836009979
0.25519704818725586
0.4492807388305664
0.44328585267066956
0.6129611134529114
0.5870475172996521
0.2241792231798172
0.47162485122680664
0.44987404346466064
0.3466886579990387
0.21714507043361664
0.17935217916965485
0.25524914264678955
0.034958768635988235
0.12815111875534058
0.23454733192920685
0.17775742709636688
0.055356550961732864
0.06492375582456589
0.16563327610492706
0.12646794319152832
0.15923720598220825
0.21349473297595978
0.2586107850074768
0.2951996922492981
0.41873136162757874
0.3373112678527832
0.6202334761619568
0.4599095582962036
0.3392660319805145
0.22247667610645294
0.14130130410194397
0.13496752083301544
0.17333681881427765
0.2503134608268738
0.055389996618032455
0.1388150155544281
0.03168686851859093
0.11519486457109451
0.12358047068119049
0.046643007546663284
0.101127028465271
0.03506354242563248
0.05729132145643234
0.09597279876470566
0.14074450731277466
0.28325024247169495
0.32113078236579895
0.5414634346961975
0.5977427363395691
0.3984173834323883
0.6103159785270691
0.5110365748405457
0.4110318422317505
0.4862763583660126
0.439241886138916
0.5574710369110107
0.2722092866897583
0.16635462641716003
0.517483651638031
0.29551151394844055
0.09459874778985977
0.4377020597457886
0.2738572359085083
0.12155817449092865
0.15847550332546234
0.26368412375450134
0.27711793780326843
0.10465016961097717
0.19226349890232086
0.16300085186958313
0.4125993847846985
0.31941524147987366
0.2379300892353058
0.4132188558578491
0.48401832580566406
0.6110107898712158
