0.2520710527896881
0.5840255618095398
0.757222592830658
0.7708004117012024
0.29880601167678833
0.3857262432575226
0.7919884920120239
0.6388959884643555
0.15085294842720032
0.8038880228996277
0.8926751017570496
0.5535716414451599
0.7300999760627747
0.5771231651306152
0.5968413949012756
0.44368019700050354
0.3185388147830963
0.1159593015909195
0.3955360949039459
0.2418055236339569
0.21044859290122986
0.31636184453964233
0.4217243194580078
0.10353334993124008
0.24789667129516602
0.2727198302745819
0.5626535415649414
0.4537469148635864
0.6231310367584229
0.7334128618240356
0.8488653302192688
0.7971042990684509
0.7094261646270752
0.8099734783172607
0.8198534846305847
0.4187130033969879
0.8822389841079712
0.950674295425415
0.5365403890609741
0.6030938029289246
0.8819457292556763
0.867814302444458
0.15894384682178497
0.8310882449150085
0.9416173100471497
0.4708263576030731
0.34779083728790283
0.9223503470420837
0.8947505950927734
0.4295378625392914
0.760826826095581
0.4551401138305664
0.5370134711265564
0.7751763463020325
0.5771339535713196
0.36179018020629883
0.653464138507843
0.7438967823982239
0.6032010316848755
0.5280649662017822
0.7874919176101685
0.6652811169624329
0.6900739669799805
0.6222542524337769
0.7435993552207947
0.6980791687965393
0.6970871686935425
0.8532393574714661
0.7244980335235596
0.7195924520492554
0.6771109700202942
0.7636058926582336
0.5208069086074829
0.7806208729743958
0.83661949634552
0.8002356290817261
0.7719852924346924
0.7031229138374329
0.7391995787620544
0.6971452236175537
0.42810383439064026
0.6984339952468872
0.6373934745788574
0.683665931224823
0.7484071850776672
0.809014618396759
0.744974672794342
0.735783040523529
0.8355181813240051
0.7726801633834839
0.790685772895813
0.8120563626289368
0.8057047724723816
0.7367258667945862
0.792445719242096
0.7268168330192566
0.23690959811210632
0.6588447690010071
0.8225691914558411
0.42250755429267883
0.30496904253959656
0.4574207663536072
0.7047865986824036
0.4783332645893097
0.3332102596759796
0.5624454617500305
0.6837897300720215
0.5465968251228333
0.3397791087627411
0.6963493824005127
0.6744982004165649
0.3294224739074707
0.4959057867527008
0.36473241448402405
0.738150954246521
0.48195722699165344
0.33581283688545227
0.4291931390762329
0.6060221791267395
0.12399879842996597
0.3112518787384033
0.6177214980125427
0.3340612053871155
0.31637367606163025
0.5992406010627747
0.6529656648635864
0.5433880686759949
0.5703151822090149
0.5710426568984985
0.3164617717266083
0.3041217029094696
0.13577233254909515
0.323527455329895
0.3087853491306305
0.21228916943073273
0.18855948746204376
0.4425576329231262
0.27155622839927673
0.28271469473838806
0.4272877871990204
0.5245065689086914
0.20993538200855255
0.5584658980369568
0.708219051361084
0.6065332889556885
0.451396107673645
0.75860196352005
0.8297659158706665
0.6727278232574463
0.29576435685157776
0.4389888644218445
0.640110969543457
0.46097633242607117
0.28365302085876465
0.5319917798042297
0.641635537147522
0.6102907061576843
0.5673506259918213
0.6140112280845642
0.5149019360542297
0.4608948528766632
0.4177282154560089
0.313483864068985
0.2762886583805084
0.49693563580513
0.7041533589363098
0.5169717073440552
0.34515509009361267
0.5423982739448547
0.5010503530502319
0.6939468383789062
0.8471680283546448
0.7705280184745789
0.6322175860404968
0.7263190150260925
0.7281069159507751
0.6225335597991943
0.6444055438041687
0.6859737038612366
0.7204200625419617
0.4745754301548004
0.5571196675300598
0.6524021625518799
0.37226253747940063
0.4472772777080536
0.5904945731163025
