0.44214969873428345
0.48288264870643616
0.6401733756065369
0.7218459248542786
0.5264635682106018
0.24647991359233856
0.6103821396827698
0.5227931141853333
0.2406625747680664
0.554546594619751
0.6615846157073975
0.2140088826417923
0.17492355406284332
0.4891132712364197
0.3834480345249176
0.15928234159946442
0.21519947052001953
0.3090152144432068
0.12484967708587646
0.049637723714113235
0.2717893123626709
0.05356184393167496
0.04884345829486847
0.1089816689491272
0.34549346566200256
0.06145652011036873
0.13995254039764404
0.3812340199947357
0.23686623573303223
0.05688664689660072
0.3737947344779968
0.48555508255958557
0.18745647370815277
0.3425217568874359
0.5249599814414978
0.6008571982383728
0.6527045965194702
0.5920588970184326
0.4939068853855133
0.543344259262085
0.28585395216941833
0.06462741643190384
0.24578751623630524
0.34382516145706177
0.12527604401111603
0.16649366915225983
0.2701663076877594
0.3626597225666046
0.13352617621421814
0.2304939180612564
0.28248724341392517
0.21204188466072083
0.07089843600988388
0.17261341214179993
0.19145908951759338
0.15888984501361847
0.1356315016746521
0.38193756341934204
0.2329976111650467
0.1548551768064499
0.05265272036194801
0.1025061383843422
0.09710269421339035
0.09732670336961746
0.06654351204633713
0.11040746420621872
0.14932401478290558
0.25135549902915955
0.21970093250274658
0.1795416921377182
0.30707207322120667
0.1726042777299881
0.2114795297384262
0.3643491268157959
0.10077431052923203
0.4443933069705963
0.21992464363574982
0.15680260956287384
0.057078514248132706
0.604817271232605
0.2759501039981842
0.07516663521528244
0.5916294455528259
0.5438486933708191
0.23840679228305817
0.34180617332458496
0.7305408120155334
0.48875442147254944
0.3265152871608734
0.5732161402702332
0.6863481998443604
0.33707940578460693
0.4277299642562866
0.23254267871379852
0.2652979791164398
0.2763310670852661
0.15570344030857086
0.26631805300712585
0.391694039106369
0.299559086561203
0.322767972946167
0.4565325975418091
0.33063119649887085
0.42545461654663086
0.6463102102279663
0.5727012753486633
0.3399214744567871
0.4432886242866516
0.6517475843429565
0.37675878405570984
0.18628902733325958
0.42312484979629517
0.5776129364967346
0.2426592856645584
0.1871497929096222
0.34470582008361816
0.37878552079200745
0.21991722285747528
0.3244662582874298
0.4656189978122711
0.32161402702331543
0.37140917778015137
0.2625318467617035
0.5091409087181091
0.42266350984573364
0.3546862006187439
0.25726717710494995
0.4220016896724701
0.23705516755580902
0.3678664267063141
0.24424590170383453
0.25294214487075806
0.20029644668102264
0.3053831160068512
0.2182822972536087
0.05511420965194702
0.31970757246017456
0.28670161962509155
0.07966092973947525
0.1423749476671219
0.49029821157455444
0.23109585046768188
0.0688134953379631
0.16733236610889435
0.4376004636287689
0.27885404229164124
0.5552952885627747
0.5469727516174316
0.2894556224346161
0.10745175182819366
0.20917348563671112
0.16266244649887085
0.35926583409309387
0.205485537648201
0.34842509031295776
0.2074851542711258
0.265369176864624
0.2436533272266388
0.0959864929318428
0.16496123373508453
0.2708984911441803
0.337809681892395
0.42395225167274475
0.40844541788101196
0.420223206281662
0.4350452721118927
0.5710399746894836
0.4196956157684326
0.22636577486991882
0.39796045422554016
0.48374420404434204
0.22463269531726837
0.26007193326950073
0.42386937141418457
0.5601947903633118
0.23592670261859894
0.12287586182355881
0.25521212816238403
0.629035472869873
0.11480531841516495
0.15697495639324188
0.5303463339805603
0.4938565492630005
0.1965171843767166
0.23221230506896973
0.7203027009963989
0.26053881645202637
0.19324009120464325
0.4858955442905426
0.5936787724494934
0.4017309546470642
0.31441497802734375
0.5348404049873352
0.38679614663124084
0.5460038185119629
0.508269190788269
0.12531329691410065
0.4885745644569397
0.6276344060897827
0.285489946603775
0.46670040488243103
0.6322917938232422
0.313030868768692
0.25261688232421875
0.5795944333076477
0.36038169264793396
0.5371630787849426
0.6394860148429871
0.4627263844013214
0.44657570123672485
0.2291390597820282
0.633813202381134
0.5653279423713684
0.29379263520240784
0.47057852149009705
0.564012348651886
0.6542646884918213
0.4436388611793518
0.40002360939979553
0.5397151112556458
0.6476842761039734
0.4203883707523346
0.31065791845321655
0.6794348955154419
0.5508699417114258
0.48773089051246643
0.450691282749176
0.7864779829978943
0.6090191006660461
0.25315675139427185
0.532173752784729
0.7503307461738586
0.553750216960907
0.30565136671066284
0.7297698259353638
0.6942997574806213
0.5528336763381958
0.47043195366859436
0.45079898834228516
0.4832378029823303
0.6042633056640625
0.6457955241203308
0.3472445607185364
0.664076566696167
0.5853859782218933
0.5763827562332153
0.4994063973426819
