0.44005632400512695
0.3779117166996002
0.22610169649124146
0.11217280477285385
0.07856250554323196
0.038657478988170624
0.05597500875592232
0.1561955362558365
0.058800891041755676
0.1076456755399704
0.24269993603229523
0.3962790071964264
0.13731718063354492
0.2164575457572937
0.13837888836860657
0.289858341217041
0.39429032802581787
0.2333800345659256
0.2657150328159332
0.452298641204834
0.356375515460968
0.29149556159973145
0.4887055456638336
0.35635027289390564
0.4685247242450714
0.47563377022743225
0.3357778489589691
0.36241626739501953
0.3246551752090454
0.34109359979629517
0.2658727765083313
0.10839179903268814
0.34831640124320984
0.22317807376384735
0.12183941900730133
0.08639449626207352
0.36629942059516907
0.22788524627685547
0.12567588686943054
0.10046885907649994
0.20494508743286133
0.05173740163445473
0.05855929106473923
0.09548300504684448
0.08948704600334167
0.02565866708755493
0.035019781440496445
0.36442553997039795
0.046928729861974716
0.015253141522407532
0.09078032523393631
0.24530164897441864
0.038016464561223984
0.025158490985631943
0.14014862477779388
0.06819792836904526
0.03145390748977661
0.08299432694911957
0.31553059816360474
0.1900096982717514
0.17045913636684418
0.04600030928850174
0.0642932653427124
0.04759311303496361
0.026386315003037453
0.033257123082876205
0.041716109961271286
0.0513032004237175
0.012114308774471283
0.036097560077905655
0.03286486864089966
0.017399393022060394
0.012405868619680405
0.0670260637998581
0.07903613895177841
0.016422368586063385
0.10257318615913391
0.11427296698093414
0.1661948263645172
0.1884421855211258
0.11578530818223953
0.32650092244148254
0.1789005994796753
0.27874207496643066
0.13995389640331268
0.06306682527065277
0.15325477719306946
0.18679656088352203
0.07170907407999039
0.1114208996295929
0.04868711531162262
0.19577285647392273
0.10669424384832382
0.26179811358451843
0.15717115998268127
0.0430552214384079
0.07883182913064957
0.14096640050411224
0.05974041298031807
0.03515757992863655
0.03753943368792534
0.013965953141450882
0.007687002420425415
0.03498383238911629
0.027895838022232056
0.010232132859528065
0.04743843153119087
0.07171322405338287
0.027877844870090485
0.04954631254076958
0.015871834009885788
0.017660893499851227
0.07056960463523865
0.06392277032136917
0.03438044711947441
0.12129627168178558
0.16361960768699646
0.23023536801338196
0.3298390507698059
0.5323498845100403
0.5061869621276855
0.45962896943092346
0.6876792311668396
0.3547056317329407
0.2309727668762207
0.274614155292511
0.1739676594734192
0.05401856452226639
0.09707677364349365
0.21485011279582977
0.10000092536211014
0.035414353013038635
0.0867990106344223
0.08282070606946945
0.02623561955988407
0.07323091477155685
0.12598834931850433
0.08865831792354584
0.05523981526494026
0.11500026285648346
0.1260358691215515
0.151178240776062
0.1458512842655182
0.14759786427021027
0.06865774840116501
0.149494469165802
0.3806127607822418
0.4140475392341614
0.09552234411239624
0.2114952653646469
0.3361954689025879
0.21220028400421143
0.11727666854858398
0.47692352533340454
0.49110037088394165
0.5265048146247864
0.40687060356140137
0.6194280385971069
0.32609909772872925
0.42446258664131165
0.4322749674320221
0.3368985652923584
0.36073240637779236
0.3389466106891632
0.3228710889816284
0.3538641929626465
0.5097136497497559
0.6492894291877747
0.5274312496185303
0.451705664396286
0.22468195855617523
0.24158401787281036
0.23704838752746582
0.04810967668890953
0.08475702255964279
0.1017238199710846
0.07843392342329025
0.08462473005056381
0.13283118605613708
0.3842852711677551
0.5302267074584961
0.4602919816970825
0.35136744379997253
0.5464791059494019
0.6021679639816284
0.4789908826351166
0.4145868420600891
0.780591607093811
0.6883514523506165
0.3298054039478302
0.5573379397392273
0.610724151134491
0.48345375061035156
0.20496207475662231
0.33116358518600464
0.11507368087768555
0.04325291886925697
0.06246275454759598
0.030833644792437553
0.03732144832611084
0.032296884804964066
0.08417613804340363
0.058635905385017395
0.26808395981788635
0.19722948968410492
0.19384804368019104
0.3643530607223511
0.3867175281047821
0.3302695155143738
0.20891065895557404
0.6382673382759094
0.5201292037963867
0.5484632253646851
0.6436290740966797
0.5637208223342896
0.35573112964630127
0.2570214867591858
0.22373554110527039
0.12820512056350708
0.21266858279705048
0.2636231780052185
0.021012501791119576
0.1316273957490921
0.30740872025489807
0.22206950187683105
0.054150015115737915
0.20567655563354492
0.4893132448196411
0.2605055868625641
0.11059734970331192
0.3349057734012604
0.5735833644866943
0.5442122220993042
0.6989052891731262
0.4281860589981079
0.3655126988887787
0.5187996029853821
0.3214015066623688
0.3332509398460388
0.11902177333831787
0.19479401409626007
0.05040331557393074
0.0932086706161499
0.07879099994897842
0.11863834410905838
0.2420072853565216
0.2597501277923584
0.4556443989276886
0.347448468208313
0.14209803938865662
0.35192641615867615
0.3018001914024353
0.4036906063556671
0.17526744306087494
0.34271225333213806
0.46686071157455444
0.32233181595802307
0.1565382033586502
0.09048031270503998
0.1706448644399643
0.33537766337394714
0.4400649070739746
0.21657125651836395
0.30002811551094055
0.24512331187725067
0.1568746417760849
0.2676996886730194
0.23455068469047546
0.3056882619857788
0.20440354943275452
0.3574071228504181
0.23034681379795074
0.3371365964412689
0.4140290915966034
0.1307876706123352
0.08515343070030212
0.2670397162437439
0.2811528444290161
0.12382002919912338
0.06694512814283371
0.1500093936920166
0.14332003891468048
0.09006722271442413
0.06261573731899261
0.22323782742023468
0.09786923974752426
0.14075028896331787
0.18709015846252441
0.3371889889240265
0.3658761978149414
0.4995048940181732
0.26628777384757996
0.688475489616394
0.32980087399482727
0.5619540214538574
0.4863583743572235
0.20819135010242462
0.46513742208480835
0.3533375859260559
0.6001173853874207
0.6038311123847961
0.5848855972290039
0.6678436398506165
0.5499626398086548
0.34574827551841736
0.7051461338996887
0.8030644059181213
0.5571616291999817
0.5635690093040466
0.7972216010093689
0.8057364821434021
0.4552699327468872
0.6638146638870239
0.795874297618866
0.7457335591316223
0.5909979939460754
0.7791398167610168
0.8388867974281311
0.716332197189331
