0.5653229355812073
0.6447961926460266
0.7658485174179077
0.7003869414329529
0.7791159152984619
0.5862162709236145
0.7891541719436646
0.5713279843330383
0.6485171318054199
0.5289140343666077
0.7119736075401306
0.695915937423706
0.6791197657585144
0.697443425655365
0.6173628568649292
0.7593505382537842
0.6481131911277771
0.6359226107597351
0.7402152419090271
0.740340530872345
0.6543352007865906
0.6695313453674316
0.7449172735214233
0.3254040777683258
0.6783010363578796
0.7351082563400269
0.8092979192733765
0.5768141150474548
0.7667334675788879
0.27307653427124023
0.736537754535675
0.3950221836566925
0.7098144888877869
0.4262758791446686
0.4772932231426239
0.6468274593353271
0.7226261496543884
0.659679114818573
0.6063850522041321
0.5373477339744568
0.45825567841529846
0.5479696393013
0.5236586928367615
0.4322545826435089
0.5661059021949768
0.3761138319969177
0.5572224855422974
0.42371928691864014
0.6806021332740784
0.32058289647102356
0.43295854330062866
0.7229721546173096
0.365500271320343
0.5962978005409241
0.690033495426178
0.5622440576553345
0.280199259519577
0.6325215101242065
0.6746847629547119
0.6845309734344482
0.6669331192970276
0.6342011094093323
0.4842948913574219
0.5580697059631348
0.6816638112068176
0.8371886014938354
0.8303141593933105
0.6433000564575195
0.809431791305542
0.8299914598464966
0.8358103036880493
0.7923153042793274
0.40059971809387207
0.7722145318984985
0.7674656510353088
0.4203271269798279
0.5778985023498535
0.6500892043113708
0.809552788734436
0.86181640625
0.6226071119308472
0.7228105664253235
0.6808056235313416
0.8124902248382568
0.5669965744018555
0.8556125164031982
0.7504521608352661
0.8254831433296204
0.6139470338821411
0.8845775127410889
0.902546763420105
0.9497721791267395
0.9196696877479553
0.9648562669754028
0.9672662019729614
0.9614160656929016
0.9517481327056885
0.8941561579704285
0.9311752319335938
0.8589490056037903
0.7442498803138733
0.7249148488044739
0.6406236290931702
0.5409992337226868
0.6706358790397644
0.5060561895370483
0.5996325016021729
0.5301269888877869
0.5207632184028625
0.3780785799026489
0.3678680956363678
0.714952290058136
0.5251900553703308
0.6025372743606567
0.7151539921760559
0.42709389328956604
0.6740218997001648
0.696974515914917
0.7569108009338379
0.7734729051589966
0.7620478868484497
0.5572711229324341
0.6166763305664062
0.4822593927383423
0.562181293964386
0.23950621485710144
0.5563923120498657
0.2447187453508377
0.6147429347038269
0.6920962929725647
