0.6594780087471008
0.604049563407898
0.22155196964740753
0.774911642074585
0.673197329044342
0.7157076001167297
0.7276512384414673
0.6043981313705444
0.39606034755706787
0.5997695326805115
0.43364936113357544
0.6055038571357727
0.6223799586296082
0.603632390499115
0.5372976064682007
0.2867855131626129
0.4893553555011749
0.5755545496940613
0.48259788751602173
0.36568498611450195
0.6611518859863281
0.6182755827903748
0.7821807861328125
0.7004474997520447
0.6644150614738464
0.713691234588623
0.626788318157196
0.7929083108901978
0.6666402816772461
0.546241283416748
0.20859543979167938
0.09083447605371475
0.4318109154701233
0.5860304832458496
0.6089066863059998
0.56069415807724
0.5129302144050598
0.5530676245689392
0.3264743983745575
0.1964653581380844
0.5023519992828369
0.337607741355896
0.5236680507659912
0.5684302449226379
0.372128963470459
0.5374636650085449
0.4001891613006592
0.403470516204834
0.4806601107120514
0.5890218019485474
0.5413573980331421
0.5858924388885498
0.6824673414230347
0.5749534964561462
0.6643942594528198
0.5950135588645935
0.6302465796470642
0.6903376579284668
0.6103866100311279
0.40032655000686646
0.34897708892822266
0.6589401364326477
0.4826728403568268
0.3087827265262604
0.4444590210914612
0.5428724884986877
0.380930632352829
0.4114387333393097
0.3391813337802887
0.19229482114315033
0.21895380318164825
0.5793589949607849
0.7651104927062988
0.7145878076553345
