0.7658583521842957
0.7896457314491272
0.8126519322395325
0.8802927732467651
0.832465410232544
0.792999267578125
0.883472740650177
0.869249165058136
0.8180913925170898
0.6891297698020935
0.7636266946792603
0.8163207173347473
0.8178896307945251
0.6644131541252136
0.8283206224441528
0.6669294834136963
0.7780150175094604
0.7521219849586487
0.728813111782074
0.7310764193534851
0.8224050998687744
0.5161603093147278
0.6010724306106567
0.8022506833076477
0.6769667863845825
0.5689976811408997
0.7669952511787415
0.7954072952270508
0.38143792748451233
0.8042696118354797
0.8690356016159058
0.856069028377533
0.7630125284194946
0.5336513519287109
0.5397831797599792
0.8117988705635071
0.8841293454170227
0.6336997747421265
0.7589953541755676
0.6823967695236206
0.6868622899055481
0.7087429761886597
0.529501736164093
0.584549605846405
0.422284334897995
0.6694245934486389
0.3968786299228668
0.6306673288345337
0.7232047915458679
0.7957742810249329
0.4475511908531189
0.6956750154495239
0.7323052287101746
0.736026406288147
0.5218409895896912
0.8071931004524231
0.7552356719970703
0.7989828586578369
0.788489580154419
0.7796475887298584
0.840413510799408
0.7252428531646729
