0.1472979336977005
0.14504122734069824
0.20922136306762695
0.21830447018146515
0.07341495901346207
0.0463632307946682
0.17373913526535034
0.27610769867897034
0.11850836873054504
0.3327464759349823
0.3104088604450226
0.2768484055995941
0.403401255607605
0.558634877204895
0.5458905100822449
0.7084706425666809
0.45403873920440674
0.2269652932882309
0.2644718885421753
0.014736122451722622
0.05318873003125191
0.04507732391357422
0.10993480682373047
0.11868134140968323
0.07789012044668198
0.18715326488018036
0.21531115472316742
0.17035718262195587
0.18695779144763947
0.18195265531539917
0.1996510773897171
0.09694008529186249
0.1609329730272293
0.08488022536039352
0.10426691919565201
0.01213291846215725
0.19359023869037628
0.23590967059135437
0.640478789806366
0.5980704426765442
0.7884426712989807
0.7462487816810608
0.6762576103210449
0.6831483840942383
0.599743664264679
0.6313338875770569
0.3785880208015442
0.2181195765733719
0.0908048003911972
0.17097027599811554
0.10539133101701736
0.0430837981402874
0.19225060939788818
0.28071314096450806
0.1353623867034912
0.14781765639781952
0.17003938555717468
0.1376001089811325
0.06552297621965408
0.03886587172746658
0.23455044627189636
0.0959511324763298
0.3969843089580536
0.5963261723518372
0.3917103409767151
0.5226864218711853
0.560219943523407
0.810006856918335
0.8525579571723938
0.8578303456306458
0.7786549925804138
0.7290056943893433
0.37056198716163635
0.5181203484535217
0.05802561342716217
0.23291821777820587
0.028631111606955528
0.1561337262392044
0.048755258321762085
0.1893167942762375
0.12871667742729187
0.189276322722435
0.2259955108165741
0.20864708721637726
0.31110531091690063
0.28085842728614807
0.11217983812093735
0.3068060874938965
0.17153629660606384
0.4586251676082611
0.42510169744491577
0.6037606000900269
0.7898509502410889
0.40438714623451233
0.7908580899238586
0.6905531287193298
0.8651787638664246
0.7422685623168945
0.683659553527832
0.5729244351387024
0.5181419253349304
0.6114482879638672
0.5535631775856018
0.4730077385902405
0.2772020697593689
0.42142146825790405
0.29327189922332764
0.3770643472671509
0.3922889232635498
0.437604695558548
0.42878398299217224
0.4667177200317383
0.43803849816322327
0.5555775165557861
0.3193635046482086
0.19558484852313995
0.3563733696937561
0.0952490046620369
0.24306467175483704
0.14372912049293518
0.4870155155658722
0.5375276803970337
0.3929975628852844
0.6689350605010986
0.4618552029132843
0.7138219475746155
0.6135172843933105
0.7798563838005066
0.7552016377449036
0.7984464168548584
0.7452877163887024
0.6497480869293213
0.5969573259353638
0.7582280039787292
0.8235624432563782
0.8472148776054382
0.8546944260597229
0.8960411548614502
0.7746279835700989
0.6710878610610962
0.7082915902137756
0.33336177468299866
0.5680297017097473
0.13125140964984894
0.5067781209945679
0.22233815491199493
0.6352365612983704
0.47050100564956665
0.6799841523170471
0.5489056706428528
0.6643786430358887
0.4506337344646454
0.40838703513145447
0.4700450301170349
0.6624928116798401
0.5414454936981201
0.5362525582313538
0.3949505388736725
0.3407973349094391
0.4758799970149994
0.37375739216804504
0.645801842212677
0.5814846158027649
0.4604796767234802
0.5285978317260742
0.4225560426712036
0.3916419744491577
0.40800341963768005
0.5059279799461365
0.3092728853225708
0.5352206826210022
0.14779356122016907
0.42218831181526184
0.08631990104913712
0.45837539434432983
0.2908136248588562
0.70539790391922
0.5855572819709778
0.7574284076690674
0.8048074841499329
0.847984254360199
0.7300328612327576
0.55436772108078
0.671545684337616
0.4796302616596222
0.577109158039093
0.5526461005210876
0.4544045627117157
0.6093836426734924
0.3867855668067932
0.6768286824226379
0.31497058272361755
0.5379284620285034
0.24861839413642883
0.49732938408851624
0.3915168046951294
0.3793712556362152
0.41112226247787476
0.45300430059432983
0.509073793888092
0.39423036575317383
