0.434162974357605
0.3707396686077118
0.3913995623588562
0.358525812625885
0.10914638638496399
0.19002236425876617
0.09971610456705093
0.41347450017929077
0.38356295228004456
0.39302584528923035
0.11319155246019363
0.06042446568608284
0.06357661634683609
0.1831098347902298
0.4026164412498474
0.25117793679237366
0.29454365372657776
0.712003231048584
0.534757137298584
0.6811113953590393
0.8545382618904114
0.624487578868866
0.3197089731693268
0.2525375485420227
0.27696171402931213
0.20309658348560333
0.13277867436408997
0.16566304862499237
0.04609926417469978
0.027190973982214928
0.054220233112573624
0.02509251981973648
0.028134504333138466
0.04217224195599556
0.1594683825969696
0.04199865460395813
0.06011294201016426
0.07333729416131973
0.0815395936369896
0.15318211913108826
0.38710758090019226
0.2115001231431961
0.17864426970481873
0.2124546319246292
0.3284757435321808
0.1586315780878067
0.29260024428367615
0.11805583536624908
0.100497767329216
0.18587864935398102
0.22976872324943542
0.23177950084209442
0.13826699554920197
0.40277010202407837
0.4443128705024719
0.503189742565155
0.4752472937107086
0.8219079375267029
0.7853870391845703
0.48421531915664673
0.8643065690994263
0.20972882211208344
0.5924218893051147
0.8388914465904236
0.4922010600566864
0.43110719323158264
0.6534135937690735
0.1282142698764801
0.5122345089912415
0.37728533148765564
0.1327659785747528
0.09733755886554718
0.5438788533210754
0.34333720803260803
0.11816700547933578
0.22815561294555664
0.578247606754303
0.5671201944351196
0.13740722835063934
0.1239122822880745
0.0964612364768982
0.24847960472106934
0.21508243680000305
0.4501833915710449
0.19202616810798645
0.2720724642276764
0.5470879673957825
0.6154526472091675
0.6658607721328735
0.5458248257637024
0.7747913002967834
0.49971798062324524
0.60281902551651
0.6308479905128479
0.44208136200904846
0.33253398537635803
0.1452726423740387
0.47345787286758423
0.3660039007663727
0.13457971811294556
0.23443147540092468
0.28286030888557434
0.2736102342605591
0.16098125278949738
0.20708778500556946
0.33432722091674805
0.10423137992620468
0.45920902490615845
0.17385654151439667
0.31234079599380493
0.5949268341064453
0.707982063293457
0.31417638063430786
0.5555747151374817
0.402722030878067
0.4985414743423462
0.4024934768676758
0.25543347001075745
0.2585543692111969
0.4113922119140625
0.04194360226392746
0.188894122838974
0.5816062092781067
0.17719168961048126
0.0564127154648304
0.2646734118461609
0.4527381956577301
0.13019593060016632
0.032747626304626465
0.023708948865532875
0.03844758868217468
0.032986123114824295
0.09263153374195099
0.12398026883602142
0.33616819977760315
0.41677480936050415
0.747735321521759
0.4601174592971802
0.7439687252044678
0.5539682507514954
0.4353468716144562
0.8089185953140259
0.7422069907188416
0.4328874349594116
0.6685070395469666
0.428911030292511
0.4481908082962036
0.37840360403060913
0.5018307566642761
0.5654829740524292
0.37261345982551575
0.5753944516181946
0.35254985094070435
0.3011613190174103
0.414543479681015
0.6961885690689087
0.4114101231098175
0.7281635403633118
0.46795687079429626
0.11318007856607437
0.04929441586136818
0.024411698803305626
0.005594565533101559
0.06023775786161423
0.030113931745290756
0.13629211485385895
0.048547130078077316
0.2821192145347595
0.23238134384155273
0.20657838881015778
0.02779730223119259
0.126163512468338
0.050598323345184326
0.14351744949817657
0.1576944887638092
0.11835520714521408
0.710707426071167
0.23444907367229462
0.41604965925216675
0.4101943075656891
0.5182872414588928
0.20628680288791656
0.41920986771583557
0.42399582266807556
0.15407386422157288
0.3156949281692505
0.10509202629327774
0.1931687444448471
0.10934200137853622
0.1935046911239624
0.24466882646083832
0.24360619485378265
0.23886890709400177
0.21602678298950195
0.19423721730709076
0.2866237759590149
0.4472891390323639
0.0905732586979866
0.12664367258548737
0.09236934781074524
0.05804000422358513
0.07276194542646408
0.13147619366645813
0.2955150306224823
0.3497661352157593
0.07450887560844421
0.151298388838768
0.14657121896743774
0.07132981717586517
0.25636518001556396
0.10029023140668869
0.36290860176086426
