0.6025633811950684
0.7437389492988586
0.591133713722229
0.6561557054519653
0.494639128446579
0.6347923278808594
0.4533841907978058
0.41486474871635437
0.5030936598777771
0.733583927154541
0.6703830361366272
0.7026380896568298
0.8961971998214722
0.5347560048103333
0.5588144659996033
0.3554741442203522
0.5497888922691345
0.5224120616912842
0.5204084515571594
0.4401687681674957
0.36117488145828247
0.39520132541656494
0.1393532156944275
0.3278496265411377
0.7115402817726135
0.1739581823348999
0.6940118670463562
0.4359755516052246
0.6494040489196777
0.6370523571968079
0.7490202784538269
0.8061519861221313
0.8741587996482849
0.860681414604187
0.5475561022758484
0.1697636842727661
0.2443370819091797
0.23039346933364868
0.32158157229423523
0.41982322931289673
0.5642904043197632
0.3472706377506256
0.2660309970378876
0.31938204169273376
0.13706959784030914
0.25446972250938416
0.3266574442386627
0.19662128388881683
0.1361379623413086
0.22700731456279755
0.15093138813972473
0.15660440921783447
0.2773019075393677
0.17157742381095886
0.3697463870048523
0.2737666666507721
0.13912729918956757
0.22092123329639435
0.34754079580307007
0.13447171449661255
0.14238373935222626
0.3649127781391144
0.6721494793891907
0.31231626868247986
0.7959410548210144
0.3030044138431549
0.3933028280735016
0.09421864151954651
0.1181626170873642
0.2536136209964752
0.648314893245697
0.28091490268707275
0.8662132620811462
0.5767772793769836
0.5873157978057861
0.6467911601066589
0.67890465259552
0.6306692957878113
0.5090330243110657
0.42180120944976807
0.5240891575813293
0.24575594067573547
0.3594447374343872
0.1759985238313675
0.2037731558084488
0.15233422815799713
0.46995604038238525
0.7423660159111023
0.17422781884670258
0.5125282406806946
0.2696814239025116
0.08692581951618195
0.06335140764713287
0.03403552621603012
0.14480340480804443
0.16408970952033997
0.06060909479856491
0.07160697877407074
0.2574564516544342
0.10902243852615356
0.07696852087974548
0.2598196566104889
0.1265343427658081
0.03863891214132309
0.07195231318473816
0.07102711498737335
0.04703895002603531
0.08444774895906448
0.017436113208532333
0.016542969271540642
0.02935563214123249
0.03449007496237755
0.017747994512319565
0.062166977673769
0.05936088785529137
0.026219861581921577
0.030980003997683525
0.2434215247631073
0.03661295771598816
0.07130882889032364
0.22046847641468048
0.49492889642715454
0.0962924137711525
0.22340862452983856
0.34356123208999634
0.4449905455112457
0.3933194875717163
0.13018132746219635
0.07866831123828888
0.18822774291038513
0.4147285521030426
0.39587754011154175
0.19438327848911285
0.22914348542690277
0.17232364416122437
0.2763587236404419
0.20473235845565796
0.03316335380077362
0.13995106518268585
0.09124768525362015
0.11040902882814407
0.5165921449661255
0.3408440053462982
0.12281964719295502
0.2960173189640045
0.05032140761613846
0.0965491235256195
0.06897768378257751
0.25551074743270874
0.2598266303539276
0.12807445228099823
0.2249710112810135
0.49528107047080994
0.09759149700403214
0.2617042362689972
0.3663245439529419
0.16960632801055908
0.28825944662094116
0.32874491810798645
0.3668305277824402
0.40286365151405334
0.4615524113178253
0.7208887934684753
0.870310366153717
0.766140341758728
0.6715177297592163
0.7455143332481384
0.8366186618804932
0.6737738251686096
0.5063373446464539
0.7070757150650024
0.45072242617607117
0.3514200448989868
0.4000355899333954
0.5744818449020386
0.6959525942802429
0.5469546914100647
0.5085182189941406
0.5503926873207092
0.372579425573349
0.31193891167640686
0.1647321730852127
0.19577758014202118
0.19072850048542023
0.19162920117378235
0.055321067571640015
0.04904905706644058
0.3412369191646576
0.17931239306926727
0.030092068016529083
0.03463224321603775
0.1369427740573883
0.05349477753043175
0.0297950841486454
0.09863633662462234
0.16765563189983368
0.036682698875665665
0.05878371745347977
0.10541753470897675
0.10763756930828094
0.5355181097984314
0.33106598258018494
0.16017241775989532
0.2491769790649414
0.5420307517051697
0.4240116477012634
0.5239468812942505
0.5294622182846069
0.8680270910263062
0.6492747664451599
0.3369331359863281
0.32844725251197815
0.8096311688423157
0.3541940450668335
0.25763756036758423
0.40364623069763184
0.5076791644096375
0.42732661962509155
0.2682822048664093
0.4344542324542999
0.30254170298576355
0.26046741008758545
0.12361190468072891
0.27037492394447327
0.17944718897342682
0.2065296769142151
0.09266732633113861
0.07860923558473587
0.04199523478746414
0.04117849841713905
0.04226461425423622
0.12329629063606262
0.04185492545366287
0.052193909883499146
0.035483527928590775
0.07485959678888321
0.10703007131814957
0.06592079252004623
0.22248458862304688
0.1639343947172165
0.5604804754257202
0.4313853979110718
0.19771985709667206
0.29419249296188354
0.3277601897716522
0.3343266248703003
0.16195030510425568
0.20919902622699738
0.1038985475897789
0.244955912232399
0.10039164870977402
0.037669964134693146
0.09347505867481232
0.11125167459249496
0.0638326108455658
0.06946739554405212
0.04150296002626419
0.03181740269064903
0.04298815876245499
0.03893129527568817
0.025675831362605095
0.02426028624176979
0.05131996423006058
0.14212016761302948
