0.1253715306520462
0.09939678758382797
0.12271331250667572
0.14916111528873444
0.1399581879377365
0.16576725244522095
0.16118480265140533
0.21826700866222382
0.0902693048119545
0.1126064881682396
0.2020520716905594
0.2656599283218384
0.3097928762435913
0.6003814339637756
0.26359298825263977
0.40865689516067505
0.23320817947387695
0.2775246202945709
0.33507296442985535
0.29753372073173523
0.2637154757976532
0.3065437376499176
0.49525874853134155
0.2992570698261261
0.5712791085243225
0.3275929093360901
0.4043034613132477
0.5936063528060913
0.3791162669658661
0.4248173236846924
0.5073288083076477
0.513792872428894
0.3282180726528168
0.4758222997188568
0.3374564051628113
0.4249064028263092
0.2529889643192291
0.2397300899028778
0.14633788168430328
0.33032575249671936
0.443732351064682
0.6607471108436584
0.6657809615135193
0.704471230506897
0.4628780782222748
0.40178561210632324
0.45126572251319885
0.2807118594646454
0.5966994762420654
0.6248170733451843
0.6491183042526245
0.6991296410560608
0.5945879220962524
0.6562081575393677
0.3296297788619995
0.4133674204349518
0.12192490696907043
0.08990925550460815
0.2282557487487793
0.05418117344379425
0.1508760303258896
0.19119107723236084
0.23911860585212708
0.2433299720287323
0.1667069047689438
0.40510088205337524
0.39689406752586365
0.3293830156326294
0.08900520950555801
0.02555019035935402
0.019376032054424286
0.05383269861340523
0.19063608348369598
0.25078272819519043
0.45322322845458984
0.39122164249420166
0.20253661274909973
0.28990638256073
0.08090697973966599
0.10164738446474075
0.03460991010069847
0.0956321582198143
0.346819132566452
0.58045494556427
0.13073931634426117
0.25427594780921936
0.618046760559082
0.48584070801734924
0.4470611810684204
0.43427249789237976
0.25948044657707214
0.14049874246120453
0.13015033304691315
0.02820952795445919
0.17471183836460114
0.11013934016227722
0.30969884991645813
0.36972638964653015
0.2660191059112549
0.1901194006204605
0.18680669367313385
0.23924408853054047
0.18327565491199493
0.12855151295661926
0.25163647532463074
0.20164091885089874
0.12289459258317947
0.125944584608078
0.15717478096485138
0.2521861493587494
0.4162196218967438
0.4558730721473694
0.5725230574607849
0.545613706111908
0.5970800518989563
0.7871113419532776
0.7796164751052856
0.5809109807014465
0.5655635595321655
0.6418324708938599
0.646967887878418
0.5012413859367371
0.5108317732810974
0.55821692943573
0.5035388469696045
0.35179996490478516
0.14971990883350372
0.07757678627967834
0.15005424618721008
0.039338935166597366
0.2502005398273468
0.08890152722597122
0.20369426906108856
0.4116348326206207
0.37394681572914124
0.23240378499031067
0.4002096354961395
0.2967988848686218
0.31781336665153503
0.310851126909256
0.23474937677383423
0.15750481188297272
0.23068121075630188
0.27788272500038147
0.40755414962768555
0.4347682297229767
0.4737548232078552
0.3175627291202545
0.5059909820556641
0.4856089949607849
0.3912552297115326
0.46874576807022095
0.15939021110534668
0.37237003445625305
0.6109778881072998
0.41602641344070435
0.26138341426849365
0.20401597023010254
0.297828733921051
0.43927326798439026
0.4521946310997009
0.4211345314979553
0.06677804887294769
0.32062828540802
0.029091425240039825
0.12056747823953629
0.038128387182950974
0.3045455813407898
0.31580063700675964
0.3331494629383087
0.3784460127353668
0.27059808373451233
0.2072206735610962
0.2098243534564972
0.31917932629585266
0.2517986595630646
0.08300957828760147
0.2175123244524002
0.21065542101860046
0.07979431748390198
0.19990840554237366
0.12616242468357086
0.17464680969715118
0.1612822264432907
0.034336529672145844
0.0684177502989769
0.21067072451114655
0.2320646196603775
0.1705770492553711
0.2796730697154999
0.2658091187477112
0.26363304257392883
0.09454690665006638
0.33244648575782776
0.44563716650009155
0.4233873784542084
0.13223803043365479
0.10213180631399155
0.03632901981472969
0.021459883078932762
0.10970977693796158
0.029931744560599327
0.1202767938375473
0.06057388335466385
0.1541852205991745
0.06922320276498795
0.1827002465724945
0.21271497011184692
0.12013072520494461
0.1089128628373146
0.18874479830265045
0.019425231963396072
0.01774081215262413
0.02644975297152996
0.021137608215212822
0.21101029217243195
0.2787945568561554
0.5074573159217834
0.3739212453365326
0.40650731325149536
0.3479224741458893
0.2980847954750061
0.4903807044029236
0.24215728044509888
0.054070111364126205
0.0377250574529171
0.013027317821979523
0.02674536034464836
0.030016852542757988
0.09655185043811798
0.5190732479095459
0.21002085506916046
0.22417119145393372
0.3014213442802429
0.34885960817337036
0.11129152774810791
0.23760877549648285
0.11831431835889816
0.29632654786109924
0.08713482320308685
0.028008699417114258
0.07194157689809799
0.017005903646349907
0.12715688347816467
0.1347000151872635
0.06287077069282532
0.15931148827075958
0.6407766342163086
0.4407421052455902
0.4362199008464813
0.6635137796401978
0.5531038045883179
0.28379788994789124
0.7121039628982544
0.7433561682701111
0.5277585983276367
0.4452438950538635
0.7293832898139954
0.5957992672920227
