0.17688508331775665
0.16503064334392548
0.19073645770549774
0.20252910256385803
0.1960689276456833
0.3349182903766632
0.24427111446857452
0.4113060235977173
0.43383869528770447
0.4320434331893921
0.3218967318534851
0.3801393210887909
0.6226722598075867
0.5316357612609863
0.33883821964263916
0.4292548894882202
0.34855708479881287
0.2848083972930908
0.15170535445213318
0.24475128948688507
0.2613165080547333
0.17987214028835297
0.2389955222606659
0.24377629160881042
0.3754987120628357
0.29522085189819336
0.40394964814186096
0.5227521657943726
0.5314587354660034
0.39069849252700806
0.5448369383811951
0.54864901304245
0.5135457515716553
0.5712870359420776
0.6238598823547363
0.558322548866272
0.5786042213439941
0.5934203267097473
0.6697871685028076
0.6665170192718506
0.6367870569229126
0.448336124420166
0.4044646620750427
0.538058340549469
0.35321053862571716
0.25325050950050354
0.30593129992485046
0.4042307436466217
0.22767215967178345
0.17983342707157135
0.20295710861682892
0.19840462505817413
0.15339945256710052
0.2374245673418045
0.3266022205352783
0.11128660291433334
0.0731818825006485
0.21251414716243744
0.15116523206233978
0.28256773948669434
0.12048181146383286
0.14725516736507416
0.1376904398202896
0.2556745707988739
0.11054930835962296
0.18453744053840637
0.31696128845214844
0.12938417494297028
0.15834492444992065
0.24198947846889496
0.22645685076713562
0.19574730098247528
0.2415102869272232
0.3489697575569153
0.27595096826553345
0.18830740451812744
0.2818564474582672
0.4494965970516205
0.4172324240207672
0.35994815826416016
0.384769082069397
0.4417249262332916
0.27267172932624817
0.5032418966293335
0.5423847436904907
0.40395480394363403
0.5138302445411682
0.595600426197052
0.5324603319168091
0.6017202734947205
0.5934765934944153
0.6867891550064087
0.5276320576667786
0.5574525594711304
0.6086687445640564
0.4585370123386383
0.4869142770767212
0.44546595215797424
0.39915117621421814
0.438596248626709
0.6187477111816406
0.47965165972709656
0.6408193111419678
0.19444775581359863
0.21746814250946045
0.21608173847198486
0.15001700818538666
0.2726018726825714
0.21195338666439056
0.3431159555912018
0.2934844493865967
0.23726074397563934
0.29552164673805237
0.2294008433818817
0.2860989272594452
0.3700391352176666
0.31669074296951294
0.4475708603858948
0.2027329057455063
0.27123504877090454
0.39254823327064514
0.5042934417724609
0.2515878975391388
0.40812695026397705
0.5800699591636658
0.6371355652809143
0.35646554827690125
0.6235864162445068
0.2762213349342346
0.4547395706176758
0.2781606614589691
0.3993277847766876
0.3316245377063751
0.31581035256385803
0.22632718086242676
0.17543470859527588
0.3358204960823059
0.243753120303154
0.16519533097743988
0.1573008894920349
0.24543990194797516
0.18165379762649536
0.2686745822429657
0.3203677535057068
0.3630857765674591
0.14467673003673553
0.2838025987148285
0.3305441439151764
0.536500096321106
0.14896269142627716
0.2794130742549896
0.31402158737182617
0.4402027130126953
0.3838941156864166
0.6247867345809937
0.3770367503166199
0.5324632525444031
0.4369158446788788
0.331317275762558
0.4791170656681061
0.4908716380596161
0.5339930653572083
0.5416532754898071
0.6101437211036682
0.2847265601158142
0.4321986138820648
0.2966581881046295
0.5995464324951172
0.3679710924625397
0.5883890986442566
0.3522265553474426
0.27935537695884705
0.33720335364341736
0.22772325575351715
0.21771502494812012
0.35737738013267517
0.3694179654121399
0.5041018724441528
0.5017042756080627
0.6881549954414368
0.42751502990722656
0.5157734751701355
0.47864335775375366
0.5308206081390381
0.5507492423057556
0.5053074359893799
0.6601532101631165
0.6115896105766296
0.5746062994003296
0.7499949932098389
0.7832417488098145
0.6656472682952881
0.7270634770393372
0.7301154136657715
0.6654217839241028
0.6481006145477295
0.5378374457359314
0.7458018064498901
0.6943310499191284
0.6850466132164001
0.7131641507148743
0.7708600163459778
0.7073532342910767
0.6836617588996887
0.7184505462646484
0.6726933121681213
0.48538318276405334
0.6203056573867798
0.46309947967529297
0.4873639643192291
0.7145848274230957
0.5083781480789185
0.6075213551521301
0.45052391290664673
0.7957713007926941
0.5343955159187317
0.513844907283783
0.48041975498199463
0.5455045104026794
0.7490878701210022
0.4997192919254303
0.7228107452392578
0.6945356130599976
0.6134505867958069
0.6533904075622559
0.48400720953941345
0.6052762269973755
0.14836759865283966
0.22692179679870605
0.31214645504951477
0.2720698118209839
0.3080233037471771
0.3898637890815735
0.3232457935810089
0.37981104850769043
0.48468276858329773
0.2211952954530716
0.19691795110702515
0.12002375721931458
0.12468445301055908
0.06247119978070259
0.12768343091011047
0.36981433629989624
0.4523758292198181
0.6186178922653198
0.5993908643722534
0.6146610975265503
0.5758231282234192
0.669466495513916
0.5432360768318176
0.6305063366889954
0.6363500356674194
0.5102332234382629
0.674049973487854
0.5958736538887024
0.6534842252731323
0.31321200728416443
0.32327479124069214
0.31924811005592346
0.3149462342262268
0.3662014603614807
0.2939114570617676
0.3781616687774658
0.4586612284183502
0.4552915394306183
0.5249503254890442
0.5324206948280334
0.5131670832633972
0.5053955912590027
0.6710989475250244
0.6730702519416809
0.7977184057235718
0.7390015721321106
0.513195812702179
0.7235555648803711
0.5248816609382629
0.6273730993270874
0.6386427283287048
0.5875606536865234
0.7078959345817566
0.5971603989601135
0.7201814651489258
0.6153903603553772
0.6840213537216187
0.7399282455444336
0.7736663222312927
0.8560399413108826
0.7603699564933777
0.4650382101535797
0.5996602773666382
0.5591581463813782
0.5121114253997803
0.15578770637512207
0.6839616298675537
0.5478737354278564
0.3483767509460449
0.41725438833236694
0.24141015112400055
0.5311358571052551
0.40003177523612976
0.4763146936893463
0.6883948445320129
0.6046662926673889
0.6909826993942261
0.730776846408844
0.4670800268650055
0.40359002351760864
0.3014678359031677
0.3222907483577728
0.30736175179481506
0.2182828187942505
0.1937577724456787
0.4537317454814911
0.2868874967098236
0.38918614387512207
0.7678499221801758
0.6881163120269775
0.5210099816322327
0.6234509348869324
0.5212169289588928
0.6865110993385315
0.6900861263275146
0.40997791290283203
0.45253223180770874
0.4206016957759857
0.5398982763290405
0.26874586939811707
0.4041270613670349
0.4559643566608429
0.6304896473884583
0.5798476934432983
0.614956796169281
0.6472517848014832
0.6565595269203186
0.5964196920394897
0.6959778070449829
0.8017871379852295
0.7144904136657715
0.9073243737220764
0.8172853589057922
0.8394174575805664
0.9201056361198425
0.8384345173835754
0.8496102094650269
0.8969945907592773
0.9075031280517578
0.9195842742919922
0.924974262714386
0.9488920569419861
0.8900516629219055
0.8931283950805664
0.7946162819862366
0.7836878895759583
0.8117247223854065
0.697413980960846
0.7859766483306885
0.5782910585403442
0.7555660605430603
0.7324818968772888
0.649849534034729
0.5841464400291443
0.4457927346229553
0.43489402532577515
0.22305189073085785
0.30386319756507874
0.6593911647796631
0.338584840297699
0.527230441570282
0.5176895260810852
0.4618206024169922
0.33659568428993225
0.5306764841079712
0.47471487522125244
0.6889233589172363
0.6661683320999146
0.5530533194541931
0.4855424165725708
0.6402228474617004
0.479322224855423
0.7160135507583618
0.6475660800933838
0.5204309225082397
0.6635414958000183
0.7503657937049866
0.7133005857467651
