0.4959108531475067
0.4955102205276489
0.231932133436203
0.5519117712974548
0.5450772047042847
0.25398746132850647
0.17296814918518066
0.8169847130775452
0.6571909189224243
0.3360821008682251
0.4400150179862976
0.33567431569099426
0.43513140082359314
0.28174176812171936
0.06388543546199799
0.3995441794395447
0.407336562871933
0.22472988069057465
0.1712583601474762
0.32184138894081116
0.2701438069343567
0.29752716422080994
0.2669326066970825
0.21265219151973724
0.2363099753856659
0.15975628793239594
0.19953656196594238
0.42325493693351746
0.3892885744571686
0.6317655444145203
0.7029126286506653
0.8271283507347107
0.4260025918483734
0.7636143565177917
0.3691783547401428
0.17359712719917297
0.060862064361572266
0.42251238226890564
0.7122090458869934
0.079890675842762
0.10690990835428238
0.8408598303794861
0.7742024660110474
0.38907355070114136
0.44646304845809937
0.33815738558769226
0.3143748342990875
0.12584048509597778
0.050265777856111526
0.4428688585758209
0.29286444187164307
0.07740207016468048
0.23233389854431152
0.4704665243625641
0.4673479497432709
0.25736162066459656
0.1171894446015358
0.3815021514892578
0.18826070427894592
0.2615249752998352
0.31830185651779175
0.4415832459926605
0.5503779649734497
0.7998030781745911
0.6641073822975159
0.6547491550445557
0.658233642578125
0.2393653690814972
0.1257895529270172
0.021844634786248207
0.42546194791793823
0.7464445233345032
0.055626366287469864
0.1105850413441658
0.7352470755577087
0.836451530456543
0.3140489459037781
0.4998616576194763
0.3984675705432892
0.2687169313430786
0.07231364399194717
0.03696784749627113
0.2217356562614441
0.2577487528324127
0.05097058415412903
0.1498999297618866
0.33012309670448303
0.48085832595825195
0.38110271096229553
0.13652491569519043
0.27799153327941895
0.161774680018425
0.28351515531539917
0.1583232283592224
0.40037575364112854
0.47671398520469666
0.7188520431518555
0.7777929902076721
0.20652338862419128
0.5537126660346985
0.28945931792259216
0.1819320172071457
0.03867614269256592
0.4887900948524475
0.7906131744384766
0.10601852089166641
0.16299600899219513
0.8724141120910645
0.9079945087432861
0.5279696583747864
0.4783872961997986
0.3194755017757416
0.3047773540019989
0.11053118854761124
0.04744255170226097
0.24802561104297638
0.18472722172737122
0.043267104774713516
0.09221572428941727
0.1601089984178543
0.3284146785736084
0.1464986503124237
0.10554777085781097
0.26952067017555237
0.23826928436756134
0.20137141644954681
0.35360103845596313
0.2727528214454651
0.26459112763404846
0.5163165926933289
0.7867787480354309
0.442052960395813
0.71492999792099
0.38442462682724
0.18500418961048126
0.18629665672779083
0.5396750569343567
0.7349401712417603
0.3107450306415558
0.6814038157463074
0.4902684986591339
0.365491658449173
0.21694667637348175
0.39937475323677063
0.36716628074645996
0.18670524656772614
0.09711780399084091
0.40960344672203064
0.21328583359718323
0.23874282836914062
0.09792345762252808
0.25086086988449097
0.2510557174682617
0.2917672097682953
0.26498883962631226
0.14856991171836853
0.3076874911785126
0.3860054612159729
0.4704577624797821
0.4410792887210846
0.3587176203727722
0.3953176736831665
0.38350909948349
0.32495585083961487
0.3864663243293762
0.4310488998889923
0.5151689648628235
0.4920507073402405
0.3989391028881073
