0.4050230383872986
0.1462727189064026
0.37080416083335876
0.14959308505058289
0.3360597789287567
0.3125002980232239
0.20629018545150757
0.2985769510269165
0.20143014192581177
0.27685654163360596
0.2366751879453659
0.39744579792022705
0.20915992558002472
0.2838045656681061
0.1509290486574173
0.36655309796333313
0.29794901609420776
0.14864028990268707
0.10421078652143478
0.27899402379989624
0.1076996773481369
0.0986485406756401
0.26277396082878113
0.36881470680236816
0.6445407867431641
0.15244467556476593
0.14049215614795685
0.3482264578342438
0.30688947439193726
0.2538915276527405
0.3049318492412567
0.258868545293808
0.3759816884994507
0.28311219811439514
0.17713220417499542
0.2794690430164337
0.3117550015449524
0.1561211347579956
0.14462807774543762
0.5585619807243347
0.38752391934394836
0.1693534404039383
0.24048763513565063
0.13849130272865295
0.18955597281455994
0.11274357885122299
0.34498077630996704
0.39026114344596863
0.48163071274757385
0.38230207562446594
0.5738735795021057
0.5868145227432251
0.3525419235229492
0.4116300046443939
0.4131965637207031
0.30573877692222595
0.29088857769966125
0.22392913699150085
0.263540655374527
0.2067442536354065
0.3645860254764557
0.408607542514801
0.4256492257118225
0.5815969109535217
0.4526330232620239
0.2806483805179596
0.26979753375053406
0.4189588725566864
0.5029937624931335
0.2916375696659088
0.34448397159576416
0.2890826463699341
0.26832348108291626
0.24947887659072876
0.3415085971355438
0.30447903275489807
0.1580122411251068
0.22822268307209015
0.10732600837945938
0.1447468250989914
0.08755180984735489
0.09685340523719788
0.09431885927915573
0.08646634221076965
0.1769016534090042
0.24382567405700684
0.12932927906513214
0.1421373337507248
0.10341719537973404
0.0996403694152832
0.17215366661548615
0.1419760137796402
0.06110956147313118
0.15953022241592407
0.22440987825393677
0.15243224799633026
0.08735693991184235
0.18842680752277374
0.20011869072914124
0.2696734070777893
0.48413917422294617
0.2952437102794647
0.06091304123401642
0.26426687836647034
0.4459032416343689
0.3356657326221466
0.14200416207313538
0.5677385330200195
0.6995308995246887
0.33647841215133667
0.4758836030960083
0.842967689037323
0.618890106678009
0.5250853896141052
0.4939432144165039
0.5903728604316711
0.18990197777748108
0.08330868184566498
0.1378069669008255
0.4667488634586334
0.47906553745269775
0.16055913269519806
0.3168698251247406
0.46409204602241516
0.41267862915992737
0.30772629380226135
0.23128938674926758
0.17838212847709656
0.12003640085458755
0.30554085969924927
0.2746559977531433
0.40694460272789
0.19236572086811066
0.21237142384052277
0.22661426663398743
0.2773299515247345
0.16675043106079102
0.14445216953754425
0.18343394994735718
0.22013269364833832
0.2507530450820923
0.30055007338523865
0.33061483502388
0.39176127314567566
0.3160712420940399
0.336210697889328
0.36153873801231384
0.536497175693512
0.36248037219047546
0.4019462466239929
0.41448014974594116
0.2717473804950714
0.3741302788257599
0.24166089296340942
0.3373367190361023
0.19847899675369263
0.23836782574653625
0.1760820746421814
0.3135986328125
0.48470327258110046
0.24323132634162903
0.3926751911640167
0.5494914054870605
0.40430623292922974
0.6421346664428711
0.4314900040626526
0.9016169309616089
0.6261354088783264
0.44212043285369873
0.6885291337966919
0.22658920288085938
0.524795413017273
0.47565189003944397
0.4864175617694855
0.5354649424552917
0.5592294335365295
0.49159732460975647
0.552323043346405
0.587373673915863
0.6298490166664124
0.2662087678909302
0.3952806890010834
0.6255828738212585
0.5497511625289917
0.36944177746772766
0.5174626111984253
0.3488729000091553
0.48922649025917053
0.4463058114051819
0.5012953877449036
0.6032673716545105
0.2120150923728943
0.33953866362571716
0.1970054805278778
0.21395771205425262
0.16270789504051208
0.3807498514652252
0.3679869472980499
0.28724390268325806
0.49380698800086975
0.27016201615333557
0.49455827474594116
0.5877912640571594
0.5804219245910645
0.744028627872467
0.5274863243103027
0.41227489709854126
0.35347387194633484
0.23765897750854492
0.318090558052063
0.2117799073457718
0.1726798713207245
0.07720253616571426
0.1488012820482254
0.13680298626422882
0.1005186215043068
0.09687472879886627
0.2923814058303833
0.31084275245666504
0.241141214966774
0.25753116607666016
0.39772340655326843
0.23266829550266266
0.39152681827545166
0.6055536866188049
0.3732556700706482
0.46481794118881226
0.7398207187652588
0.4036310911178589
0.5865490436553955
0.6523305177688599
0.5352429151535034
0.6102115511894226
0.405700147151947
0.7298476696014404
0.7749743461608887
0.518150806427002
0.6428973078727722
0.6143629550933838
0.6605748534202576
0.42617085576057434
0.538267970085144
0.4183059632778168
0.4139202833175659
0.670056164264679
0.7619796395301819
0.7129947543144226
0.7822601795196533
0.624380350112915
0.6542317271232605
0.6592143774032593
0.656948447227478
0.5028395056724548
0.6074845790863037
0.43343353271484375
0.40090224146842957
0.42344897985458374
0.36007094383239746
0.4989434480667114
0.1259394884109497
0.3290301263332367
0.24270659685134888
0.374385267496109
0.7940699458122253
0.29912269115448
0.6305373311042786
0.7454016804695129
0.5897679924964905
0.6573668718338013
0.6686575412750244
0.4912348985671997
0.4989893138408661
0.4176543354988098
0.5027979016304016
0.3817129135131836
0.4991888999938965
0.4449242949485779
0.5055670142173767
0.25972118973731995
0.596153199672699
0.5052445530891418
0.36767423152923584
0.3181983232498169
0.5293073654174805
0.49896708130836487
0.37603485584259033
0.5942078828811646
0.494763046503067
0.18792931735515594
0.3536160886287689
0.5310819745063782
0.4380347728729248
0.2553460896015167
0.5444945693016052
0.37770500779151917
0.5480271577835083
0.3789072632789612
0.21051965653896332
0.4772634506225586
0.5830383896827698
0.5457322001457214
0.5351277589797974
0.6766180396080017
0.5151552557945251
0.46079573035240173
0.6624334454536438
0.5326099395751953
0.3837870657444
0.4376450479030609
0.7164815664291382
0.30248361825942993
0.2722434401512146
0.6591472029685974
0.6117227673530579
0.5367720127105713
0.14583787322044373
0.18325932323932648
0.18545964360237122
0.1950620412826538
0.10309266299009323
0.14698833227157593
0.17801208794116974
0.16500112414360046
0.26607051491737366
0.21221770346164703
0.1863079071044922
0.19647012650966644
0.22014088928699493
0.3992947041988373
0.28125661611557007
0.29233694076538086
0.311849445104599
0.38676726818084717
0.4924829304218292
0.4557326138019562
0.4894850552082062
0.5774652361869812
0.6709861159324646
0.6209986209869385
0.7774564027786255
0.6591066718101501
0.477638304233551
0.24489066004753113
0.14675557613372803
0.3015023171901703
0.42676758766174316
0.16905343532562256
0.07430361956357956
0.413996160030365
0.42725494503974915
0.1614619791507721
0.4457637071609497
0.21694906055927277
0.3036510646343231
0.3312166631221771
0.6943587064743042
0.734856903553009
0.5580235719680786
0.5537919402122498
0.49944189190864563
0.5765432715415955
0.71147620677948
0.6398249268531799
0.3642213046550751
0.3858713209629059
0.4992101490497589
0.6341074109077454
0.3103799521923065
0.4183991253376007
0.4465142488479614
0.23220892250537872
0.36204415559768677
0.4390435516834259
0.6169546246528625
0.7413733601570129
0.4400288164615631
0.3059472143650055
0.4186604619026184
0.4231136441230774
0.5601146221160889
0.5482054352760315
0.17290037870407104
0.3772442638874054
0.39893999695777893
0.6677216291427612
0.750901997089386
0.8463113903999329
0.6492869257926941
0.6673393845558167
0.7930999398231506
0.7082458734512329
0.4719216525554657
0.6500044465065002
0.2586527168750763
0.12549598515033722
0.434354692697525
0.5093989968299866
0.5740240216255188
0.6856139302253723
0.48514705896377563
0.6548076272010803
0.41978803277015686
0.36285319924354553
