0.0857214629650116
0.05754898115992546
0.023142345249652863
0.16106119751930237
0.09949318319559097
0.11816670000553131
0.2346014529466629
0.26928144693374634
0.4377039968967438
0.4161019027233124
0.7340719699859619
0.22467823326587677
0.2830401659011841
0.18383443355560303
0.15893010795116425
0.120680071413517
0.012610032223165035
0.07882414758205414
0.06259331107139587
0.02653801627457142
0.008940690197050571
0.04386875033378601
0.05385514721274376
0.05402135103940964
0.038625650107860565
0.11225517839193344
0.1704341620206833
0.17277726531028748
0.19126777350902557
0.34146150946617126
0.30550453066825867
0.06781581789255142
0.12316082417964935
0.09805218130350113
0.23121391236782074
0.20925939083099365
0.27031999826431274
0.19831843674182892
0.48991304636001587
0.1857827752828598
0.6301584839820862
0.6910800933837891
0.30695465207099915
0.3637586236000061
0.1723974347114563
0.11151157319545746
0.09281834214925766
0.05915996804833412
0.022964874282479286
0.17871172726154327
0.10962287336587906
0.3360600471496582
0.3669358491897583
0.286499559879303
0.28663769364356995
0.3987807333469391
0.29086199402809143
0.31639617681503296
0.1448708474636078
0.039863936603069305
0.011343825608491898
0.023469876497983932
0.009317361749708652
0.03126636892557144
0.015515757724642754
0.03594617918133736
0.1539643555879593
0.5232880711555481
0.3744291365146637
0.6156812310218811
0.2878701090812683
0.7692739963531494
0.15640097856521606
0.061617374420166016
0.09694638848304749
0.08255743980407715
0.04144861176609993
0.007544767577201128
0.029427118599414825
0.25509852170944214
0.037628982216119766
0.015280593186616898
0.20152625441551208
0.25411903858184814
0.16376611590385437
0.17725294828414917
0.3925171196460724
0.278515487909317
0.2928043603897095
0.28886163234710693
0.4473787546157837
0.36115431785583496
0.2776773273944855
0.47286123037338257
0.3278421461582184
0.3462720215320587
0.35707688331604004
0.2057947963476181
0.2625690996646881
0.42297449707984924
0.20167852938175201
0.12203766405582428
0.19793470203876495
0.03716235235333443
0.06492801010608673
0.015548273921012878
0.06226131692528725
0.015761056914925575
0.08300278335809708
0.07123863697052002
0.2504177391529083
0.16666419804096222
0.2311486154794693
0.3071298897266388
0.3244873583316803
0.424636572599411
0.5432025194168091
0.5077895522117615
0.6249982714653015
0.6941573619842529
0.7857701182365417
0.8010918498039246
0.8300840854644775
0.8137356638908386
0.5693872570991516
0.7674658894538879
0.5201563239097595
0.3261703550815582
0.631916344165802
0.5727666020393372
0.8118060827255249
0.6519417762756348
0.7709422707557678
0.767418622970581
0.6930399537086487
0.8367498517036438
0.7098178863525391
0.812009334564209
0.22278447449207306
0.3471687138080597
0.18140384554862976
0.18592636287212372
0.3045613467693329
0.2368573397397995
0.16811031103134155
0.21341192722320557
0.3725046217441559
0.14570659399032593
0.17105868458747864
0.3177669644355774
0.37204816937446594
0.602056622505188
0.6538617014884949
0.1981850415468216
0.22065669298171997
0.49079111218452454
0.6901487112045288
0.6669424176216125
0.5822744369506836
0.7540651559829712
0.49098020792007446
0.7575576305389404
0.5357651710510254
0.2997605502605438
0.26463761925697327
0.39762082695961
0.6624780893325806
0.7123885154724121
0.2928720712661743
0.28774791955947876
0.40573975443840027
0.23586125671863556
0.3521978557109833
0.24119843542575836
0.18316622078418732
0.4060884714126587
0.17663946747779846
0.1424780935049057
0.22374649345874786
0.43605050444602966
0.24170348048210144
0.11319718509912491
0.5371752381324768
0.44596609473228455
0.3213886022567749
0.20253033936023712
0.3526008725166321
0.056858886033296585
0.062437091022729874
0.00551996473222971
0.008426939137279987
0.00798324216157198
0.025789517909288406
0.026048338040709496
0.1302131861448288
0.12952427566051483
0.28005340695381165
0.24889953434467316
0.16919882595539093
0.07431532442569733
0.019190365448594093
0.0399504192173481
0.0859454870223999
0.0750100389122963
0.1844041347503662
0.08490733057260513
0.28555741906166077
0.47074460983276367
0.5260303020477295
0.5335142016410828
0.38121962547302246
0.17757919430732727
0.3426322042942047
0.16164185106754303
0.22314320504665375
0.2345692664384842
0.20411105453968048
0.05938725918531418
0.1244826689362526
0.2970476746559143
0.11362496018409729
0.023787086829543114
0.1937858611345291
0.20036084949970245
0.024231484159827232
0.044193848967552185
0.15391674637794495
0.1464754343032837
0.08707178384065628
0.10485216975212097
0.29252856969833374
0.4030601680278778
0.556922972202301
0.22919848561286926
0.17494530975818634
0.2613511085510254
0.11292555928230286
0.26518192887306213
0.0769578069448471
0.06321052461862564
0.08434347808361053
0.0838392898440361
0.21263085305690765
0.4522482454776764
0.2152184098958969
0.3575499355792999
0.7517988681793213
0.5600442290306091
0.23911094665527344
0.10267002880573273
0.11455639451742172
0.19439449906349182
0.08230500668287277
0.05223648250102997
0.10641270130872726
0.21463066339492798
0.035585273057222366
0.11970165371894836
0.27391594648361206
0.21444866061210632
0.13796992599964142
0.03195343539118767
0.096572145819664
0.03215432167053223
0.008285356685519218
0.019861144945025444
0.013717511668801308
0.024229029193520546
0.09501184523105621
0.07573835551738739
0.5519329905509949
0.28136876225471497
0.4431404173374176
0.5595439672470093
0.7916525602340698
0.720794677734375
0.4348212778568268
0.6884916424751282
0.8206967711448669
0.3623291254043579
0.6982983350753784
0.4855455756187439
0.7029480934143066
0.6033510565757751
0.29125991463661194
0.4933163821697235
0.507002592086792
0.3449020981788635
0.15093360841274261
0.3911047875881195
0.17989519238471985
0.06073414534330368
0.24787616729736328
0.18690001964569092
0.02391013689339161
0.05816261097788811
0.27061063051223755
0.10882407426834106
0.025102153420448303
0.0663173645734787
0.2956458628177643
0.12789885699748993
0.06059052050113678
0.23051854968070984
0.25869548320770264
0.21928134560585022
0.21342433989048004
