0.17981941998004913
0.18393240869045258
0.11810239404439926
0.17434512078762054
0.2449425309896469
0.40350407361984253
0.174063578248024
0.4987936019897461
0.431936115026474
0.24890629947185516
0.2686578333377838
0.2539902329444885
0.24560628831386566
0.44619670510292053
0.293762743473053
0.24412842094898224
0.25079286098480225
0.2555745840072632
0.5392333269119263
0.3208331763744354
0.5296640992164612
0.6589414477348328
0.3959450423717499
0.474281907081604
0.5062916874885559
0.3499334454536438
0.2711232006549835
0.2338305115699768
0.1783178448677063
0.26766911149024963
0.17837481200695038
0.15583835542201996
0.08895379304885864
0.12240239232778549
0.028716392815113068
0.016561860218644142
0.026330944150686264
0.04360412433743477
0.030425356701016426
0.10773204267024994
0.124167799949646
0.05868203938007355
0.09217753261327744
0.029490627348423004
0.06338468939065933
0.08380868285894394
0.09766500443220139
0.11965429782867432
0.36741769313812256
0.42848023772239685
0.06996616721153259
0.094233438372612
0.370280385017395
0.08847394585609436
0.18575379252433777
0.27206951379776
0.06607291847467422
0.133321613073349
0.3892115354537964
0.26984816789627075
0.1867855340242386
0.4941920340061188
0.20593194663524628
0.19713647663593292
0.14851485192775726
0.14082399010658264
0.1737261563539505
0.10387030243873596
0.17903095483779907
0.2440612018108368
0.2791467308998108
0.18201561272144318
0.33814284205436707
0.3888736069202423
0.5253893136978149
0.5299995541572571
0.3909020721912384
0.6182494759559631
0.3624997138977051
0.40977540612220764
0.47487345337867737
0.21406641602516174
0.41421252489089966
0.2249177247285843
0.4005979895591736
0.39554160833358765
0.36994487047195435
0.1266542226076126
0.2064887136220932
0.061821434646844864
0.02445119060575962
0.015274301171302795
0.07621211558580399
0.07373104244470596
0.20925384759902954
0.3004189431667328
0.09301019459962845
0.19185766577720642
0.06349712610244751
0.017299683764576912
0.012669766321778297
0.015438228845596313
0.032516658306121826
0.12910111248493195
0.22429776191711426
0.2594687044620514
0.2740596830844879
0.2518303394317627
0.30206578969955444
0.06247331574559212
0.041578102856874466
0.18425744771957397
0.018874170258641243
0.053379908204078674
0.021832183003425598
0.04129699990153313
0.03156916797161102
0.10006016492843628
0.10889553278684616
0.04002661630511284
0.1862293928861618
0.19243423640727997
0.09364375472068787
0.21317115426063538
0.15477967262268066
0.06640893220901489
0.1903674453496933
0.1233273595571518
0.09129084646701813
0.08067048341035843
0.0694412887096405
0.06450170278549194
0.05675410479307175
0.20894546806812286
0.14895926415920258
0.3332764208316803
0.14577455818653107
0.3475980758666992
0.088689886033535
0.1434144377708435
0.17064514756202698
0.06461169570684433
0.052629027515649796
0.1405375897884369
0.04793116822838783
0.18991024792194366
0.05225284770131111
0.01041377242654562
0.06949815899133682
0.05407958850264549
0.12211993336677551
0.33844220638275146
0.46882396936416626
0.3186362683773041
0.1474221795797348
0.11312060803174973
0.1629725843667984
0.011872120201587677
0.013682777993381023
0.01922876387834549
0.025685159489512444
0.03924285247921944
0.16785427927970886
0.12495609372854233
0.03519526869058609
0.03456510975956917
0.026381727308034897
0.07744887471199036
0.05019764602184296
0.04043056443333626
0.2025957852602005
0.0530572272837162
0.12977959215641022
0.13308049738407135
0.09783607721328735
0.06786415725946426
0.2301853746175766
0.31510868668556213
0.20636889338493347
0.11635671555995941
0.14943048357963562
0.15022596716880798
0.21192440390586853
0.12056849896907806
0.1903539001941681
0.11796506494283676
0.13109172880649567
0.035719744861125946
0.07366827875375748
0.019468581303954124
0.009683546610176563
0.017766747623682022
0.12221063673496246
0.17973582446575165
0.3003826141357422
0.5991186499595642
0.15250781178474426
0.47959253191947937
0.3039160370826721
0.0365120954811573
0.00836263783276081
0.017527678981423378
0.01633969508111477
0.0908617153763771
0.1689731329679489
0.20300264656543732
0.041281938552856445
0.11217532306909561
0.019136134535074234
0.14787736535072327
0.15270011126995087
0.21354283392429352
0.37652432918548584
0.3558138310909271
0.3499809801578522
0.12909182906150818
0.3121650516986847
0.34408217668533325
0.4425640106201172
0.2791730463504791
0.3081512153148651
0.14590060710906982
0.3357490301132202
0.1852547824382782
0.17322897911071777
0.28321585059165955
0.40064480900764465
0.23043914139270782
0.218682199716568
0.2222186177968979
0.2683526575565338
0.2150934934616089
0.13468940556049347
0.09045686572790146
0.11477456986904144
0.01648118533194065
0.041823532432317734
0.018688639625906944
0.005351594649255276
0.03304523602128029
0.09580179303884506
0.06225009262561798
0.06266455352306366
0.42689794301986694
0.3205180764198303
0.11655984073877335
0.024048246443271637
0.02946358360350132
0.02238195575773716
0.01425252202898264
0.10975087434053421
0.06506508588790894
0.09826070815324783
0.11236242204904556
0.22826623916625977
0.13237525522708893
0.12113898247480392
0.1774858683347702
0.3248125910758972
0.18345484137535095
0.24359923601150513
0.1173875704407692
0.1753394901752472
0.04639304429292679
0.10749993473291397
0.10712037235498428
0.08285165578126907
0.27016156911849976
0.23272128403186798
0.34259435534477234
0.4230232536792755
0.46558132767677307
0.3328796625137329
0.2899717390537262
0.3733086585998535
0.41054075956344604
0.3671201467514038
0.321645051240921
0.4179249107837677
0.28012019395828247
0.33712777495384216
0.31227347254753113
0.18885891139507294
0.36150941252708435
0.41828837990760803
0.2393084168434143
0.14853732287883759
0.6162813305854797
0.17906633019447327
0.31792083382606506
0.16645248234272003
0.27204060554504395
0.21646204590797424
0.07851963490247726
0.1987670361995697
0.08117542415857315
0.06555299460887909
0.09205836057662964
0.03800288215279579
0.009249563328921795
0.03776416555047035
0.06339779496192932
0.04804098978638649
0.15750645101070404
0.10921487957239151
0.15249332785606384
0.13093437254428864
0.06017797440290451
0.013143262825906277
0.03728535398840904
0.02240477316081524
0.02643623948097229
0.05128217861056328
0.060813792049884796
0.08863204717636108
0.12995648384094238
0.21943914890289307
0.3392440378665924
0.15213382244110107
0.19029197096824646
0.1328340321779251
0.0685834065079689
0.13002212345600128
0.1674206703901291
0.1835380345582962
0.24405111372470856
0.2125590741634369
0.19574160873889923
0.3037784695625305
0.25551122426986694
0.16876770555973053
0.1644878089427948
0.16428744792938232
0.2490062415599823
0.36260050535202026
0.2660442590713501
0.46094009280204773
0.6327313780784607
0.43947935104370117
0.3098694980144501
0.514487624168396
0.35301148891448975
0.5066714882850647
0.30800941586494446
0.48263269662857056
0.4833652079105377
0.22095751762390137
0.4342028796672821
0.46600669622421265
0.41147345304489136
0.32207033038139343
0.32266363501548767
0.24634388089179993
0.24789316952228546
0.07231248170137405
0.15570282936096191
0.04133277013897896
0.018753090873360634
0.048876162618398666
0.026230618357658386
0.024554572999477386
0.05986597016453743
0.02195531502366066
0.04274379462003708
0.09084354341030121
0.12193984538316727
0.0962408185005188
0.09604001045227051
0.07043194025754929
0.10927282273769379
0.07097838819026947
0.10092797130346298
0.1271774023771286
0.10322753340005875
0.09164909273386002
0.1183122768998146
0.1299050748348236
0.07958266139030457
0.08508989959955215
0.06827769428491592
0.06935816258192062
0.07796434313058853
0.060686614364385605
0.03949655964970589
0.1851700395345688
0.09308723360300064
0.24522314965724945
0.25819429755210876
0.22253556549549103
0.24271954596042633
0.25703880190849304
0.27377524971961975
0.22246871888637543
0.3403928577899933
0.23531648516654968
0.10831893235445023
0.2352975755929947
0.17249329388141632
0.38508638739585876
0.29596224427223206
0.42164310812950134
0.3106798231601715
0.1818254142999649
0.14514131844043732
0.1061442568898201
0.05557515099644661
0.0626867413520813
0.05283919349312782
0.1251700520515442
0.06452523916959763
0.09779095649719238
0.15176860988140106
0.0921022891998291
0.11428870260715485
0.054967474192380905
0.057062361389398575
0.04492749646306038
0.02549784630537033
0.025737660005688667
0.039431340992450714
0.04798918589949608
