0.08128797262907028
0.24004121124744415
0.10074449330568314
0.21134543418884277
0.27543067932128906
0.12467774003744125
0.17030711472034454
0.347139835357666
0.40841081738471985
0.22036631405353546
0.22725407779216766
0.43207868933677673
0.48391008377075195
0.3630581796169281
0.26880693435668945
0.5279318690299988
0.3892331123352051
0.15931008756160736
0.379107266664505
0.3773175776004791
0.32230594754219055
0.1750650405883789
0.22848398983478546
0.18829692900180817
0.10108685493469238
0.1671745926141739
0.08411148935556412
0.13860450685024261
0.12190113216638565
0.1735595315694809
0.13013871014118195
0.11602023243904114
0.10435379296541214
0.06434915214776993
0.08356199413537979
0.15834791958332062
0.11525043100118637
0.14190435409545898
0.1541896015405655
0.1301802545785904
0.15659764409065247
0.19777239859104156
0.21252195537090302
0.16839522123336792
0.17079506814479828
0.15048445761203766
0.2797493636608124
0.23546820878982544
0.15753133594989777
0.11253705620765686
0.14398810267448425
0.07350225001573563
0.0344742015004158
0.06723759323358536
0.06096649169921875
0.06678272038698196
0.3052937388420105
0.18632210791110992
0.10317283123731613
0.22127209603786469
0.5031549334526062
0.28936877846717834
0.1244610920548439
0.20980964601039886
0.3371049165725708
0.14314143359661102
0.30476459860801697
0.23816810548305511
0.27169570326805115
0.14430499076843262
0.08769118040800095
0.11206597834825516
0.16808612644672394
0.13064955174922943
0.11496395617723465
0.07730742543935776
0.09112443774938583
0.11481115967035294
0.2628590166568756
0.06289886683225632
0.14617715775966644
0.25730982422828674
0.3271002471446991
0.0912242904305458
0.28836923837661743
0.43726563453674316
0.13201172649860382
0.20237167179584503
0.15770091116428375
0.1857089102268219
0.13547129929065704
0.06291753798723221
0.2256300151348114
0.08010486513376236
0.0665707215666771
0.026441149413585663
0.05276011303067207
0.035336628556251526
0.04825202748179436
0.1333276629447937
0.2965990900993347
0.06038586422801018
0.06811763346195221
0.07171499729156494
0.13883048295974731
0.2766498625278473
0.09710927307605743
0.14693079888820648
0.2508782744407654
0.2552567720413208
0.13382752239704132
0.2783159911632538
0.37255948781967163
0.3523866832256317
0.3210049867630005
0.1370638906955719
0.4261449873447418
0.22771091759204865
0.1002180427312851
0.22863799333572388
0.23611412942409515
0.13293083012104034
0.09815553575754166
0.15265576541423798
0.16912800073623657
0.06791096925735474
0.1250932365655899
0.20553277432918549
0.16071300208568573
0.05398412048816681
0.08510509133338928
0.22676031291484833
0.07275716215372086
0.03207321837544441
0.12323350459337234
0.1141989529132843
0.05404962971806526
0.04185424745082855
0.09178505092859268
0.06368312984704971
0.06125376746058464
0.01700570248067379
0.05273841693997383
0.05251847580075264
0.01799842156469822
0.01966121233999729
0.052294328808784485
0.035726554691791534
0.060136690735816956
0.04881066083908081
0.0939110592007637
0.14591945707798004
0.318669855594635
0.3340481221675873
0.4423549473285675
0.2717133164405823
0.3365524411201477
0.5144492387771606
0.31722190976142883
0.3605867028236389
0.10441530495882034
0.2204257845878601
0.2297314554452896
0.4723655879497528
0.37140801548957825
0.169914111495018
0.13418877124786377
0.22066031396389008
0.2712915539741516
0.1302536278963089
0.1368454098701477
0.43060898780822754
0.2954937517642975
0.3446267247200012
0.0971168577671051
0.28186219930648804
0.3570738732814789
0.4850989580154419
0.19269447028636932
0.37483349442481995
0.5147543549537659
0.3865123987197876
0.3942522406578064
0.3469248116016388
0.3828720152378082
0.3240548074245453
0.19892555475234985
0.24862827360630035
0.16980311274528503
0.10242526233196259
0.14114728569984436
0.12138495594263077
0.18412786722183228
0.20180638134479523
0.43374133110046387
0.3208904266357422
0.3110450506210327
0.28292617201805115
0.14389537274837494
0.16740873456001282
0.04926752299070358
0.16897471249103546
0.2577666640281677
0.1557547003030777
0.06586463004350662
0.3612794578075409
0.3832414448261261
0.10670306533575058
0.28318220376968384
0.1516253799200058
0.16771374642848969
0.14454686641693115
0.14820516109466553
0.10587640851736069
0.09076563268899918
0.10692773759365082
0.22667506337165833
0.08878317475318909
0.038000673055648804
0.11042201519012451
0.08767382800579071
0.07559056580066681
0.033634986728429794
0.06451233476400375
0.018980447202920914
0.1263435035943985
0.08118316531181335
0.3614693880081177
0.2916586399078369
0.21809625625610352
0.10449451208114624
0.09293884038925171
0.13203443586826324
0.09297985583543777
0.029021305963397026
0.07499492168426514
0.10518676787614822
0.10967309772968292
0.18469369411468506
0.07669299095869064
0.05882607772946358
0.1324474811553955
0.049883026629686356
0.1286028027534485
0.03845630958676338
0.1071280762553215
0.32465219497680664
0.3689839541912079
0.21380670368671417
0.46497979760169983
0.5606822967529297
0.3026803433895111
0.2016189694404602
0.44568783044815063
0.5665430426597595
0.41062888503074646
0.2876826226711273
0.2656739354133606
0.32866570353507996
0.42193999886512756
0.3928620517253876
0.39376726746559143
0.3458973169326782
0.3313966691493988
0.32771608233451843
0.3759187161922455
0.25107473134994507
0.22282446920871735
0.16011059284210205
0.19170744717121124
0.05136626586318016
0.14994096755981445
0.24054236710071564
0.12663151323795319
0.1533629447221756
0.21079401671886444
0.25777700543403625
0.08315076678991318
0.25045645236968994
0.23048430681228638
0.18901270627975464
0.05044088512659073
0.3047906458377838
0.14282602071762085
0.2320099174976349
0.2420097440481186
0.2700253129005432
0.3195829391479492
0.4038955867290497
0.2231919765472412
0.3128616511821747
0.18848855793476105
0.12529702484607697
0.1128738597035408
0.20153790712356567
0.05579384043812752
0.031245792284607887
0.04747389629483223
0.09318581968545914
0.04105345532298088
0.04173968359827995
0.09310060739517212
0.037231579422950745
0.05086972936987877
0.14977988600730896
0.1562274992465973
0.09636923670768738
0.12354806810617447
0.21475417912006378
0.24434365332126617
0.25722235441207886
0.26129117608070374
0.3538222014904022
0.31322258710861206
0.18157178163528442
0.3430483639240265
0.17206239700317383
0.12542720139026642
0.19604679942131042
0.11393947154283524
0.32840216159820557
0.19276779890060425
0.18522870540618896
0.0692911371588707
0.12399011105298996
0.2611340582370758
0.4118092358112335
0.07447193562984467
0.11210387200117111
0.2513054609298706
0.259168416261673
0.072036974132061
0.2977685034275055
0.24814732372760773
0.22173134982585907
0.09849774092435837
0.22904078662395477
0.3919428586959839
0.2680954933166504
0.10116418451070786
0.21429921686649323
0.14757558703422546
0.03535362333059311
0.21548835933208466
0.16760146617889404
0.1714051067829132
0.22577200829982758
0.07825200259685516
0.15873928368091583
0.057087209075689316
0.14915092289447784
0.3307257890701294
0.0634613037109375
0.1390184909105301
0.3673824965953827
0.2555481195449829
0.1655481457710266
0.2614686191082001
0.3027164936065674
0.17331214249134064
0.15862949192523956
0.5091243386268616
0.5619710087776184
0.35343456268310547
0.39919009804725647
0.4065225124359131
0.3558582067489624
0.27323299646377563
0.23891976475715637
0.45469439029693604
0.23791207373142242
0.2230062186717987
0.19866754114627838
0.13759106397628784
0.18468411266803741
0.25578397512435913
0.36859601736068726
0.26979079842567444
0.3118720054626465
0.2557148039340973
0.3275236189365387
0.22952263057231903
0.24719752371311188
0.18667346239089966
0.3407920300960541
0.2898988127708435
0.23021584749221802
0.13107487559318542
0.16492179036140442
0.2852364778518677
0.11375126987695694
0.1915743201971054
0.2754913568496704
0.13238050043582916
0.13562758266925812
0.1966852843761444
0.35553067922592163
0.26059240102767944
0.3490263521671295
0.09988273680210114
0.10506784170866013
0.1452653408050537
0.12785230576992035
0.0957096740603447
0.0799383670091629
0.0983116626739502
0.14143379032611847
0.12343063950538635
0.08230671286582947
0.10364685207605362
0.06209301948547363
0.03779775649309158
0.02904760278761387
0.1743595153093338
0.22771231830120087
0.02853207103908062
0.05134662613272667
0.041050683706998825
0.11320209503173828
0.03548033535480499
0.249589204788208
0.1631218045949936
0.12975016236305237
0.15455277264118195
0.4523540139198303
0.42180803418159485
0.27285465598106384
0.389498233795166
0.28940391540527344
0.23908168077468872
0.18034346401691437
0.0795222818851471
0.17137877643108368
0.11822114139795303
0.2920621931552887
0.5323971509933472
0.4060741662979126
0.5464362502098083
0.36709949374198914
0.6215600967407227
0.3899487853050232
0.1647890955209732
0.16849319636821747
0.2995108664035797
0.09246284514665604
0.39378735423088074
0.18943077325820923
0.07527858763933182
0.23577433824539185
0.1660962700843811
0.035155411809682846
0.13284340500831604
0.05047132447361946
0.03467773273587227
0.033337194472551346
0.027639338746666908
0.0499752052128315
0.0928107500076294
0.12972287833690643
0.21211661398410797
0.15265364944934845
0.18941618502140045
0.12025279551744461
0.08826587349176407
0.032244689762592316
0.05770542100071907
0.022642701864242554
0.026524662971496582
0.07962285727262497
0.050804346799850464
0.0330008864402771
0.0980900302529335
0.17232635617256165
0.05477837845683098
0.08944857865571976
0.041505396366119385
0.11224126815795898
0.05117141082882881
0.023716161027550697
0.10063603520393372
0.1049874797463417
0.019834190607070923
0.0159971471875906
0.012956994585692883
0.013481413014233112
0.007890225388109684
0.028421904891729355
0.010739759542047977
0.007053464651107788
0.008022855035960674
0.01760581135749817
0.028544962406158447
0.022631702944636345
0.015329660847783089
0.029420439153909683
0.032125819474458694
0.03884967043995857
0.1852360963821411
0.10330416262149811
0.10891417413949966
0.3212743401527405
0.12574361264705658
0.49188995361328125
0.6236008405685425
0.6960795521736145
0.6528430581092834
0.5033952593803406
0.5445294976234436
0.43107205629348755
0.31978824734687805
0.39603766798973083
0.464993417263031
0.6281336545944214
0.6048729419708252
0.5875609517097473
0.48872110247612
0.3991759121417999
0.43428900837898254
0.3619706928730011
0.5915852785110474
0.49552521109580994
0.46105173230171204
0.699543297290802
0.3010946214199066
0.2829642593860626
0.20031191408634186
0.11301963776350021
0.17473596334457397
0.03626137599349022
0.11514642834663391
0.029804332181811333
0.014528223313391209
0.013378418982028961
0.02625880390405655
0.011922330595552921
0.028221512213349342
0.04522092267870903
0.01941557228565216
0.02790153957903385
0.0602094791829586
0.05193314328789711
0.020786233246326447
0.07033977657556534
0.04605967923998833
0.01622599922120571
0.06064804270863533
0.10916123539209366
0.03462137654423714
0.11399515718221664
0.29347899556159973
0.3375310003757477
0.4810378849506378
0.36556974053382874
0.38622570037841797
0.16047364473342896
0.33849063515663147
0.18607692420482635
0.21635666489601135
0.28190380334854126
0.3423584997653961
0.17354971170425415
0.27602848410606384
0.2779846787452698
0.1752309948205948
0.21086712181568146
0.26540157198905945
0.16165371239185333
0.3369031846523285
0.09490600228309631
0.09367364645004272
0.3751181960105896
0.09444406628608704
0.2257959395647049
0.22186242043972015
0.15518376231193542
0.23710638284683228
0.17031344771385193
0.1987929344177246
0.1736724078655243
0.12930721044540405
0.22121186554431915
0.09773797541856766
0.16318923234939575
0.1374211311340332
0.37290892004966736
0.09887529909610748
0.2980545461177826
0.10034126788377762
0.20349007844924927
0.19262690842151642
0.0751834288239479
0.18899525701999664
0.08342764526605606
0.1734686642885208
0.1923500895500183
0.25544288754463196
0.5426773428916931
0.6318748593330383
0.32296526432037354
0.49771490693092346
0.3535097539424896
0.548445463180542
0.4034583866596222
0.35396894812583923
0.25028374791145325
0.3751772344112396
0.25018420815467834
0.24813635647296906
0.22864137589931488
0.2573492228984833
0.1278994381427765
0.2736120820045471
0.22702468931674957
0.21156877279281616
0.18651996552944183
0.14396359026432037
0.2623978555202484
0.26719433069229126
0.24894367158412933
0.24817803502082825
0.15527772903442383
0.3617129325866699
0.31586989760398865
0.4483092129230499
0.4566287398338318
0.15202069282531738
0.43927252292633057
0.2637493312358856
0.24798409640789032
0.29380255937576294
0.1630471795797348
0.2935698926448822
0.24376916885375977
0.3116067349910736
0.3989291191101074
0.2648414671421051
0.46662044525146484
0.2880229949951172
0.5243889093399048
0.3885481655597687
0.44354772567749023
0.26158180832862854
0.3526228070259094
0.20862993597984314
0.25126031041145325
0.20534539222717285
0.38494282960891724
0.2229352593421936
0.14847181737422943
0.33589282631874084
0.33300700783729553
0.41099146008491516
0.5708725452423096
0.4718775153160095
0.35916024446487427
0.44915130734443665
0.4347536563873291
0.3646477162837982
0.25540128350257874
0.3008698523044586
0.28640809655189514
0.19811640679836273
0.1384512186050415
0.2607029378414154
0.13314464688301086
0.16863633692264557
0.15155978500843048
