0.44890299439430237
0.3804542124271393
0.4682368338108063
0.36981478333473206
0.45730060338974
0.4574928879737854
0.6961808800697327
0.6102440357208252
0.42407095432281494
0.6049179434776306
0.6226325631141663
0.49844592809677124
0.5311180949211121
0.47491857409477234
0.17726357281208038
0.29955220222473145
0.3528733253479004
0.247836172580719
0.3561941385269165
0.1263129711151123
0.2864835262298584
0.41148295998573303
0.360970675945282
0.2359636127948761
0.2709464728832245
0.3061603009700775
0.15787453949451447
0.3370174467563629
0.278128981590271
0.37503165006637573
0.37711042165756226
0.43943020701408386
0.3890666961669922
0.3541635572910309
0.40025532245635986
0.4185418486595154
0.42398959398269653
0.4784555435180664
0.3079916536808014
0.2062908113002777
0.43273505568504333
0.2617075443267822
0.16000522673130035
0.2894410192966461
0.5607038736343384
0.5253577828407288
0.2556060552597046
0.5762108564376831
0.5397591590881348
0.5155792236328125
0.17036958038806915
0.4400586187839508
0.14087718725204468
0.36618122458457947
0.3783000409603119
0.17758071422576904
0.3337043523788452
0.4497595429420471
0.4590546786785126
0.46545061469078064
0.2877116799354553
0.26078662276268005
0.3560200333595276
0.28985127806663513
0.23958131670951843
0.20664703845977783
0.3150447905063629
0.10375390946865082
0.25032946467399597
0.38818734884262085
0.19096329808235168
0.18817263841629028
0.29902374744415283
0.10993798077106476
0.16420358419418335
0.21618783473968506
0.16597861051559448
0.18750834465026855
0.22531478106975555
0.2288251519203186
0.2835533022880554
0.22929055988788605
0.1563626080751419
0.22108860313892365
0.20703662931919098
0.16024239361286163
0.14024701714515686
0.17982357740402222
0.21755316853523254
0.3270616829395294
0.3153523802757263
0.2767331600189209
0.24847857654094696
0.12301833182573318
0.31952691078186035
0.3286973536014557
0.3186762034893036
0.3248980939388275
0.3861650824546814
0.5937460064888
0.4902181029319763
0.44223687052726746
0.479949951171875
0.6330553889274597
0.34640270471572876
0.46937423944473267
0.38110852241516113
0.39434534311294556
0.24079230427742004
0.30114808678627014
0.1293429136276245
0.17814476788043976
0.14068885147571564
0.2251596748828888
0.17048142850399017
0.1282752901315689
0.0791933685541153
0.1465037614107132
0.10089307278394699
0.1546802520751953
0.11368249356746674
0.23945899307727814
0.18937821686267853
0.2893792688846588
0.13693898916244507
0.19901153445243835
0.23950396478176117
0.1797778308391571
0.40673938393592834
0.47721046209335327
0.3178502023220062
0.43367999792099
0.6077014207839966
0.7471423745155334
0.5761522650718689
0.25634247064590454
0.3829701840877533
0.1358974575996399
0.46963098645210266
0.2360733300447464
0.10280848294496536
0.2066405564546585
0.3821548521518707
0.352064847946167
0.11675122380256653
0.22441713511943817
0.23877504467964172
0.4508453607559204
0.35912829637527466
0.4297179579734802
0.629048764705658
0.48316070437431335
0.40059882402420044
0.3749147951602936
0.5767476558685303
0.6606598496437073
0.5653325319290161
0.36129334568977356
0.35900023579597473
0.4098621606826782
0.4175504148006439
0.31959328055381775
0.22892938554286957
0.40036702156066895
0.39650049805641174
0.3012106120586395
0.16552674770355225
0.2647685706615448
0.2651204466819763
0.28636279702186584
0.4233708083629608
0.4812404215335846
0.34391674399375916
0.5253130793571472
0.21529515087604523
0.24926477670669556
0.11923100054264069
0.26189184188842773
0.1327405422925949
0.11828567087650299
0.1340557038784027
0.1110522523522377
0.22214019298553467
0.09978456795215607
0.2479875087738037
0.15274517238140106
0.23817382752895355
0.1573600471019745
0.24175997078418732
0.1938193291425705
0.6920173764228821
0.2169504314661026
0.22112657129764557
0.07579252868890762
0.17887870967388153
0.2843049168586731
0.22452735900878906
0.2255074679851532
0.16115432977676392
0.3225569725036621
0.33752551674842834
0.24764397740364075
0.14614862203598022
0.12785084545612335
0.1215255931019783
0.08970901370048523
0.35536742210388184
0.25725245475769043
0.25674936175346375
0.07582379877567291
0.10283014178276062
0.09397751837968826
0.0994403064250946
0.15243494510650635
0.22920270264148712
0.44755396246910095
0.3565885126590729
0.5412531495094299
0.4022175967693329
0.4378395080566406
0.491744726896286
0.47585609555244446
0.6173565983772278
0.3797265291213989
0.33554261922836304
0.5694213509559631
0.42719483375549316
0.25021615624427795
0.33839496970176697
0.4259108006954193
0.14474482834339142
0.4638786315917969
0.31030765175819397
0.20080584287643433
0.08092402666807175
0.5607162117958069
0.22667919099330902
0.1439424604177475
0.1198706105351448
0.12139604985713959
0.06507337838411331
0.11400675773620605
0.039906520396471024
0.07092615962028503
0.04901798814535141
0.07110939174890518
0.27061572670936584
0.23556382954120636
0.2559812068939209
0.4781288206577301
0.3942728638648987
0.1386384814977646
0.31600186228752136
0.13682116568088531
0.2819465696811676
0.3877951502799988
0.4856548309326172
0.39102110266685486
0.19760233163833618
0.38638144731521606
0.12843549251556396
0.4737277626991272
0.45340123772621155
0.18744243681430817
0.48479482531547546
0.5631027817726135
0.2870839536190033
0.639253556728363
0.4969978332519531
0.46662643551826477
0.4750317633152008
0.5423172116279602
0.4652380347251892
0.5591970086097717
0.5393902659416199
0.6961605548858643
0.38300275802612305
0.40050843358039856
0.5500739812850952
0.6320329904556274
0.46746042370796204
0.35886350274086
0.19785398244857788
0.4157697260379791
0.27893784642219543
0.08721146732568741
0.41812998056411743
0.20296993851661682
0.09431169182062149
0.1719808727502823
0.5894108414649963
0.08203823119401932
0.08984571695327759
0.14225256443023682
0.18107683956623077
0.10298068821430206
0.09671095758676529
0.20096202194690704
0.1838844120502472
0.10082821547985077
0.08392951637506485
0.14347292482852936
0.0994856208562851
0.2737979590892792
0.08925842493772507
0.25135868787765503
0.22692272067070007
0.37748128175735474
0.3726717531681061
0.5130845904350281
0.2776382565498352
0.36725112795829773
0.5898044109344482
0.6061405539512634
0.37270215153694153
0.5508400201797485
0.17052483558654785
0.5312867164611816
0.1758616715669632
0.24110214412212372
0.29000720381736755
