0.5083054304122925
0.34751322865486145
0.6592276692390442
0.8407583832740784
0.7347645163536072
0.7307026982307434
0.5992318391799927
0.7361347079277039
0.8904507160186768
0.5076717138290405
0.36570826172828674
0.8947693705558777
0.7719660997390747
0.7379589676856995
0.8979642987251282
0.8840475082397461
0.7264131307601929
0.6523483395576477
0.9037296772003174
0.8202484250068665
0.5424021482467651
0.1910995990037918
0.591393768787384
0.4997328221797943
0.3362137973308563
0.7645484805107117
0.32695284485816956
0.4369601309299469
0.19826719164848328
0.2987303137779236
0.19291456043720245
0.2518278658390045
0.5898779630661011
0.37776705622673035
0.6174643635749817
0.7186440229415894
0.6780530214309692
0.579058825969696
0.8732107281684875
0.8948469161987305
0.8758065104484558
0.8789505958557129
0.7229523062705994
0.458682656288147
0.6311154365539551
0.526006281375885
0.43246930837631226
0.49467626214027405
0.7763601541519165
0.27398768067359924
0.3923339545726776
0.680121660232544
0.8880833983421326
0.6039422154426575
0.777021050453186
0.9464288353919983
0.6141067147254944
0.6880149841308594
0.8183088898658752
0.7676147222518921
0.6314928531646729
0.4535895884037018
0.34485384821891785
0.17293298244476318
0.473762184381485
0.5341373682022095
0.6798332333564758
0.658379316329956
0.5326483845710754
0.5321044325828552
0.5276311635971069
0.8250113725662231
0.8393638730049133
0.8929974436759949
0.8047944903373718
0.9216692447662354
0.9039338231086731
0.7784540057182312
0.7451179027557373
0.777258038520813
0.8969892859458923
0.7739570140838623
0.5198953151702881
0.6182077527046204
0.7027425765991211
0.6185115575790405
0.2575124204158783
0.7649909257888794
0.728247344493866
0.5299550294876099
0.44849932193756104
0.604875385761261
0.626568615436554
0.30627837777137756
0.3529677093029022
0.40347981452941895
